Q 13.867 5.654 89.716
A 14.77 9.335 89.274
V 14.027 12.021 91.852
V 13.242 15.637 91.077
T 14.201 18.186 93.703
Q 13.049 21.795 94.093
E 13.478 24.272 96.955
S 10.801 23.53 99.552
A 9.937 27.158 100.035
L 11.167 30.577 98.992
T 10.157 33.767 100.721
T 10.155 36.94 98.724
S 8.931 40.478 98.914
P 6.831 42.516 96.53
G 8.613 44.364 93.774
E 11.695 42.153 94.166
T 12.89 39.308 91.886
V 13.017 35.613 92.745
T 14.292 32.454 91.056
L 13.117 28.864 91.714
T 15.157 25.867 90.399
C 14.498 22.193 89.508
R 17.169 19.437 89.912
S 17.485 15.83 88.639
S 19.088 12.739 90.23
T 20.235 11.783 86.725
G 22.54 14.559 85.693
A 22.166 18.029 84.309
V 18.825 19.148 83.118
T 18.74 20.342 79.542
T 16.197 21.305 76.933
S 15.689 17.55 76.414
N 14.053 16.827 79.767
Y 11.198 19.026 78.871
A 10.964 21.251 81.941
N 7.475 22.395 82.702
W 6.558 24.692 85.627
V 3.071 24.197 87.11
Q 1.356 26.722 89.31
E -0.931 25.652 92.09
K -3.015 28.364 93.715
P -4.636 27.953 97.13
D -7.394 25.401 97.198
H -6.101 22.78 94.73
L -6.054 24.9 91.506
F -3.469 24.29 88.741
T -2.235 26.132 85.632
G 0.908 25.536 83.562
L 3.136 28.65 83.356
I 6.072 27.605 81.271
G 6.615 24.445 79.137
G 9.534 23.661 76.807
T 11.898 25.222 79.307
N 11.186 28.833 78.138
N 7.702 28.976 76.534
R 5.242 30.989 78.625
A 1.62 29.835 78.828
P -0.7 32.449 77.308
G -2.087 35.032 79.681
V 0.648 34.459 82.279
P 2.057 37.834 83.371
A 5.28 38.756 81.61
R 7.076 38.917 84.961
F 7.514 35.1 84.655
S 10.147 33.254 82.576
G 11.876 29.869 82.426
S 15.376 28.995 81.274
L 18.211 26.802 82.404
I 20.733 28.057 84.925
G 23.551 25.536 84.707
N 22.596 21.93 85.352
K 19.121 22.925 86.49
A 15.744 24.038 85.168
A 14.591 27.467 86.434
L 11.713 29.874 86.977
T 12.217 33.645 87.276
I 9.691 36.08 88.683
T 10.366 39.822 88.264
G 8.609 42.302 90.589
A 6.764 39.545 92.408
Q 3.23 40.669 93.096
T 1.008 39.335 95.881
E -0.896 37.424 93.186
D 2.086 35.135 92.909
E 1.642 33.439 96.272
A 1.401 29.764 95.303
I 3.085 26.354 95.058
Y 5.355 25.983 92.046
F 5.912 22.537 90.645
C 8.399 21.548 87.989
A 8.298 18.239 86.025
L 10.774 16.326 83.975
W 10.337 13.721 81.305
Y 12.86 10.984 81.788
S 12.755 8.317 79.127
N 9.593 6.349 79.954
H 7.861 8.625 82.449
W 7.294 12.121 83.843
V 8.575 12.778 87.383
F 7.308 15.753 89.33
G 9.394 17.732 91.757
G 8.263 18.086 95.36
G 6.977 21.668 94.788
T 8.049 25.132 95.974
K 5.835 27.275 98.142
L 6.365 30.867 96.996
T 5.408 33.192 99.782
V 5.048 36.494 97.965
L 5.449 39.342 100.425
E 7.263 37.846 103.41
X 0 0 0
X 0 0 0
X 0 0 0
X 0 0 0
X 0 0 0
X 0 0 0
X 0 0 0
X 0 0 0
X 0 0 0
X 0 0 0
X 0 0 0
X 0 0 0
X 0 0 0
X 0 0 0
X 0 0 0
X 0 0 0
X 0 0 0
X 0 0 0
X 0 0 0
X 0 0 0
X 0 0 0
X 0 0 0
X 0 0 0
X 0 0 0
X 0 0 0
X 0 0 0
X 0 0 0
X 0 0 0
X 0 0 0
X 0 0 0
