A 50.632 8.566 15.843
V 50.113 10.97 18.719
V 49.376 14.652 17.842
T 50.438 17.142 20.514
Q 49.204 20.678 21.139
E 49.937 23.138 23.952
S 47.375 22.506 26.738
A 46.371 26.106 27.431
L 47.598 29.547 26.271
T 46.614 32.939 27.676
T 46.67 36.171 25.739
S 45.221 39.682 25.952
P 43.106 41.513 23.407
G 45.165 42.874 20.498
E 48.177 40.534 20.983
T 49.573 38.118 18.404
V 49.473 34.439 19.464
T 50.689 31.207 17.85
L 49.418 27.666 18.561
T 51.34 24.554 17.414
C 50.579 21.03 16.288
R 53.333 18.431 16.582
S 53.484 14.906 15.197
S 54.824 11.881 17.068
T 56.264 10.436 13.886
G 58.446 13.334 12.72
A 58.004 16.58 10.876
V 54.529 17.793 9.937
T 54.6 18.249 6.14
T 52.013 19.387 3.572
S 51.091 15.663 3.058
N 49.41 15.748 6.56
Y 46.777 18.352 5.315
A 46.799 20.134 8.73
N 43.349 21.228 9.816
W 42.517 23.786 12.493
V 39.014 23.576 14.01
Q 37.466 25.824 16.649
E 35.11 24.764 19.433
K 33.115 27.619 21.012
P 30.869 27.278 24.107
D 27.895 25.116 23.539
H 29.744 22.436 21.458
L 29.848 24.719 18.419
F 32.496 23.613 15.96
T 33.72 25.579 12.959
G 36.545 24.661 10.533
L 39.134 27.464 10.253
I 42.048 26.12 8.3
G 42.403 23.081 6.023
G 45.276 21.72 3.895
T 47.928 23.575 6.078
N 47.056 27.183 5.068
N 43.656 27.401 3.263
R 41.336 29.622 5.287
A 37.627 28.642 5.185
P 35.153 31.153 3.708
G 33.905 33.521 6.398
V 36.881 33.148 8.782
P 38.353 36.565 9.714
A 41.656 37.383 8.02
R 43.546 37.506 11.436
F 43.721 33.631 11.4
S 46.573 32.155 9.39
G 48.039 28.658 9.196
S 51.607 27.73 8.261
L 54.399 25.247 8.995
I 56.88 26.644 11.555
G 59.933 24.338 12.192
N 58.553 20.852 11.575
K 55.168 21.753 13.277
A 51.768 22.97 11.921
A 50.963 26.417 13.46
L 47.902 28.594 13.863
T 48.609 32.315 14.289
I 45.987 34.791 15.461
T 47.022 38.398 14.726
G 45.299 40.83 17.081
A 43.328 38.385 19.266
Q 39.756 39.397 20.172
T 37.465 38.227 23.073
E 35.407 36.275 20.51
D 38.533 34.167 19.897
E 38.411 32.601 23.419
A 37.783 28.89 22.599
I 39.351 25.438 22.216
Y 41.436 24.949 19.073
F 42.008 21.44 17.762
C 44.447 20.519 15.026
A 44.104 17.303 12.964
L 46.746 15.508 10.855
W 46.186 13.073 7.981
Y 48.353 9.963 8.025
S 47.722 8.182 4.659
N 44.427 6.345 5.738
H 43.279 8.08 8.939
W 42.883 11.39 10.782
V 44.43 11.901 14.254
F 43.233 14.913 16.309
G 45.47 16.737 18.815
G 44.27 17.163 22.425
G 43.096 20.772 21.782
T 44.443 24.068 23.169
K 42.242 26.153 25.495
L 42.908 29.772 24.478
T 42.051 32.306 27.204
V 41.784 35.968 26.088
L 41.989 38.024 29.294
E 39.497 40.968 29.312
X 0 0 0
X 0 0 0
X 0 0 0
X 0 0 0
X 0 0 0
X 0 0 0
X 0 0 0
X 0 0 0
X 0 0 0
X 0 0 0
X 0 0 0
X 0 0 0
X 0 0 0
X 0 0 0
X 0 0 0
X 0 0 0
X 0 0 0
X 0 0 0
X 0 0 0
X 0 0 0
X 0 0 0
X 0 0 0
X 0 0 0
X 0 0 0
X 0 0 0
X 0 0 0
X 0 0 0
X 0 0 0
X 0 0 0
X 0 0 0
X 0 0 0
