Q 16.808 -42.565 3.775
T 19.749 -41.077 1.904
V 20.032 -37.438 2.969
L 21.293 -34.923 0.413
T 22.962 -31.789 1.785
Q 23.358 -28.705 -0.38
S 25.972 -25.989 0.008
P 25.836 -23.143 0.168
S 22.223 -22.51 1.158
S 22.276 -18.934 -0.261
L 24.163 -17.003 -2.946
S 24.31 -13.43 -4.215
V 26.447 -13.227 -7.344
S 26.932 -10.524 -10.017
V 25.56 -11.077 -13.529
G 27.96 -13.083 -15.689
D 29.796 -14.608 -12.73
R 29.97 -18.257 -11.737
V 27.646 -19.992 -9.306
T 28.698 -23.427 -8.007
I 26.267 -25.425 -5.853
T 27.251 -28.68 -4.118
C 25.112 -31.69 -3.271
R 26.469 -34.331 -0.873
A 24.668 -37.65 -0.334
S 25.029 -39.431 3.025
S 25.519 -42.599 0.943
S 26.707 -43.072 -2.654
V 24.066 -42.595 -5.363
T 23.995 -43.452 -9.065
Y 22.677 -40.119 -10.386
I 21.693 -36.66 -9.164
H 18.896 -34.589 -10.678
W 18.559 -30.801 -10.442
Y 15.355 -28.738 -10.445
Q 14.946 -24.974 -10.62
Q 12.171 -23.193 -8.703
K 11.51 -19.637 -9.892
P 9.373 -17.392 -7.584
G 5.685 -18.291 -7.594
L 6.283 -21.227 -9.94
A 6.542 -25.002 -9.45
P 9.934 -26.692 -9.706
K 11.135 -27.525 -13.231
S 13.64 -30.107 -14.489
L 16.979 -28.459 -15.151
I 19.566 -31.283 -15.234
Y 18.968 -35.038 -15.169
A 21.195 -38.095 -14.799
T 23.89 -35.88 -13.275
S 24.997 -34.025 -16.428
N 22.213 -34.002 -19.019
L 20.487 -30.658 -19.608
A 16.711 -30.834 -20.062
S 15.306 -29.546 -23.368
G 15.628 -25.795 -23.87
V 17.981 -25.243 -20.926
P 20.73 -22.722 -21.919
S 24.467 -23.514 -22.132
R 25.357 -21.678 -18.913
F 24.071 -24.639 -16.851
S 26.041 -27.866 -16.329
G 26.324 -30.783 -13.914
S 28.984 -33.204 -12.733
G 30.032 -35.373 -9.792
S 29.917 -39.041 -8.8
G 29.105 -41.318 -5.891
T 28.707 -39.08 -2.843
D 29.673 -35.602 -4.208
Y 27.838 -33.657 -6.903
T 28.047 -30.245 -8.557
F 25.664 -27.892 -10.374
T 27.134 -24.88 -12.176
I 25.958 -21.641 -13.82
S 29.01 -20.249 -15.604
S 27.516 -16.889 -16.528
L 24.713 -16.056 -14.06
Q 21.683 -14.145 -15.429
P 18.719 -12.42 -13.695
E 16.404 -15.017 -15.23
D 18.209 -17.582 -13.06
I 16.954 -16.049 -9.772
A 15.453 -19.043 -7.973
T 15.957 -21.888 -5.519
Y 17.699 -25.0 -6.889
Y 17.266 -28.562 -5.62
C 19.246 -31.753 -6.1
Q 17.437 -35.107 -6.062
H 18.292 -38.833 -5.949
W 16.09 -41.933 -6.602
S 18.793 -44.486 -5.745
S 17.202 -45.315 -2.387
K 13.71 -45.394 -0.883
P 12.376 -42.871 -0.648
P 13.766 -40.428 -3.214
T 14.784 -37.313 -1.294
F 15.773 -33.756 -2.215
G 18.393 -31.4 -0.787
Q 17.239 -28.446 1.36
G 17.575 -26.027 -1.58
T 19.933 -23.168 -2.46
K 18.639 -19.626 -2.922
V 20.231 -17.764 -5.819
E 19.924 -13.994 -6.209
V 21.816 -11.574 -8.412
K 23.773 -8.504 -7.461
R 23.299 -5.206 -9.306
T 24.079 -1.525 -8.92
V 22.422 0.329 -6.007
A 3.242 -30.676 -24.981
A 2.995 -32.45 -21.626
P 0.467 -30.874 -19.216
S -0.265 -31.649 -15.561
V -3.1 -29.809 -13.773
F -3.914 -30.226 -10.08
I -7.269 -29.417 -8.444
F -9.106 -30.225 -5.225
P -7.005 -28.321 -2.705
P -8.603 -26.194 -0.022
S -9.347 -25.687 3.636
D -9.705 -28.901 5.618
E -10.528 -29.511 9.278
Q -7.828 -31.327 11.352
L -8.37 -35.086 11.193
K -10.403 -34.688 8.015
S -10.333 -36.085 4.495
G -9.61 -34.529 1.117
T -9.075 -35.862 -2.415
A -6.839 -34.133 -4.97
S -6.923 -34.767 -8.726
V -4.348 -34.383 -11.517
V -5.634 -34.18 -15.089
C -3.006 -34.912 -17.756
L -2.679 -34.343 -21.518
L -0.108 -34.202 -24.32
N 1.327 -37.688 -23.713
N 0.193 -41.331 -23.412
F -1.039 -41.452 -19.817
Y -0.765 -45.174 -19.038
P 2.814 -45.361 -20.298
