D -31.887 40.392 64.763
E -30.792 36.789 64.895
L -27.292 35.379 64.693
L -25.927 33.728 61.619
T -22.777 31.859 62.352
Q -20.541 30.784 59.558
S -18.087 27.905 59.777
P -15.353 27.476 58.864
A -13.942 30.976 59.426
T -11.028 30.178 57.071
L -10.46 27.347 54.632
S -7.448 26.524 52.477
V -8.251 24.337 49.444
T -6.682 23.271 46.132
P -8.451 24.169 42.853
G -10.503 21.086 41.971
D -11.438 20.345 45.568
S -15.037 20.352 46.785
V -16.096 22.508 49.729
S -19.107 23.096 51.949
L -19.511 26.49 53.753
S -21.974 26.336 56.681
C -24.231 29.141 57.943
R -26.355 28.443 60.995
A -29.259 30.683 62.114
S -29.894 31.134 65.86
Q -33.645 30.757 64.966
S -35.614 29.166 62.107
I -35.62 31.466 59.093
S -37.494 29.27 56.635
N -35.703 29.668 53.318
N -34.957 33.354 53.747
L -31.142 32.914 53.519
H -29.103 34.552 50.713
W -25.397 34.047 49.915
Y -22.928 36.722 48.66
Q -19.426 36.243 47.25
Q -16.876 39.061 47.925
K -13.386 39.121 46.303
S -10.56 41.546 47.195
H -11.309 45.131 46.294
E -14.77 44.291 45.048
S -18.268 44.65 46.371
P -20.326 41.713 47.528
R -22.368 39.981 44.741
L -25.48 37.774 45.098
L -24.707 34.11 44.38
I -27.825 32.445 45.798
K -31.221 33.643 46.967
Y -33.741 31.715 49.088
A -31.452 28.944 50.331
S -31.277 27.275 46.866
Q -32.053 29.64 43.883
S -28.706 30.343 42.078
I -29.009 33.718 40.356
S -28.861 33.597 36.559
G -25.406 33.41 35.083
I -23.957 31.769 38.239
P -21.914 28.738 37.193
S -23.214 25.236 37.972
R -20.547 24.169 40.581
F -22.183 26.559 43.048
S -25.401 25.321 44.772
G -27.037 26.017 48.155
S -29.345 23.959 50.411
G -30.836 24.158 53.881
S -33.942 25.215 55.738
G -34.927 26.364 59.212
T -31.499 26.857 60.771
D -28.783 25.134 58.727
F -27.656 26.223 55.283
T -24.625 25.099 53.321
L -23.056 26.608 50.162
S -21.219 23.909 48.279
I -18.804 24.64 45.471
N -17.944 21.504 43.385
S -14.494 21.668 41.724
V -13.23 25.035 43.145
E -11.884 27.29 40.39
T -9.084 29.789 41.093
E -11.553 32.62 40.412
D -13.499 31.383 43.446
F -11.076 32.253 46.252
G -12.417 35.114 48.391
M -14.977 35.81 51.129
Y -18.504 34.306 51.375
F -21.382 35.659 53.409
C -24.862 34.622 54.373
Q -27.648 37.145 55.019
Q -31.134 36.554 56.489
S -34.268 38.4 55.294
N -36.541 36.504 57.719
S -36.898 39.322 60.285
W -35.77 42.856 60.913
P -33.11 43.97 61.215
L -31.385 42.19 58.336
T -28.415 40.274 59.698
F -25.256 38.901 58.138
G -22.727 36.187 59.036
G -19.058 37.133 59.767
G -18.118 35.37 56.569
S -15.862 32.523 55.564
K -12.584 33.134 53.815
L -11.462 30.68 51.18
E -7.652 30.462 50.658
I -5.606 28.694 47.957
K -3.513 25.877 49.464
R -0.148 25.599 47.712
A 3.287 24.108 48.377
D -26.31 48.394 33.211
A -27.479 48.795 36.823
A -24.961 51.275 38.39
P -24.974 52.64 41.955
T -22.296 55.246 42.723
V -21.92 56.43 46.291
S -20.374 59.672 47.381
I -20.052 61.928 50.348
F -17.843 60.002 52.775
P -14.892 61.599 54.606
P -13.422 62.184 58.073
S -15.885 63.761 60.509
S -15.545 64.325 64.216
E -17.301 62.208 66.799
Q -20.729 63.904 67.118
L -20.778 65.514 63.598
T -23.064 64.72 60.683
S -22.655 63.752 57.042
G -24.802 63.174 54.047
G -24.113 60.154 51.814
A -25.69 60.11 48.289
S -26.25 57.158 45.922
V -26.856 57.808 42.235
V -28.815 55.007 40.592
C -28.411 54.248 36.834
F -29.792 51.619 34.45
L -33.156 50.761 36.099
N -36.581 52.085 37.024
N -35.47 53.505 40.394
F -38.993 53.911 41.742
Y -40.011 50.314 41.663
