D 53.171 48.792 44.384
I 51.463 52.163 43.851
K 52.207 53.47 40.365
M 52.859 57.167 41.069
T 52.144 59.366 38.008
Q 53.617 62.874 37.944
S 52.816 65.317 35.136
P 54.164 67.158 33.414
S 57.544 65.453 32.965
S 59.3 68.75 32.222
M 58.102 72.341 31.895
Y 59.172 75.73 30.494
T 58.25 78.576 32.793
S 59.263 82.136 33.493
L 59.985 83.993 36.701
G 56.691 85.389 38.018
E 54.457 82.664 36.711
R 52.245 80.28 38.639
V 53.383 76.649 38.501
T 51.365 73.503 39.087
I 52.728 69.936 39.098
T 50.311 67.012 39.681
C 50.842 63.652 41.396
K 48.529 60.746 40.742
A 48.545 57.629 42.853
S 47.199 54.255 41.796
Q 45.332 54.04 45.129
D 44.083 56.25 47.957
I 47.302 57.241 49.738
N 45.402 58.902 52.58
S 47.163 62.207 52.01
F 50.454 60.398 52.751
L 52.316 62.46 50.201
T 55.59 64.364 50.355
W 56.968 66.952 47.902
F 60.667 67.613 47.361
L 63.187 69.397 45.216
Q 66.351 68.152 43.657
K 68.639 71.021 42.72
P 71.243 69.839 40.211
G 74.225 68.449 42.062
K 72.297 68.322 45.366
S 70.519 66.02 47.796
P 66.76 66.323 47.961
K 65.152 69.07 50.042
T 61.744 68.454 51.623
L 59.164 71.166 51.002
I 55.796 69.705 51.833
Y 54.702 66.732 53.923
R 51.433 64.911 54.469
A 49.875 66.445 51.365
N 49.717 70.031 52.523
R 52.157 70.869 55.392
L 55.052 73.166 54.494
M 58.409 72.09 55.954
I 59.886 74.675 58.312
G 62.057 77.16 56.399
V 60.2 76.707 53.158
P 58.856 79.99 51.76
S 55.016 80.366 51.513
R 55.053 80.656 47.679
F 55.017 76.81 47.901
S 51.741 75.109 48.666
G 50.281 71.625 48.372
S 48.032 69.0 47.011
G 44.546 67.564 47.374
S 43.556 64.172 48.843
G 42.127 60.83 47.735
Q 44.383 59.97 44.851
T 45.553 63.063 42.939
Y 47.67 65.735 44.579
S 49.426 68.918 43.386
L 52.257 71.259 44.587
T 51.394 74.803 43.419
I 54.157 77.416 43.165
S 52.403 80.802 43.386
S 55.099 82.882 41.665
L 58.2 81.138 40.262
E 61.612 82.246 41.509
Y 65.065 81.29 40.169
E 65.956 79.448 43.347
D 63.051 77.025 42.51
M 64.694 75.575 39.411
G 65.42 71.878 39.89
I 63.485 68.623 39.43
Y 60.44 68.167 41.663
Y 59.4 64.716 43.043
C 56.437 63.341 44.956
L 56.477 60.381 47.324
Q 53.678 58.326 48.994
Y 54.504 56.699 52.324
D 51.067 55.227 52.977
D 52.479 51.735 52.436
F 55.639 49.772 51.497
P 57.445 49.758 49.384
L 57.855 53.561 49.164
T 57.42 54.769 45.586
F 58.369 57.988 43.797
G 56.751 59.838 40.86
A 59.133 60.181 37.832
G 59.946 63.859 38.524
T 59.232 67.123 36.749
K 62.161 69.236 35.483
L 61.861 73.029 35.525
D 63.902 75.199 33.158
L 63.828 78.874 32.276
K 62.074 79.771 29.032
R 63.006 81.924 26.092
A 62.592 83.326 22.623
D 67.921 68.327 66.085
A 70.057 68.252 62.938
A 71.575 66.097 60.181
P 72.912 63.111 58.279
T 76.462 62.406 57.088
V 77.286 59.981 54.287
S 80.594 58.2 53.662
I 82.633 59.224 50.546
F 82.639 57.787 47.004
P 83.231 54.128 46.339
P 84.976 52.755 43.231
S 84.418 48.994 43.384
S 84.897 46.03 41.105
E 82.094 43.872 39.796
Q 81.587 40.804 41.987
L 82.475 42.797 45.129
T 80.648 44.232 48.135
S 80.413 47.754 49.616
G 79.119 49.15 52.939
G 77.717 52.689 53.105
A 77.456 54.612 56.401
S 74.868 57.139 57.547
V 76.067 58.86 60.709
V 73.225 60.784 62.375
C 73.713 63.874 64.534
F 71.761 66.164 66.841
L 68.783 64.007 67.733
N 68.08 60.671 69.421
N 69.338 57.989 67.035
F 67.161 55.102 68.204
Y 63.87 57.02 67.79
