D -6.716 -2.515 132.683
V -7.406 1.151 131.74
L -6.231 4.139 129.636
M -7.578 7.636 130.332
T -7.258 10.479 127.898
Q -6.808 13.455 128.164
I -4.302 14.013 130.954
P -5.098 17.726 131.461
V -8.37 19.446 130.598
S -8.603 23.278 130.603
L -12.274 24.177 130.54
P -14.235 27.419 130.952
V -17.147 27.691 133.324
S -20.337 26.754 131.519
L -18.346 24.657 129.014
G -18.913 20.975 128.432
D -16.158 18.462 129.044
Q -15.666 14.804 128.109
A -13.197 12.364 129.682
S -12.884 8.858 128.237
I -11.437 5.522 129.139
S -10.592 2.389 127.226
C -10.219 -0.889 129.089
R -7.676 -3.356 127.767
S -10.411 -5.958 127.237
S -14.139 -5.648 126.778
Q -15.342 -5.051 130.329
I -18.368 -7.016 131.435
I -18.975 -9.238 134.477
V -21.713 -11.9 134.757
H -23.385 -9.798 132.013
N -24.52 -8.15 135.276
N -23.822 -4.947 133.482
G -20.45 -3.487 132.879
N -19.09 -2.356 136.193
T -17.372 0.857 135.091
Y -17.312 3.792 137.555
L -16.183 7.427 137.711
E -14.561 9.15 140.689
W -13.849 12.793 141.437
Y -11.012 13.542 143.844
L -11.497 17.146 144.776
Q -8.217 18.672 145.93
K -7.266 17.76 149.504
P -9.923 15.113 149.906
G -10.623 11.477 149.361
Q -12.139 10.456 146.035
S -15.923 10.321 145.669
P -18.327 8.402 143.487
Q -20.198 10.054 140.619
L -21.434 7.331 138.246
L -21.418 3.53 138.594
I -22.465 0.687 136.318
Y -21.509 2.884 133.325
K -24.282 5.466 133.728
V -26.062 5.303 137.131
S -25.644 8.567 139.033
N -24.782 7.926 142.65
R -26.981 9.593 145.243
F -26.301 13.299 145.515
S -24.504 13.785 142.176
G -26.037 16.595 140.092
V -27.311 15.68 136.641
P -24.652 17.75 134.869
D -22.669 14.497 135.044
R -23.57 11.61 132.788
F -21.813 8.416 131.729
S -21.907 6.225 128.614
G -19.794 3.761 126.694
S -19.614 0.478 124.78
G -17.332 -2.509 124.573
S -14.133 -0.857 125.712
G -14.684 2.878 125.621
T -16.585 4.831 128.239
D -17.032 8.543 128.592
F -17.908 10.93 131.37
T -19.592 14.147 130.303
L -20.171 17.35 132.246
K -22.691 19.536 130.38
I -22.149 22.816 132.217
S -18.893 22.934 134.117
R -19.282 24.632 137.475
V -16.581 25.834 139.856
E -16.935 22.963 142.311
A -16.087 20.437 139.559
E -12.323 20.996 139.51
D -10.116 18.155 140.661
L -8.856 14.851 139.191
G -11.295 12.382 137.675
V -10.615 8.636 137.582
Y -12.445 5.878 135.746
Y -12.513 2.499 137.428
C -13.313 -1.026 136.283
F -14.655 -3.66 138.648
Q -15.706 -6.297 136.123
G -12.332 -8.073 136.114
S -9.609 -8.873 138.58
H -7.421 -7.066 139.08
V -9.789 -4.127 139.641
P -8.153 -1.177 137.859
F -8.237 2.619 137.883
T -7.458 5.003 135.042
F -4.41 7.297 135.377
G -6.558 10.389 135.906
S -7.585 13.577 134.078
G -7.055 16.889 135.883
T -9.801 19.402 135.192
K -8.712 22.988 135.632
L -11.009 25.958 135.445
E -10.034 28.491 132.771
I -10.424 31.928 134.328
K -9.554 35.566 133.523
R -5.853 36.352 133.934
T -24.237 9.645 159.47
V -22.12 7.002 157.713
A -18.341 7.293 157.932
A -15.138 5.277 158.028
P -12.036 6.057 160.064
S -8.658 4.559 159.268
V -5.826 4.646 161.793
F -2.526 2.992 162.62
I 0.055 4.077 160.093
F 3.343 5.874 160.35
P 6.993 5.189 159.628
P 8.003 1.555 159.244
S 11.248 0.387 157.711
D 11.657 -1.81 154.592
E 10.904 -5.44 155.322
Q 8.907 -4.497 158.419
L 5.219 -4.926 159.303
K 2.241 -2.715 160.119
S -1.466 -3.223 160.777
G -3.843 -0.487 159.743
T -7.452 -0.561 160.92
A -10.729 1.089 159.94
S -13.767 1.803 162.133
V -17.271 1.709 160.74
V -20.119 3.973 161.814
C -23.567 4.715 160.424
L -24.472 1.445 158.723
