A 74.82 3.569 -25.422
A 73.282 6.599 -23.717
L 71.234 9.229 -25.545
T 70.854 12.716 -24.09
Q 68.488 15.585 -24.97
S 67.561 18.718 -23.03
P 64.121 18.415 -21.336
V 62.667 21.531 -22.957
S 63.341 23.782 -25.941
N 63.383 27.549 -25.908
P 59.799 28.757 -26.518
V 59.027 28.878 -30.233
T 56.953 31.268 -32.301
L 54.415 29.78 -34.696
G 55.723 29.865 -38.254
T 59.38 29.989 -37.203
S 61.726 26.998 -37.141
A 62.608 24.825 -34.152
S 65.762 22.869 -33.317
I 65.975 19.854 -31.014
S 69.428 18.453 -30.225
C 70.47 14.96 -29.181
R 73.73 13.065 -28.757
S 74.991 9.524 -28.182
T 77.963 8.246 -26.187
K 78.836 6.051 -29.173
S 78.728 6.534 -32.935
L 75.479 5.244 -34.444
L 77.095 5.01 -37.866
H 77.413 1.383 -38.957
S 79.976 -0.124 -41.386
N 77.175 -0.283 -43.949
G 76.924 3.504 -44.069
I 73.582 3.717 -42.283
T 73.119 5.684 -39.063
Y 70.717 3.962 -36.687
L 69.078 6.959 -35.044
Y 65.307 7.337 -35.124
W 62.936 10.031 -33.778
Y 59.401 9.821 -32.506
L 56.758 12.029 -30.99
Q 54.68 11.524 -27.875
K 51.488 13.587 -27.726
P 49.224 13.716 -24.644
G 47.212 10.519 -24.262
Q 48.488 8.894 -27.433
S 50.847 6.204 -28.637
P 54.35 7.244 -29.746
Q 54.494 8.15 -33.426
L 57.559 7.423 -35.543
L 58.875 10.516 -37.326
I 62.232 9.662 -38.752
Y 64.357 6.545 -39.007
Q 67.803 5.611 -40.192
M 68.501 9.267 -39.525
S 67.098 10.782 -42.696
N 63.99 8.834 -43.653
L 60.499 10.101 -42.967
A 57.958 7.653 -41.613
S 54.536 7.524 -43.246
G 52.267 10.553 -42.946
V 55.078 12.777 -41.754
P 55.201 16.195 -43.515
N 58.483 17.434 -44.942
R 58.673 20.272 -42.399
F 60.597 17.665 -40.366
S 64.224 16.779 -41.104
S 67.2 15.336 -39.237
S 70.881 16.135 -39.7
G 74.145 15.414 -37.916
S 77.213 13.232 -37.502
G 77.51 9.821 -35.889
T 77.283 11.232 -32.355
D 75.462 14.595 -32.617
F 72.036 15.148 -34.114
T 69.468 17.836 -34.633
L 65.787 17.422 -35.35
R 64.683 20.393 -37.445
I 61.125 21.621 -37.673
N 60.417 24.205 -40.352
T 57.403 26.422 -39.827
V 56.26 25.19 -36.417
E 52.509 24.601 -36.224
A 50.29 24.43 -33.152
E 49.678 20.668 -33.51
D 53.442 20.153 -33.265
V 53.399 20.439 -29.451
G 54.453 17.307 -27.606
V 57.621 15.521 -26.541
Y 60.336 14.57 -29.047
Y 62.571 11.565 -28.475
C 65.705 10.448 -30.227
A 66.732 6.814 -29.719
Q 69.016 4.255 -31.303
N 68.523 0.869 -32.894
L 72.107 -0.028 -33.615
E 72.667 -2.465 -30.719
L 70.414 -4.791 -28.787
P 70.099 -3.157 -25.378
P 67.731 -0.463 -26.768
T 68.118 2.93 -25.227
F 66.05 6.1 -25.505
G 66.706 9.776 -24.901
A 64.726 11.53 -22.18
G 62.571 13.587 -24.531
T 62.535 17.288 -25.396
K 59.268 19.137 -24.888
L 58.476 21.695 -27.606
E 57.338 24.986 -26.062
L 54.871 27.087 -28.038
K 55.195 30.879 -27.574
R 52.013 32.914 -28.135
A 50.219 36.07 -27.028
D 51.529 -3.735 -41.548
A 50.352 -3.644 -37.91
A 51.333 -5.107 -34.54
P 48.666 -5.937 -31.984
T 49.383 -6.527 -28.289
V 46.946 -8.567 -26.234
S 46.523 -9.904 -22.7
I 46.927 -7.093 -20.174
F 44.552 -6.354 -17.312
P 44.348 -6.31 -13.504
P 46.498 -8.773 -11.546
S 47.473 -8.938 -7.879
S 51.094 -8.825 -6.631
E 52.857 -12.143 -7.009
Q 50.486 -13.177 -9.787
L 51.345 -14.128 -13.357
T 50.201 -12.883 -16.76
S 50.816 -13.856 -20.382
G 50.851 -11.231 -23.137
G 50.613 -12.04 -26.832
A 51.505 -10.164 -29.997
S 50.253 -10.878 -33.495
V 51.062 -9.021 -36.689
V 50.021 -8.438 -40.25
C 52.813 -7.929 -42.785
F 55.689 -8.705 -40.462
L 57.306 -12.117 -40.139
