D 31.217 74.031 67.175
I 32.785 72.566 64.021
Q 33.794 68.846 63.922
M 37.196 67.968 62.211
T 37.372 64.234 61.196
Q 40.96 63.202 60.709
S 41.736 60.258 58.481
P 43.626 57.885 58.859
S 44.18 57.466 62.6
S 47.384 55.489 62.245
L 49.872 54.749 59.438
S 53.107 52.925 58.786
A 54.826 54.229 55.632
S 58.326 53.498 54.267
V 61.138 55.994 54.414
G 60.853 57.689 51.16
D 57.101 57.238 50.673
R 54.608 59.921 49.797
V 52.283 60.178 52.886
T 48.898 61.955 52.694
I 46.529 62.718 55.778
T 42.96 64.135 55.441
C 40.83 66.353 57.68
R 37.254 66.941 56.889
A 35.488 70.023 58.18
S 31.95 69.184 59.162
Q 30.879 72.651 58.006
D 32.6 75.323 55.94
V 35.685 76.558 57.682
N 36.87 78.439 54.58
T 40.735 78.43 54.403
A 41.366 78.627 58.103
V 43.095 75.243 58.77
A 46.542 74.869 60.427
W 48.362 71.505 60.67
Y 50.552 70.568 63.699
Q 53.275 68.095 64.51
Q 53.683 66.733 67.992
K 56.758 64.572 68.287
P 56.129 62.002 71.128
G 55.967 63.831 74.485
K 56.665 67.438 73.374
A 54.629 70.605 72.838
P 52.805 71.0 69.461
K 54.546 72.648 66.462
L 52.921 74.485 63.415
L 53.927 72.936 60.112
I 51.165 74.607 57.99
Y 49.017 77.78 58.491
S 45.996 78.847 56.488
A 45.673 75.506 54.571
S 48.43 75.952 52.033
F 51.33 77.871 53.615
L 54.447 76.338 55.108
E 55.908 77.548 58.312
S 59.457 78.823 58.475
G 61.923 76.098 59.077
V 59.593 73.257 58.203
P 61.388 71.242 55.433
S 59.99 71.548 51.901
R 58.574 68.031 51.862
F 55.41 69.166 53.697
S 52.491 70.483 51.761
G 48.916 71.155 52.663
S 46.006 71.85 50.361
R 42.351 72.676 50.356
S 39.535 71.176 48.198
G 36.134 72.244 49.356
T 35.734 71.172 52.987
D 38.769 68.881 52.445
F 42.22 69.722 53.733
T 45.242 67.379 53.136
L 48.738 67.221 54.584
T 51.201 65.479 52.354
I 54.725 64.517 53.33
S 56.541 63.895 49.959
S 59.433 61.717 51.083
L 58.626 60.56 54.577
Q 61.836 60.992 56.582
P 62.762 58.923 59.783
E 62.611 62.109 61.858
D 58.952 62.48 60.85
F 57.724 60.267 63.622
A 54.943 62.008 65.395
T 51.174 62.456 65.697
Y 49.783 65.074 63.331
Y 46.932 67.353 64.288
C 44.606 69.302 62.123
Q 42.783 72.337 63.449
Q 40.166 74.895 62.305
H 40.898 78.367 63.575
Y 37.611 79.627 62.056
T 35.002 79.761 64.796
T 35.53 79.674 68.538
P 36.295 77.088 69.67
P 39.297 76.008 67.635
T 38.678 72.331 67.129
F 41.394 69.737 66.541
G 41.237 66.561 64.563
Q 41.774 63.365 66.369
G 45.514 63.162 65.376
T 47.461 60.707 63.018
K 50.199 58.44 64.27
V 52.81 57.997 61.717
E 55.118 55.22 62.189
I 58.112 54.385 60.005
K 58.271 51.097 58.13
R 61.188 48.908 58.121
T 62.03 45.267 57.814
V 61.082 42.629 60.264
A 63.11 84.77 70.399
A 59.418 84.18 71.134
P 58.756 81.934 74.133
S 55.783 81.119 76.298
V 56.605 79.452 79.618
F 54.055 78.14 81.976
I 54.405 77.156 85.592
F 52.041 76.314 88.381
P 50.954 72.677 87.757
P 51.415 69.79 90.267
S 49.162 67.541 92.431
D 45.836 69.038 93.611
E 43.118 67.196 95.549
Q 39.748 67.163 93.725
L 37.532 70.048 94.112
K 40.663 72.177 94.872
S 42.16 75.145 93.035
G 45.321 75.817 91.051
T 46.662 78.822 89.283
A 48.836 78.453 86.258
S 50.982 81.227 84.756
V 51.968 81.896 81.073
V 54.906 84.319 80.837
C 55.462 85.73 77.332
L 58.837 86.757 75.951
L 59.757 88.259 72.569
N 56.411 89.942 72.012
N 53.805 92.004 73.964
F 50.799 89.987 75.077
Y 48.494 93.102 74.601
