Q 90.095 47.908 110.151
V 86.459 48.195 111.223
Q 85.535 45.186 113.298
L 81.952 44.847 114.526
V 81.377 42.37 117.351
E 77.991 41.308 118.651
S 77.162 39.427 121.83
G 74.42 38.681 124.333
G 72.462 36.247 122.199
G 70.937 33.009 123.414
S 67.751 31.139 124.198
V 64.852 32.575 126.229
Q 61.182 31.711 126.697
A 58.349 33.683 125.139
G 57.554 36.753 127.214
G 61.197 36.815 128.205
S 63.901 39.308 127.251
L 67.625 39.663 126.699
R 69.959 42.417 125.515
L 72.303 42.148 122.54
S 75.325 44.414 122.264
C 77.602 45.528 119.42
A 81.172 46.717 119.967
A 82.948 48.818 117.354
S 86.66 49.05 116.59
G 88.165 51.536 114.135
Y 84.73 53.076 113.86
T 82.741 55.485 116.051
V 79.139 54.353 116.635
S 78.111 57.958 117.103
T 79.201 59.788 113.958
Y 77.31 57.66 111.44
C 73.955 55.94 111.356
M 73.812 52.293 112.523
G 71.274 49.535 113.077
W 70.246 45.902 113.396
F 68.54 43.473 111.077
R 67.854 39.772 111.425
Q 68.036 36.78 109.124
A 65.356 34.323 110.169
P 65.54 30.927 108.472
G 63.201 30.58 105.511
K 62.379 34.286 105.756
E 64.327 37.109 104.132
R 66.415 39.861 105.734
E 64.26 42.082 107.967
G 65.171 45.464 109.396
V 64.804 45.718 113.163
A 65.969 49.114 114.342
T 68.337 51.936 113.467
I 69.844 54.862 115.312
L 71.714 58.081 114.623
G 72.195 59.703 117.988
G 68.923 61.12 119.212
S 66.868 59.685 116.376
T 65.897 56.014 116.657
Y 63.617 54.121 114.249
Y 61.881 50.783 114.761
G 60.602 48.077 112.436
D 56.801 47.925 112.259
S 56.815 44.699 114.301
V 59.534 45.077 116.932
K 58.29 48.646 117.303
G 57.208 49.164 120.886
R 58.942 46.189 122.448
F 62.482 46.621 121.172
T 64.973 49.384 121.838
I 68.227 50.557 120.353
S 70.801 52.81 121.942
Q 74.479 53.635 122.032
D 77.084 54.191 124.745
N 79.596 56.096 122.616
A 81.655 56.411 125.797
K 82.481 52.771 125.052
N 81.421 52.593 121.392
T 78.651 50.068 121.838
V 75.19 50.115 120.306
Y 72.892 47.986 122.41
L 69.625 46.371 121.354
Q 67.225 45.773 124.228
M 64.686 43.125 123.285
N 61.598 42.805 125.48
S 58.668 40.379 125.662
L 60.101 38.189 122.916
K 57.81 36.152 120.678
P 58.834 32.8 119.217
E 58.62 34.508 115.828
D 61.682 36.539 116.89
T 63.897 33.492 116.898
A 66.596 34.379 114.362
I 70.089 35.714 113.816
Y 70.479 39.381 114.652
Y 73.148 41.42 112.936
C 74.812 44.691 113.753
A 75.417 47.191 110.968
G 77.158 50.523 110.729
S 77.056 52.651 107.574
T 79.019 55.718 106.515
V 76.037 58.005 106.011
A 75.171 60.694 108.562
S 71.473 61.157 107.935
T 68.239 60.788 109.828
G 66.247 60.556 106.627
W 68.643 58.054 105.096
C 68.603 56.289 108.43
S 64.82 56.127 108.676
R 64.807 53.867 105.625
L 65.635 51.106 108.092
R 67.785 48.868 105.928
P 70.921 47.937 107.927
Y 71.281 44.951 105.592
D 72.683 47.373 103.008
Y 75.05 49.156 105.412
H 78.705 48.715 104.405
Y 80.232 47.485 107.683
R 78.549 44.325 109.0
G 79.034 41.956 111.947
Q 78.646 38.168 112.22
G 75.339 38.251 114.066
T 74.206 36.241 117.093
Q 71.71 33.391 117.319
V 68.654 34.376 119.337
T 66.198 31.543 119.938
V 62.805 31.935 121.607
S 61.215 28.81 123.156
S 57.479 28.607 123.864
X 0 0 0
X 0 0 0
X 0 0 0
X 0 0 0
X 0 0 0
X 0 0 0
X 0 0 0
X 0 0 0
X 0 0 0
X 0 0 0
X 0 0 0
X 0 0 0
X 0 0 0
X 0 0 0
