D 13.723 26.795 41.953
V 10.835 24.759 43.311
V 9.653 26.418 46.513
V 8.664 23.753 49.017
T 6.205 25.05 51.594
Q 5.791 23.066 54.81
T 2.99 23.343 57.406
P 2.432 23.491 60.247
L 5.679 24.996 61.519
S 4.954 23.365 64.861
L 2.705 20.393 65.667
P 1.502 19.134 69.1
V 0.608 15.442 69.526
S 0.003 13.186 72.519
L 1.711 9.81 72.95
G 0.116 7.03 70.923
D -1.864 9.375 68.683
Q -1.319 10.176 64.994
A 0.243 13.244 63.396
S 0.291 14.447 59.785
I 2.637 16.913 58.09
S 1.954 18.7 54.822
C 4.46 19.508 52.073
R 3.631 21.361 48.857
S 5.73 22.325 45.839
S 5.25 25.397 43.65
Q 5.668 23.113 40.643
S 5.048 19.441 39.911
I 7.612 17.036 41.344
V 6.956 14.398 38.702
H 10.113 13.935 36.638
S 10.387 13.144 32.921
N 11.38 9.615 33.952
G 7.995 9.352 35.681
N 9.423 9.37 39.208
S 8.804 11.934 41.945
Y 11.839 12.695 44.069
L 9.994 13.822 47.187
E 11.697 12.847 50.467
W 11.295 13.302 54.247
Y 13.953 13.804 56.935
L 14.135 14.034 60.721
Q 16.756 15.933 62.675
K 16.727 15.295 66.418
P 18.132 17.971 68.755
G 21.929 18.097 68.533
Q 22.007 15.631 65.651
S 22.317 15.461 61.881
P 19.239 15.07 59.688
K 18.261 11.485 58.815
L 16.492 9.967 55.822
L 13.068 8.556 56.551
I 11.212 8.435 53.255
Y 12.206 8.804 49.612
K 10.238 8.752 46.366
V 7.082 9.84 48.186
S 6.435 6.522 49.926
N 9.647 4.514 50.217
R 11.018 3.93 53.725
F 14.771 4.035 54.292
S 16.296 0.942 55.888
G 15.75 1.116 59.64
V 12.683 3.375 59.679
P 9.601 1.968 61.526
D 6.47 1.119 59.531
R 4.709 3.757 61.657
F 6.114 6.313 59.184
S 4.251 6.493 55.888
G 4.397 8.996 53.05
S 2.019 9.748 50.213
G 0.857 12.359 47.733
S 1.569 13.363 44.143
G 2.294 16.252 41.807
T 2.474 19.095 44.327
D 0.771 17.744 47.471
F 2.55 15.303 49.766
T 2.012 13.967 53.264
L 3.945 12.298 56.084
K 1.898 10.409 58.65
I 3.277 9.24 61.995
S 1.096 6.607 63.67
R 1.35 5.561 67.319
V 3.668 8.467 68.211
E 6.51 7.88 70.681
A 8.628 10.418 72.606
E 11.671 9.723 70.426
D 9.787 10.991 67.369
L 10.261 14.614 68.436
G 12.494 16.941 66.453
V 12.115 18.817 63.19
Y 10.822 17.0 60.11
Y 11.731 18.213 56.614
C 10.539 17.288 53.16
F 12.913 17.49 50.188
Q 12.525 17.739 46.417
G 15.094 16.288 44.049
S 13.27 16.397 40.714
H 14.45 19.88 39.776
V 17.833 21.528 40.168
P 18.508 23.125 42.538
P 17.044 20.496 44.916
T 15.233 22.191 47.813
F 14.009 21.625 51.384
G 10.821 22.75 53.078
G 11.116 25.076 56.073
G 10.498 22.254 58.531
T 7.88 21.151 61.049
K 8.688 20.69 64.731
L 6.888 17.717 66.328
E 6.051 18.376 69.984
I 5.027 15.597 72.354
K 2.108 16.341 74.672
R 2.456 15.392 78.334
A 1.021 16.222 81.76
D 29.536 0.969 57.57
A 29.401 4.356 55.869
A 31.349 7.074 57.69
P 31.699 10.775 56.834
T 33.611 13.269 58.979
V 33.816 17.033 58.341
S 36.576 19.416 59.44
I 38.053 22.847 58.732
F 35.209 25.004 59.987
P 36.001 28.057 62.082
P 36.195 31.844 61.89
S 36.838 33.696 58.624
S 36.628 37.366 57.64
E 34.192 38.751 55.033
Q 35.443 38.202 51.487
L 37.812 35.493 52.717
T 38.425 31.886 51.698
S 38.296 28.494 53.397
G 38.469 24.871 52.289
G 36.453 22.286 54.206
A 37.23 18.576 54.293
S 35.109 15.447 54.588
V 36.915 12.151 55.166
V 34.932 9.199 53.805
C 35.224 5.446 54.377
F 33.076 2.323 54.468
