V 9.363 8.347 11.832
Q 10.998 5.705 9.671
L 14.139 5.396 7.59
Q 13.957 3.194 4.508
A 17.311 2.048 3.115
S 17.991 0.1 -0.077
G 20.816 -0.969 -2.343
G 23.927 -2.802 -1.283
G 24.799 -6.437 -1.867
S 27.999 -8.052 -3.163
V 30.532 -6.642 -5.629
Q 34.097 -7.214 -6.791
A 36.849 -5.02 -5.42
G 37.092 -1.968 -7.653
G 33.41 -1.918 -8.498
S 30.846 0.6 -7.316
L 27.589 0.477 -5.404
R 24.921 3.02 -4.597
L 22.938 3.0 -1.392
S 19.89 5.188 -0.927
C 17.843 6.153 2.118
A 14.331 7.523 2.389
A 13.144 9.315 5.524
S 9.387 8.976 5.959
G 6.975 10.561 8.367
Y 8.632 13.908 8.939
T 6.856 17.203 9.252
I 10.116 19.103 9.373
G 13.558 17.764 8.75
P 15.491 15.754 9.303
Y 18.333 18.279 9.705
C 20.989 15.637 9.049
M 21.209 12.347 7.219
G 24.327 10.247 7.016
W 25.729 6.732 6.947
F 27.492 4.665 9.586
R 29.1 1.297 9.008
Q 30.012 -1.596 11.23
A 32.641 -4.098 10.092
P 33.567 -7.174 12.2
G 36.21 -6.547 14.826
K 36.199 -2.803 14.167
E 34.6 0.278 15.777
R 31.378 1.733 14.373
E 32.57 4.252 11.791
G 30.778 7.349 10.533
V 31.241 7.417 6.736
A 29.373 10.414 5.355
A 26.763 13.013 6.243
I 24.945 15.922 4.727
N 23.043 18.952 6.027
M 19.545 18.541 4.557
G 18.634 21.437 2.315
G 21.915 23.325 2.716
G 23.617 20.454 0.901
I 26.959 20.69 2.746
T 28.757 17.324 3.029
Y 31.257 15.555 5.306
Y 33.274 12.355 4.84
A 35.404 10.091 7.008
D 39.096 10.279 6.035
S 38.972 6.641 4.946
V 36.42 7.287 2.221
K 37.278 10.818 1.155
G 37.556 10.925 -2.619
R 35.918 7.515 -3.119
F 32.461 8.097 -1.648
T 29.929 10.793 -2.471
I 26.687 11.61 -0.723
S 23.869 13.729 -2.124
Q 20.272 14.786 -1.586
D 17.46 14.313 -4.106
N 15.431 17.451 -4.899
A 14.834 18.066 -1.144
K 12.673 14.917 -1.463
N 14.076 13.749 1.885
T 16.059 11.009 0.219
V 19.825 10.723 0.02
Y 22.214 8.5 -1.931
L 25.657 7.16 -1.219
L 27.73 6.512 -4.324
M 30.658 4.215 -3.506
N 33.487 3.958 -6.036
S 36.809 2.163 -5.796
L 35.289 -0.223 -3.276
E 37.947 -2.305 -1.508
P 37.418 -5.393 0.63
E 38.128 -3.321 3.796
D 34.907 -1.522 2.838
T 33.068 -4.766 3.592
A 30.603 -3.984 6.373
I 27.049 -3.367 7.529
Y 25.893 0.108 6.459
Y 23.41 2.11 8.486
C 21.409 5.13 7.432
A 20.806 7.703 10.167
A 19.107 11.034 10.67
D 19.237 13.858 13.204
S 15.682 15.055 13.892
T 16.651 18.262 15.713
I 16.12 21.554 13.923
Y 19.001 23.565 15.344
A 18.624 27.28 16.03
S 22.204 28.231 15.155
Y 24.089 26.708 12.238
Y 25.089 23.112 12.839
E 27.576 20.999 10.914
C 26.201 17.47 10.539
G 29.617 15.907 10.201
H 30.375 16.931 13.793
G 28.088 14.366 15.387
L 29.0 11.943 12.601
S 32.612 11.714 13.786
T 31.906 11.696 17.525
G 29.854 8.607 18.264
G 26.892 9.561 16.106
Y 25.772 12.058 18.715
G 22.508 13.684 17.698
Y 21.507 11.002 15.209
D 18.356 9.678 16.898
S 16.737 7.754 14.071
W 18.298 4.681 12.569
G 17.329 2.372 9.762
Q 17.709 -1.331 9.116
G 21.324 -2.073 8.336
T 22.233 -3.218 4.843
Q 25.079 -5.65 4.168
V 27.717 -4.594 1.635
T 30.348 -7.154 0.711
V 33.426 -6.479 -1.413
S 35.118 -9.637 -2.662
S 38.614 -10.013 -4.109
X 0 0 0
X 0 0 0
X 0 0 0
X 0 0 0
X 0 0 0
X 0 0 0
X 0 0 0
X 0 0 0
