V 18.38 -13.814 -1.275
Q 20.663 -16.166 -3.226
L 19.954 -18.974 -5.682
V 21.724 -22.272 -4.845
E 21.53 -25.168 -7.37
S 22.952 -28.651 -6.916
G 22.877 -32.325 -7.826
G 24.359 -32.527 -11.294
G 26.442 -35.506 -12.401
T 27.114 -38.275 -14.903
V 25.161 -41.553 -14.719
P 24.501 -44.287 -17.245
A 21.207 -44.631 -19.01
G 18.598 -45.958 -16.62
G 20.197 -44.323 -13.584
S 18.884 -41.507 -11.335
L 19.885 -38.081 -10.094
R 18.15 -35.545 -7.896
L 18.525 -31.831 -8.512
S 17.986 -29.286 -5.681
C 17.056 -25.616 -5.909
A 16.818 -23.07 -3.072
A 16.084 -19.362 -3.03
S 17.132 -18.593 0.499
G 17.909 -15.638 2.656
N 14.541 -13.946 3.237
T 11.75 -16.132 4.451
L 9.028 -13.485 3.947
C 9.462 -13.909 0.159
T 7.712 -16.738 -1.665
Y 9.133 -18.34 -4.811
D 7.427 -20.811 -7.193
M 10.088 -23.113 -8.849
S 10.45 -24.214 -12.453
W 13.257 -26.199 -14.09
Y 14.275 -25.714 -17.743
R 16.999 -27.592 -19.605
R 19.275 -26.689 -22.539
A 20.899 -29.41 -24.664
P 23.778 -28.292 -26.944
G 22.23 -26.734 -30.051
K 18.706 -26.722 -28.586
G 16.97 -23.981 -26.702
R 16.384 -23.642 -22.972
D 13.009 -25.445 -22.547
F 10.712 -25.927 -19.671
V 10.642 -29.416 -18.096
S 8.985 -29.347 -14.688
G 7.556 -26.944 -12.17
I 5.746 -26.595 -8.855
D 4.057 -23.733 -7.134
N 3.67 -22.847 -3.485
D 0.377 -24.698 -3.201
G 1.972 -27.903 -4.46
T 0.487 -27.822 -7.962
T 2.798 -29.616 -10.382
T 3.352 -29.273 -14.138
Y 5.459 -31.663 -16.263
V 6.392 -31.654 -19.944
D 5.198 -34.871 -21.616
S 8.667 -36.233 -22.36
V 9.478 -36.584 -18.604
A 6.083 -37.571 -17.251
G 6.159 -40.622 -15.024
R 10.002 -40.488 -14.867
F 10.584 -37.11 -13.205
T 9.017 -36.115 -9.901
I 9.152 -32.508 -8.638
S 8.466 -31.72 -4.97
Q 8.811 -29.03 -2.34
G 12.013 -29.533 -0.503
N 13.084 -29.408 3.032
A 11.795 -25.895 3.724
K 9.941 -22.996 2.099
N 11.525 -21.789 -1.106
T 13.21 -25.126 -1.811
A 12.433 -27.819 -4.362
Y 13.767 -31.12 -5.655
L 13.677 -32.7 -9.121
Q 13.968 -36.488 -8.797
M 15.037 -37.773 -12.206
D 14.61 -41.552 -12.66
S 14.987 -43.841 -15.718
L 17.299 -41.296 -17.266
K 17.741 -41.453 -21.019
P 20.582 -40.179 -23.074
D 18.271 -37.456 -24.468
D 17.882 -36.081 -20.93
T 21.498 -34.882 -21.183
A 21.624 -31.065 -20.874
M 22.453 -28.129 -18.58
Y 19.482 -27.838 -16.089
Y 18.437 -24.426 -14.703
C 16.046 -23.713 -11.807
K 14.205 -20.463 -12.26
P 12.552 -19.238 -9.031
S 9.634 -16.898 -9.768
L 8.455 -14.369 -7.079
R 4.829 -15.252 -6.26
Y 3.844 -11.972 -4.561
G 5.635 -8.624 -4.779
L 6.876 -7.298 -1.406
P 9.429 -4.66 -0.342
G 12.945 -6.157 -0.591
C 11.966 -9.434 -2.153
P 14.167 -9.543 -5.3
I 13.513 -10.947 -8.713
I 16.097 -13.775 -9.071
P 18.026 -13.955 -12.41
W 18.927 -17.203 -14.181
G 21.782 -18.86 -12.392
Q 24.472 -21.158 -13.815
G 22.534 -24.354 -13.523
T 23.844 -27.866 -13.106
Q 25.193 -30.326 -15.655
V 23.454 -33.626 -16.247
T 25.133 -36.208 -18.511
V 23.498 -39.517 -19.209
S 25.382 -42.667 -20.052
X 0 0 0
X 0 0 0
X 0 0 0
X 0 0 0
X 0 0 0
X 0 0 0
X 0 0 0
X 0 0 0
X 0 0 0
X 0 0 0
X 0 0 0
X 0 0 0
X 0 0 0
X 0 0 0
X 0 0 0
X 0 0 0
X 0 0 0
X 0 0 0
X 0 0 0
X 0 0 0
X 0 0 0
