V 18.462 22.806 29.233
Q 14.749 23.259 28.696
L 14.279 25.815 31.513
V 16.725 28.376 32.964
E 15.694 30.793 35.754
S 17.177 34.143 36.64
G 16.265 37.213 38.648
G 16.567 36.142 42.266
G 18.061 38.262 45.008
S 17.594 39.713 48.477
V 14.925 42.411 48.944
Q 13.442 44.166 51.956
A 9.894 43.185 52.893
G 7.397 45.374 51.074
G 9.561 45.583 47.958
S 9.429 43.751 44.632
L 11.374 41.429 42.353
R 10.848 39.923 38.893
L 11.974 36.361 38.157
S 12.468 35.102 34.595
C 12.23 31.59 33.168
A 13.819 31.166 29.738
V 12.243 28.23 27.905
S 14.286 26.6 25.156
T 8.839 21.259 19.722
Y 5.17 21.575 18.782
S 3.18 20.574 21.834
P 0.702 22.232 24.235
C 2.406 23.2 27.524
T 1.669 24.658 30.948
T 4.555 26.574 32.554
G 4.639 26.992 36.299
W 6.478 28.448 39.249
Y 7.137 26.595 42.48
R 9.072 27.558 45.599
Q 10.796 25.73 48.438
A 11.99 27.18 51.745
P 15.136 25.387 53.0
G 14.334 21.998 54.509
K 10.631 22.318 53.694
E 8.202 20.916 51.121
R 8.0 22.364 47.619
E 4.962 24.642 47.072
W 3.105 25.493 43.836
V 2.911 29.244 43.123
S 1.444 29.983 39.69
S 0.986 28.675 36.153
I 0.229 29.908 32.671
S -1.006 27.972 29.66
S -3.121 29.118 26.753
P -3.754 32.873 26.523
G -5.444 34.101 29.696
T -5.335 30.655 31.308
I -3.52 31.759 34.456
Y -3.751 30.476 38.037
Y -2.255 31.506 41.373
Q -1.724 30.062 44.833
D -4.217 32.018 46.947
S -1.51 33.373 49.272
V 0.036 35.257 46.335
K -3.083 36.426 44.487
G -3.01 40.176 43.923
R 0.717 40.298 44.687
F 2.276 38.058 42.043
T 1.614 38.205 38.306
I 2.76 35.604 35.791
S 3.207 36.662 32.137
R 4.992 35.928 28.841
D 7.537 37.978 26.908
N 6.151 39.086 23.545
A 9.377 38.443 21.619
K 10.793 35.265 23.178
N 9.661 32.235 25.157
T 10.388 33.655 28.601
V 7.834 33.481 31.411
Y 8.01 36.094 34.152
L 6.863 36.106 37.756
Q 6.511 39.713 38.965
M 6.496 39.572 42.75
N 5.119 42.651 44.523
S 4.639 43.398 48.229
L 7.187 40.773 49.252
Q 6.741 39.147 52.664
R 9.029 37.048 54.878
E 6.896 34.03 53.94
D 7.94 34.422 50.285
T 11.562 33.6 51.066
G 12.781 30.441 49.321
M 14.281 28.823 46.232
Y 11.964 29.497 43.244
Y 11.804 26.937 40.442
C 10.392 27.175 36.935
Q 8.646 24.011 35.723
I 6.868 22.908 32.558
Q 4.582 20.084 31.431
C 3.917 19.43 27.723
G 2.11 16.815 25.671
V -1.247 15.293 24.744
R -0.8 11.498 24.712
S 2.004 11.627 27.273
I 3.173 14.317 29.675
R 6.822 15.443 29.53
E 7.924 17.503 32.499
Y 11.084 19.503 33.193
W 12.32 21.373 36.276
G 14.61 24.41 36.394
Q 17.649 25.009 38.612
G 15.956 27.387 40.999
T 16.743 31.021 41.781
Q 17.12 32.217 45.375
V 14.752 34.8 46.834
T 15.343 36.228 50.315
V 12.921 38.751 51.836
S 14.484 40.568 54.794
X 0 0 0
X 0 0 0
X 0 0 0
X 0 0 0
X 0 0 0
X 0 0 0
X 0 0 0
X 0 0 0
X 0 0 0
X 0 0 0
X 0 0 0
X 0 0 0
X 0 0 0
X 0 0 0
X 0 0 0
X 0 0 0
X 0 0 0
X 0 0 0
X 0 0 0
X 0 0 0
X 0 0 0
X 0 0 0
X 0 0 0
X 0 0 0
X 0 0 0
X 0 0 0
