D 18.141 56.492 25.642
V 19.667 55.393 22.337
Q 20.654 58.22 20.041
L 21.294 57.354 16.409
V 22.819 60.379 14.748
E 23.154 59.939 10.998
S 24.888 62.178 8.468
G 26.847 62.39 5.245
G 23.724 63.187 3.27
G 23.607 65.568 0.334
S 23.238 66.088 -3.4
V 25.212 64.039 -5.899
Q 25.6 63.785 -9.652
A 24.692 60.494 -11.273
G 27.7 58.175 -11.32
G 29.035 59.934 -8.246
S 29.575 58.345 -4.841
L 28.521 59.062 -1.265
R 29.233 57.621 2.163
L 26.767 57.75 5.043
S 27.377 57.493 8.784
C 25.068 56.286 11.549
A 26.442 57.155 14.995
V 25.146 54.88 17.749
S 24.953 56.443 21.219
G 23.536 55.062 24.468
S 23.362 51.382 23.517
T 23.479 49.357 26.735
Y 22.391 46.142 25.039
S 24.69 43.612 23.354
P 25.404 43.692 19.657
C 22.303 44.775 17.77
T 21.608 44.661 14.067
T 22.265 47.982 12.398
G 21.038 48.637 8.892
W 19.615 51.235 6.559
V 16.176 51.755 5.058
R 15.395 54.298 2.396
Q 12.163 56.005 1.499
A 12.103 56.807 -2.19
P 9.339 58.204 -4.446
G 8.237 55.514 -6.865
K 9.267 52.78 -4.457
G 8.148 53.592 -0.908
L 10.071 52.256 2.126
E 12.699 49.622 1.45
W 15.468 47.868 3.378
V 18.914 48.616 1.915
S 21.466 46.723 3.967
S 22.142 45.361 7.471
I 25.029 44.134 9.606
S 23.902 41.731 12.364
S 26.63 41.78 15.033
P 28.17 38.33 14.553
G 29.461 40.087 11.455
T 26.888 38.793 8.979
I 26.145 41.335 6.246
Y 22.973 41.405 4.149
Y 22.159 43.417 1.029
Q 19.036 44.309 -0.948
D 19.544 42.6 -4.342
S 19.183 45.915 -6.178
V 22.208 47.355 -4.369
K 24.505 44.339 -4.213
G 27.756 45.316 -5.853
R 27.159 49.068 -5.608
F 26.771 49.305 -1.834
T 29.022 48.348 1.064
I 28.168 48.483 4.731
S 30.919 48.471 7.369
R 31.334 49.015 11.092
D 33.775 50.406 13.633
N 32.971 48.942 17.04
A 35.431 51.45 18.458
K 33.543 54.552 17.318
N 30.278 52.598 17.585
T 29.632 53.769 14.01
V 28.127 52.142 10.912
Y 28.944 53.24 7.368
L 27.254 52.732 4.019
Q 29.343 53.287 0.885
M 27.116 54.077 -2.121
N 28.703 53.834 -5.563
S 27.31 54.708 -9.004
L 24.442 56.594 -7.419
Q 21.656 56.22 -9.954
R 18.661 58.618 -10.02
E 16.548 55.793 -8.556
D 18.729 55.924 -5.417
T 17.289 59.316 -4.504
G 15.411 59.536 -1.24
M 15.479 59.812 2.534
Y 17.855 57.35 4.267
Y 17.441 56.236 7.848
C 19.553 53.856 9.831
Q 17.879 51.718 12.441
I 19.129 49.451 15.171
Q 17.465 46.359 16.506
C 18.58 45.15 19.904
G 16.733 42.059 21.123
V 16.148 38.318 21.534
I 12.548 43.011 19.406
R 13.065 46.744 19.901
E 14.182 48.983 17.05
Y 15.072 52.652 16.791
W 15.487 55.045 13.877
G 17.474 58.168 13.233
Q 16.059 61.45 11.971
G 17.075 60.642 8.424
T 19.403 62.123 5.838
Q 18.383 63.312 2.366
V 20.216 62.026 -0.711
T 19.308 63.638 -4.041
V 20.851 61.933 -7.074
S 20.681 64.476 -9.911
X 0 0 0
X 0 0 0
X 0 0 0
X 0 0 0
X 0 0 0
X 0 0 0
X 0 0 0
X 0 0 0
X 0 0 0
X 0 0 0
X 0 0 0
X 0 0 0
X 0 0 0
X 0 0 0
X 0 0 0
X 0 0 0
X 0 0 0
X 0 0 0
X 0 0 0
X 0 0 0
X 0 0 0
X 0 0 0
X 0 0 0
X 0 0 0
X 0 0 0
