V 35.206 -41.913 12.723
Q 38.155 -42.096 10.323
L 39.084 -44.969 8.008
V 42.322 -44.948 6.02
E 43.245 -47.734 3.627
S 46.588 -48.782 2.158
G 48.06 -51.764 0.325
G 46.622 -51.588 -3.176
G 48.627 -52.614 -6.218
S 48.884 -54.395 -9.554
V 49.751 -58.091 -9.546
Q 49.518 -61.27 -11.602
A 46.928 -63.995 -11.107
G 47.78 -66.487 -8.379
E 49.614 -63.988 -6.183
S 48.507 -62.603 -2.817
L 47.997 -59.098 -1.45
R 47.08 -57.734 1.962
L 45.053 -54.555 2.376
S 44.904 -52.69 5.666
C 42.353 -50.318 7.108
A 43.543 -48.134 10.001
A 40.496 -46.99 11.907
S 39.79 -44.545 14.716
G 36.485 -44.045 16.514
V 34.954 -47.429 15.642
T 34.054 -48.205 19.249
Y 30.365 -47.276 19.236
K 27.605 -49.743 20.164
N 27.049 -52.701 17.8
Y 29.608 -51.672 15.183
C 30.524 -53.8 12.178
I 33.485 -53.092 9.949
G 34.588 -54.67 6.723
W 35.26 -54.415 3.035
F 33.25 -53.581 -0.076
R 34.466 -53.939 -3.648
Q 33.506 -52.175 -6.879
A 34.75 -53.615 -10.167
P 34.568 -51.606 -13.4
G 31.04 -51.652 -14.791
K 29.563 -53.243 -11.661
D 27.855 -52.096 -8.48
R 29.692 -51.745 -5.178
E 29.233 -55.05 -3.334
G 29.972 -56.278 0.177
V 32.851 -58.711 0.624
V 33.433 -59.65 4.252
F 32.74 -58.07 7.66
I 33.451 -58.627 11.353
N 31.162 -57.442 14.167
S 31.711 -56.203 17.736
D 31.355 -59.769 19.049
G 34.051 -61.135 16.751
G 31.64 -62.8 14.346
I 32.67 -62.859 10.667
T 30.175 -62.893 7.788
Y 30.866 -63.244 4.063
Y 28.74 -61.478 1.456
A 30.626 -62.452 -1.703
D 30.479 -66.235 -2.138
S 33.245 -66.229 -4.751
V 35.811 -64.966 -2.225
K 35.122 -67.566 0.455
G 38.22 -69.672 1.024
R 40.424 -67.101 -0.735
F 39.884 -63.902 1.295
T 40.349 -63.643 5.057
I 39.642 -60.769 7.433
S 41.464 -60.129 10.692
Q 41.546 -57.396 13.314
D 44.651 -56.298 15.222
N 43.483 -54.507 18.377
A 46.979 -53.405 19.364
K 47.109 -51.412 16.113
N 43.422 -50.522 15.633
T 43.727 -51.992 12.145
V 41.563 -54.403 10.151
Y 43.145 -56.469 7.346
L 41.9 -58.18 4.204
Q 44.219 -61.007 3.151
M 43.594 -61.717 -0.542
N 44.983 -65.031 -1.815
S 44.86 -66.681 -5.259
L 43.98 -63.41 -6.956
K 42.113 -63.642 -10.267
P 41.557 -60.921 -12.906
E 37.918 -60.715 -11.821
D 39.175 -59.482 -8.448
T 40.249 -56.26 -10.146
A 38.354 -53.434 -8.457
S 38.45 -50.512 -6.058
Y 38.363 -51.864 -2.507
Y 36.738 -49.858 0.291
C 36.971 -50.206 4.034
A 33.585 -49.429 5.597
A 31.977 -49.338 9.032
G 28.371 -49.299 10.16
Y 25.871 -50.885 12.546
R 24.933 -54.549 12.945
N 21.455 -55.165 11.582
Y 20.524 -58.808 12.029
G 23.278 -60.338 9.928
Q 23.793 -57.326 7.675
C 26.004 -54.281 8.159
A 24.226 -50.947 7.639
T 27.189 -48.886 6.454
R 27.542 -45.241 7.397
Y 31.303 -44.529 7.203
W 33.7 -45.095 4.294
G 37.439 -45.121 3.661
Q 39.025 -43.465 0.621
G 39.379 -46.68 -1.36
T 42.397 -48.419 -2.846
Q 42.846 -49.936 -6.316
V 43.703 -53.587 -6.922
T 44.448 -54.601 -10.507
V 44.941 -58.255 -11.38
S 46.214 -59.069 -14.874
X 0 0 0
X 0 0 0
X 0 0 0
X 0 0 0
X 0 0 0
X 0 0 0
X 0 0 0
X 0 0 0
X 0 0 0
X 0 0 0
X 0 0 0
X 0 0 0
X 0 0 0
X 0 0 0
X 0 0 0
X 0 0 0
X 0 0 0
X 0 0 0
X 0 0 0
X 0 0 0
X 0 0 0
