V 18.595 48.774 6.034
Q 20.838 51.797 5.487
L 24.518 51.719 6.515
Q 27.359 54.234 6.581
E 31.029 53.281 6.605
S 34.191 55.055 7.744
G 37.902 54.322 8.036
G 39.913 51.982 5.844
G 42.331 53.231 3.212
L 46.046 52.714 2.67
V 48.248 51.309 5.448
Q 51.83 50.061 5.781
A 52.281 46.3 6.283
G 52.28 45.172 9.914
G 50.335 48.359 10.672
S 46.844 48.953 12.06
L 43.484 50.158 10.721
R 39.992 50.789 12.12
L 36.695 50.285 10.272
S 33.372 51.625 11.522
C 29.819 50.845 10.488
T 26.482 52.089 11.822
A 22.928 51.144 10.861
S 20.003 53.558 10.571
R 17.54 51.019 11.996
R 17.251 47.489 13.401
T 15.282 45.051 11.225
G 14.525 42.419 13.868
S 15.889 39.929 16.382
N 19.317 38.243 16.318
W 20.664 41.511 14.927
C 24.044 41.009 13.246
M 26.566 43.503 11.926
G 29.926 42.792 10.364
W 32.055 42.925 7.253
F 32.439 40.921 4.074
R 35.883 40.505 2.523
Q 36.13 40.532 -1.269
L 39.592 39.583 -2.52
A 40.278 40.919 -6.027
G 38.924 38.386 -8.536
K 37.844 35.977 -5.787
E 34.505 35.385 -4.024
P 33.157 37.503 -1.113
E 33.24 35.871 2.338
L 32.046 36.713 5.865
V 35.234 37.804 7.628
V 33.8 39.273 10.849
A 30.401 39.563 12.587
L 28.774 40.423 15.925
N 25.384 39.283 17.246
F 23.901 42.236 19.177
D 21.264 40.276 21.126
Y 23.645 37.572 22.381
D 26.882 39.59 22.563
M 28.698 36.917 20.543
T 31.115 37.039 17.608
Y 32.323 35.037 14.626
Y 35.823 35.313 13.174
A 37.218 33.828 9.962
D 40.226 31.599 10.683
S 42.353 33.858 8.451
V 41.815 36.843 10.787
K 41.346 35.149 14.196
G 43.376 36.838 16.935
R 44.377 39.809 14.76
F 40.911 41.321 14.156
T 38.482 42.442 16.891
V 34.84 43.581 16.781
S 32.981 45.592 19.422
R 29.88 47.803 19.597
D 28.887 50.967 21.516
S 25.391 50.849 23.121
G 22.903 53.605 22.249
K 24.624 54.1 18.883
N 23.813 50.973 16.788
T 27.44 50.882 15.617
V 30.142 48.232 15.166
Y 33.927 48.699 15.105
L 36.568 46.553 13.448
Q 40.123 46.875 14.735
M 42.584 45.377 12.249
N 46.089 44.661 13.578
S 49.181 43.104 11.963
L 47.924 43.708 8.429
K 49.302 41.214 5.897
P 49.638 42.097 2.186
E 46.958 39.425 1.521
D 44.355 41.373 3.541
T 44.064 44.116 0.9
A 40.498 44.079 -0.423
I 37.274 46.046 -0.657
Y 35.504 45.551 2.676
Y 31.716 45.658 2.676
C 29.702 46.323 5.805
A 26.697 44.037 6.17
A 23.802 43.888 8.603
R 20.964 41.394 9.03
S 18.415 39.854 11.379
G 18.553 36.081 11.843
G 22.16 35.26 12.713
F 25.402 34.747 10.796
S 25.369 33.917 7.084
S 28.0 33.346 4.385
N 25.225 34.0 1.88
R 25.193 37.564 0.56
E 21.377 37.392 0.163
L 18.939 38.749 2.755
Y 21.439 40.969 4.507
D 19.012 43.868 4.953
G 21.882 46.353 4.839
W 24.821 46.157 2.447
G 27.524 48.819 2.442
Q 28.851 50.608 -0.629
G 32.317 49.326 0.23
T 35.568 50.722 1.575
Q 38.95 49.948 0.011
V 41.654 48.724 2.385
T 45.053 48.777 0.667
V 48.127 47.326 2.366
S 51.475 48.623 1.05
S 55.129 48.539 2.157
X 0 0 0
X 0 0 0
X 0 0 0
X 0 0 0
X 0 0 0
X 0 0 0
X 0 0 0
X 0 0 0
X 0 0 0
X 0 0 0
X 0 0 0
X 0 0 0
X 0 0 0
X 0 0 0
X 0 0 0
X 0 0 0
X 0 0 0
X 0 0 0
