Q 13.694 16.38 2.906
V 17.234 15.293 3.805
Q 19.987 16.821 1.666
L 23.635 15.649 1.778
V 25.507 18.793 0.589
E 28.947 17.798 -0.804
S 31.762 20.227 -1.6
G 35.447 20.073 -2.572
G 36.834 17.512 -5.033
G 37.557 18.417 -8.639
L 40.709 18.356 -10.853
V 44.237 17.84 -9.462
Q 47.61 16.44 -10.734
A 48.77 12.886 -9.904
G 50.73 13.061 -6.633
G 48.578 15.954 -5.418
S 45.974 16.297 -2.65
L 42.261 17.244 -2.413
R 39.599 17.324 0.325
L 35.891 16.418 0.04
S 33.284 17.603 2.57
C 29.666 16.669 3.208
A 27.131 18.122 5.658
A 23.686 16.548 6.033
S 20.738 18.89 6.608
G 17.092 17.982 7.208
Y 17.665 14.902 9.381
A 16.412 15.282 12.956
Y 18.72 12.612 14.442
T 22.376 11.521 14.193
Y 23.528 9.192 11.436
I 25.634 6.54 13.277
Y 27.744 5.791 10.154
G 31.087 7.286 4.567
W 32.532 7.989 1.164
F 32.027 5.763 -1.847
R 33.225 6.189 -5.439
Q 32.357 4.92 -8.888
A 34.411 5.217 -12.077
P 32.664 5.097 -15.47
G 31.691 1.448 -16.27
K 32.763 0.075 -12.824
E 30.844 -0.873 -9.678
R 30.488 1.595 -6.781
E 33.212 0.958 -4.123
G 33.434 1.918 -0.458
V 36.396 4.25 0.178
A 36.19 5.184 3.892
A 33.635 5.225 6.738
D 30.886 6.279 13.173
S 29.516 9.264 15.08
G 31.843 8.585 18.09
G 34.895 9.003 15.821
G 35.502 5.237 15.832
G 34.757 2.217 13.677
T 37.012 3.819 11.041
L 37.452 1.662 7.931
Y 39.256 2.224 4.586
A 39.452 0.415 1.237
D 42.845 -1.334 0.985
S 43.79 0.755 -2.107
V 43.608 4.083 -0.202
K 45.038 3.033 3.17
G 47.85 5.417 4.169
R 46.772 7.995 1.546
F 43.191 8.981 2.52
T 41.921 10.157 5.93
I 38.219 10.387 6.914
S 36.997 12.594 9.772
R 33.663 13.739 11.267
D 32.639 16.417 13.714
K 31.941 14.262 16.862
G 28.196 13.5 17.314
K 27.129 15.46 14.157
N 26.153 14.667 10.542
T 29.317 15.954 8.841
V 32.003 13.877 7.214
Y 35.252 14.823 5.415
L 37.83 13.004 3.314
Q 41.417 14.184 2.919
D 46.843 12.691 -0.431
S 49.25 11.138 -2.998
L 46.4 10.914 -5.51
K 46.81 8.469 -8.435
P 45.068 8.436 -11.839
E 43.107 5.291 -10.716
D 41.441 7.427 -7.956
T 39.571 9.356 -10.696
A 35.856 8.724 -10.062
T 32.604 10.282 -8.962
Y 32.712 10.37 -5.181
Y 29.514 10.075 -3.102
C 28.836 10.889 0.536
A 26.395 8.389 2.17
A 24.737 8.335 5.624
G 22.816 5.782 7.748
G 24.458 2.482 6.86
Y 27.105 0.187 8.336
E 30.883 0.118 7.613
L 31.71 0.008 3.859
R 28.611 -1.943 2.738
D 26.976 0.32 0.19
R 23.616 -1.562 0.177
T 23.159 -0.626 3.882
Y 23.285 3.173 3.26
G 20.006 4.862 2.502
Q 20.9 8.535 1.989
W 23.228 9.506 -0.845
G 24.824 12.755 -2.006
Q 24.508 13.75 -5.687
G 28.158 12.861 -6.371
T 31.265 15.007 -6.909
Q 33.787 14.454 -9.744
V 37.429 13.912 -8.708
T 39.814 13.893 -11.713
V 43.514 13.024 -11.206
S 45.508 13.93 -14.376
S 48.927 12.801 -15.688
X 0 0 0
X 0 0 0
X 0 0 0
X 0 0 0
X 0 0 0
X 0 0 0
X 0 0 0
X 0 0 0
X 0 0 0
X 0 0 0
X 0 0 0
X 0 0 0
X 0 0 0
X 0 0 0
X 0 0 0
X 0 0 0
X 0 0 0
X 0 0 0
X 0 0 0
X 0 0 0
X 0 0 0
X 0 0 0
