G 14.063 64.778 14.592
S 15.066 61.969 17.018
Q 12.108 59.793 15.943
V 11.602 57.988 12.643
Q 8.33 59.265 11.133
L 6.668 57.969 7.965
V 4.728 61.003 6.745
E 1.823 59.984 4.441
S -0.105 62.373 2.191
G -2.537 62.266 -0.69
G -2.408 62.417 -0.867
G -5.342 59.743 -0.481
G -5.236 59.867 -0.242
G -8.841 60.822 0.523
L -12.27 60.617 -1.114
V -12.519 60.027 -4.871
Q -15.146 58.725 -7.335
A -14.879 55.262 -8.925
G -12.845 55.417 -12.202
G -10.793 58.248 -10.727
S -7.157 58.606 -9.684
L -5.228 59.416 -6.527
R -1.507 59.571 -5.675
L -0.288 58.532 -2.202
S 3.086 59.805 -1.0
C 5.25 58.84 1.989
A 8.564 60.396 3.072
A 10.449 58.892 5.993
S 12.361 61.323 8.154
G 14.615 60.548 11.128
Y 16.535 57.637 9.564
A 20.09 58.484 8.378
Y 20.516 55.497 6.044
T 18.432 53.995 3.226
Y 15.584 51.552 3.867
I 16.161 48.681 1.443
Y 12.426 47.948 0.965
G 5.929 49.531 0.414
W 2.246 50.281 0.684
F -0.186 48.138 2.6
R -3.946 48.54 3.057
Q -6.716 47.387 5.312
A -10.16 47.406 3.639
P -13.354 47.298 5.676
G -14.135 43.625 6.45
K -10.641 42.435 5.442
E -7.18 41.67 6.92
R -4.245 43.991 6.128
E -2.632 43.154 2.765
G 0.416 44.251 0.806
V -0.435 46.456 -2.18
A 2.974 47.307 -3.673
A 6.627 47.254 -2.609
D 13.616 48.165 -3.153
S 15.908 51.226 -3.018
G 17.334 50.53 -6.466
G 13.788 50.7 -7.954
G 13.831 46.902 -8.398
G 12.26 43.915 -6.604
T 8.943 45.525 -7.528
L 5.873 43.52 -6.396
Y 2.124 44.271 -6.654
A -0.988 42.616 -5.249
D -2.664 40.812 -8.134
S -5.849 42.989 -7.807
V -3.93 46.238 -8.513
K -1.415 45.055 -11.185
G -1.81 47.28 -14.273
R -3.666 50.038 -12.346
F -1.293 51.054 -9.484
T 2.332 52.121 -9.952
I 4.856 52.336 -7.103
S 7.916 54.574 -7.388
R 10.94 55.443 -5.231
D 12.762 57.819 -7.608
K 11.474 61.058 -6.001
G 13.669 61.443 -2.893
K 15.647 59.431 -0.319
N 13.371 57.063 1.729
T 10.298 58.273 -0.144
V 7.818 55.993 -1.842
Y 4.794 56.981 -3.95
L 1.759 55.008 -5.145
Q -0.102 56.267 -8.273
D -5.585 54.826 -11.479
S -8.943 53.29 -12.481
L -9.932 53.16 -8.831
K -12.693 50.716 -7.805
P -14.967 50.815 -4.77
E -13.133 47.732 -3.389
D -9.871 49.809 -3.262
T -11.514 51.669 -0.321
A -9.239 51.104 2.675
T -6.796 52.673 5.083
Y -3.48 52.71 3.238
Y -0.231 52.49 5.283
C 3.36 53.251 4.195
A 5.916 50.826 5.679
A 9.714 50.74 5.627
G 12.552 48.317 6.524
G 10.951 44.952 5.673
Y 10.979 42.501 2.782
E 8.674 42.224 -0.27
L 4.931 42.33 0.705
R 5.255 40.479 3.998
D 3.803 42.815 6.589
R 5.333 41.026 9.626
T 8.829 41.886 8.312
Y 8.257 45.702 8.293
G 9.095 47.594 11.508
Q 8.286 51.229 10.618
W 4.685 52.079 9.731
G 2.786 55.233 8.796
Q -0.265 56.064 10.916
G -2.572 55.315 7.97
T -4.381 57.432 5.353
Q -8.029 56.872 4.386
V -8.814 56.246 0.718
T -12.541 56.087 -0.051
V -13.736 55.246 -3.567
S -17.408 56.044 -3.978
S -19.619 54.317 -6.572
X 0 0 0
X 0 0 0
X 0 0 0
X 0 0 0
X 0 0 0
X 0 0 0
X 0 0 0
X 0 0 0
X 0 0 0
X 0 0 0
X 0 0 0
X 0 0 0
X 0 0 0
X 0 0 0
X 0 0 0
X 0 0 0
X 0 0 0
X 0 0 0
