Q 38.858 12.259 5.48
V 39.617 13.101 9.159
Q 42.952 14.891 9.549
V 47.901 15.809 13.307
E 50.36 15.361 16.218
S 53.622 17.02 16.74
G 56.271 18.186 19.109
G 58.815 15.364 19.003
G 58.76 15.21 19.186
G 62.436 15.329 17.892
G 62.408 15.404 17.924
L 65.883 14.84 19.421
V 65.7 15.922 23.054
Q 67.794 15.67 26.239
A 67.178 13.627 29.383
G 65.735 15.814 32.138
G 63.988 18.233 29.766
S 60.27 18.946 29.546
L 58.39 18.298 26.33
R 54.84 18.923 25.116
L 53.163 16.877 22.366
S 50.046 18.316 20.693
C 47.337 16.587 18.675
A 44.26 17.764 16.834
A 41.599 16.214 14.708
S 39.903 18.224 11.957
G 37.391 17.089 9.303
Y 35.161 15.474 12.018
A 31.729 16.964 12.631
Y 31.275 15.458 16.111
T 33.267 15.031 19.312
Y 35.544 12.131 20.067
I 34.606 10.994 23.557
Y 38.063 9.593 24.278
G 44.756 9.46 24.053
W 48.395 8.799 23.511
F 50.113 5.491 22.754
R 53.791 4.846 22.087
Q 56.013 2.233 20.592
A 59.711 1.925 21.346
P 61.964 0.177 18.76
G 61.285 -3.618 18.727
K 58.609 -3.338 21.43
E 54.796 -3.611 21.546
R 52.722 -0.371 21.141
E 51.509 0.628 24.679
G 48.95 2.959 26.051
V 50.403 6.095 27.709
A 47.432 8.304 28.713
A 43.795 8.916 27.799
D 37.439 11.972 27.949
S 35.724 14.998 26.414
G 34.652 16.382 29.78
G 38.317 16.532 30.952
G 37.899 13.424 33.145
G 38.062 9.618 32.909
T 41.803 10.182 32.942
L 44.09 7.096 32.874
Y 47.836 6.647 32.771
A 50.14 3.684 32.286
D 51.794 2.734 35.588
S 55.275 3.494 34.257
V 54.415 7.102 33.237
K 51.87 8.093 35.989
G 53.056 11.153 37.878
R 55.69 11.9 35.199
T 50.032 14.86 32.188
I 47.306 14.599 29.573
S 44.927 17.478 28.853
R 42.231 18.376 26.305
D 40.473 21.575 25.255
K 36.818 21.396 26.313
G 34.434 21.083 23.396
K 37.32 20.159 21.1
N 39.008 17.266 19.4
T 42.444 18.176 20.776
V 44.681 16.366 23.21
Y 48.097 17.136 24.711
L 50.839 15.271 26.543
Q 53.085 17.278 28.91
D 57.873 16.792 33.018
S 61.404 15.252 32.972
L 62.28 13.07 30.03
K 63.846 9.682 30.849
P 65.849 7.505 28.453
E 63.028 4.927 28.599
D 60.662 7.535 27.047
T 62.316 7.233 23.626
A 59.58 6.001 21.267
T 57.23 6.978 18.507
Y 54.207 8.681 20.084
Y 50.81 8.316 18.45
C 47.641 10.223 19.169
A 44.379 8.336 18.834
A 40.719 9.244 18.867
G 37.331 7.578 19.181
G 38.061 4.608 21.455
Y 37.789 3.763 25.131
E 40.412 4.239 27.862
L 43.757 2.669 26.823
R 42.26 -0.157 24.745
D 44.292 0.174 21.509
R 41.892 -1.84 19.326
T 38.962 0.439 20.209
Y 40.494 3.532 18.614
G 39.657 4.177 14.958
Q 41.598 7.371 14.184
W 45.361 7.555 14.558
G 48.018 10.148 13.865
Q 51.141 9.053 11.996
G 53.331 9.273 15.039
T 55.923 11.76 16.279
Q 59.407 10.348 17.169
V 60.855 11.373 20.523
T 64.531 10.402 20.977
V 65.956 11.082 24.414
S 69.742 11.53 24.674
S 71.409 10.513 27.981
X 0 0 0
X 0 0 0
X 0 0 0
X 0 0 0
X 0 0 0
X 0 0 0
X 0 0 0
X 0 0 0
X 0 0 0
X 0 0 0
X 0 0 0
X 0 0 0
X 0 0 0
X 0 0 0
X 0 0 0
X 0 0 0
X 0 0 0
X 0 0 0
X 0 0 0
X 0 0 0
X 0 0 0
X 0 0 0
