K 50.119 26.842 53.933
E 48.894 28.461 50.673
T 45.972 30.914 51.158
A 43.78 28.399 49.208
A 44.612 25.45 51.534
A 43.939 27.863 54.482
K 40.464 28.744 53.108
F 39.677 25.011 52.655
E 40.916 24.389 56.259
R 39.027 27.329 57.85
Q 35.789 27.378 55.767
H 35.216 24.109 53.764
M 33.534 20.931 55.041
D 32.464 19.054 51.881
S 31.441 15.884 53.849
S 28.636 16.852 56.319
T 26.531 17.83 54.387
S 24.984 20.065 57.118
A 25.74 20.605 60.886
A 23.039 18.32 62.432
S 24.649 18.142 65.922
S 25.153 21.449 67.818
S 28.389 20.037 69.284
N 29.615 20.524 65.597
Y 31.27 23.963 65.995
C 33.078 23.153 69.268
N 34.603 20.113 67.594
Q 35.233 21.635 64.133
M 36.726 24.927 65.435
M 39.266 22.725 67.366
K 39.725 20.162 64.465
S 40.642 23.047 62.078
R 43.122 24.696 64.536
N 40.925 27.82 64.996
L 41.288 27.591 68.838
T 45.122 26.987 69.084
K 46.071 30.56 70.189
D 42.734 32.327 71.057
R 38.93 31.988 70.554
C 38.098 32.991 66.911
K 34.89 34.958 67.653
P 33.105 33.894 64.417
V 33.788 31.494 61.501
N 31.654 29.907 58.751
T 32.007 26.369 57.353
F 30.666 25.716 53.783
V 29.038 22.279 53.115
H 29.23 22.202 49.34
E 31.602 20.433 46.969
S 34.833 22.416 46.543
L 33.966 22.503 42.803
A 30.679 24.287 43.701
D 32.612 26.755 45.991
V 35.621 27.404 43.705
Q 33.124 27.98 40.863
A 31.813 31.076 42.838
V 34.991 32.912 41.684
C 33.42 33.154 38.17
S 29.911 34.206 39.329
Q 28.677 37.709 40.356
K 31.66 40.024 41.084
N 30.632 42.196 44.08
V 32.46 44.563 46.503
A 34.401 42.991 49.464
C 33.167 44.435 52.803
K 36.572 46.242 53.294
N 36.345 48.243 49.982
G 38.218 45.829 47.622
Q 36.443 44.592 44.485
T 37.795 41.03 43.978
N 34.972 39.353 45.919
C 32.342 37.022 44.381
Y 28.73 36.083 45.385
Q 27.382 32.503 44.797
S 24.69 31.849 42.073
Y 22.638 29.499 44.312
S 22.286 29.387 48.138
T 24.801 27.032 49.794
M 24.605 24.869 52.941
S 26.7 26.669 55.644
I 27.245 26.504 59.425
T 27.822 29.651 61.446
D 30.096 29.104 64.477
C 29.589 31.899 67.046
R 31.122 32.114 70.577
E 28.526 31.741 73.334
T 28.236 34.117 76.306
G 30.092 31.462 78.371
S 33.382 30.942 76.348
S 37.059 32.058 77.211
K 40.508 30.793 76.012
Y 41.585 27.931 77.843
P 38.359 26.201 76.706
N 36.426 27.659 73.718
C 32.615 27.257 73.586
A 30.691 27.817 70.294
Y 26.981 28.069 69.202
K 26.139 26.191 65.939
T 23.618 27.523 63.385
T 22.887 25.642 60.161
Q 21.733 27.991 57.394
A 21.217 27.997 53.609
N 22.665 31.326 52.345
K 24.654 32.666 49.369
H 28.385 33.113 50.284
I 30.803 35.916 49.312
I 34.533 35.126 48.935
V 37.664 37.025 47.777
A 39.431 35.207 44.919
C 43.109 34.984 43.848
E 45.589 32.834 41.87
G 45.81 30.458 38.854
N 43.708 28.443 39.342
P 41.55 31.395 40.521
Y 40.2 30.272 43.914
V 38.819 31.596 47.244
P 41.402 32.856 49.76
V 39.171 34.952 52.146
H 35.53 34.285 53.309
F 33.79 37.688 53.276
D 30.097 37.19 54.184
A 26.759 35.384 53.725
S 23.508 36.736 52.158
V 31.689 31.016 28.912
X 0 0 0
X 0 0 0
X 0 0 0
X 0 0 0
X 0 0 0
X 0 0 0
X 0 0 0
X 0 0 0
X 0 0 0
X 0 0 0
X 0 0 0
X 0 0 0
X 0 0 0
X 0 0 0
X 0 0 0
X 0 0 0
