Q 15.479 32.306 19.6
V 19.116 32.627 18.509
Q 19.666 31.916 14.78
V 23.524 31.511 9.689
E 26.19 29.614 7.735
S 27.473 30.32 4.164
G 30.492 29.59 1.807
G 30.223 25.781 1.328
G 29.46 23.924 -1.907
L 31.7 22.181 -4.492
V 35.374 22.826 -4.978
Q 38.163 21.019 -6.861
A 40.995 19.213 -5.028
G 43.694 21.686 -3.931
G 41.169 24.533 -4.204
S 40.008 27.013 -1.565
L 36.711 27.787 0.226
R 35.747 30.443 2.776
L 33.082 29.667 5.419
S 31.27 32.34 7.464
C 28.964 32.029 10.428
A 27.16 34.59 12.488
A 24.926 33.972 15.515
S 21.895 36.345 15.444
G 19.68 36.987 18.493
Y 22.152 36.334 21.363
A 22.136 39.266 23.769
Y 25.864 38.888 24.789
T 29.133 37.641 23.281
Y 29.888 33.918 22.923
I 33.387 33.608 24.416
Y 34.311 30.64 22.165
G 34.242 26.851 16.575
W 33.827 24.714 13.449
F 33.154 20.942 13.455
R 32.626 18.654 10.501
Q 30.74 15.397 10.055
A 31.462 13.258 6.955
P 29.021 10.527 5.804
G 29.041 7.481 8.131
K 31.259 9.213 10.693
E 31.185 10.868 14.123
R 31.21 14.704 14.369
E 34.781 16.004 14.749
G 36.34 19.271 15.845
V 38.033 21.348 13.147
A 39.022 24.774 14.59
A 38.094 27.075 17.504
D 37.94 32.909 21.575
S 36.256 36.383 21.519
G 39.599 38.292 21.869
G 41.275 36.579 18.871
G 43.292 34.104 21.012
G 42.965 30.549 22.371
T 43.174 29.634 18.65
L 43.123 25.862 18.286
Y 43.348 23.574 15.154
A 42.701 19.814 14.647
D 45.671 17.531 13.624
S 44.204 16.81 10.185
V 43.74 20.433 9.007
K 46.666 22.323 10.618
G 48.48 24.539 8.06
R 45.602 24.311 5.484
T 42.516 29.427 9.304
I 39.894 30.621 11.777
S 39.326 34.313 12.323
R 36.687 36.235 14.319
D 35.466 39.878 14.34
K 36.651 41.505 17.652
G 34.203 40.953 20.543
K 31.435 39.863 18.152
N 29.485 36.664 17.381
T 30.911 35.857 13.902
V 33.519 33.172 13.03
Y 35.285 32.571 9.683
L 37.093 29.603 8.183
Q 39.529 30.027 5.253
D 42.896 25.792 1.46
S 44.697 22.828 -0.257
L 41.418 20.916 0.258
K 40.927 17.171 -0.211
P 38.335 14.426 -0.532
E 39.299 13.88 3.13
D 37.752 17.331 3.802
T 34.395 16.366 2.232
A 31.695 16.721 4.958
T 28.963 18.996 6.344
Y 30.855 21.682 8.274
Y 29.019 23.039 11.38
C 29.416 26.293 13.29
A 28.973 26.191 17.109
A 28.949 28.918 19.801
G 29.164 28.955 23.683
G 31.402 25.947 24.556
Y 35.145 25.498 25.367
E 37.795 24.942 22.685
L 36.737 21.866 20.595
R 34.94 19.881 23.261
D 31.777 18.942 21.357
R 29.688 18.514 24.529
T 30.398 22.093 25.804
Y 28.752 24.052 22.915
G 25.056 24.889 23.124
Q 24.131 26.533 19.788
W 24.564 24.679 16.431
G 23.798 25.531 12.779
Q 22.207 23.114 10.198
G 25.657 23.222 8.368
T 27.21 23.882 4.886
Q 27.983 20.715 2.898
V 31.476 20.899 1.368
T 32.221 18.406 -1.43
V 35.791 18.197 -2.791
S 36.057 16.181 -6.047
S 39.337 14.352 -6.738
X 0 0 0
X 0 0 0
X 0 0 0
X 0 0 0
X 0 0 0
X 0 0 0
X 0 0 0
X 0 0 0
X 0 0 0
X 0 0 0
X 0 0 0
X 0 0 0
X 0 0 0
X 0 0 0
X 0 0 0
X 0 0 0
X 0 0 0
X 0 0 0
X 0 0 0
X 0 0 0
X 0 0 0
X 0 0 0
X 0 0 0
X 0 0 0
