E -40.619 35.483 43.909
V -38.862 38.812 44.459
Q -38.418 39.569 48.155
L -36.803 42.511 49.887
L -36.351 42.293 53.643
E -35.529 45.54 55.411
S -34.198 45.751 58.961
G -32.077 47.908 61.269
G -34.73 50.51 62.107
G -35.43 51.64 65.663
L -35.56 54.596 68.01
V -32.657 57.026 68.297
Q -31.946 60.496 69.646
P -31.583 63.395 67.211
G -27.954 63.522 66.079
G -27.595 59.778 66.594
S -27.105 57.204 63.86
L -28.572 53.953 62.529
R -27.693 51.453 59.811
L -30.427 49.859 57.733
S -29.998 46.626 55.844
C -31.978 45.026 53.031
A -31.671 41.32 52.258
A -32.682 40.661 48.645
S -33.708 37.413 46.952
G -35.774 36.086 44.056
F -33.819 38.001 41.419
T -30.207 38.546 40.31
F -29.209 41.262 42.772
E -25.862 41.921 41.119
E -27.642 43.023 37.918
Y -29.761 45.745 39.498
A -29.37 49.289 40.677
M -31.136 49.457 44.045
L -33.002 52.203 45.847
W -33.974 53.402 49.295
V -37.264 55.217 49.664
R -39.178 56.388 52.718
Q -42.598 57.383 54.004
A -42.871 59.897 56.834
P -46.084 60.315 58.875
G -48.774 62.033 56.809
K -46.755 62.085 53.57
G -46.168 59.983 50.467
L -43.097 58.023 49.348
E -39.948 60.156 49.149
W -36.993 58.806 47.156
V -33.933 58.869 49.403
S -30.939 57.267 47.705
G -29.846 54.905 44.935
I -26.81 52.907 43.845
N -25.713 51.161 40.654
A -25.211 47.395 40.464
R -21.426 47.806 40.578
G -21.695 49.913 43.723
Y -19.48 52.879 42.833
T -22.088 55.31 41.52
T -24.507 56.717 44.103
Y -27.358 59.258 44.182
Y -28.971 61.139 47.089
A -31.936 63.385 47.802
D -30.838 66.883 48.774
S -32.485 66.321 52.161
V -30.053 63.571 53.194
K -26.948 64.431 51.142
G -23.853 64.28 53.363
R -25.621 62.476 56.199
F -26.678 59.181 54.594
T -24.436 56.748 52.736
I -25.761 53.962 50.547
S -23.589 50.895 49.892
R -24.019 47.283 48.844
D -22.445 43.887 49.254
N -23.43 41.832 46.244
S -21.805 38.69 47.6
K -24.309 38.981 50.463
N -27.305 40.092 48.372
T -27.506 43.046 50.749
L -28.1 46.79 50.418
Y -27.264 49.195 53.264
L -28.101 52.727 54.313
Q -25.799 54.288 56.892
M -27.683 57.179 58.449
N -25.766 59.702 60.568
S -26.697 63.074 62.085
L -30.327 61.946 62.072
R -33.008 64.611 62.281
T -36.52 64.486 63.699
E -37.861 64.73 60.152
D -36.041 61.511 59.111
T -38.686 59.66 61.103
A -40.439 57.302 58.682
V -40.833 53.786 57.409
Y -37.848 52.979 55.203
Y -38.152 50.648 52.203
C -35.684 48.821 49.987
A -36.739 49.026 46.295
K -35.849 47.006 43.179
P -36.394 49.143 40.066
W -38.105 47.565 37.064
Y -35.35 49.12 34.939
P -31.97 47.575 35.905
F -29.983 50.824 35.489
M -32.42 53.176 37.229
A -30.616 54.347 40.404
S -31.729 57.954 40.667
K -35.508 57.724 41.092
G -38.337 55.343 41.929
S -41.319 54.19 39.912
E -44.767 52.805 40.604
F -43.651 49.577 38.886
D -40.85 48.871 41.368
Y -40.875 46.191 44.069
W -40.36 47.188 47.672
G -40.231 45.326 50.983
Q -42.543 45.681 53.974
G -40.164 48.286 55.387
T -38.421 49.015 58.664
L -39.611 51.622 61.173
V -37.235 54.5 62.02
T -38.027 56.807 64.956
V -35.86 59.843 65.75
S -36.691 61.683 68.968
S -35.343 62.729 72.349
A -37.832 60.344 73.975
X 0 0 0
X 0 0 0
X 0 0 0
X 0 0 0
X 0 0 0
X 0 0 0
X 0 0 0
X 0 0 0
X 0 0 0
X 0 0 0
X 0 0 0
X 0 0 0
X 0 0 0
X 0 0 0
X 0 0 0
