L -20.987 -20.593 19.498
V -17.66 -21.294 21.323
E -14.839 -18.651 21.35
S -11.45 -19.709 22.817
G -7.644 -19.558 22.409
G -7.147 -16.369 24.419
G -4.827 -15.939 27.392
L -1.812 -14.252 29.017
V 1.375 -13.871 26.882
Q 4.578 -11.748 26.872
A 5.292 -9.085 24.167
G 6.287 -10.872 20.934
G 4.231 -13.934 21.915
S 1.598 -15.854 19.927
L -2.038 -17.054 20.323
R -4.58 -18.705 17.984
L -8.225 -17.824 18.543
S -10.975 -20.3 17.623
S -10.974 -20.288 17.609
C -14.627 -19.516 16.814
A -16.412 -22.91 16.7
A -19.916 -22.243 15.39
S -23.126 -23.743 13.902
G -23.819 -24.435 10.199
S -26.102 -21.33 10.103
F -23.139 -19.1 11.094
F -21.092 -20.741 8.43
M -23.634 -20.019 5.796
S -22.493 -16.415 6.021
N -20.309 -15.312 3.216
V -18.414 -12.826 5.388
M -16.98 -13.515 8.786
A -15.008 -11.134 10.931
W -13.035 -10.709 14.133
Y -13.746 -7.682 16.338
R -11.396 -6.305 19.04
Q -12.827 -4.488 22.104
A -10.544 -2.891 24.739
P -12.014 -1.513 28.067
G -13.784 1.838 27.627
K -13.341 1.725 23.827
A -15.691 1.024 20.896
R -15.292 -2.368 19.165
E -12.921 -2.434 16.163
L -13.295 -4.544 12.997
I -9.725 -5.937 12.707
A -9.938 -8.905 10.279
A -12.417 -10.303 7.746
I -12.769 -13.229 5.313
R -15.271 -14.036 2.544
G -16.409 -17.493 1.372
G -15.61 -18.819 -2.099
D -12.466 -16.911 -3.166
M -11.254 -16.789 0.507
S -10.344 -13.05 0.172
T -9.163 -11.373 3.402
V -8.827 -7.812 4.744
Y -7.014 -6.562 7.85
D -6.859 -3.356 9.876
D -3.449 -1.582 9.514
S -2.631 -2.279 13.227
V -2.677 -6.108 12.625
K -1.016 -6.387 9.122
G 1.805 -8.939 8.795
R 1.05 -10.267 12.318
F -2.523 -11.665 12.313
T -4.11 -14.224 9.949
I -7.828 -14.981 9.566
T -8.761 -18.455 8.22
R -12.021 -20.415 8.0
D -12.302 -24.213 8.238
D -15.6 -24.989 6.422
D -15.096 -28.762 7.029
K -15.179 -28.244 10.86
N -17.191 -24.935 11.004
I -14.388 -23.127 12.914
L -13.147 -19.554 12.252
Y -9.551 -18.831 13.339
L -7.391 -15.809 14.154
Q -3.658 -16.596 14.3
M -2.014 -13.793 16.326
N 1.792 -13.483 15.976
D 4.287 -10.879 17.359
L 1.712 -9.768 19.991
K 2.068 -6.241 21.438
P 0.687 -4.782 24.765
E -1.763 -2.614 22.695
D -3.386 -5.897 21.427
T -4.799 -6.481 24.983
A -8.604 -6.743 24.5
M -11.665 -9.002 24.275
Y -11.941 -10.686 20.839
Y -15.254 -11.56 19.175
C -16.13 -13.434 15.986
K -19.071 -12.293 13.861
A -21.054 -13.502 10.836
S -24.124 -12.054 9.029
G -27.101 -12.405 11.401
S -25.062 -14.181 14.111
S -25.691 -13.529 17.822
W -22.697 -11.987 19.579
G -20.742 -14.413 21.721
Q -18.92 -14.119 24.999
G -15.594 -13.278 23.426
T -12.118 -14.311 24.517
Q -9.59 -12.281 26.434
V -6.139 -11.622 25.137
T -3.663 -10.03 27.58
V -0.142 -9.035 26.455
S 2.458 -7.977 29.091
S 5.313 -5.318 28.831
X 0 0 0
X 0 0 0
X 0 0 0
X 0 0 0
X 0 0 0
X 0 0 0
X 0 0 0
X 0 0 0
X 0 0 0
X 0 0 0
X 0 0 0
X 0 0 0
X 0 0 0
X 0 0 0
X 0 0 0
X 0 0 0
X 0 0 0
X 0 0 0
X 0 0 0
X 0 0 0
X 0 0 0
X 0 0 0
X 0 0 0
X 0 0 0
X 0 0 0
X 0 0 0
X 0 0 0
X 0 0 0
X 0 0 0
