V 59.925 60.811 -3.547
Q 63.644 61.41 -4.001
L 64.951 63.278 -7.051
Q 68.489 62.734 -8.365
E 70.087 64.878 -11.067
S 72.934 63.698 -13.281
G 74.619 64.628 -16.547
G 76.064 67.986 -15.53
G 79.671 69.088 -15.188
S 82.05 71.061 -17.372
V 81.438 71.819 -21.033
Q 82.843 74.089 -23.732
A 80.75 77.036 -24.882
G 78.909 75.938 -28.025
G 78.678 72.428 -26.64
S 75.738 70.412 -25.385
L 74.667 68.621 -22.21
R 71.683 66.5 -21.296
L 70.641 66.781 -17.673
S 68.652 63.875 -16.275
C 66.576 63.705 -13.131
A 65.345 60.365 -11.808
A 62.465 60.114 -9.339
S 62.023 57.249 -6.885
G 58.685 55.554 -6.304
D 55.606 54.859 -8.387
T 53.871 58.259 -8.497
F 55.745 60.21 -11.211
S 53.255 60.845 -14.04
S 50.903 62.961 -11.952
Y 53.662 65.451 -11.036
S 54.461 68.659 -12.893
M 58.245 68.779 -13.324
A 60.576 71.751 -13.52
W 64.218 72.722 -13.87
F 65.545 75.657 -11.848
R 69.021 77.164 -11.999
Q 70.986 79.546 -9.828
A 74.316 81.228 -10.488
P 76.356 82.845 -7.685
G 74.929 86.183 -6.55
K 71.843 86.012 -8.771
E 68.176 85.225 -8.282
C 67.182 81.64 -8.876
E 65.454 81.122 -12.21
L 62.763 78.602 -13.144
V 64.083 77.812 -16.612
S 61.67 75.196 -17.937
N 58.468 73.332 -16.99
I 56.721 70.256 -18.214
L 53.275 70.143 -16.657
R 51.141 67.123 -15.866
D 49.155 67.831 -19.036
G 52.372 67.801 -21.105
T 52.589 71.56 -21.669
T 56.15 72.896 -21.892
T 57.478 76.395 -21.189
Y 60.932 77.981 -21.343
A 62.604 81.123 -20.045
G 63.174 83.517 -22.944
S 66.96 83.222 -22.737
V 66.941 79.457 -23.373
K 64.042 79.12 -25.803
G 65.281 77.324 -28.911
R 68.378 75.972 -27.149
F 66.843 73.988 -24.275
T 64.342 71.144 -24.594
I 62.565 69.618 -21.61
S 60.97 66.17 -21.797
R 59.755 63.386 -19.531
D 59.555 59.618 -19.567
D 56.649 58.352 -17.49
A 57.931 54.775 -17.729
K 61.433 55.536 -16.447
N 60.066 58.261 -14.163
T 62.634 60.743 -15.379
T 62.633 60.738 -15.371
V 62.69 64.305 -16.659
Y 65.415 65.658 -18.949
L 66.846 69.007 -19.975
Q 68.648 68.872 -23.301
M 70.846 71.931 -23.703
V 72.448 72.876 -27.03
V 72.476 72.87 -27.006
N 74.837 75.72 -27.859
L 75.655 76.38 -24.215
K 76.855 79.866 -23.292
S 78.727 81.325 -20.31
S 78.726 81.313 -20.308
E 75.387 82.763 -19.156
D 74.172 79.176 -18.609
T 76.73 78.429 -15.882
A 74.806 77.655 -12.683
R 73.741 74.904 -10.332
Y 70.688 73.208 -11.859
Y 67.916 71.688 -9.751
C 65.144 69.228 -10.6
A 61.79 69.715 -8.852
A 58.429 67.926 -8.776
D 55.066 69.276 -7.638
S 51.484 68.101 -7.299
G 50.025 71.532 -6.54
T 49.064 74.35 -8.902
Q 51.55 74.642 -11.772
L 50.827 77.007 -14.642
G 54.163 77.138 -16.462
Y 55.751 80.188 -14.828
V 59.32 80.75 -16.058
G 61.782 83.438 -14.967
A 63.233 84.792 -11.725
V 61.728 83.372 -8.521
G 63.672 85.134 -5.783
L 66.994 84.797 -3.995
S 66.269 81.172 -3.083
C 64.912 78.527 -5.439
L 62.8 77.315 -2.506
D 60.834 80.581 -2.577
Y 58.935 78.919 -5.405
V 57.371 76.189 -3.296
M 57.675 72.651 -4.668
D 56.783 69.265 -3.143
Y 60.188 67.728 -3.931
W 63.658 68.976 -4.836
G 66.848 67.346 -6.04
K 70.164 68.436 -4.515
G 71.142 69.832 -7.902
T 74.116 69.533 -10.209
Q 76.726 72.059 -11.279
V 77.02 73.062 -14.927
T 80.088 75.118 -15.817
V 80.466 76.511 -19.331
S 84.013 77.469 -20.343
X 0 0 0
X 0 0 0
X 0 0 0
X 0 0 0
X 0 0 0
X 0 0 0
X 0 0 0
X 0 0 0
