Q 15.151 32.57 137.925
V 15.465 35.794 139.869
Q 18.176 35.321 142.463
L 16.439 34.618 145.742
Q 19.027 34.585 148.489
E 17.878 35.058 152.054
S 19.385 35.451 155.491
G 18.633 36.725 158.965
G 18.554 33.9 161.466
G 18.617 35.562 164.851
S 17.081 33.654 167.721
V 15.553 36.548 169.605
Q 13.46 36.314 172.738
T 9.699 36.641 172.888
G 8.931 40.237 172.029
G 11.872 41.436 169.989
S 12.281 42.806 166.494
L 13.734 40.873 163.598
R 14.376 41.723 159.979
L 14.27 39.328 157.063
S 15.413 40.038 153.539
C 15.377 38.256 150.212
A 17.229 39.318 147.102
A 15.237 39.938 143.956
S 17.674 41.964 141.905
E 17.306 40.373 138.502
Y 14.077 41.478 136.899
T 12.188 38.547 135.453
Q 8.429 38.827 135.54
S 9.321 39.994 139.015
S 8.065 38.799 142.361
A 4.613 40.309 142.504
C 3.21 40.105 146.004
M 6.43 38.253 146.643
G 5.911 35.709 149.38
W 6.974 34.591 152.818
F 6.34 31.054 153.951
R 7.121 29.534 157.311
Q 7.427 25.834 157.982
A 6.831 24.865 161.577
P 8.241 21.397 162.08
G 5.122 20.6 164.053
K 2.848 21.781 161.286
E 3.868 22.339 157.693
R 4.495 25.088 155.181
E 2.217 28.099 155.202
G 1.853 31.501 153.597
V 2.299 34.708 155.54
A 3.095 38.07 154.011
G 3.061 39.821 150.665
I 3.056 43.174 148.93
S 2.445 43.57 145.225
R 5.347 44.248 142.912
F 4.242 47.762 142.108
F 0.892 48.179 143.784
G 0.019 48.306 147.453
T -1.636 44.918 147.546
A -0.197 43.501 150.732
Y -1.944 40.476 152.159
Y -1.469 39.518 155.776
A -2.109 36.194 157.443
D -4.599 36.34 160.273
S -1.912 35.448 162.766
V 0.56 38.145 161.826
K -1.307 41.3 160.92
G -0.004 44.523 162.397
R 3.022 42.943 164.005
F 4.474 41.652 160.773
T 4.752 44.016 157.847
I 6.062 43.664 154.327
S 7.995 46.24 152.36
Q 10.813 46.343 149.853
D 13.209 48.512 147.906
K 11.972 49.252 144.418
A 15.562 49.851 143.431
K 18.111 48.301 145.741
N 16.055 45.193 145.148
T 15.66 43.116 148.269
V 12.512 42.347 150.211
Y 12.26 43.356 153.84
L 10.079 41.821 156.507
Q 9.6 43.632 159.783
M 8.623 41.091 162.396
N 8.046 42.697 165.761
S 6.6 41.583 169.065
L 7.554 38.001 168.364
K 5.603 35.191 169.96
P 7.029 31.755 170.603
E 4.422 30.526 168.163
D 6.3 31.987 165.236
T 9.336 29.762 165.54
A 9.685 28.326 162.067
I 11.801 28.309 158.942
Y 10.943 31.233 156.715
Y 11.118 31.362 152.946
C 10.779 33.992 150.259
A 8.554 33.358 147.275
A 8.624 34.726 143.756
G 5.223 34.915 142.134
Q 5.957 35.979 138.586
G 3.305 37.457 136.338
C 1.769 39.964 138.701
L -1.684 38.665 137.92
T -0.506 35.645 139.855
T -0.888 37.79 142.936
I -3.865 39.735 141.674
Q -6.185 36.871 140.868
A -5.497 34.955 144.044
L -4.011 38.015 145.673
G -2.055 35.871 148.082
G 0.888 33.811 146.928
A 1.275 30.064 147.188
Y -0.342 29.092 143.918
G 1.514 31.307 141.494
Y 4.999 30.774 142.838
N 7.829 29.27 140.845
A 11.123 30.311 142.376
W 11.786 29.024 145.863
G 13.943 30.552 148.558
Q 16.658 29.071 150.724
G 15.356 29.162 154.266
T 16.254 30.91 157.484
Q 15.749 29.493 160.945
V 14.096 31.853 163.375
T 13.586 30.844 166.974
V 11.598 32.94 169.404
S 12.032 31.393 172.818
S 12.257 31.791 176.56
H 15.917 30.926 176.879
X 0 0 0
X 0 0 0
X 0 0 0
X 0 0 0
X 0 0 0
X 0 0 0
X 0 0 0
X 0 0 0
X 0 0 0
X 0 0 0
X 0 0 0
