Q 6.095 50.613 139.279
V 4.694 47.814 141.385
Q 6.874 48.783 144.308
L 7.754 45.888 146.56
Q 9.71 47.021 149.582
E 10.777 44.668 152.333
S 11.321 45.496 155.972
G 11.848 43.586 159.187
G 15.559 43.682 159.849
G 17.729 40.759 160.835
S 19.978 40.678 163.863
A 18.345 38.461 166.446
Q 19.849 35.963 168.841
T 19.277 32.274 168.265
G 15.701 31.343 169.051
G 13.856 34.628 168.849
S 11.43 36.118 166.375
L 11.159 38.785 163.714
R 8.409 40.413 161.705
L 9.221 40.627 158.026
S 6.938 42.975 156.151
C 6.471 44.09 152.574
A 4.802 47.201 151.238
A 3.113 46.616 147.913
S 1.844 49.036 145.31
G 1.379 49.47 141.587
F -1.242 47.098 140.269
T -1.132 43.766 142.031
F -3.944 41.982 140.261
S -5.037 40.211 143.408
H -5.873 36.864 141.883
G -2.844 34.624 142.01
Y -0.514 34.459 144.974
M 1.876 36.446 147.114
A 4.963 34.968 148.709
W 8.38 34.832 150.31
F 11.76 33.679 149.087
R 15.198 33.308 150.598
Q 18.537 33.242 148.838
A 20.699 32.23 151.761
P 24.303 33.219 152.295
E 25.76 30.613 149.982
K 23.096 28.436 148.432
E 20.505 28.631 145.692
R 17.511 30.893 146.067
E 14.848 28.859 147.801
W 11.111 29.172 148.187
V 9.96 29.973 151.689
A 6.198 30.25 151.659
C 3.236 31.321 149.589
V -0.135 32.731 150.533
R -3.14 33.048 148.28
T -4.346 36.3 146.791
S -6.595 37.533 149.555
G -7.298 34.054 150.827
V -5.512 32.995 153.977
S -4.824 29.63 152.411
A -1.101 29.032 152.416
Y 1.731 26.55 152.618
Y 5.169 26.462 154.167
A 8.535 25.049 153.213
D 9.549 21.763 154.766
S 12.513 23.449 156.377
V 10.504 26.258 157.904
L 7.317 24.454 158.83
G 5.366 26.089 161.617
R 8.298 28.254 162.599
F 7.398 30.858 160.021
T 4.018 32.48 159.602
I 2.949 34.3 156.473
S -0.217 36.349 156.384
Q -1.607 39.434 154.711
D -3.633 42.59 155.116
N -5.096 43.521 151.764
A -6.673 46.545 153.375
K -3.168 47.74 154.113
S -1.969 45.994 150.987
T 0.77 44.239 152.9
L 2.018 40.748 153.608
Y 3.659 39.629 156.816
L 6.231 37.057 157.815
Q 6.361 36.378 161.522
M 9.246 34.085 162.332
N 9.499 32.272 165.631
N 12.39 30.056 166.626
L 15.057 31.586 164.439
K 18.118 29.443 163.893
P 21.572 29.173 162.383
E 20.059 27.755 159.229
D 17.577 30.587 158.961
T 20.334 33.159 158.796
A 19.857 34.555 155.32
M 18.325 37.15 153.046
Y 14.579 37.258 152.616
Y 12.56 38.43 149.652
C 8.933 39.355 149.202
A 8.061 37.778 145.89
A 4.396 38.61 145.552
T 3.078 38.82 142.019
S 1.396 36.553 139.517
I 2.555 33.265 140.965
S -0.494 31.108 140.408
C 1.569 28.543 142.251
S 4.878 28.887 144.034
S 7.346 29.741 141.305
G 6.365 32.295 138.701
Y 7.133 35.978 139.01
M 7.359 39.38 137.393
F 8.116 41.387 140.499
W 10.578 40.934 143.32
G 11.924 43.252 145.977
Q 15.332 44.488 147.024
G 15.405 42.107 149.952
T 16.681 42.333 153.494
Q 19.171 40.316 155.492
V 18.48 38.277 158.592
T 21.097 37.028 161.009
V 20.476 34.567 163.805
S 23.616 34.841 165.885
S 24.936 32.228 168.273
X 0 0 0
X 0 0 0
X 0 0 0
X 0 0 0
X 0 0 0
X 0 0 0
X 0 0 0
X 0 0 0
X 0 0 0
X 0 0 0
X 0 0 0
X 0 0 0
X 0 0 0
X 0 0 0
X 0 0 0
X 0 0 0
X 0 0 0
X 0 0 0
X 0 0 0
X 0 0 0
