Q 11.694 49.072 142.762
V 8.678 48.146 144.834
Q 8.16 49.82 148.177
L 6.526 48.064 151.09
Q 5.225 50.59 153.576
E 4.509 48.642 156.73
S 2.528 49.53 159.815
G 2.338 49.203 162.966
G 3.674 47.387 165.999
G 3.291 47.169 169.752
S 3.896 45.081 172.844
V 0.507 43.976 174.1
Q 0.414 40.966 176.384
A -0.707 37.383 175.942
G -3.727 36.374 173.905
G -3.69 39.739 172.196
S -4.785 40.975 168.801
L -3.06 43.576 166.675
R -2.577 43.997 162.953
L -0.044 45.02 160.349
S -0.726 46.834 157.111
C 1.647 46.877 154.174
A 1.272 48.79 150.943
A 2.234 48.222 147.34
S 4.418 51.074 146.174
G 5.073 48.975 144.164
Y 2.462 48.175 141.56
Q 0.384 45.42 143.111
Y -1.489 43.527 140.441
S -0.16 40.157 139.393
L 3.413 40.455 140.554
L 4.031 40.877 144.257
C 3.805 37.937 146.61
M 3.106 39.751 149.844
A 4.611 37.793 152.692
W 4.938 38.135 156.432
F 7.866 37.491 158.722
R 9.207 38.288 162.158
Q 12.81 38.233 163.283
V 12.972 36.096 166.391
L 15.466 38.271 168.206
G 18.693 37.127 166.616
E 17.596 33.534 166.236
G 15.555 34.423 164.15
R 13.867 35.928 161.124
E 11.117 33.574 160.034
G 8.402 33.71 157.413
V 4.928 33.98 158.866
A 2.192 33.91 156.254
F 2.118 34.772 152.577
I -0.623 35.887 150.226
T -1.021 35.739 146.477
T -1.974 39.059 144.952
Y -3.671 37.652 141.89
N -6.108 35.368 143.661
G -5.994 35.977 147.379
A -4.773 32.594 148.513
M -3.02 32.358 151.848
R -0.579 29.907 153.351
Y 0.806 30.195 156.852
A 3.783 29.095 158.896
D 3.248 26.017 161.013
T 3.653 28.312 163.979
V 1.193 31.066 163.188
K -1.324 28.925 161.362
G -4.816 29.602 162.633
R -4.306 32.459 165.05
F -2.788 34.695 162.418
T -4.807 35.334 159.299
V -3.533 37.191 156.273
S -5.983 39.644 154.781
Q -6.046 41.464 151.469
D -7.08 44.948 150.435
K -6.935 44.534 146.683
D -8.164 47.915 145.555
K -6.199 50.006 147.997
N -3.087 47.901 147.635
T -2.739 46.697 151.2
V -2.094 43.298 152.715
Y -2.954 42.783 156.349
L -1.965 40.373 159.079
Q -4.531 39.925 161.81
M -2.149 38.941 164.56
N -4.377 37.044 166.946
S -3.784 35.333 170.256
L -0.581 37.274 170.725
K 1.435 35.341 173.264
P 4.722 36.385 174.805
E 6.653 34.589 172.101
D 5.034 36.701 169.424
T 7.887 39.053 170.174
A 9.873 39.741 167.032
I 10.56 42.378 164.415
Y 7.863 41.882 161.821
Y 8.388 41.85 158.083
C 6.715 42.4 154.747
A 8.415 41.076 151.651
A 6.988 40.874 148.165
G 8.543 39.275 145.123
R 7.113 38.765 141.67
W 5.302 35.658 140.506
R 4.821 32.651 138.274
F 1.779 32.971 136.061
G -0.431 30.542 137.918
D 1.918 29.218 140.556
I 0.871 29.981 144.103
C 2.799 32.43 146.239
H 4.888 30.404 148.643
E 7.931 30.955 150.818
G 10.306 28.989 148.642
S 9.13 31.304 145.902
G 9.591 34.923 146.881
Y 10.494 37.594 147.936
N 12.465 40.182 146.017
Y 11.592 43.366 147.847
W 11.726 44.299 151.503
G 9.425 45.898 154.032
Q 10.155 48.351 156.803
G 10.312 45.748 159.533
T 7.866 47.194 162.019
Q 8.229 45.346 165.297
V 5.381 43.817 167.25
T 6.163 42.429 170.668
V 3.904 40.451 172.957
S 4.586 41.29 176.567
S 4.736 38.556 179.164
H 3.182 37.858 182.534
X 0 0 0
X 0 0 0
X 0 0 0
X 0 0 0
X 0 0 0
X 0 0 0
X 0 0 0
X 0 0 0
X 0 0 0
X 0 0 0
X 0 0 0
X 0 0 0
X 0 0 0
