G 9.194 51.887 89.137
A 7.227 50.038 91.771
Q 8.407 46.886 93.475
V 5.645 44.414 94.189
S 6.473 41.545 96.498
S 4.538 38.826 98.262
Q 3.786 38.661 101.956
K 3.989 35.524 104.046
V 0.485 35.329 105.443
G 0.172 34.163 109.02
A -3.351 34.668 110.278
H -5.835 34.434 107.447
E -9.105 36.314 107.379
N -12.113 34.323 106.265
S -11.418 35.476 102.735
N -10.438 33.989 99.404
R -11.811 36.594 97.048
A -9.72 39.403 98.443
Y -7.589 38.533 101.436
G -6.241 35.331 102.907
G -5.777 33.152 99.861
S -4.99 34.531 96.436
T -1.481 35.639 97.306
I -1.248 38.919 99.166
N 1.268 41.341 97.735
Y 2.687 44.645 98.89
T 4.073 47.622 97.025
T 7.287 49.531 97.541
I 8.554 52.608 95.758
N 11.898 54.156 96.581
Y 11.781 57.918 96.866
Y 15.411 58.88 97.28
R 18.525 58.73 95.153
D 20.762 57.403 97.891
S 20.497 53.72 98.672
A 21.128 54.45 102.319
S 17.706 56.028 102.484
N 15.875 52.872 101.514
A 13.942 50.827 104.029
A 15.081 47.3 104.766
S 13.693 44.701 102.403
K 13.939 41.885 104.905
Q 13.978 39.489 101.987
D 17.11 37.802 103.244
F 19.055 34.633 102.606
S 20.223 31.877 104.903
Q 23.341 29.757 104.701
D 24.715 26.436 105.849
P 26.342 26.779 109.242
S 29.224 24.567 108.212
K 31.864 27.267 108.221
F 31.427 27.359 111.971
T 30.011 23.957 112.79
E 32.255 21.772 110.681
P 35.438 23.665 109.949
I 37.436 20.493 109.483
K 39.605 19.845 106.461
D 38.413 16.34 105.722
V 34.662 16.134 105.328
L 32.519 14.848 108.16
I 30.242 11.908 107.499
K 28.012 11.586 110.533
T 27.471 7.854 110.395
A 31.168 7.079 110.362
P 33.698 7.34 113.158
M 34.998 10.857 113.626
L 38.527 9.644 114.19
N 39.774 7.096 111.704
X 0 0 0
X 0 0 0
X 0 0 0
X 0 0 0
X 0 0 0
X 0 0 0
X 0 0 0
X 0 0 0
X 0 0 0
X 0 0 0
X 0 0 0
X 0 0 0
X 0 0 0
X 0 0 0
X 0 0 0
X 0 0 0
X 0 0 0
X 0 0 0
X 0 0 0
X 0 0 0
X 0 0 0
X 0 0 0
X 0 0 0
X 0 0 0
X 0 0 0
X 0 0 0
X 0 0 0
X 0 0 0
X 0 0 0
X 0 0 0
X 0 0 0
X 0 0 0
X 0 0 0
X 0 0 0
X 0 0 0
X 0 0 0
X 0 0 0
X 0 0 0
X 0 0 0
X 0 0 0
X 0 0 0
X 0 0 0
X 0 0 0
X 0 0 0
X 0 0 0
X 0 0 0
X 0 0 0
X 0 0 0
X 0 0 0
X 0 0 0
X 0 0 0
X 0 0 0
X 0 0 0
X 0 0 0
X 0 0 0
X 0 0 0
X 0 0 0
X 0 0 0
X 0 0 0
X 0 0 0
X 0 0 0
X 0 0 0
X 0 0 0
X 0 0 0
X 0 0 0
X 0 0 0
X 0 0 0
X 0 0 0
X 0 0 0
X 0 0 0
X 0 0 0
X 0 0 0
