Q -17.852 48.724 151.926
V -14.458 47.46 150.858
Q -12.285 46.497 153.792
L -8.603 45.825 154.286
Q -7.219 44.488 157.533
E -3.663 44.841 158.748
S -2.118 42.399 161.177
G 1.154 41.11 162.548
G 2.489 44.244 164.17
G 4.289 44.421 167.481
S 7.302 45.514 169.468
V 10.747 44.117 168.805
Q 14.352 45.064 169.405
A 16.692 46.243 166.686
G 17.931 43.678 164.211
G 14.766 41.681 164.685
S 12.12 40.435 162.303
L 8.413 40.714 161.656
R 5.835 39.764 159.071
L 2.858 41.97 158.367
S -0.279 40.718 156.68
C -3.123 42.451 154.905
A -6.234 40.709 153.682
A -9.407 42.002 152.101
S -12.74 41.257 153.708
E -14.111 39.847 150.489
Y -12.415 39.505 147.134
I -11.957 42.546 144.945
P -12.306 42.083 141.215
S -10.289 45.112 140.213
A -7.616 45.743 142.793
N -4.497 43.896 141.756
C -1.746 46.221 142.884
M -1.145 46.308 146.606
R 0.987 48.709 148.584
W 2.453 49.31 152.007
F 2.859 52.663 153.688
R 4.11 53.999 156.99
Q 4.272 57.13 159.102
A 5.567 58.637 162.315
P 5.372 62.401 162.565
K 2.816 63.99 160.288
E 3.931 62.653 156.938
R 3.198 59.412 155.146
E 5.885 57.362 153.468
W 5.69 54.704 150.797
V 7.199 51.365 151.701
A 6.684 48.848 148.936
S 4.385 48.09 146.041
V 3.437 44.699 144.685
L 1.375 43.805 141.655
R -0.032 40.362 141.017
G 3.195 38.443 140.61
G 6.021 38.676 140.688
Y 6.991 42.251 139.984
T 7.928 43.851 143.27
W 9.27 47.312 143.944
H 10.911 48.773 147.012
A 12.103 52.029 148.504
D 15.51 53.523 149.14
S 15.517 52.631 152.805
V 13.576 49.404 153.03
K 15.142 47.56 150.13
G 17.09 44.402 150.826
R 15.599 44.214 154.286
F 11.934 44.246 153.394
T 10.287 41.891 150.948
I 6.742 41.75 149.659
S 5.034 38.703 148.233
G 1.31 38.101 148.271
D -0.906 35.451 146.755
N -1.683 35.609 143.069
A -5.141 34.334 143.872
K -6.283 35.808 147.153
T -6.361 39.582 147.294
A -3.855 39.96 150.089
A -0.257 40.981 150.605
Y 2.579 40.284 152.999
L 5.517 42.249 154.322
Q 8.582 40.488 155.649
M 10.599 42.907 157.729
N 14.154 41.836 158.415
S 17.106 43.51 160.073
L 14.753 46.002 161.643
K 15.929 49.422 162.725
P 14.696 51.836 165.353
E 13.94 54.153 162.472
D 11.369 51.736 161.131
T 9.081 52.412 164.056
A 5.764 53.487 162.606
I 2.18 52.579 161.831
Y 2.034 50.414 158.744
Y -0.897 50.418 156.368
C -2.377 48.622 153.394
A -4.065 49.882 150.265
Y -5.298 48.329 147.053
S -4.849 50.025 143.711
N -5.528 49.214 140.091
T -2.643 48.891 137.687
C -0.291 51.125 139.611
P 3.216 49.819 140.114
G 4.134 53.323 141.153
A 3.265 54.748 144.535
S 1.78 57.966 145.815
A -0.186 58.831 148.919
D -3.472 59.237 147.107
F -5.677 56.379 148.213
R -9.399 56.745 148.714
S -9.987 54.777 151.88
W -7.655 53.933 154.725
G -7.996 50.859 156.885
Q -6.563 51.186 160.359
G -2.926 50.194 160.274
T -0.629 48.168 162.474
Q 1.925 49.515 164.907
V 5.537 48.449 164.679
T 7.78 49.501 167.523
V 11.484 48.856 167.196
S 13.543 48.813 170.356
S 17.113 50.032 170.366
H 19.21 48.563 173.141
X 0 0 0
X 0 0 0
X 0 0 0
X 0 0 0
X 0 0 0
X 0 0 0
X 0 0 0
X 0 0 0
X 0 0 0
X 0 0 0
X 0 0 0
X 0 0 0
X 0 0 0
X 0 0 0
X 0 0 0
X 0 0 0
X 0 0 0
X 0 0 0
X 0 0 0
