Q 87.487 3.095 36.649
V 90.232 3.531 34.021
Q 93.703 3.392 35.53
L 97.379 3.073 34.523
V 100.367 2.349 36.761
E 103.966 2.331 35.463
S 106.462 0.169 37.385
G 110.075 -0.786 37.162
G 112.089 2.403 36.451
A 115.718 2.946 37.703
L 119.329 4.067 36.899
V 121.784 2.671 34.307
Q 125.015 3.622 32.521
P 125.319 4.623 28.837
G 125.065 1.441 26.744
G 122.918 -0.556 29.198
S 119.236 -1.561 29.039
L 115.919 -1.941 30.964
R 112.207 -2.888 30.669
L 109.252 -0.785 31.9
S 105.819 -2.154 32.721
C 102.398 -0.457 32.68
A 99.672 -2.274 34.521
A 96.267 -1.29 33.18
S 92.813 -1.573 34.686
G 89.344 -0.357 33.747
F 89.611 -1.467 30.089
P 91.323 -4.197 27.948
V 94.758 -3.398 26.474
N 93.719 -5.269 23.279
R 90.789 -2.945 22.452
Y 92.699 0.316 22.601
S 96.009 1.483 21.205
M 98.541 2.147 23.96
R 101.466 4.492 24.071
W 104.608 5.452 25.956
Y 105.739 9.029 26.438
R 108.71 10.422 28.35
Q 109.434 13.79 29.962
A 113.09 14.774 30.262
P 114.359 17.47 32.639
G 113.819 20.857 30.999
K 112.108 19.254 27.967
E 108.501 18.999 26.787
R 106.867 15.598 27.26
E 107.282 13.523 24.07
W 105.776 10.467 22.412
V 108.093 7.472 22.422
A 106.278 4.314 21.295
G 102.85 2.923 20.513
M 101.033 -0.276 19.593
S 97.745 -0.391 17.629
S 94.722 -1.917 19.371
A 94.669 -5.011 17.134
G 98.316 -5.358 18.095
D 99.434 -5.885 14.507
R 101.342 -2.629 14.315
S 103.76 -0.67 16.459
S 105.643 2.607 16.03
Y 108.545 4.489 17.64
E 109.891 8.05 17.614
D 112.78 8.601 15.15
S 115.288 9.182 17.933
V 114.639 5.704 19.366
K 113.772 3.392 16.453
G 115.972 0.35 16.894
R 116.818 0.493 20.556
F 113.324 0.317 22.076
T 110.693 -2.421 21.795
I 107.016 -2.113 22.779
S 104.979 -5.226 23.635
R 101.879 -6.304 25.611
D 100.533 -9.294 27.47
D 96.779 -9.383 26.891
A 96.012 -11.821 29.653
R 97.924 -9.74 32.231
N 96.546 -6.483 30.77
T 100.041 -5.079 30.802
V 102.103 -3.14 28.283
Y 105.932 -3.134 28.265
L 108.785 -1.014 26.946
Q 112.138 -2.686 26.307
M 115.122 -0.303 26.172
N 118.701 -1.016 24.935
S 121.789 0.963 23.804
L 120.747 3.583 26.393
K 122.08 7.103 25.708
P 122.197 9.919 28.274
E 119.64 11.69 26.076
D 117.145 9.03 27.266
T 116.993 10.391 30.768
A 113.398 11.207 31.714
V 110.208 10.174 33.514
Y 108.244 7.601 31.461
Y 104.423 7.46 31.239
C 101.972 5.138 29.589
N 98.893 6.533 27.975
V 95.471 5.462 26.676
N 92.371 7.216 25.382
V 89.074 5.813 26.64
G 86.621 8.647 26.115
F 89.139 11.02 27.668
E 92.94 10.804 27.664
Y 94.461 8.919 30.627
W 98.016 8.778 31.997
G 99.773 6.982 34.831
Q 101.869 8.569 37.59
G 105.073 7.833 35.677
T 108.353 6.024 36.374
Q 111.829 7.542 36.534
V 114.804 6.59 34.366
T 118.38 7.946 34.488
V 121.258 7.287 32.025
S 124.675 8.484 33.328
S 128.183 7.668 34.596
X 0 0 0
X 0 0 0
X 0 0 0
X 0 0 0
X 0 0 0
X 0 0 0
X 0 0 0
X 0 0 0
X 0 0 0
X 0 0 0
X 0 0 0
X 0 0 0
X 0 0 0
X 0 0 0
X 0 0 0
X 0 0 0
X 0 0 0
X 0 0 0
X 0 0 0
X 0 0 0
X 0 0 0
X 0 0 0
X 0 0 0
X 0 0 0
X 0 0 0
