Q -20.156 5.652 -5.511
V -23.262 3.996 -4.055
Q -24.279 0.329 -3.99
L -27.378 -0.511 -6.057
Q -29.399 -3.738 -6.154
E -31.949 -4.591 -8.85
S -34.767 -7.049 -8.21
G -38.082 -8.26 -9.619
G -36.634 -9.934 -12.718
G -37.77 -13.274 -14.108
L -39.659 -15.427 -16.605
V -42.561 -13.685 -18.261
Q -45.155 -14.153 -20.984
A -45.613 -11.66 -23.806
G -48.324 -9.055 -23.16
D -47.452 -9.298 -19.464
S -46.387 -6.55 -17.097
L -43.463 -6.5 -14.747
R -42.26 -4.023 -12.148
L -38.567 -3.774 -11.28
S -37.047 -2.186 -8.183
C -33.636 -0.814 -7.374
V -32.571 -0.162 -3.788
A -29.815 2.258 -2.88
S -27.471 1.666 0.02
G -27.237 4.123 2.861
R -27.645 7.863 2.538
A -27.476 10.325 -0.356
F -30.095 8.535 -2.504
S -32.403 11.536 -2.349
S -29.623 13.552 -3.988
Y -29.171 11.058 -6.779
G -30.552 11.097 -10.268
M -31.385 7.52 -11.262
G -31.486 5.543 -14.523
W -32.336 2.205 -16.148
F -30.439 0.552 -19.029
R -30.759 -2.892 -20.608
Q -28.557 -5.236 -22.624
A -29.992 -7.647 -25.173
P -28.139 -10.566 -26.868
G -26.011 -9.371 -29.765
K -26.485 -5.748 -28.75
E -24.821 -3.029 -26.664
R -26.348 -1.833 -23.413
A -28.977 0.789 -24.249
F -30.629 3.656 -22.376
V -34.156 2.974 -21.058
A -35.243 5.668 -18.581
A -34.057 8.195 -16.045
I -35.445 10.483 -13.399
S -34.089 13.65 -11.814
R -33.708 14.106 -8.047
S -36.899 16.13 -7.706
G -38.188 14.19 -9.534
G -40.323 16.016 -12.09
L -37.878 15.571 -14.943
T -38.089 12.1 -16.403
Q -36.271 10.915 -19.532
Y -37.159 8.146 -21.959
A -35.989 6.205 -24.98
E -38.475 7.007 -27.758
S -39.204 3.368 -28.587
L -40.212 2.818 -24.905
K -42.361 5.739 -23.797
G -45.957 4.567 -23.458
R -44.946 1.119 -22.301
F -42.41 1.827 -19.548
A -42.518 4.262 -16.649
I -39.887 5.21 -14.091
S -40.614 6.344 -10.534
R -38.942 6.644 -7.153
D -39.748 6.452 -3.453
N -37.065 8.079 -1.336
A -38.769 6.791 1.808
K -37.562 3.404 0.604
N -34.432 4.441 -1.274
T -36.003 2.664 -4.249
V -36.366 3.393 -7.952
Y -38.826 1.346 -10.019
L -39.361 0.381 -13.63
Q -42.886 -0.584 -14.618
M -43.075 -2.499 -17.865
G -46.209 -3.031 -19.892
S -47.283 -5.111 -22.875
L -44.032 -7.022 -22.715
K -42.498 -8.332 -25.913
P -39.723 -10.773 -26.79
E -37.606 -7.758 -27.763
D -37.677 -6.635 -24.147
T -35.757 -9.721 -23.128
A -32.507 -8.47 -21.61
V -30.453 -7.75 -18.527
Y -31.724 -4.58 -16.873
Y -29.393 -2.46 -14.742
C -29.984 0.559 -12.542
A -27.423 3.372 -12.339
G -26.938 6.455 -10.193
D -26.011 9.963 -11.224
L -24.264 12.036 -8.577
Y -25.157 15.335 -10.242
G -28.847 14.741 -9.53
L -30.006 14.668 -13.123
G -29.785 11.343 -14.925
S -29.028 11.2 -18.65
H -29.211 9.075 -21.761
M -25.458 8.623 -21.524
E -24.017 5.495 -19.914
N -21.03 7.786 -19.472
E -22.671 9.873 -16.822
Y -23.385 7.638 -13.832
D -20.912 6.875 -11.06
S -22.789 3.873 -9.615
W -24.086 0.673 -11.217
G -26.222 -2.223 -10.045
Q -25.348 -5.813 -10.899
G -28.347 -6.22 -13.186
T -31.352 -8.542 -13.287
Q -32.59 -10.705 -16.177
V -35.994 -10.419 -17.817
T -37.005 -13.203 -20.152
V -40.116 -12.647 -22.246
S -41.152 -15.992 -23.728
S -42.664 -15.199 -27.116
X 0 0 0
X 0 0 0
X 0 0 0
X 0 0 0
X 0 0 0
X 0 0 0
X 0 0 0
X 0 0 0
X 0 0 0
X 0 0 0
X 0 0 0
X 0 0 0
X 0 0 0
X 0 0 0
X 0 0 0
X 0 0 0
