G 14.315 9.873 16.048
S 14.944 6.758 18.116
Q 12.099 4.616 16.708
V 11.495 3.111 13.277
Q 8.44 4.42 11.572
L 6.779 3.231 8.375
V 4.81 6.326 7.263
E 1.933 5.279 5.027
S 0.045 7.765 2.794
G -2.384 7.655 -0.041
G -5.245 5.082 -0.054
G -8.822 5.996 0.926
L -12.193 5.963 -0.84
V -12.675 5.285 -4.569
Q -15.35 3.905 -6.909
A -15.1 0.377 -8.249
G -13.037 0.594 -11.457
G -11.017 3.526 -10.031
S -7.358 3.971 -9.161
L -5.405 4.903 -6.024
R -1.75 4.978 -4.975
L -0.37 3.914 -1.607
S 3.007 5.167 -0.389
S 3.024 5.137 -0.4
C 5.31 4.01 2.418
A 8.541 5.683 3.591
A 10.583 4.23 6.469
S 12.507 6.439 8.849
G 14.852 5.597 11.678
Y 16.276 2.456 10.056
H 19.838 3.067 8.964
H 20.289 0.125 6.538
P 18.377 -1.151 3.497
Y 15.35 -3.245 4.215
I 16.124 -6.022 1.623
Y 12.351 -6.618 1.086
M 9.442 -4.285 1.652
G 5.92 -4.986 0.574
W 2.162 -4.313 1.061
F -0.152 -6.674 2.829
R -3.898 -6.293 3.404
Q -6.661 -7.503 5.576
A -10.148 -7.391 4.028
P -13.467 -7.805 5.967
G -13.986 -11.52 6.696
K -10.532 -12.508 5.592
E -7.083 -13.265 7.009
R -4.165 -10.92 6.259
E -2.538 -11.627 2.884
G 0.484 -10.418 1.005
V -0.335 -8.162 -1.914
A 2.971 -7.216 -3.41
A 6.634 -7.243 -2.476
M 9.915 -6.157 -4.015
D 13.558 -6.248 -3.124
S 15.942 -3.435 -2.499
G 17.341 -3.647 -6.088
G 13.855 -3.384 -7.571
G 13.549 -7.037 -8.558
G 12.207 -10.168 -6.917
T 8.727 -8.653 -7.507
L 5.814 -10.758 -6.343
Y 2.065 -10.249 -6.478
A -0.971 -11.972 -5.059
D -2.704 -13.765 -7.951
S -5.834 -11.573 -7.568
V -3.983 -8.261 -8.226
K -1.552 -9.197 -10.953
G -1.86 -6.839 -14.01
R -3.878 -4.379 -11.898
F -1.481 -3.408 -9.093
T 2.139 -2.255 -9.586
I 4.72 -2.144 -6.792
S 7.878 0.108 -7.024
R 10.734 1.17 -4.755
D 13.223 4.082 -4.633
K 16.719 2.652 -5.037
G 19.068 3.364 -2.055
K 16.029 4.417 0.099
N 13.472 2.455 2.211
T 10.314 3.569 0.399
V 7.852 1.334 -1.411
Y 4.71 2.332 -3.4
L 1.665 0.508 -4.755
Q -0.227 1.815 -7.75
M -3.684 0.231 -7.739
D -5.753 0.412 -10.933
S -8.99 -1.243 -11.924
L -10.038 -1.483 -8.301
K -12.701 -3.968 -7.286
P -14.943 -4.028 -4.248
E -13.098 -6.982 -2.764
D -9.892 -4.9 -2.784
T -11.539 -3.06 0.103
A -9.19 -3.708 3.121
T -6.78 -2.179 5.559
Y -3.461 -2.044 3.66
Y -0.18 -2.285 5.636
C 3.386 -1.42 4.668
A 5.791 -4.053 5.867
A 9.584 -4.03 5.937
G 12.543 -6.415 6.705
G 10.951 -9.745 5.793
H 11.069 -12.425 3.06
H 8.963 -12.265 -0.083
L 5.219 -12.298 0.609
R 5.392 -14.306 3.82
D 3.847 -12.21 6.522
H 5.256 -13.881 9.519
T 8.783 -13.057 8.347
Y 8.216 -9.255 8.447
G 9.058 -7.418 11.67
Q 8.186 -3.842 10.957
W 4.638 -2.861 10.093
G 2.848 0.353 9.229
Q -0.327 1.202 11.237
G -2.618 0.343 8.337
T -4.372 2.56 5.756
Q -7.91 2.068 4.723
V -8.746 1.518 1.115
T -12.469 1.496 0.409
V -13.724 0.571 -3.035
S -17.468 1.28 -3.292
S -20.214 -0.255 -5.466
X 0 0 0
X 0 0 0
X 0 0 0
X 0 0 0
X 0 0 0
X 0 0 0
X 0 0 0
X 0 0 0
X 0 0 0
X 0 0 0
X 0 0 0
X 0 0 0
X 0 0 0
X 0 0 0
X 0 0 0
X 0 0 0
