Q -33.271 0.455 -9.646
V -32.356 2.71 -12.544
Q -31.043 5.72 -10.665
L -31.079 9.439 -11.409
V -28.55 11.783 -9.796
E -28.806 15.578 -9.879
S -25.87 17.904 -9.345
G -24.923 21.52 -9.923
G -27.156 23.203 -7.231
G -25.788 25.964 -4.991
L -26.351 29.387 -3.634
V -26.288 32.568 -5.773
Q -27.558 36.179 -5.785
A -30.519 37.289 -7.852
G -29.647 37.888 -11.52
G -27.004 35.12 -11.513
S -27.013 31.713 -13.369
L -26.548 28.037 -12.567
R -26.591 24.796 -14.581
L -28.044 21.605 -13.189
S -27.169 18.159 -14.488
C -28.901 14.838 -14.112
A -27.605 11.559 -15.221
A -28.856 8.021 -14.993
S -26.602 5.59 -13.234
R -26.821 2.89 -15.906
R -27.735 3.405 -19.477
S -31.188 2.217 -20.229
S -32.036 0.539 -23.417
R -35.108 2.765 -23.516
S -35.245 6.506 -24.356
W -36.881 8.497 -21.562
A -38.454 11.91 -21.741
M -36.671 13.786 -18.979
A -37.982 16.591 -16.801
W -37.201 18.955 -14.002
F -39.531 19.82 -11.153
R -38.936 21.909 -8.082
Q -40.426 22.282 -4.642
A -40.015 25.065 -2.052
P -41.218 25.343 1.559
G -44.867 26.302 1.609
K -45.52 25.227 -1.995
E -46.438 22.158 -4.017
R -44.027 20.472 -6.309
E -43.997 22.447 -9.561
F -43.202 21.492 -13.135
V -40.125 23.357 -14.501
A -39.206 21.848 -17.889
K -39.311 18.721 -20.021
I -37.668 17.337 -23.081
S -38.584 14.37 -25.39
G -36.395 11.273 -25.766
D -35.292 12.503 -29.217
G -34.605 16.003 -27.873
R -36.969 17.673 -30.437
L -39.802 18.781 -28.097
T -39.422 20.843 -24.991
T -41.911 22.612 -22.749
Y -41.419 24.991 -19.821
G -43.441 26.132 -16.801
D -44.904 29.582 -17.16
S -42.783 31.085 -14.397
V -39.407 30.055 -16.005
K -40.057 30.298 -19.729
G -37.413 32.551 -21.423
R -35.007 32.182 -18.503
F -34.334 28.446 -18.217
T -33.249 26.057 -21.006
I -33.46 22.274 -20.852
S -31.219 20.118 -23.127
R -29.852 16.598 -23.125
D -27.031 14.46 -24.636
K -28.177 13.025 -27.919
G -29.444 9.369 -27.523
K -28.749 9.37 -23.751
N -30.865 9.753 -20.627
T -28.963 12.734 -19.29
V -30.365 16.205 -18.978
Y -29.335 19.757 -18.157
L -31.083 22.81 -16.908
Q -29.409 26.085 -17.72
M -30.87 28.691 -15.304
D -30.333 32.312 -16.138
S -31.679 35.595 -14.673
L -32.328 33.872 -11.303
K -34.854 35.297 -8.848
P -35.339 34.659 -5.154
E -38.612 32.85 -5.982
D -36.555 30.29 -7.971
T -35.257 29.03 -4.63
A -36.23 25.407 -4.19
V -35.086 21.836 -4.29
Y -34.811 20.839 -7.945
Y -35.564 17.207 -8.941
C -35.01 15.448 -12.162
C -34.914 15.432 -12.154
A -37.413 12.831 -13.393
A -37.679 10.338 -16.215
D -40.96 9.345 -17.963
D -41.828 6.78 -20.648
N -44.255 9.235 -22.096
Y -43.411 12.776 -22.937
V -47.064 13.928 -22.492
T -47.144 13.051 -18.794
A -43.581 14.157 -18.026
S -44.967 17.552 -16.952
W -47.515 15.977 -14.564
R -46.302 15.298 -10.941
S -47.829 11.904 -11.198
G -46.379 11.111 -14.626
P -42.67 10.12 -14.367
D -41.691 6.602 -13.285
Y -38.24 7.628 -11.93
W -37.132 10.5 -9.716
G -33.76 11.858 -8.522
Q -32.896 12.913 -4.942
G -32.863 16.663 -5.547
T -30.311 19.425 -5.652
Q -30.812 22.601 -3.608
V -30.933 26.029 -5.272
T -31.032 29.084 -3.048
V -31.201 32.561 -4.646
S -30.618 35.535 -2.303
S -32.35 38.826 -2.824
X 0 0 0
X 0 0 0
X 0 0 0
X 0 0 0
X 0 0 0
X 0 0 0
X 0 0 0
X 0 0 0
X 0 0 0
X 0 0 0
X 0 0 0
X 0 0 0
X 0 0 0
X 0 0 0
X 0 0 0
