Q 6.234 -29.932 -19.7
V 6.868 -26.675 -21.458
Q 10.502 -25.683 -21.579
L 12.27 -22.341 -21.422
V 15.661 -21.892 -23.121
E 18.148 -18.976 -22.665
S 20.637 -18.192 -25.429
G 23.129 -15.337 -25.638
G 25.72 -15.947 -22.901
G 29.519 -15.821 -23.073
L 32.755 -14.119 -22.126
V 32.513 -10.361 -22.427
Q 34.733 -7.455 -21.554
A 34.302 -4.656 -19.067
G 32.631 -2.039 -21.293
G 30.824 -4.305 -23.667
S 27.237 -5.302 -24.17
L 25.426 -8.588 -24.526
R 21.995 -9.723 -25.707
L 20.138 -12.629 -24.094
S 16.977 -14.229 -25.396
C 14.496 -16.721 -24.042
A 12.525 -19.18 -26.177
A 9.794 -21.664 -25.338
S 9.267 -25.223 -26.622
R 5.543 -24.542 -27.042
R 3.119 -21.696 -27.474
S 0.556 -20.913 -24.744
S -3.028 -19.743 -25.27
R -2.703 -17.406 -22.264
S -0.761 -14.246 -21.543
W 2.381 -14.777 -19.437
A 4.516 -12.256 -17.663
M 8.176 -13.133 -18.18
A 11.289 -12.38 -16.172
W 15.041 -12.647 -15.857
F 16.823 -13.571 -12.674
R 20.515 -14.21 -12.033
Q 22.61 -16.126 -9.5
A 26.215 -15.023 -8.961
P 28.865 -17.411 -7.592
G 28.22 -17.584 -3.818
K 24.847 -15.826 -3.636
E 21.098 -16.481 -3.868
R 19.044 -16.338 -7.054
E 18.225 -12.697 -7.703
F 15.63 -10.557 -9.488
V 16.734 -8.697 -12.646
A 13.832 -7.478 -14.861
K 10.223 -8.418 -15.646
I 7.598 -7.579 -18.309
S 3.802 -7.962 -18.665
G 2.01 -10.102 -21.261
D 1.452 -7.207 -23.626
G 4.811 -5.54 -23.024
R 3.401 -2.347 -21.497
L 4.871 -2.843 -18.012
T 8.498 -3.253 -17.025
T 10.214 -3.117 -13.708
Y 13.864 -3.666 -12.92
G 16.088 -4.487 -9.897
D 18.231 -1.648 -8.479
S 21.678 -2.914 -9.439
V 20.831 -3.011 -13.18
K 18.594 0.039 -13.383
G 19.549 2.26 -16.333
R 21.703 -0.435 -17.974
F 19.615 -3.523 -18.819
T 16.506 -3.488 -21.022
I 13.788 -6.163 -20.958
S 11.477 -6.544 -23.943
R 9.455 -9.044 -25.951
D 8.31 -10.072 -29.395
N 5.128 -12.057 -29.089
A 5.097 -12.866 -32.814
E 8.478 -14.595 -32.593
Y 7.697 -15.704 -29.0
L 11.02 -14.406 -27.653
V 11.81 -12.455 -24.511
Y 14.971 -10.425 -24.65
L 17.414 -8.981 -22.166
Q 19.645 -6.203 -23.469
M 22.711 -5.664 -21.284
D 25.08 -2.708 -21.689
S 27.819 -1.189 -19.529
L 28.568 -4.62 -18.009
K 30.931 -5.053 -15.052
P 32.665 -7.958 -13.254
E 29.836 -8.001 -10.701
D 27.27 -8.803 -13.388
T 28.878 -12.231 -13.653
A 26.246 -14.91 -13.155
V 24.004 -17.589 -14.55
Y 21.02 -15.74 -16.062
Y 17.676 -17.562 -15.822
C 14.484 -16.901 -17.776
A 11.1 -17.408 -16.051
A 7.392 -17.127 -16.456
D 4.542 -16.229 -14.096
D 0.79 -15.894 -14.815
N 1.015 -12.973 -12.366
Y 3.03 -9.811 -13.128
V 3.076 -8.887 -9.408
T 4.706 -12.222 -8.355
A 7.095 -12.455 -11.322
S 9.873 -10.559 -9.507
W 9.44 -12.698 -6.423
R 11.744 -15.743 -6.154
S 8.694 -17.82 -5.346
G 6.482 -16.342 -8.028
P 7.211 -17.956 -11.396
D 5.776 -21.283 -12.614
Y 8.514 -22.077 -15.155
W 12.298 -21.68 -15.215
G 15.006 -22.264 -17.849
Q 18.279 -24.067 -17.002
G 20.202 -20.773 -17.342
T 22.956 -19.224 -19.423
Q 26.479 -18.338 -18.251
V 27.512 -14.656 -18.504
T 31.146 -13.884 -17.557
V 32.415 -10.271 -17.468
S 36.194 -9.941 -17.056
S 38.683 -7.108 -16.512
X 0 0 0
X 0 0 0
X 0 0 0
X 0 0 0
X 0 0 0
X 0 0 0
X 0 0 0
X 0 0 0
X 0 0 0
X 0 0 0
X 0 0 0
X 0 0 0
X 0 0 0
X 0 0 0
X 0 0 0
X 0 0 0
