Q -9.626 -13.779 -7.977
L -7.334 -15.48 -10.484
V -7.48 -19.277 -10.541
E -4.861 -21.478 -12.205
S -5.684 -24.963 -13.468
G -4.257 -27.609 -15.784
G -1.397 -28.495 -13.468
G -0.717 -31.616 -11.445
L 1.386 -34.691 -12.145
I 3.179 -35.091 -15.47
K 5.805 -37.596 -16.597
P 9.332 -36.371 -17.464
G 9.537 -35.0 -20.994
G 5.779 -34.526 -21.035
S 3.695 -31.421 -21.673
L 1.059 -29.507 -19.742
R -1.047 -26.486 -20.589
L -1.836 -24.315 -17.591
S -4.863 -22.038 -17.764
C -5.817 -19.0 -15.729
A -9.357 -17.665 -15.497
A -10.696 -14.954 -13.231
S -13.789 -13.813 -11.386
G -14.169 -10.115 -10.657
V -11.252 -9.303 -12.956
R -11.272 -8.749 -16.735
L -7.998 -10.378 -17.784
S -8.077 -9.045 -21.361
A -7.389 -5.531 -20.016
Y -4.091 -6.579 -18.427
D -0.603 -7.604 -19.47
M -0.263 -10.997 -17.747
A 2.534 -13.226 -16.512
W 3.406 -16.552 -14.944
V 5.667 -16.901 -11.911
R 6.863 -20.093 -10.238
Q 8.475 -21.284 -7.049
A 10.237 -24.629 -6.96
P 10.589 -26.429 -3.608
G 13.293 -24.762 -1.513
K 13.901 -22.088 -4.123
G 12.887 -18.471 -4.464
L 10.163 -17.136 -6.725
E 11.089 -16.421 -10.342
W 9.592 -15.078 -13.556
V 8.55 -17.693 -16.105
S 6.779 -15.892 -18.916
A 4.67 -12.804 -19.738
I 2.268 -11.618 -22.441
S 0.807 -8.259 -23.455
S -2.89 -7.534 -23.079
S -3.293 -7.798 -26.863
G -1.197 -10.957 -26.858
G 1.174 -9.61 -29.491
S 4.223 -9.316 -27.237
T 5.804 -11.917 -24.974
Y 8.669 -12.773 -22.61
Y 10.316 -16.054 -21.584
A 12.849 -16.726 -18.843
D 16.059 -18.234 -20.215
S 15.432 -21.573 -18.476
V 12.147 -22.148 -20.33
K 12.535 -20.264 -23.616
G 12.12 -22.656 -26.531
R 10.198 -25.13 -24.372
F 7.261 -22.977 -23.23
T 4.623 -20.993 -25.094
I 2.405 -18.377 -23.486
S -0.871 -17.366 -25.153
R -4.288 -15.932 -24.367
D -7.914 -15.915 -25.511
N -9.436 -12.509 -24.788
S -12.892 -13.751 -25.777
K -12.873 -16.197 -22.878
N -10.685 -13.903 -20.768
T -8.219 -16.712 -20.182
V -4.421 -16.945 -20.31
Y -2.412 -20.104 -20.997
L 1.107 -21.447 -20.549
Q 1.992 -24.542 -22.564
M 5.023 -26.248 -21.032
N 6.928 -28.877 -23.027
S 9.89 -31.191 -22.387
L 9.236 -30.922 -18.66
R 11.956 -31.927 -16.22
A 12.548 -32.194 -12.473
E 13.545 -28.531 -12.258
D 10.119 -27.512 -13.563
T 8.365 -29.01 -10.529
A 6.964 -25.997 -8.691
V 3.934 -23.952 -7.766
Y 2.895 -21.852 -10.783
Y 1.123 -18.516 -10.321
C -0.694 -16.431 -12.916
V -0.62 -12.704 -12.184
T -1.654 -9.427 -13.765
L 1.191 -6.965 -14.304
P 0.665 -3.548 -12.67
D -0.488 -0.578 -14.721
L 1.85 2.34 -14.13
C 0.312 5.785 -13.708
P 2.14 8.719 -15.377
G 1.314 11.016 -12.487
D -1.51 10.563 -10.006
N -5.204 9.7 -10.132
C -5.273 7.305 -13.053
T -8.247 4.943 -13.008
Y -6.592 1.591 -13.635
P -8.091 -1.433 -11.84
D -5.942 -2.955 -9.081
A -3.443 -5.695 -9.921
S -3.982 -9.248 -8.69
W -2.157 -12.51 -7.928
G -3.358 -16.05 -8.446
Q -3.395 -18.603 -5.632
G -1.069 -20.854 -7.607
T -1.227 -24.485 -8.684
M 1.285 -27.285 -8.196
V 3.042 -28.963 -11.107
T 4.887 -32.164 -10.273
V 7.179 -33.714 -12.86
S 7.415 -37.38 -11.871
S 7.141 -40.827 -13.448
X 0 0 0
X 0 0 0
X 0 0 0
X 0 0 0
X 0 0 0
X 0 0 0
X 0 0 0
X 0 0 0
X 0 0 0
X 0 0 0
X 0 0 0
X 0 0 0
X 0 0 0
X 0 0 0
X 0 0 0
X 0 0 0
X 0 0 0
