A 7.745 2.538 -24.508
V 8.38 0.685 -21.264
Q 9.662 -2.748 -22.318
L 8.719 -5.582 -19.957
Q 10.204 -9.049 -19.447
E 8.786 -11.728 -17.136
S 10.651 -14.643 -15.624
G 10.087 -17.413 -13.088
G 7.443 -19.548 -14.757
G 7.368 -23.321 -14.666
L 5.776 -26.404 -13.176
V 4.638 -26.36 -9.555
Q 2.784 -28.886 -7.394
A -0.714 -28.007 -6.204
G -0.5 -26.324 -2.809
G 2.961 -25.086 -3.717
S 4.398 -21.619 -4.257
L 6.205 -19.741 -7.015
R 7.58 -16.214 -7.373
L 7.343 -14.417 -10.714
S 9.561 -11.467 -11.604
C 9.243 -8.709 -14.167
T 11.826 -6.111 -15.121
A 11.433 -3.021 -17.274
S 14.315 -2.43 -19.684
G 14.387 1.267 -18.825
R 13.28 3.535 -16.002
I 9.628 3.472 -14.979
S 8.503 7.033 -14.208
S 6.465 8.159 -11.21
S 2.905 8.035 -12.62
Y 2.914 4.338 -13.62
D 0.906 1.474 -12.243
M 2.491 -1.957 -12.661
G 0.354 -5.052 -12.775
W -0.013 -8.731 -13.421
F -2.631 -10.374 -15.626
R -3.125 -14.005 -16.612
Q -4.774 -16.045 -19.296
A -5.823 -19.627 -18.602
P -6.464 -22.301 -21.261
G -9.528 -21.386 -23.292
K -10.332 -18.492 -20.962
E -10.318 -14.703 -21.246
R -7.329 -12.754 -19.946
E -7.983 -11.475 -16.466
F -6.555 -9.084 -13.935
V -4.524 -10.564 -11.071
A -2.88 -7.696 -9.1
A -1.534 -4.169 -9.38
I 0.656 -1.736 -7.469
S 1.197 2.002 -7.751
W 4.851 2.444 -8.709
S 5.463 5.579 -6.629
G 2.676 5.266 -4.047
G 2.684 1.576 -3.147
T -1.091 1.079 -2.958
T -2.241 -2.348 -4.227
D -5.312 -3.997 -5.714
Y -6.056 -7.717 -6.118
A -8.558 -9.763 -8.107
D -11.103 -11.724 -6.061
S -9.509 -14.968 -7.282
V -6.422 -14.107 -5.197
K -8.01 -14.08 -1.732
G -4.774 -13.271 0.067
R -2.835 -16.081 -1.625
F -0.765 -13.833 -3.9
A 1.23 -10.721 -3.086
I 2.454 -8.109 -5.537
S 5.541 -6.118 -4.635
K 8.115 -3.887 -6.28
D 11.73 -2.812 -6.117
N 12.03 0.618 -7.73
A 15.835 0.552 -7.572
K 15.772 -2.586 -9.742
N 12.95 -1.494 -12.065
A 11.203 -4.695 -11.013
V 7.782 -5.936 -9.989
Y 7.132 -9.337 -8.411
L 4.222 -11.68 -7.899
Q 4.548 -14.12 -5.013
M 2.077 -16.947 -5.542
N 1.155 -19.256 -2.666
S -1.293 -22.126 -2.167
L -1.354 -22.73 -5.907
K -4.302 -24.586 -7.455
P -4.886 -26.065 -10.936
E -7.181 -23.08 -11.567
D -4.044 -20.932 -11.425
T -2.465 -22.622 -14.454
A -2.058 -19.827 -17.007
V 0.283 -17.523 -18.874
Y 1.124 -14.649 -16.504
Y 1.779 -11.24 -18.032
C 3.509 -8.192 -16.569
A 1.904 -4.906 -17.68
A 2.394 -1.155 -17.178
K -0.099 1.717 -17.293
W 1.031 5.336 -17.414
R -1.43 7.393 -15.34
P -0.155 11.004 -15.217
L -3.699 12.322 -14.668
R -4.718 9.755 -12.017
Y -7.103 10.991 -9.32
S -5.622 8.853 -6.533
D -2.868 6.364 -5.721
Y -5.218 3.406 -6.003
P -3.953 1.411 -8.995
S -5.902 0.435 -12.114
N -7.198 -3.059 -12.861
S -7.814 -2.532 -16.579
D -6.701 -0.603 -19.66
Y -2.987 -1.335 -19.342
Y -0.987 -0.336 -22.422
D 2.468 -1.93 -22.137
W 2.749 -5.723 -21.975
G 5.368 -8.394 -21.432
Q 5.49 -11.583 -23.52
G 4.244 -13.755 -20.659
T 5.569 -16.647 -18.608
Q 3.746 -19.973 -18.337
V 2.85 -21.445 -14.947
T 1.538 -25.015 -14.745
V 0.047 -26.296 -11.489
S -0.197 -30.075 -11.358
S -3.055 -31.792 -9.533
X 0 0 0
X 0 0 0
X 0 0 0
X 0 0 0
X 0 0 0
X 0 0 0
X 0 0 0
X 0 0 0
X 0 0 0
X 0 0 0
X 0 0 0
X 0 0 0
X 0 0 0
