A 13.259 16.638 -26.577
V 16.164 16.27 -24.146
Q 18.606 13.474 -25.006
L 19.151 10.862 -22.307
Q 22.024 8.421 -22.042
E 22.549 6.107 -19.084
S 25.811 4.417 -18.135
G 27.477 2.441 -15.362
G 25.218 -0.598 -15.502
G 26.907 -3.915 -14.796
L 27.26 -7.213 -12.968
V 27.854 -7.43 -9.221
Q 27.793 -9.883 -6.317
A 24.816 -9.76 -3.962
G 25.195 -7.097 -1.28
G 27.513 -5.213 -3.609
S 26.98 -1.621 -4.703
L 26.909 0.151 -8.066
R 26.511 3.7 -9.379
L 24.583 4.624 -12.536
S 24.797 7.936 -14.367
C 22.382 9.59 -16.776
T 23.371 12.56 -18.919
A 21.042 14.873 -20.818
S 22.509 15.985 -24.151
G 19.812 18.632 -24.517
R 19.164 20.939 -21.581
I 16.816 20.663 -18.619
S 14.552 23.553 -17.664
S 13.566 24.421 -14.094
S 10.184 22.664 -14.329
Y 11.652 19.204 -14.86
D 11.605 15.914 -12.997
M 14.416 13.429 -13.498
G 13.927 9.861 -12.368
W 14.917 6.222 -12.651
F 12.703 3.315 -13.621
R 13.668 -0.321 -14.103
Q 12.251 -3.401 -15.764
A 13.094 -6.851 -14.463
P 12.653 -9.748 -16.923
G 9.137 -11.117 -17.36
K 7.873 -8.243 -15.234
E 6.755 -4.72 -16.142
R 8.393 -1.301 -15.878
E 8.346 0.053 -12.328
F 9.581 3.263 -10.699
V 12.7 3.638 -8.554
A 13.691 7.23 -7.756
A 12.867 10.807 -8.681
I 14.46 14.172 -8.019
S 13.178 17.67 -8.693
W 15.631 19.366 -11.042
S 15.246 22.783 -9.417
G 14.628 22.091 -5.733
G 16.23 18.66 -5.467
T 13.428 16.947 -3.572
T 13.5 13.159 -3.809
D 11.105 10.214 -3.837
Y 11.992 6.521 -3.671
A 10.051 3.318 -4.315
D 9.363 1.557 -1.01
S 11.469 -1.501 -1.897
V 14.3 0.952 -2.488
K 14.137 3.395 0.443
G 17.418 3.131 2.313
R 19.469 1.314 -0.31
F 19.504 3.49 -3.425
A 20.183 7.228 -3.614
I 19.368 9.65 -6.438
S 21.554 12.727 -6.941
K 21.864 15.46 -9.558
D 24.511 17.813 -10.855
N 22.91 20.718 -12.696
A 26.308 21.879 -13.945
K 26.735 18.673 -15.927
N 23.053 18.058 -16.687
A 23.45 14.747 -14.896
V 21.455 12.594 -12.52
Y 23.079 9.717 -10.628
L 21.875 6.573 -8.914
Q 23.965 5.103 -6.136
M 22.795 1.568 -5.431
N 24.117 -0.163 -2.315
S 23.24 -3.5 -0.723
L 22.162 -4.976 -4.049
K 19.837 -7.956 -4.242
P 19.157 -10.398 -7.1
E 15.699 -8.802 -7.253
D 17.289 -5.479 -8.226
T 18.264 -7.15 -11.499
A 16.733 -5.224 -14.39
V 17.368 -2.739 -17.133
Y 17.434 0.715 -15.599
Y 16.085 3.649 -17.585
C 16.89 7.253 -16.885
A 13.797 9.358 -17.586
A 12.417 12.891 -17.487
K 9.143 14.761 -17.336
W 8.384 18.388 -18.081
R 6.067 19.672 -15.368
P 5.623 23.423 -15.863
L 2.324 23.227 -13.985
R 3.841 21.355 -11.045
Y 2.269 22.583 -7.819
S 5.326 21.744 -5.716
D 8.967 20.704 -5.813
Y 7.965 17.127 -5.003
P 9.0 14.796 -7.878
S 6.54 12.348 -9.48
N 6.493 8.559 -9.232
S 4.658 7.969 -12.512
D 4.236 8.653 -16.233
Y 7.487 9.838 -17.728
Y 7.713 11.137 -21.258
D 11.38 11.359 -22.231
W 13.613 8.283 -21.941
G 17.02 6.7 -22.292
Q 17.882 3.454 -24.063
G 18.47 1.614 -20.777
T 21.514 0.129 -19.056
Q 21.893 -3.448 -17.807
V 22.066 -4.308 -14.118
T 22.615 -7.894 -13.0
V 22.95 -9.186 -9.428
S 24.413 -12.627 -8.685
S 23.305 -14.529 -5.571
X 0 0 0
X 0 0 0
X 0 0 0
X 0 0 0
X 0 0 0
X 0 0 0
X 0 0 0
X 0 0 0
X 0 0 0
X 0 0 0
X 0 0 0
X 0 0 0
X 0 0 0
