E -37.646 36.739 -5.811
V -36.412 33.185 -6.57
Q -37.237 30.997 -3.54
L -36.219 27.424 -2.722
V -37.373 25.84 0.543
E -36.541 22.227 1.369
S -38.188 19.893 3.89
G -37.846 16.362 5.188
G -34.207 15.91 6.148
G -33.079 14.613 9.501
L -31.703 11.795 11.589
V -32.026 8.183 10.559
Q -30.305 4.936 11.462
P -28.345 3.112 8.754
G -30.555 1.205 6.309
G -33.323 3.733 6.943
S -34.981 6.034 4.439
L -35.791 9.732 4.121
R -37.645 11.861 1.612
L -36.606 15.421 0.8
S -38.993 17.875 -0.806
C -38.242 21.263 -2.261
A -40.784 23.981 -2.98
A -40.022 26.684 -5.527
S -41.293 30.074 -6.607
G -40.001 33.182 -8.374
F -39.403 31.555 -11.773
T -40.97 29.215 -14.333
F -40.351 25.852 -12.72
S -40.349 23.562 -15.729
S -37.905 25.739 -17.707
Y -34.992 24.706 -15.477
A -33.148 21.486 -14.779
M -33.386 20.967 -11.023
G -31.14 18.931 -8.757
W -29.769 18.106 -5.342
V -26.315 19.133 -4.099
R -24.668 17.443 -1.135
Q -21.969 18.834 1.128
A -20.146 16.748 3.731
P -18.64 18.852 6.539
G -14.978 18.844 5.464
K -15.599 18.8 1.75
G -16.736 20.73 -1.333
P -20.301 20.465 -2.676
E -21.136 17.931 -5.363
W -24.242 17.218 -7.424
V -25.901 14.033 -6.176
S -28.821 13.982 -8.621
L -30.31 16.001 -11.472
I -33.635 16.021 -13.324
S -34.629 17.654 -16.616
G -37.216 20.432 -16.844
S -40.003 18.051 -17.887
G -38.85 15.213 -15.651
G -38.265 12.83 -18.555
S -34.553 12.364 -17.854
T -32.549 11.914 -14.66
W -28.962 11.586 -13.528
Y -27.427 10.176 -10.325
D -23.98 10.178 -8.783
D -22.5 6.652 -8.854
S -22.56 6.453 -5.05
V -26.384 6.687 -4.937
K -27.696 4.849 -8.039
G -30.488 2.424 -7.126
R -30.945 3.844 -3.659
F -31.975 7.428 -4.44
T -34.788 8.513 -6.745
I -35.244 12.088 -7.927
S -38.61 13.342 -9.209
R -40.566 16.533 -9.743
D -44.204 17.613 -9.816
N -44.482 20.504 -12.25
S -48.12 21.228 -11.384
K -47.263 22.058 -7.752
N -43.665 23.274 -8.341
L -42.051 20.633 -6.155
L -38.845 18.597 -6.365
Y -38.269 15.348 -4.465
L -35.468 12.995 -3.42
Q -36.448 9.605 -2.046
M -33.347 8.4 -0.197
N -33.338 4.669 0.537
S -30.88 2.254 2.196
L -29.173 5.251 3.803
R -25.529 4.739 4.703
A -23.251 6.647 7.101
E -21.503 8.1 4.044
D -24.731 9.78 2.959
T -24.479 12.133 5.93
A -24.269 15.773 4.779
V -26.212 18.98 4.236
Y -28.339 18.534 1.107
Y -29.354 21.535 -0.928
C -32.183 21.847 -3.333
A -30.769 23.613 -6.43
R -31.911 25.297 -9.621
H -29.468 24.744 -12.466
A -29.213 27.813 -14.694
P -26.532 27.159 -17.346
S -27.181 30.497 -19.092
T -27.015 32.593 -15.933
E -23.525 33.749 -14.973
A -24.441 34.2 -11.298
P -24.145 31.031 -9.159
D -27.12 28.671 -9.084
Y -29.827 29.309 -6.502
W -29.845 26.92 -3.55
G -32.323 26.324 -0.763
Q -31.308 26.83 2.887
G -30.026 23.263 3.245
T -31.244 20.374 5.349
L -28.961 18.252 7.497
V -29.103 14.502 6.869
T -27.416 12.41 9.563
V -27.106 8.643 9.253
S -26.152 7.407 12.703
S -26.749 4.624 15.177
L -25.577 5.399 18.726
E -24.258 1.871 19.315
X 0 0 0
X 0 0 0
X 0 0 0
X 0 0 0
X 0 0 0
X 0 0 0
X 0 0 0
X 0 0 0
X 0 0 0
X 0 0 0
X 0 0 0
X 0 0 0
X 0 0 0
X 0 0 0
X 0 0 0
X 0 0 0
X 0 0 0
X 0 0 0
X 0 0 0
