E -3.074 -5.319 -37.033
V -3.418 -5.403 -33.269
Q -1.154 -4.601 -30.303
L -1.718 -6.925 -27.346
V -0.255 -6.054 -23.966
E 0.463 -8.344 -21.074
S 2.198 -8.351 -17.717
G 0.033 -6.059 -15.664
G -0.873 -6.966 -12.127
G -0.197 -6.176 -8.507
L 3.402 -5.287 -7.648
V 5.128 -4.436 -4.354
Q 6.661 -0.981 -3.967
A 10.373 -1.21 -4.694
G 9.581 -4.161 -6.941
G 9.935 -4.58 -10.678
S 7.711 -5.527 -13.563
L 7.904 -6.392 -17.23
R 5.108 -5.456 -19.62
L 4.933 -6.89 -23.101
S 3.447 -5.453 -26.247
C 3.16 -7.897 -29.094
A 2.305 -6.561 -32.521
A 0.527 -8.729 -35.061
S 2.749 -10.383 -37.631
G 5.754 -8.21 -38.382
R 3.974 -4.92 -37.826
S 6.025 -1.901 -36.829
F 9.193 -3.986 -36.704
S 11.255 -1.048 -38.003
R 9.062 1.782 -36.752
D 8.384 3.318 -33.412
A 6.632 1.92 -30.404
M 5.936 3.638 -27.115
G 4.476 3.162 -23.64
W 2.028 5.629 -22.065
F 0.228 5.519 -18.752
R -3.052 6.798 -17.439
Q -3.171 7.348 -13.711
A -6.487 7.585 -11.868
P -8.434 10.639 -13.069
G -5.658 11.684 -15.484
K -5.046 11.842 -19.226
E -2.369 9.567 -20.691
R 1.294 10.602 -20.32
D 4.32 9.088 -22.076
V 6.624 6.675 -20.212
V 9.123 5.633 -22.872
A 9.449 4.994 -26.569
A 11.824 3.284 -28.959
I 12.844 3.743 -32.567
N 12.994 0.177 -33.757
L 15.173 1.447 -36.621
N 18.411 1.658 -34.641
G 16.973 1.111 -31.183
G 17.37 4.574 -29.636
R 14.977 5.04 -26.69
T 13.391 8.082 -25.078
Y 11.864 8.351 -21.629
S 9.928 10.583 -19.252
A 12.048 12.201 -16.528
D 10.069 10.196 -13.952
S 11.38 6.858 -15.215
V 14.872 7.701 -16.451
K 17.393 5.201 -15.081
G 14.417 3.086 -13.919
R 12.294 1.972 -16.915
F 13.882 0.349 -19.969
T 12.621 -1.176 -23.257
I 13.81 -4.435 -24.842
S 12.948 -6.143 -28.106
R 12.315 -9.708 -29.222
D 12.526 -9.753 -32.984
N 11.304 -13.337 -33.466
D 8.117 -12.607 -31.503
K 7.717 -9.053 -32.819
N 7.298 -7.987 -29.228
T 8.685 -5.14 -27.155
V 8.953 -5.083 -23.396
Y 8.877 -2.366 -20.774
L 11.06 -3.285 -17.801
Q 10.305 -1.121 -14.791
M 12.157 -1.294 -11.473
S 12.055 0.525 -8.123
N 8.293 0.796 -8.523
L 6.564 3.529 -6.547
K 2.878 3.682 -5.553
P 2.687 6.66 -7.949
E 3.539 4.295 -10.826
D -0.005 2.881 -10.492
T -1.867 3.32 -13.779
A -3.224 1.697 -16.869
V -0.226 1.194 -19.175
Y -0.828 1.288 -22.906
Y 1.392 0.262 -25.785
C 1.529 0.459 -25.691
A 1.325 2.444 -28.897
A 2.85 2.31 -32.342
R 3.266 4.533 -35.347
E 4.734 4.167 -38.778
G 7.944 6.127 -39.027
D 10.366 7.177 -36.331
V 10.002 9.262 -33.196
G 12.492 11.754 -31.731
L 13.247 13.514 -28.492
V 10.343 15.901 -29.162
S 7.763 13.816 -31.043
Y 7.808 10.589 -28.945
K 5.856 12.175 -26.067
R 2.665 13.219 -27.911
S 0.012 10.498 -27.737
S -1.741 11.849 -30.846
N 1.396 10.928 -32.797
Y 0.549 7.217 -32.441
P -2.495 5.875 -34.313
Y -2.212 2.271 -32.992
W -2.948 1.275 -29.403
G -3.065 -1.863 -27.26
Q -5.981 -2.509 -24.872
G -4.173 -1.157 -21.854
T -3.045 -3.193 -18.876
Q -3.539 -2.194 -15.254
V -0.464 -1.931 -13.007
T -1.171 -1.638 -9.302
V 1.717 -0.922 -6.987
S 0.95 -1.988 -3.426
S 2.988 -3.342 -0.52
X 0 0 0
X 0 0 0
X 0 0 0
X 0 0 0
X 0 0 0
X 0 0 0
X 0 0 0
X 0 0 0
X 0 0 0
X 0 0 0
X 0 0 0
X 0 0 0
X 0 0 0
