Q 9.32 23.774 -0.835
V 12.764 22.764 0.454
Q 13.439 24.526 3.77
L 16.692 26.428 4.11
Q 18.383 27.28 7.452
E 21.132 29.88 7.529
S 23.738 30.765 10.214
G 26.981 32.648 10.583
G 27.503 36.18 9.29
G 27.503 39.426 11.238
S 30.165 42.082 11.55
V 33.871 41.897 10.837
Q 36.97 44.023 10.312
A 38.316 44.75 6.823
G 40.636 41.889 5.978
G 38.753 39.535 8.366
S 36.803 36.338 7.848
L 33.296 35.061 8.479
R 31.664 31.72 7.63
L 28.062 31.123 6.636
S 26.322 27.785 6.658
C 23.011 26.669 5.145
G 21.145 23.436 5.901
A 18.505 22.043 3.5
S 15.51 19.98 4.626
E 16.186 17.548 1.79
Y 18.682 16.821 -0.865
T 19.229 19.179 -3.8
S 21.788 19.029 -6.538
R 23.111 22.542 -6.219
M 23.326 25.04 -3.441
G 24.831 28.452 -3.42
W 24.714 32.03 -2.074
F 23.693 35.232 -3.707
R 23.895 38.657 -2.132
Q 22.322 42.032 -2.466
A 24.231 45.174 -1.506
P 22.367 48.514 -1.108
G 20.996 49.694 -4.468
A 22.805 46.837 -6.29
E 21.441 43.932 -8.291
R 21.252 40.473 -6.726
E 24.715 38.967 -7.235
G 25.388 35.248 -7.368
V 28.485 34.766 -5.222
A 29.244 31.031 -5.035
C 27.619 27.725 -5.815
I 28.514 24.035 -5.46
H 27.468 21.063 -7.547
R 26.91 18.41 -4.937
Q 27.587 15.075 -6.812
S 30.864 16.259 -8.276
N 31.99 18.823 -5.74
L 32.59 21.364 -8.555
S 32.513 24.928 -7.312
Y 31.65 28.15 -9.03
Y 32.371 31.748 -8.011
S 31.752 35.281 -9.081
S 31.761 35.261 -9.14
D 34.862 37.118 -10.242
S 34.303 39.536 -7.33
V 34.979 36.899 -4.671
R 37.188 34.462 -6.624
R 37.167 34.441 -6.588
G 40.292 33.554 -4.574
R 38.803 34.859 -1.294
F 35.648 32.774 -0.761
T 35.386 28.977 -0.572
I 32.144 27.065 -0.785
S 32.098 23.457 0.47
Q 29.603 20.864 1.709
D 29.234 18.089 4.227
N 29.554 14.402 3.378
A 25.741 13.925 3.87
K 25.12 16.58 1.178
T 22.596 18.341 3.447
T 24.591 21.511 4.219
A 26.852 23.982 2.37
F 29.396 26.252 3.951
L 30.761 29.621 2.749
L 34.155 30.772 4.115
M 34.581 34.456 3.351
S 38.169 35.642 3.877
S 38.146 35.663 3.895
S 39.979 38.95 3.143
L 36.626 40.718 3.43
K 36.187 44.229 2.114
P 33.652 47.109 2.508
E 32.393 46.128 -0.938
D 31.295 42.746 0.543
T 28.685 44.338 2.899
A 25.341 42.919 1.824
I 22.537 40.652 2.846
Y 23.638 37.113 1.823
Y 20.932 34.599 0.848
C 21.363 30.829 0.624
A 19.656 29.339 -2.45
T 19.059 26.228 -4.446
T 19.506 26.373 -8.239
T 19.323 24.177 -11.321
D 22.52 25.657 -12.82
C 25.607 26.903 -10.934
A 27.102 28.95 -13.82
A 23.822 30.719 -14.522
F 23.428 31.149 -10.803
V 26.805 32.827 -10.501
E 25.903 35.059 -13.442
R 22.238 35.914 -12.909
A 21.317 34.711 -9.379
T 18.681 32.477 -10.957
A 17.334 30.262 -8.115
I 14.518 27.821 -7.288
T 14.234 28.789 -3.607
A 16.038 31.298 -1.409
G 16.399 31.628 2.398
Q 15.566 34.633 4.65
G 18.988 36.224 4.365
T 21.9 36.898 6.759
T 21.887 36.898 6.747
Q 23.406 40.372 7.204
V 27.132 40.618 6.588
T 28.703 43.988 7.473
V 32.423 44.586 6.871
S 34.338 47.056 9.043
S 31.114 48.593 10.465
X 0 0 0
X 0 0 0
X 0 0 0
X 0 0 0
X 0 0 0
X 0 0 0
X 0 0 0
X 0 0 0
X 0 0 0
X 0 0 0
X 0 0 0
X 0 0 0
X 0 0 0
X 0 0 0
X 0 0 0
