Q 33.101 7.573 41.698
L 36.648 5.959 41.813
Q 39.059 5.968 44.846
E 42.581 4.512 44.594
S 44.063 3.298 47.86
G 47.292 1.56 48.861
G 50.518 2.955 47.462
G 53.451 4.466 49.325
L 57.236 4.04 49.433
V 58.849 0.624 48.966
Q 62.419 -0.644 48.667
A 63.693 -2.111 45.372
G 62.498 -5.662 44.709
G 59.618 -4.923 47.08
S 55.927 -5.733 46.769
L 52.909 -3.403 47.215
R 49.198 -3.934 46.483
L 47.077 -1.175 45.026
S 43.387 -0.883 45.767
C 40.56 0.914 43.957
E 37.029 1.347 45.168
A 34.337 2.282 42.688
S 30.934 3.61 43.706
G 28.008 4.86 41.644
R 27.327 2.034 39.217
T 26.746 -1.701 39.461
F 30.359 -2.839 39.9
S 30.009 -6.35 38.466
S 28.897 -5.006 35.05
Y 32.032 -3.086 34.125
A 35.662 -3.865 33.419
M 38.37 -2.071 35.432
G 41.797 -0.912 34.338
W 44.95 0.58 35.801
F 47.149 3.308 34.352
R 50.286 5.036 35.542
Q 51.609 8.539 34.895
A 55.166 9.836 35.104
P 55.689 13.65 35.169
E 52.259 10.6 29.978
R 49.484 8.129 31.039
D 50.739 4.581 30.191
F 48.166 1.794 30.263
V 49.116 -0.97 32.73
A 46.428 -3.651 33.1
V 42.739 -4.286 32.68
I 40.401 -6.969 34.029
S 37.171 -7.756 32.15
W 33.702 -7.379 33.693
S 33.446 -11.079 34.628
G 37.039 -11.298 35.88
S 37.736 -14.154 33.486
N 39.807 -11.965 31.16
T 42.95 -9.972 31.943
Y 45.401 -8.052 29.803
Y 48.828 -6.819 30.894
A 51.091 -4.222 29.276
D 54.598 -5.367 28.402
S 56.028 -3.356 31.296
A 53.659 -5.279 33.579
K 53.656 -8.823 32.19
G 54.687 -11.437 34.739
R 55.289 -9.043 37.645
F 51.812 -7.645 38.346
T 48.354 -9.047 39.058
I 44.964 -7.388 38.514
S 41.914 -8.867 40.253
R 38.45 -7.831 41.391
D 36.207 -8.273 44.43
N 32.604 -7.535 43.438
A 31.297 -7.825 47.021
K 33.496 -4.846 47.9
N 33.292 -2.941 44.588
T 37.089 -3.006 44.448
V 39.734 -4.006 41.936
Y 43.234 -4.674 43.139
L 46.61 -4.417 41.379
Q 49.209 -6.625 43.043
M 52.801 -5.563 42.353
N 55.732 -7.789 43.171
S 59.189 -7.101 41.713
L 59.219 -3.381 41.873
K 61.997 -1.178 40.617
P 62.684 2.607 40.344
E 61.205 2.477 36.829
D 57.779 1.586 38.226
T 57.755 4.766 40.378
A 54.775 6.918 39.243
I 51.187 7.832 40.098
Y 48.709 5.0 39.548
Y 45.087 5.507 38.397
C 42.121 3.149 38.253
A 39.978 3.672 35.163
A 36.613 2.291 34.1
P 34.845 2.031 30.732
G 31.597 3.948 30.394
R 30.078 1.095 28.365
P 28.868 -1.908 30.439
H 30.1 -5.464 29.976
G 32.452 -6.523 27.192
S 31.519 -3.757 24.777
S 34.756 -1.743 24.925
W 37.039 -4.655 25.664
S 39.52 -4.503 22.759
L 39.572 -0.781 23.319
N 40.359 -1.173 27.025
K 43.205 -3.56 26.211
K 44.641 -0.857 23.983
G 44.28 1.618 26.865
Q 41.387 3.421 25.224
G 37.654 3.381 25.843
Y 37.938 4.6 29.441
D 35.677 7.412 30.571
Y 36.113 7.339 34.37
W 39.282 7.949 36.319
G 40.344 8.111 39.935
Q 42.558 10.781 41.448
G 45.394 8.311 41.69
T 47.778 6.899 44.244
Q 51.514 7.512 44.431
V 53.97 4.641 44.229
T 57.613 5.457 44.961
V 60.382 2.838 44.696
S 63.796 3.618 46.181
S 67.11 1.971 45.27
X 0 0 0
X 0 0 0
X 0 0 0
X 0 0 0
X 0 0 0
X 0 0 0
X 0 0 0
X 0 0 0
X 0 0 0
X 0 0 0
X 0 0 0
X 0 0 0
X 0 0 0
X 0 0 0
X 0 0 0
