Q 13.951 57.388 -46.436
L 12.135 60.131 -44.659
V 13.799 63.517 -44.699
E 13.83 65.89 -41.7
S 13.497 69.667 -42.286
G 12.13 72.76 -40.513
G 14.704 73.162 -37.72
G 16.434 76.405 -36.694
L 17.647 78.823 -33.986
V 14.703 80.437 -32.177
Q 14.023 82.596 -29.034
P 12.311 81.156 -25.854
G 8.534 81.156 -26.307
G 9.051 80.955 -30.079
S 7.643 78.623 -32.762
L 8.944 76.053 -35.318
R 7.261 73.548 -37.687
L 9.269 70.41 -38.474
S 8.482 68.124 -41.392
C 9.359 64.55 -42.412
A 9.264 63.889 -46.139
A 9.024 60.336 -47.253
S 10.509 59.3 -50.384
G 10.31 57.022 -52.096
F 6.954 55.893 -50.761
T 3.5 56.904 -49.534
L 2.932 57.621 -45.82
D -0.537 56.004 -46.215
Y -1.18 53.584 -43.288
L 2.201 54.158 -41.429
A 2.557 55.136 -37.711
I 5.286 57.849 -37.511
G 7.279 59.134 -34.518
W 9.294 62.275 -33.692
F 12.366 61.791 -31.5
R 15.026 64.149 -30.1
Q 18.727 63.955 -29.009
A 20.213 66.781 -26.86
P 24.059 67.213 -26.54
G 25.74 64.205 -24.887
K 22.451 62.679 -23.588
E 20.268 59.711 -24.845
R 17.524 59.61 -27.586
E 14.041 60.624 -26.284
G 10.546 59.948 -27.751
V 8.751 63.258 -28.381
S 5.482 62.598 -30.216
C 3.863 59.852 -32.365
V 0.911 59.651 -34.887
S -1.099 56.559 -35.644
S -1.532 55.426 -39.283
S -5.046 57.113 -39.467
G -4.216 60.263 -37.37
Q -6.846 59.452 -34.692
Y -4.355 58.391 -31.997
T -1.559 60.77 -30.851
Y 1.034 60.311 -28.085
Y 3.229 62.922 -26.461
A 6.075 62.877 -23.938
D 4.958 64.637 -20.654
S 7.569 67.417 -21.221
V 5.943 68.584 -24.555
K 2.158 68.418 -23.938
G 0.227 71.627 -24.624
R 3.023 73.029 -26.745
F 3.738 70.427 -29.384
T 1.13 69.121 -31.89
I 1.776 66.219 -34.291
S -0.153 65.93 -37.6
R -0.167 63.958 -40.882
D -0.535 65.455 -44.367
N -2.998 64.502 -47.112
A -0.875 62.788 -49.876
E 1.97 65.331 -49.299
S 3.557 62.165 -47.667
T 4.687 64.366 -44.749
V 4.361 64.227 -40.939
Y 4.473 67.643 -39.214
L 5.559 68.649 -35.714
Q 4.216 72.068 -34.626
M 6.384 73.267 -31.744
N 4.897 76.274 -29.879
S 6.184 78.065 -26.676
L 9.742 76.689 -27.196
K 12.236 76.585 -24.276
P 16.068 75.975 -23.987
E 15.081 72.483 -22.593
D 13.807 71.579 -26.137
T 17.257 72.182 -27.797
A 18.265 68.957 -29.64
V 18.613 67.268 -33.071
Y 15.089 66.084 -34.036
Y 14.719 62.769 -35.815
C 11.61 61.327 -37.392
A 11.127 57.54 -37.848
T 8.536 54.787 -38.472
D 7.184 53.878 -35.062
P 4.658 51.097 -35.758
E 1.903 50.936 -33.108
C 3.724 53.977 -31.59
Y 5.587 51.521 -29.419
R 8.526 53.781 -28.708
V 6.869 57.093 -27.963
R 4.414 55.154 -25.886
G 7.073 53.753 -23.593
Y 8.236 50.412 -24.969
Y 11.478 49.325 -26.647
N 12.458 48.577 -30.313
G 14.612 46.777 -32.082
D 16.292 52.042 -34.325
Y 17.582 54.692 -36.714
W 18.724 56.365 -39.591
G 19.04 59.5 -40.486
Q 20.314 62.905 -39.983
G 17.892 65.074 -38.051
T 17.309 68.789 -38.001
Q 18.988 70.947 -35.363
V 16.608 72.829 -33.061
T 18.172 75.538 -30.863
V 16.317 77.655 -28.251
S 18.708 80.493 -27.096
S 18.503 80.959 -23.267
X 0 0 0
X 0 0 0
X 0 0 0
X 0 0 0
X 0 0 0
X 0 0 0
X 0 0 0
X 0 0 0
X 0 0 0
X 0 0 0
X 0 0 0
X 0 0 0
X 0 0 0
X 0 0 0
X 0 0 0
X 0 0 0
X 0 0 0
X 0 0 0
