V 28.121 57.74 16.806
Q 25.654 57.357 13.905
L 21.942 56.682 14.471
Q 19.771 54.95 11.853
E 15.98 54.944 12.267
S 13.509 52.394 10.876
G 9.704 52.149 10.878
G 7.019 54.819 11.042
G 4.628 56.168 8.442
S 0.85 56.335 8.555
V -1.451 54.532 10.979
Q -5.061 54.905 12.083
A -6.03 56.014 15.588
G -6.149 53.066 17.972
G -3.479 51.253 15.948
S 0.205 50.597 16.645
L 3.635 51.086 15.079
R 7.065 49.712 16.005
L 10.069 52.042 15.632
S 13.693 50.992 15.842
C 17.031 52.77 15.975
E 20.472 51.257 15.434
A 23.637 52.829 16.841
S 27.131 52.413 15.404
G 30.474 54.002 16.244
L 30.98 55.119 19.834
S 29.387 53.175 22.693
T 26.101 54.709 23.861
T 25.167 55.205 27.507
V 21.574 56.165 26.746
M 19.293 55.903 23.731
M 19.293 55.893 23.711
A 16.021 57.766 23.376
W 13.129 58.729 21.169
F 12.134 62.378 20.887
R 9.231 63.786 18.972
Q 8.355 67.115 17.429
A 4.578 67.467 17.059
P 2.974 69.993 14.641
G 3.868 73.516 15.794
K 5.972 72.323 18.743
E 9.587 71.648 19.802
R 11.455 68.363 20.333
E 10.286 66.579 23.492
G 11.401 63.295 25.036
V 9.129 60.297 24.427
A 11.137 57.471 26.014
A 14.715 56.673 26.958
I 16.545 53.479 27.821
Y 19.965 53.166 29.447
T 22.333 50.999 27.42
G 24.014 49.24 30.331
D 21.067 48.088 32.407
G 18.026 48.597 30.212
F 16.312 50.929 32.689
P 13.556 52.867 30.85
Y 11.934 56.298 31.239
Y 8.633 57.353 29.626
A 6.846 60.661 29.04
D 3.699 60.933 31.16
S 1.673 61.107 27.939
V 2.808 57.711 26.627
K 3.086 55.684 29.829
G 1.211 52.417 29.5
R 0.979 52.748 25.734
F 4.601 52.757 24.566
T 7.364 50.272 25.453
I 11.04 50.967 24.859
S 13.484 48.056 24.703
Q 16.823 47.084 23.197
D 18.964 44.303 21.741
N 22.577 45.265 22.551
A 23.869 42.385 20.436
K 22.47 44.127 17.358
N 23.084 47.641 18.758
R 19.381 48.26 18.21
M 16.695 49.975 20.29
Y 12.92 49.561 19.737
L 9.825 51.608 20.554
Q 6.497 49.785 20.444
M 3.805 52.451 20.148
N 0.281 51.234 20.97
S -3.141 52.878 21.045
L -1.903 55.772 18.916
E -3.931 58.993 18.833
P -4.004 61.844 16.303
E -1.987 63.914 18.789
D 0.826 61.34 18.54
T 1.46 62.629 15.017
A 5.011 64.0 14.883
M 8.527 63.658 13.577
Y 10.154 61.055 15.79
Y 13.928 61.351 16.33
C 16.347 58.78 17.702
A 18.914 60.303 20.091
A 21.928 58.995 22.007
K 24.339 59.967 24.787
T 27.887 58.71 25.188
G 28.232 59.973 28.765
A 26.354 60.565 32.019
F 23.599 63.095 32.698
S 24.856 66.417 34.064
Y 23.188 67.839 37.137
G 20.016 69.6 36.022
S 19.716 67.467 32.889
L 16.689 65.182 32.819
W 16.183 62.333 30.318
W 13.581 64.269 28.293
M 15.765 67.303 27.6
S 17.112 67.445 24.038
R 20.169 69.357 25.252
A 21.265 66.263 27.169
Y 21.9 64.318 23.956
N 24.75 64.841 21.491
H 23.769 62.434 18.695
W 20.598 62.443 16.607
G 19.062 60.397 13.814
Q 17.475 62.026 10.767
G 13.875 61.806 12.001
T 10.982 59.517 11.112
Q 7.542 60.796 10.148
V 4.59 59.238 12.001
T 1.083 60.288 10.944
V -1.898 59.108 13.013
S -5.34 59.713 11.504
S -8.805 59.194 12.916
H -11.082 56.421 11.657
X 0 0 0
X 0 0 0
X 0 0 0
X 0 0 0
X 0 0 0
X 0 0 0
X 0 0 0
X 0 0 0
X 0 0 0
X 0 0 0
X 0 0 0
X 0 0 0
X 0 0 0
