Q 47.612 80.973 22.95
V 50.057 80.425 20.092
Q 49.678 83.128 17.464
L 49.789 82.338 13.759
Q 51.397 85.175 11.834
E 50.938 85.302 8.077
E 50.959 85.297 8.078
S 53.024 87.127 5.485
G 53.684 87.132 1.76
G 50.411 88.269 0.254
G 50.226 90.678 -2.631
L 49.14 91.417 -6.185
V 50.588 89.475 -9.134
Q 49.649 88.804 -12.735
A 48.067 85.594 -13.982
G 50.731 82.951 -14.478
A 53.051 84.318 -11.798
S 54.027 82.709 -8.497
L 53.692 83.897 -4.9
R 55.046 82.484 -1.639
L 53.011 82.723 1.582
S 54.459 82.121 5.036
S 54.458 82.122 5.033
C 52.953 81.326 8.43
A 55.052 81.589 11.562
A 53.794 80.158 14.848
S 54.727 82.25 17.888
E 55.433 79.229 20.116
R 56.942 75.888 19.066
L 54.323 73.442 17.739
T 54.2 69.859 18.987
V 54.475 66.848 16.687
D 50.752 66.102 17.083
Y 49.675 69.245 15.244
A 49.032 69.966 11.585
I 49.262 73.431 10.032
G 47.758 74.631 6.78
W 45.911 77.168 4.648
F 42.286 77.924 3.823
R 41.061 80.7 1.532
Q 37.901 82.759 1.092
A 37.006 84.698 -2.059
P 34.335 87.423 -2.053
G 30.824 85.986 -1.751
K 32.143 82.412 -1.526
E 32.489 79.917 1.296
R 35.89 79.341 2.864
E 37.667 76.371 1.332
F 40.661 74.16 2.081
V 43.954 74.811 0.262
A 46.763 72.722 1.8
A 47.958 71.144 5.035
I 51.114 69.536 6.413
S 51.563 67.362 9.485
W 53.993 68.926 11.937
G 55.726 65.738 13.084
G 55.441 63.658 9.944
G 55.775 66.38 7.319
L 53.124 64.682 5.181
T 50.916 66.79 2.893
V 47.437 67.024 1.373
V 47.425 67.032 1.38
Y 45.967 69.557 -1.081
G 42.622 70.901 -2.163
E 41.566 69.591 -5.581
S 41.689 73.026 -7.201
V 45.35 73.651 -6.376
E 46.923 70.205 -6.593
G 50.054 70.146 -8.734
R 50.432 73.927 -8.694
F 50.948 74.641 -4.983
T 53.501 73.123 -2.593
I 53.341 73.299 1.204
S 56.396 72.737 3.403
R 57.489 73.371 6.973
D 60.731 73.965 8.811
I 60.862 72.561 12.334
A 63.825 74.693 13.418
K 62.331 78.054 12.408
N 58.815 76.951 13.422
T 57.487 78.195 10.101
T 57.493 78.202 10.102
M 55.379 76.83 7.267
N 55.403 78.037 3.656
L 53.044 77.724 0.702
Q 54.647 78.123 -2.726
M 51.866 79.035 -5.178
N 52.672 78.642 -8.875
V 50.832 79.202 -12.179
L 48.395 81.503 -10.423
R 44.958 82.128 -11.918
P 42.438 84.934 -11.362
E 40.208 82.484 -9.461
D 43.005 82.03 -6.886
T 42.215 85.59 -5.686
A 41.101 85.386 -2.039
N 41.927 86.137 1.561
Y 44.232 83.281 2.666
Y 44.096 82.141 6.298
C 46.624 80.011 8.171
A 45.291 77.479 10.707
A 46.647 74.872 13.118
S 44.977 71.946 14.892
R 45.397 68.504 16.431
I 43.003 67.213 13.747
S 44.881 64.835 11.417
Y 46.159 66.616 8.295
R 44.445 63.963 6.15
V 40.986 65.104 7.405
W 41.43 68.813 6.616
N 40.024 68.592 3.092
T 36.568 67.711 4.5
I 36.493 69.042 8.092
P 34.254 72.054 8.887
Y 36.78 74.869 9.197
N 35.429 76.13 12.535
K 36.551 72.867 14.19
L 40.102 74.17 13.885
L 40.127 74.121 13.9
T 40.799 76.377 16.891
L 43.942 78.295 15.913
W 43.686 80.846 13.099
G 45.705 83.631 11.553
R 43.929 86.845 10.585
G 44.143 86.524 6.804
T 46.415 87.72 4.008
T 46.399 87.753 4.013
Q 45.097 89.084 0.714
V 46.233 87.477 -2.539
T 45.106 89.126 -5.787
V 45.781 87.671 -9.233
S 44.919 89.912 -12.16
S 44.64 89.255 -15.906
H 45.155 93.004 -16.233
X 0 0 0
X 0 0 0
X 0 0 0
X 0 0 0
X 0 0 0
X 0 0 0
