V -40.583 16.427 1.57
Q -40.552 19.269 4.172
L -38.126 22.216 3.589
V -37.19 25.064 6.066
E -34.636 27.785 5.223
S -32.472 29.373 7.975
G -29.801 32.084 7.895
G -30.148 35.197 5.78
G -30.719 38.832 6.752
L -28.814 42.094 6.212
V -25.171 42.23 5.086
Q -22.893 44.574 3.017
A -21.287 44.515 -0.486
G -18.447 41.957 -0.716
D -19.634 40.103 2.416
S -20.53 36.404 2.774
L -23.641 34.575 3.954
R -24.392 30.906 4.668
L -28.004 29.732 4.175
S -29.297 26.449 5.615
C -32.099 24.16 4.501
A -33.441 21.678 7.053
V -34.818 18.707 5.083
S -37.368 16.114 6.404
G -39.062 13.131 4.713
R -37.013 11.174 2.077
S -33.307 10.477 -2.382
N -33.795 13.737 -4.137
V -31.633 16.56 -5.257
I -31.865 19.866 -3.412
G -32.113 23.002 -5.525
W -31.538 26.654 -4.64
F -33.557 29.474 -6.229
R -33.764 33.267 -5.76
Q -36.473 35.825 -6.58
A -36.116 39.605 -6.325
P -39.468 41.527 -6.194
G -40.486 42.491 -9.726
K -37.818 40.166 -11.19
E -37.487 36.704 -12.823
R -36.95 33.726 -10.479
E -33.414 32.391 -10.938
F -31.766 29.035 -10.361
V -28.705 29.336 -8.107
A -27.419 25.804 -7.345
A -28.363 22.182 -6.943
I -26.932 19.2 -5.01
S -27.672 15.448 -5.171
W -28.376 14.074 -1.673
S -27.241 10.52 -2.583
T -24.032 11.441 -4.544
G -22.994 14.958 -3.363
S -22.567 16.295 -6.958
T -23.112 19.989 -7.379
Y -24.24 22.211 -10.25
Y -24.248 26.004 -10.345
G -26.479 28.179 -12.467
R -25.659 31.402 -14.387
S -26.889 33.732 -11.563
M -24.008 33.246 -9.034
K -21.16 31.431 -10.893
G -17.79 31.479 -9.075
R -19.71 33.069 -6.152
C -21.729 30.241 -4.471
A -21.157 26.704 -3.05
A -23.664 24.033 -2.0
S -23.03 21.283 0.545
R -24.914 18.535 2.323
D -24.657 17.007 5.833
N -26.71 13.982 6.948
A -27.696 14.25 9.872
K -27.747 17.2 10.477
N -30.004 16.433 7.397
T -29.129 19.981 6.233
V -28.144 21.536 2.856
A -25.982 24.642 3.052
L -25.719 27.37 0.423
Q -22.68 29.619 0.772
L -22.654 32.997 -1.044
N -19.535 35.155 -1.422
S -18.628 38.56 -2.978
L -22.327 39.546 -2.266
K -23.658 42.61 -4.105
P -27.013 44.543 -3.816
E -28.452 42.677 -6.829
D -28.166 39.347 -4.984
T -30.893 40.972 -2.827
A -33.845 38.54 -3.078
V -35.703 35.831 -1.151
Y -33.703 32.566 -1.314
Y -35.667 29.33 -1.741
C -34.765 25.69 -1.242
A -36.429 23.045 -3.48
A -36.491 19.22 -3.993
T -36.784 16.711 -6.947
L -35.914 13.152 -7.929
D -34.118 14.595 -11.016
W -30.681 15.859 -11.985
G -30.024 18.563 -13.295
K -33.165 20.659 -13.322
T -32.927 24.467 -13.36
L -36.608 25.474 -13.812
S -38.935 26.299 -10.872
D -41.566 24.179 -12.739
E -39.288 21.105 -12.553
Y -39.203 21.125 -8.679
D -41.94 19.4 -6.583
Y -41.345 20.471 -2.947
W -40.581 24.017 -1.774
G -39.456 25.914 1.31
Q -40.943 29.15 2.785
G -37.761 31.03 1.831
T -35.335 33.408 3.588
Q -34.708 37.092 2.788
V -31.19 38.232 1.949
T -30.623 42.003 1.876
V -27.272 43.304 0.543
S -26.341 47.037 0.842
X 0 0 0
X 0 0 0
X 0 0 0
X 0 0 0
X 0 0 0
X 0 0 0
X 0 0 0
X 0 0 0
X 0 0 0
X 0 0 0
X 0 0 0
X 0 0 0
X 0 0 0
X 0 0 0
X 0 0 0
X 0 0 0
X 0 0 0
X 0 0 0
X 0 0 0
X 0 0 0
X 0 0 0
X 0 0 0
