S 14.065 -37.628 -3.113
M 14.578 -38.129 0.642
A 17.979 -39.393 1.805
E 18.063 -41.828 4.738
V 19.678 -40.535 7.947
Q 22.714 -42.529 9.104
L 24.731 -42.22 12.313
L 27.543 -44.741 12.793
E 29.249 -44.741 16.206
S 32.83 -46.045 16.377
G 35.445 -46.565 19.089
G 34.7 -47.915 22.547
G 35.437 -51.3 24.069
L 36.877 -52.656 27.298
V 39.409 -50.823 29.471
Q 40.513 -50.479 33.125
P 39.623 -47.601 35.502
G 41.782 -44.569 34.675
G 41.836 -45.66 31.023
S 41.08 -43.641 27.9
L 38.903 -44.016 24.782
R 38.176 -41.965 21.647
L 34.645 -42.163 20.228
S 33.681 -41.153 16.688
C 30.436 -40.851 14.747
A 30.185 -40.611 10.964
A 27.044 -38.806 9.79
S 25.075 -38.69 6.525
G 21.51 -38.049 5.326
F 21.03 -34.588 6.871
S 22.834 -31.227 7.025
F 25.253 -32.096 9.843
S 26.8 -28.613 9.603
H 23.494 -27.046 10.708
S 22.691 -29.527 13.459
P 23.502 -29.494 17.18
M 25.004 -32.85 18.177
N 25.013 -34.942 21.357
W 26.442 -37.945 23.141
V 23.934 -39.861 25.232
R 24.619 -43.055 27.199
Q 22.477 -45.826 28.725
A 22.912 -48.825 31.027
P 20.172 -51.487 31.316
G 17.513 -50.75 33.952
K 18.675 -47.123 34.094
G 17.243 -44.422 31.812
L 18.947 -42.399 29.092
E 21.651 -40.063 30.393
W 22.857 -37.117 28.304
V 26.62 -36.663 28.341
S 27.598 -33.733 26.106
Y 26.219 -31.132 23.679
I 27.787 -29.092 20.864
S 26.228 -26.367 18.673
Y 26.523 -26.427 14.858
N 29.513 -24.038 14.813
S 30.945 -25.3 18.135
S 30.191 -21.927 19.78
S 28.112 -23.59 22.519
I 29.335 -26.666 24.419
Y 27.967 -28.38 27.539
Y 28.718 -31.453 29.652
A 26.954 -33.522 32.294
D 28.377 -32.839 35.774
S 29.497 -36.479 36.037
V 31.748 -36.069 32.97
K 33.105 -32.512 33.45
G 36.91 -32.384 33.325
R 37.137 -35.954 32.003
F 35.321 -35.95 28.644
T 35.778 -33.646 25.636
I 33.312 -33.184 22.774
S 34.284 -31.869 19.315
R 33.226 -31.978 15.659
D 34.497 -31.723 12.084
N 31.852 -30.432 9.669
S 33.921 -30.94 6.504
K 34.158 -34.64 7.402
N 30.668 -34.838 8.971
T 32.13 -36.434 12.117
L 31.437 -36.039 15.833
Y 34.091 -36.905 18.429
L 34.201 -37.681 22.145
Q 37.5 -37.937 24.014
M 36.969 -40.016 27.156
N 39.686 -39.71 29.811
S 40.09 -40.829 33.435
L 37.372 -43.46 32.902
R 35.578 -45.039 35.869
A 33.137 -47.948 36.413
E 30.103 -45.622 36.382
D 30.841 -44.665 32.751
T 29.958 -48.2 31.594
A 27.108 -47.893 29.065
V 26.119 -47.919 25.399
Y 27.092 -44.544 23.94
Y 24.778 -43.121 21.285
C 25.3 -40.136 19.041
A 22.05 -38.165 19.2
R 21.014 -35.432 16.777
G 19.504 -32.478 18.627
L 16.586 -30.253 17.695
T 17.794 -26.952 16.236
E 16.397 -24.769 19.023
S 17.344 -24.837 22.729
L 18.912 -28.05 24.14
E 16.38 -30.741 23.132
L 16.479 -34.381 22.074
T 13.724 -36.248 20.224
A 12.401 -39.826 20.381
D 12.461 -40.154 16.581
W 15.135 -42.872 16.725
F 15.402 -43.533 13.013
D 16.063 -39.906 12.034
Y 18.018 -38.628 15.045
W 19.842 -41.554 16.691
G 22.65 -43.969 15.896
Q 22.88 -47.639 16.881
G 25.466 -46.917 19.584
T 28.874 -48.166 20.68
L 29.653 -50.034 23.918
V 31.958 -48.607 26.589
T 32.96 -50.787 29.538
V 35.148 -49.918 32.518
S 36.103 -52.995 34.585
S 35.528 -53.534 38.326
X 0 0 0
X 0 0 0
X 0 0 0
X 0 0 0
X 0 0 0
X 0 0 0
X 0 0 0
X 0 0 0
X 0 0 0
X 0 0 0
X 0 0 0
X 0 0 0
X 0 0 0
