E -42.661 5.004 6.319
V -39.307 3.283 5.83
Q -36.273 5.438 6.689
L -32.71 5.789 8.018
V -31.881 8.077 10.957
E -28.235 9.048 11.525
S -26.476 10.894 14.342
G -23.054 11.693 15.785
G -20.109 13.361 14.065
G -18.84 16.933 14.251
L -15.384 18.415 14.836
V -12.36 16.774 16.463
Q -8.591 17.273 16.62
P -6.377 14.869 14.608
G -5.706 11.638 16.49
G -8.992 12.124 18.32
S -12.1 9.973 17.975
L -15.821 10.087 17.167
R -18.77 7.704 17.078
L -21.474 7.589 14.404
S -24.849 5.934 14.962
C -27.477 4.802 12.46
A -30.972 3.614 13.408
A -33.424 2.14 10.881
S -37.19 1.945 11.312
G -38.842 -0.426 8.851
F -36.127 -3.106 8.779
T -34.441 -5.711 10.908
L -30.755 -4.826 10.528
D -29.521 -8.444 10.657
Y -31.446 -9.27 7.463
Y -29.305 -6.761 5.567
S -25.838 -5.402 4.972
I -25.749 -2.118 6.855
G -22.939 0.329 7.183
W -21.172 3.481 6.147
F -19.511 4.879 3.091
R -18.089 8.391 2.844
Q -17.646 11.194 0.349
A -15.728 14.463 0.324
P -16.775 17.244 -2.082
G -15.354 16.923 -5.602
K -14.004 13.439 -4.838
E -15.117 9.864 -5.495
R -16.883 7.687 -2.932
E -14.706 5.775 -0.495
G -15.647 2.68 1.464
V -15.677 2.715 5.251
S -17.422 -0.187 6.947
C -20.178 -2.793 6.744
I -21.857 -5.164 9.201
S -23.981 -8.084 8.099
D -26.201 -11.075 8.985
S -26.885 -12.902 12.257
D -23.298 -13.325 13.462
G -22.576 -9.709 12.544
R -19.811 -10.331 10.02
T -17.777 -7.141 9.656
Y -16.039 -5.587 6.66
Y -13.643 -2.618 6.576
A -11.935 -0.477 3.946
D -8.153 -0.873 3.782
S -7.831 2.849 4.466
V -9.594 2.539 7.847
K -8.712 -1.068 8.773
G -7.473 -1.408 12.349
R -8.543 2.154 13.068
F -12.348 2.031 12.803
T -14.755 -0.42 14.452
I -18.376 -1.142 13.477
S -20.847 -2.83 15.852
R -24.575 -3.577 16.14
D -27.294 -3.355 18.778
N -30.132 -5.606 17.608
A -32.488 -4.596 20.416
K -32.213 -0.92 19.494
N -32.066 -1.917 15.814
T -29.064 0.394 15.581
V -25.597 0.114 14.066
Y -22.602 2.058 15.399
L -19.284 3.177 13.918
Q -16.466 3.893 16.359
M -13.903 6.138 14.665
N -10.529 6.247 16.439
S -7.19 7.882 15.542
L -8.89 10.22 13.07
K -6.827 11.676 10.193
P -7.278 14.755 7.979
E -8.1 12.512 4.999
D -10.914 10.971 7.062
T -12.736 14.302 6.665
A -15.91 13.678 4.652
V -19.668 13.248 4.776
Y -20.456 9.779 6.072
Y -23.566 8.058 4.758
C -25.296 5.152 6.47
A -26.472 2.686 3.842
T -28.319 -0.551 3.196
D -26.873 -3.188 0.85
C -23.644 -1.825 2.246
T -20.331 -2.722 0.642
V -16.723 -1.701 1.141
D -15.508 -3.077 -2.196
P -13.69 -0.175 -3.898
S -15.174 -1.236 -7.252
L -18.81 -1.413 -6.078
L -19.321 1.657 -3.87
Y -21.822 3.224 -6.276
V -24.021 0.151 -5.97
M -25.304 1.745 -2.733
D -28.25 3.991 -3.703
Y -30.373 3.581 -0.578
Y -28.743 5.611 2.188
G -29.674 8.014 4.959
K -27.906 11.279 4.021
G -25.072 13.068 5.735
T -23.337 12.922 9.015
Q -20.531 15.462 8.625
V -17.08 14.529 9.904
T -14.271 17.114 9.911
V -10.729 16.467 11.156
S -8.182 19.32 11.12
S -5.669 21.17 13.306
X 0 0 0
X 0 0 0
X 0 0 0
X 0 0 0
X 0 0 0
X 0 0 0
X 0 0 0
X 0 0 0
X 0 0 0
X 0 0 0
X 0 0 0
X 0 0 0
X 0 0 0
X 0 0 0
X 0 0 0
X 0 0 0
X 0 0 0
