V 13.747 -41.82 1.1
Q 13.708 -41.078 -2.638
L 11.748 -38.873 -5.049
V 10.494 -39.905 -8.509
E 9.182 -37.367 -11.057
T 6.347 -38.411 -13.396
G 3.681 -36.712 -15.514
G 5.955 -34.973 -18.001
G 5.038 -34.826 -21.678
L 4.23 -32.923 -24.867
V 1.635 -30.125 -24.951
Q 0.497 -27.032 -26.885
P 0.999 -23.411 -25.745
G -1.684 -22.543 -23.191
G -2.033 -26.232 -22.399
S -1.917 -27.749 -18.915
L 0.034 -30.538 -17.219
T 0.36 -32.204 -13.802
L 3.687 -33.627 -12.602
S 4.157 -35.857 -9.554
C 6.967 -36.077 -7.027
A 6.595 -39.44 -5.311
G 8.326 -40.336 -2.046
S 9.219 -43.993 -1.554
G 11.443 -45.303 1.251
G 9.873 -43.106 3.906
T 7.69 -40.083 4.593
L 8.304 -36.66 3.034
E 5.962 -35.149 5.655
H 8.526 -32.91 7.406
Y 10.835 -32.438 4.418
A 10.641 -29.446 2.126
I 10.089 -30.316 -1.513
G 10.802 -28.027 -4.419
W 10.682 -28.021 -8.176
F 13.522 -26.885 -10.401
R 13.624 -26.948 -14.187
Q 16.476 -26.881 -16.659
A 15.907 -25.416 -20.093
P 18.409 -26.404 -22.8
G 21.522 -24.218 -22.83
K 20.494 -22.805 -19.439
E 21.222 -23.624 -15.788
H 18.54 -25.052 -13.487
E 16.07 -22.451 -12.243
W 13.892 -22.683 -9.155
L 10.096 -22.614 -9.385
V 8.325 -23.717 -6.219
C 9.108 -24.375 -2.576
N 6.545 -26.583 -0.832
R 6.833 -26.785 2.958
G 3.716 -28.911 3.481
E 1.933 -28.334 6.792
Y 5.017 -26.645 8.284
G 4.782 -23.507 6.161
S 3.468 -21.679 3.105
T 4.279 -22.597 -0.504
V 6.508 -20.053 -2.25
Y 6.399 -19.351 -5.983
V 9.029 -17.782 -8.21
D 7.61 -14.666 -9.919
S 7.382 -15.924 -13.535
V 5.161 -18.898 -12.652
K 2.906 -16.952 -10.276
G -0.729 -17.429 -11.259
R 0.313 -20.251 -13.585
F 1.968 -23.091 -11.658
T 0.337 -24.609 -8.562
A 1.845 -27.046 -6.046
S 0.111 -29.25 -3.458
R 0.675 -32.339 -1.303
D -1.125 -35.525 -0.426
N 0.375 -36.846 2.81
A -1.348 -40.236 2.615
K 0.011 -40.671 -0.903
N 3.421 -39.248 0.072
T 3.345 -37.216 -3.151
V 3.945 -33.598 -4.201
Y 2.232 -32.276 -7.34
L 3.092 -29.44 -9.695
Q 0.12 -28.278 -11.736
L 1.351 -26.583 -14.913
N -1.081 -24.104 -16.501
S -1.196 -21.694 -19.441
L 2.02 -23.31 -20.653
K 4.62 -21.521 -22.804
P 7.498 -22.679 -25.039
D 9.67 -20.787 -22.535
D 8.682 -23.445 -20.006
T 10.128 -26.303 -22.073
G 12.736 -28.294 -20.15
I 13.331 -31.098 -17.664
Y 11.594 -30.648 -14.297
Y 13.153 -32.002 -11.1
C 11.706 -32.437 -7.646
V 14.329 -32.284 -4.913
S 14.266 -31.698 -1.19
G 15.47 -28.108 -1.098
C 14.476 -24.59 -2.16
Y 15.628 -21.55 -4.165
S 19.055 -23.081 -4.699
W 20.218 -26.55 -5.695
R 23.623 -27.956 -6.636
G 22.115 -31.419 -6.577
P 21.784 -34.216 -6.317
W 19.273 -34.522 -9.091
G 17.672 -36.826 -10.059
Q 16.085 -38.033 -13.282
G 13.4 -35.42 -13.793
T 10.529 -35.622 -16.267
Q 10.384 -34.042 -19.723
V 8.064 -31.097 -20.389
T 7.869 -29.843 -23.977
V 5.443 -27.186 -25.183
S 5.232 -26.263 -28.871
X 0 0 0
X 0 0 0
X 0 0 0
X 0 0 0
X 0 0 0
X 0 0 0
X 0 0 0
X 0 0 0
X 0 0 0
X 0 0 0
X 0 0 0
X 0 0 0
X 0 0 0
X 0 0 0
X 0 0 0
X 0 0 0
X 0 0 0
X 0 0 0
X 0 0 0
X 0 0 0
X 0 0 0
X 0 0 0
X 0 0 0
X 0 0 0
X 0 0 0
