Q -1.97 31.387 8.483
V -5.267 29.482 8.309
Q -6.995 29.023 4.931
L -10.488 27.915 3.876
V -11.389 27.146 0.255
E -14.604 25.435 -0.891
S -15.129 23.557 -4.154
G -17.691 21.242 -5.741
G -20.541 23.725 -6.108
G -22.593 24.137 -9.263
L -26.052 23.608 -10.72
V -28.314 20.569 -10.432
Q -31.959 19.514 -10.691
A -34.355 18.712 -7.864
G -33.342 15.235 -6.731
G -29.817 15.745 -8.067
S -26.543 15.372 -6.179
L -23.386 17.329 -5.263
S -20.107 16.739 -3.415
L -18.695 19.698 -1.476
S -15.102 20.065 -0.296
C -13.309 22.606 1.875
A -9.521 22.762 1.647
A -8.121 23.964 4.955
S -4.506 24.783 5.77
G -2.485 26.325 8.577
G -3.232 25.941 12.272
D -3.925 22.546 13.795
F -6.843 21.162 11.826
S -7.15 17.773 13.503
R -7.975 19.566 16.768
N -10.442 22.098 15.279
A -14.261 21.995 15.35
M -15.947 22.594 11.982
A -19.313 23.37 10.389
W -21.104 24.242 7.146
F -23.438 27.225 6.833
R -25.363 28.638 3.883
Q -26.906 31.944 2.855
A -29.433 32.816 0.155
P -29.915 36.475 -0.833
G -32.679 38.151 1.173
K -32.459 35.295 3.653
E -30.684 35.142 6.997
R -27.583 32.94 7.203
E -28.638 29.485 8.395
F -26.771 26.625 10.075
V -26.411 23.426 8.033
A -24.102 20.799 9.567
S -21.449 20.599 12.287
I -18.729 18.04 13.047
N -16.304 17.757 15.981
W -12.541 17.206 15.818
T -12.701 13.414 16.044
G -14.342 11.502 13.26
S -17.796 11.439 14.765
G -20.201 13.53 16.562
T -22.371 15.454 14.122
Y -25.416 17.672 13.897
Y -27.705 18.761 11.114
L -30.44 21.209 10.274
D -33.441 18.88 10.305
S -34.563 19.98 6.837
V -31.313 18.451 5.56
K -31.313 15.541 8.005
G -30.782 12.258 6.166
R -30.305 14.085 2.87
F -26.938 15.629 3.792
T -23.761 14.116 5.242
I -20.837 16.055 6.724
S -17.401 14.464 7.131
R -13.699 15.293 7.435
D -10.253 13.871 6.739
N -7.808 15.075 9.389
A -4.893 13.726 7.356
K -6.0 15.585 4.227
N -6.886 18.751 6.126
A -10.296 18.56 4.461
L -13.977 19.0 5.297
Y -16.756 17.461 3.193
L -20.458 17.978 2.568
Q -22.457 15.372 0.651
M -25.82 16.566 -0.69
N -28.099 13.96 -2.254
N -31.832 14.468 -2.687
L -31.713 18.118 -3.582
K -34.469 20.693 -3.414
P -35.059 24.313 -4.523
E -34.859 25.316 -0.837
D -31.269 24.115 -0.777
T -30.236 26.851 -3.215
A -27.741 29.194 -1.535
V -24.084 30.154 -1.284
Y -22.482 27.504 0.932
Y -19.703 28.48 3.366
C -17.329 26.347 5.437
A -16.34 27.684 8.879
R -13.562 26.806 11.32
S -12.827 27.247 15.012
T -9.152 27.065 15.903
V -9.997 27.568 19.571
F -12.419 24.646 19.822
A -12.186 20.934 19.061
E -15.912 20.561 19.632
I -18.956 22.794 19.999
T -22.384 21.417 20.903
G -25.605 22.753 22.382
L -26.975 26.132 21.319
A -23.535 27.584 20.56
G -23.008 24.977 17.839
Y -25.388 26.703 15.425
Q -24.082 30.228 15.965
S -21.944 31.725 13.203
G -20.321 33.723 15.991
S -18.597 30.684 17.501
Y -16.442 30.113 14.423
D -13.547 32.494 13.715
Y -12.475 31.429 10.192
W -14.667 31.325 7.093
G -14.236 30.35 3.446
Q -14.992 32.352 0.306
G -18.135 30.332 -0.384
T -19.45 28.276 -3.29
Q -22.752 28.75 -5.123
V -25.364 25.989 -5.174
T -28.362 26.368 -7.49
V -31.078 23.723 -7.933
S -33.578 23.789 -10.804
S -37.178 22.746 -11.496
X 0 0 0
X 0 0 0
X 0 0 0
X 0 0 0
X 0 0 0
X 0 0 0
X 0 0 0
X 0 0 0
X 0 0 0
X 0 0 0
X 0 0 0
