Q -15.465 40.635 6.099
V -18.804 41.232 4.298
Q -21.941 43.254 4.933
L -25.261 41.63 4.055
Q -28.518 43.556 3.73
E -31.752 41.546 3.536
S -34.967 43.226 2.412
G -38.477 42.534 1.126
G -39.91 40.834 4.202
G -43.522 41.546 5.004
L -47.12 40.525 5.368
V -48.806 38.425 2.652
Q -51.692 35.926 2.328
A -51.444 32.197 1.569
G -51.249 31.456 -2.155
A -49.347 34.526 -3.396
S -45.704 35.23 -4.283
L -43.226 37.311 -2.294
K -39.535 37.849 -3.186
L -36.587 38.755 -0.942
S -33.276 40.566 -1.589
C -29.801 40.141 -0.205
A -27.49 43.09 -0.949
A -23.757 42.732 -0.268
S -20.732 44.981 0.338
G -17.662 45.275 -1.892
R -16.77 44.879 -5.556
T -16.009 41.145 -5.285
F -19.508 39.637 -4.85
S -18.818 37.082 -7.611
S -16.525 35.277 -5.147
Y -19.311 34.346 -2.72
A -21.254 31.131 -2.332
M -24.549 32.2 -0.929
G -27.43 30.729 1.122
W -30.951 31.323 2.434
F -32.064 30.073 5.855
R -35.219 30.546 7.986
Q -36.101 30.642 11.674
A -39.814 30.118 12.379
P -41.713 31.684 15.313
G -39.958 29.734 18.102
K -38.093 27.136 15.984
E -34.362 26.767 15.222
R -33.036 27.736 11.787
E -33.581 25.533 8.737
F -31.899 25.588 5.301
V -34.137 26.947 2.516
A -32.083 27.3 -0.704
A -28.465 27.885 -1.783
I -26.711 29.21 -4.873
S -23.164 28.604 -6.173
R -20.787 31.571 -6.63
S -21.723 31.662 -10.298
G -25.335 30.653 -10.154
G -26.051 27.81 -12.56
D -25.833 25.588 -9.455
T -28.738 25.75 -7.014
K -29.685 23.474 -4.159
Y -33.102 23.553 -2.443
A -34.496 22.178 0.821
D -36.746 19.115 0.475
S -39.752 21.289 1.501
V -39.698 24.511 -0.548
K -38.305 22.788 -3.634
G -40.2 23.451 -6.853
R -41.91 26.586 -5.504
F -38.881 28.601 -4.291
A -36.42 30.05 -6.802
I -32.873 31.188 -5.905
S -30.995 33.477 -8.318
R -28.13 36.0 -8.427
D -26.68 38.914 -10.352
N -22.967 39.332 -9.545
D -23.018 42.969 -10.79
K -25.944 44.124 -8.694
N -24.405 42.351 -5.678
T -27.779 40.734 -4.977
V -29.151 37.303 -4.139
W -32.897 36.945 -4.544
L -35.522 34.547 -3.316
R -38.737 33.941 -5.303
M -41.238 32.279 -3.013
N -44.387 31.097 -4.802
S -47.655 29.474 -3.674
L -46.926 30.354 -0.06
K -48.228 27.939 2.578
P -49.092 29.098 6.113
E -46.045 27.056 7.164
D -43.844 29.563 5.254
T -44.103 31.911 8.255
A -40.503 32.542 9.295
V -37.57 34.928 9.75
Y -35.36 34.907 6.666
Y -31.624 35.641 6.629
C -28.963 35.25 3.953
A -25.444 34.13 4.749
A -22.176 34.036 2.789
T -18.735 32.416 2.506
T -15.744 32.805 0.189
Y -14.451 29.259 0.67
A -16.169 27.723 -2.331
S -15.594 26.62 -5.897
L -17.598 28.417 -8.576
S -19.955 25.4 -8.677
D -20.045 24.786 -4.88
T -23.332 24.73 -2.956
Y -23.436 24.553 0.87
I -26.363 23.288 2.984
G -25.065 23.547 6.55
E -25.423 26.845 8.363
H -22.065 26.175 10.086
I -20.229 26.752 6.835
Y -21.193 30.411 6.302
D -18.747 32.953 7.765
D -21.025 36.014 7.408
W -24.707 36.826 8.002
G -27.514 39.363 7.949
Q -29.896 40.538 10.673
G -33.111 39.251 9.081
T -36.394 39.817 7.231
Q -39.884 38.801 8.381
V -42.511 36.732 6.525
T -46.158 36.156 7.569
V -48.697 33.992 5.677
S -52.428 33.627 6.484
X 0 0 0
X 0 0 0
X 0 0 0
X 0 0 0
X 0 0 0
X 0 0 0
X 0 0 0
X 0 0 0
X 0 0 0
X 0 0 0
X 0 0 0
X 0 0 0
X 0 0 0
X 0 0 0
