Q 120.874 15.621 18.304
V 123.226 15.687 15.288
Q 121.583 16.245 11.897
L 122.746 16.421 8.291
V 120.107 18.083 6.081
E 120.222 18.035 2.265
S 118.655 20.707 0.043
G 118.72 21.697 -3.641
G 117.353 18.473 -5.136
G 114.389 17.956 -7.462
L 113.83 17.869 -11.222
A 116.299 19.036 -13.887
Q 116.9 18.613 -17.625
A 119.844 16.72 -19.147
G 122.86 18.974 -19.787
G 121.741 21.349 -17.016
S 122.961 22.027 -13.467
L 122.0 21.479 -9.821
R 123.688 22.373 -6.529
L 123.111 20.292 -3.409
S 123.822 21.655 0.067
C 124.203 19.604 3.224
A 123.926 21.657 6.407
A 125.24 19.96 9.534
S 124.188 20.856 13.088
G 124.702 19.699 16.692
R 128.434 18.998 16.309
T 131.379 20.606 14.475
F 132.667 18.632 11.467
S 135.808 20.664 10.697
M 138.116 17.719 11.525
D 136.158 15.087 9.548
P 135.938 14.14 5.865
M 132.48 14.737 4.389
A 130.971 12.912 1.417
W 128.106 12.409 -1.031
F 126.57 9.033 -1.867
R 123.61 8.139 -4.099
Q 121.003 5.377 -4.361
P 119.621 4.718 -7.88
P 116.242 2.888 -8.138
G 116.545 -0.843 -7.362
K 120.311 -0.645 -6.755
E 122.45 -0.246 -3.61
R 123.953 2.993 -2.245
E 127.087 4.074 -4.161
F 129.996 6.513 -3.695
V 129.93 9.861 -5.545
A 132.43 12.231 -3.891
A 134.383 12.969 -0.693
G 136.426 15.904 0.596
S 139.14 16.251 3.258
S 138.718 18.218 6.496
T 140.013 21.534 5.044
G 138.488 20.845 1.609
R 141.93 20.652 -0.048
T 141.852 16.953 -1.047
T 138.955 15.443 -3.029
Y 137.956 12.022 -4.456
Y 135.335 11.219 -7.133
A 133.537 8.237 -8.643
D 134.72 7.659 -12.223
S 131.146 8.283 -13.435
V 131.03 11.866 -12.125
K 134.671 12.978 -12.516
G 134.867 16.361 -14.259
R 131.101 16.944 -13.992
F 130.61 16.999 -10.196
T 132.572 19.101 -7.682
I 132.566 18.737 -3.889
S 133.418 21.711 -1.679
R 132.893 22.82 1.916
D 132.527 25.852 4.164
N 133.574 24.888 7.7
A 132.453 28.236 9.14
K 128.945 27.207 8.006
N 129.387 23.504 8.893
T 128.219 22.769 5.321
V 129.338 20.602 2.379
Y 128.24 21.166 -1.243
L 127.906 19.123 -4.434
Q 127.924 21.125 -7.673
M 126.324 18.879 -10.299
N 127.061 19.985 -13.888
S 126.351 18.347 -17.288
L 123.512 16.261 -15.811
K 122.652 12.885 -17.367
P 119.602 10.566 -17.021
E 122.0 8.13 -15.304
D 122.408 10.609 -12.418
T 118.779 10.061 -11.32
A 118.993 8.892 -7.686
V 118.374 9.708 -4.029
Y 121.472 11.637 -2.889
Y 122.784 11.363 0.684
C 125.373 13.49 2.459
A 127.59 11.767 5.027
A 130.374 12.556 7.493
A 133.136 10.902 9.562
P 133.982 7.586 7.816
Y 134.95 4.674 10.103
G 135.867 2.097 7.447
A 139.308 1.629 5.877
N 138.856 4.382 3.253
W 136.423 7.158 2.238
Y 134.929 5.166 -0.688
R 133.341 2.642 1.707
D 129.707 2.995 2.785
E 130.712 3.172 6.471
Y 130.114 6.66 7.884
A 129.125 7.752 11.396
Y 126.557 10.338 10.252
W 124.036 10.269 7.4
G 121.618 12.788 5.899
Q 117.937 12.111 5.161
G 118.446 12.072 1.38
T 117.21 14.305 -1.437
Q 115.565 13.071 -4.641
V 117.225 14.06 -7.926
T 115.464 13.286 -11.212
V 117.001 13.996 -14.627
S 114.851 13.896 -17.789
S 115.962 13.162 -21.37
X 0 0 0
X 0 0 0
X 0 0 0
X 0 0 0
X 0 0 0
X 0 0 0
X 0 0 0
X 0 0 0
X 0 0 0
X 0 0 0
X 0 0 0
X 0 0 0
X 0 0 0
X 0 0 0
X 0 0 0
X 0 0 0
X 0 0 0
