V -14.651 16.217 112.058
K -11.622 17.651 113.903
L -8.509 15.558 114.605
E -6.053 16.426 117.376
E -2.663 14.7 117.494
S -0.63 13.986 120.628
G 2.557 12.264 121.762
G 5.372 13.733 119.661
G 8.981 14.246 120.647
L 12.345 12.503 120.79
V 13.395 8.904 121.41
Q 16.675 6.961 121.209
A 16.993 4.346 118.448
G 15.422 1.025 119.495
G 13.028 2.922 121.804
S 9.207 3.17 121.727
L 6.735 6.048 121.292
R 2.917 6.173 121.13
L 1.064 8.756 119.025
S -2.608 9.636 119.548
C -5.196 10.911 117.077
A -8.318 12.097 118.885
A -11.554 13.132 117.125
S -14.182 15.642 118.254
E -17.215 13.544 117.247
R -18.422 9.933 117.227
T -18.763 9.784 113.396
F -14.968 9.172 113.373
S -15.661 5.612 114.549
R -17.504 4.811 111.281
Y -14.419 5.343 109.085
P -10.951 3.941 108.376
V -8.101 6.051 109.742
A -4.503 6.116 108.564
W -1.116 7.459 109.581
F 1.131 9.136 106.993
R 4.62 10.633 107.602
Q 6.496 13.439 105.867
A 10.142 14.48 105.721
P 10.771 18.227 105.106
G 9.862 19.137 101.506
A 9.048 15.482 100.719
E 5.675 13.797 100.077
R 3.354 12.353 102.767
E 4.119 8.622 102.684
F 1.83 5.817 103.879
V 2.567 4.187 107.255
A -0.519 2.298 108.447
V -4.322 2.166 108.227
I -7.028 0.688 110.476
S -10.592 -0.289 109.543
S -13.661 1.383 111.086
T -14.158 -1.896 112.987
G -10.692 -1.601 114.52
T -9.794 -5.225 113.711
S -8.404 -5.034 110.152
T -5.071 -3.273 109.575
Y -2.487 -2.71 106.806
Y 1.136 -1.655 107.297
A 3.855 -0.286 105.032
D 6.334 -3.152 104.641
S 9.029 -1.01 106.306
V 7.117 -0.837 109.637
K 5.247 -4.168 109.787
G 6.253 -5.974 112.988
R 7.49 -2.747 114.619
F 4.451 -0.425 114.514
T 0.898 -1.224 115.695
I -2.156 0.832 114.741
S -5.224 0.515 117.022
R -8.313 2.457 118.105
D -10.346 3.042 121.279
N -14.027 3.51 120.467
A -14.893 4.969 123.893
K -12.156 7.581 123.46
V -12.798 8.039 119.703
T -9.0 7.866 119.372
V -6.625 6.044 116.99
Y -3.111 5.23 118.182
L 0.204 4.477 116.531
Q 2.403 2.428 118.846
M 5.954 2.654 117.503
N 8.488 0.101 118.751
N 12.113 -0.616 117.759
L 12.403 2.892 116.34
K 15.083 3.617 113.706
R 16.682 6.761 112.247
E 14.541 6.303 109.103
D 11.374 6.82 111.199
T 12.227 10.472 111.921
A 9.499 12.554 110.275
V 6.348 14.582 110.848
Y 3.451 12.211 111.447
F -0.13 12.902 110.322
C -3.393 11.084 111.018
A -6.267 11.273 108.529
V -9.788 9.997 107.848
N -10.929 8.384 104.547
S -14.725 8.565 104.642
Q -15.084 6.957 101.184
R -13.171 3.826 102.342
T -11.354 3.954 98.978
R -7.699 3.484 97.916
L -6.461 3.744 101.512
Q -2.732 4.013 100.616
D -3.323 7.277 98.762
P -3.22 10.498 100.881
N -5.261 12.29 98.207
E -8.27 10.116 99.113
Y -8.352 11.37 102.726
D -10.755 14.216 103.498
Y -9.81 15.22 107.085
W -6.29 15.676 108.484
G -4.693 16.123 111.916
Q -2.184 18.94 112.437
G 1.041 16.893 112.216
T 3.584 16.211 114.955
Q 7.368 15.789 114.916
V 8.926 12.437 115.792
T 12.73 12.388 116.133
V 14.783 9.235 116.564
S 18.341 10.076 117.58
S 21.56 8.324 118.626
X 0 0 0
X 0 0 0
X 0 0 0
X 0 0 0
X 0 0 0
X 0 0 0
X 0 0 0
X 0 0 0
X 0 0 0
X 0 0 0
X 0 0 0
X 0 0 0
X 0 0 0
X 0 0 0
X 0 0 0
X 0 0 0
X 0 0 0
