V 47.473 -87.6 79.28
Q 45.817 -87.727 82.741
L 42.505 -89.17 81.563
Q 42.87 -92.276 79.413
E 40.013 -93.908 77.45
S 39.643 -97.482 76.184
G 37.107 -99.892 74.733
G 34.901 -99.029 71.799
G 35.766 -99.318 68.13
L 33.502 -100.882 65.532
V 30.275 -102.568 66.604
P 27.128 -103.622 64.715
A 23.789 -101.865 65.218
G 22.056 -103.243 68.335
G 25.48 -104.293 69.655
S 27.304 -103.472 72.884
L 30.505 -101.8 74.1
R 32.111 -100.958 77.392
L 34.213 -97.827 77.63
S 36.494 -97.129 80.528
C 38.333 -93.988 81.611
V 41.325 -94.435 83.934
D 42.286 -91.385 86.022
S 46.031 -90.984 86.519
G 45.556 -88.276 89.194
R 49.014 -86.817 88.408
F 43.636 -82.359 88.669
S 41.608 -83.46 91.729
S 38.124 -84.091 90.357
T 34.927 -84.96 92.227
V 32.879 -85.497 89.064
M 33.436 -87.612 85.962
A 31.514 -87.434 82.7
W 31.262 -88.739 79.163
F 30.762 -86.466 76.181
R 30.678 -87.475 72.508
Q 31.4 -85.543 69.294
A 30.738 -86.526 65.693
P 32.511 -84.74 62.789
G 30.801 -81.419 62.049
K 28.46 -81.672 65.053
E 28.699 -79.899 68.412
R 29.971 -81.796 71.449
E 27.174 -83.709 73.173
F 26.822 -84.439 76.868
V 26.204 -88.145 77.535
A 26.446 -89.041 81.256
T 27.825 -87.812 84.564
I 28.69 -89.289 87.948
R 29.949 -88.367 91.456
W 32.992 -90.316 92.69
S 31.472 -90.419 96.185
G 27.822 -91.516 96.389
G 27.842 -92.539 92.726
N 24.891 -90.317 91.804
T 24.296 -90.328 88.042
Y 22.591 -88.16 85.42
Y 22.031 -88.956 81.717
A 21.184 -87.223 78.446
D 17.655 -88.039 77.294
S 18.98 -89.508 74.02
V 20.861 -92.113 76.053
K 18.652 -93.169 79.027
G 17.813 -96.855 79.397
R 20.697 -97.839 77.085
F 23.876 -96.348 78.629
T 25.061 -96.73 82.22
I 27.91 -94.729 83.679
S 29.5 -96.333 86.732
R 32.653 -95.931 88.807
D 35.149 -98.023 90.76
N 36.877 -95.938 93.445
A 39.671 -98.312 94.468
R 40.605 -98.393 90.749
N 40.013 -94.73 89.853
T 38.167 -95.929 86.764
V 34.87 -94.786 85.292
Y 32.931 -96.929 82.808
L 30.299 -96.411 80.142
Q 28.235 -99.498 79.35
M 26.68 -98.866 75.933
N 23.755 -101.147 75.018
S 21.395 -101.177 72.008
L 23.786 -98.978 70.03
K 22.361 -97.124 67.043
P 24.194 -95.416 64.134
E 23.403 -92.035 65.745
D 25.678 -93.123 68.628
T 28.731 -92.947 66.284
A 31.289 -90.441 67.577
V 34.534 -89.917 69.408
Y 33.708 -90.38 73.104
Y 35.563 -88.295 75.693
C 35.669 -88.581 79.443
A 36.126 -85.406 81.447
G 36.73 -84.619 85.097
G 36.038 -81.675 87.387
T 33.935 -80.403 90.284
Y 30.854 -79.263 88.403
Y 28.041 -81.817 88.408
G 26.123 -81.248 85.178
T 25.993 -80.86 81.412
L 28.234 -77.884 80.51
S 31.436 -78.948 78.737
Y 33.367 -75.778 79.65
K 32.641 -76.334 83.391
Y 34.882 -79.457 83.273
D 38.593 -79.116 84.161
F 40.374 -81.791 82.134
W 39.724 -84.128 79.196
G 40.952 -87.395 77.731
R 41.985 -87.541 74.061
G 38.941 -89.552 73.004
T 38.101 -93.041 71.778
Q 36.308 -93.622 68.46
V 33.01 -95.478 68.519
T 31.605 -96.533 65.142
V 28.151 -98.091 65.03
S 27.497 -99.8 61.717
S 24.284 -98.59 60.083
H 24.495 -101.203 57.354
H 25.792 -104.221 59.337
H 23.501 -105.722 62.002
X 0 0 0
X 0 0 0
X 0 0 0
X 0 0 0
X 0 0 0
X 0 0 0
X 0 0 0
X 0 0 0
X 0 0 0
X 0 0 0
X 0 0 0
X 0 0 0
X 0 0 0
X 0 0 0
X 0 0 0
X 0 0 0
X 0 0 0
