M 57.276 53.418 5.884
Q 57.122 49.85 7.174
V 53.912 47.804 7.076
Q 51.555 47.905 10.125
L 49.193 45.129 11.132
V 45.986 45.538 13.162
E 43.901 42.478 14.057
S 40.161 42.524 14.867
G 37.246 40.097 15.098
G 38.136 38.498 18.424
G 35.659 37.977 21.214
L 33.855 35.486 23.394
V 31.944 32.506 22.003
Q 30.627 29.261 23.519
A 32.198 26.076 22.256
G 30.813 25.13 18.819
G 30.549 28.707 17.655
S 32.551 30.648 15.097
L 34.629 33.773 14.8
R 36.247 35.532 11.789
R 36.249 35.507 11.805
L 39.487 37.301 12.569
S 40.695 39.95 10.169
C 44.006 41.774 9.912
A 44.202 45.093 8.087
A 47.665 46.052 6.711
S 48.668 49.709 6.236
G 51.77 51.43 4.809
R 52.699 48.774 2.235
T 50.802 46.543 -0.16
L 49.871 43.333 1.629
S 50.531 41.346 -1.577
S 54.211 41.9 -0.819
Y 54.076 39.593 2.229
A 53.511 35.993 3.155
V 51.176 36.003 6.215
G 50.779 33.75 9.205
W 48.451 33.502 12.165
F 49.848 32.425 15.487
R 48.276 32.121 18.959
Q 49.495 32.212 22.564
A 47.755 31.461 25.804
P 49.251 32.663 29.151
G 52.347 30.755 30.175
L 52.362 28.566 27.071
E 54.39 28.44 23.919
R 53.264 30.509 20.979
E 51.722 28.133 18.436
F 51.574 28.25 14.646
V 47.922 28.281 13.341
A 48.0 28.954 9.557
T 49.941 30.616 6.808
I 49.222 31.799 3.238
S 51.534 32.734 0.351
R 51.574 36.192 -1.317
S 49.479 34.879 -4.258
G 46.97 33.171 -1.94
G 47.731 29.969 -3.872
S 49.489 28.063 -1.087
T 48.368 27.534 2.554
H 49.237 25.417 5.425
Y 47.536 24.643 8.779
A 48.338 23.269 12.118
D 47.058 19.727 12.481
S 44.806 20.769 15.423
V 42.868 23.334 13.367
K 42.765 21.724 9.941
G 39.237 21.389 8.603
R 37.968 23.945 11.132
F 39.922 27.101 10.246
T 40.488 28.761 6.879
I 43.077 31.386 6.139
S 42.447 33.635 3.202
R 43.523 36.979 1.936
D 42.118 39.874 -0.099
N 45.108 41.672 -1.486
A 42.895 44.343 -3.105
K 41.583 45.419 0.332
N 45.007 44.803 2.008
T 43.341 42.418 4.516
V 43.91 38.854 5.623
Y 41.357 36.593 7.367
L 41.134 33.619 9.628
Q 37.748 31.918 9.612
M 37.457 29.909 12.824
N 34.568 27.395 12.916
S 33.645 24.673 15.431
L 35.636 26.434 18.116
K 36.877 24.553 21.213
P 38.19 25.679 24.612
E 41.63 24.532 23.452
D 41.466 27.408 20.922
T 41.35 30.076 23.593
A 44.441 32.371 23.218
V 45.56 35.755 21.983
Y 45.755 35.49 18.125
Y 48.426 37.426 16.24
C 48.822 38.133 12.534
A 52.407 38.318 11.214
A 53.815 39.307 7.819
T 57.176 38.796 6.138
F 58.535 39.625 2.715
T 59.434 36.86 0.327
P 60.21 37.084 -3.416
D 58.493 33.807 -4.241
G 54.673 34.056 -4.524
S 54.043 30.462 -3.351
W 56.276 30.348 -0.288
Y 54.861 30.386 3.196
Y 56.268 30.249 6.744
T 55.14 28.189 9.726
R 57.774 29.44 12.255
G 57.256 32.703 14.089
S 61.0 33.418 13.827
S 60.493 33.757 10.067
Y 58.291 36.802 10.419
D 59.43 40.448 10.66
Y 56.142 42.24 11.374
W 53.442 41.48 13.916
G 50.051 42.767 14.986
Q 49.075 43.654 18.559
G 46.952 40.5 18.935
T 43.208 39.885 19.494
Q 41.833 37.788 22.354
V 39.772 34.74 21.454
T 37.923 33.123 24.333
V 35.955 29.926 23.909
S 33.797 28.995 26.855
S 33.235 25.453 27.985
X 0 0 0
X 0 0 0
X 0 0 0
X 0 0 0
X 0 0 0
X 0 0 0
X 0 0 0
X 0 0 0
X 0 0 0
X 0 0 0
X 0 0 0
