M 25.324 -37.533 -21.027
A 22.068 -39.171 -19.874
E 19.77 -37.267 -17.503
V 19.998 -38.215 -13.815
Q 18.058 -36.526 -10.999
L 19.852 -36.753 -7.635
V 17.824 -35.653 -4.595
E 19.228 -34.744 -1.15
S 17.182 -34.934 2.04
G 17.645 -34.284 5.733
G 18.75 -30.651 5.813
G 17.608 -28.656 8.826
L 18.278 -26.172 11.601
V 20.457 -27.635 14.384
Q 22.75 -26.538 17.231
A 26.511 -26.837 17.735
G 27.266 -30.293 19.16
D 24.258 -31.947 17.49
S 24.101 -34.761 14.948
L 22.209 -34.699 11.652
R 21.94 -37.352 8.942
L 21.636 -36.489 5.274
S 20.519 -38.908 2.573
A 20.485 -38.83 -1.226
T 18.802 -40.919 -3.886
A 18.042 -40.651 -7.593
S 14.619 -39.962 -9.089
G 14.224 -42.547 -11.848
R 17.515 -43.301 -13.595
T 20.27 -44.046 -11.079
F 23.808 -45.503 -10.957
S 25.555 -48.791 -10.329
R 29.235 -48.807 -9.293
A 29.622 -45.009 -9.358
V 31.873 -42.956 -7.099
M 29.446 -40.863 -5.021
G 30.354 -37.905 -2.815
W 29.172 -34.967 -0.729
F 30.171 -31.363 -1.249
R 29.098 -28.226 0.63
Q 28.858 -24.534 -0.216
A 28.082 -21.299 1.618
P 27.184 -18.203 -0.461
G 30.262 -16.688 -2.128
K 32.351 -19.639 -0.953
E 34.097 -22.2 -3.141
R 32.347 -25.544 -3.308
E 34.178 -27.827 -0.799
F 34.599 -31.606 -1.003
V 33.368 -33.342 2.17
A 33.334 -37.132 1.706
A 33.401 -39.793 -1.018
I 32.207 -43.404 -1.284
S 32.479 -46.252 -3.81
A 31.631 -49.969 -3.852
A 34.168 -52.594 -2.779
P 33.774 -56.414 -2.987
G 30.691 -57.96 -1.372
T 28.794 -55.413 0.71
A 31.896 -53.381 1.655
Y 32.711 -49.837 0.508
Y 35.728 -47.556 0.147
A 35.417 -44.147 1.797
F 37.404 -40.906 1.883
Y 36.998 -37.82 4.075
A 38.158 -34.213 3.784
D 40.365 -33.075 6.696
S 37.618 -30.584 7.618
V 35.322 -33.475 8.69
R 37.703 -36.296 9.738
G 36.666 -37.855 13.047
R 33.182 -36.327 12.856
F 31.319 -37.252 9.641
S 30.742 -40.746 8.257
I 29.625 -41.657 4.74
S 27.717 -44.871 4.033
A 25.493 -46.345 1.325
D 22.703 -48.854 0.803
S 22.817 -50.525 -2.622
A 19.328 -52.087 -2.534
K 17.774 -48.855 -1.214
N 19.663 -46.857 -3.867
T 20.677 -44.355 -1.182
V 23.884 -42.69 -0.007
Y 24.171 -41.22 3.493
L 26.168 -38.619 5.379
Q 26.045 -38.857 9.174
M 27.204 -35.537 10.605
N 28.341 -35.549 14.244
S 29.649 -32.799 16.559
L 28.332 -30.136 14.19
K 29.674 -26.602 14.524
P 28.645 -23.205 13.044
E 31.369 -23.549 10.367
D 29.524 -26.611 8.978
T 26.588 -24.385 7.959
A 26.096 -24.709 4.198
V 24.036 -26.26 1.443
Y 25.095 -29.892 1.057
Y 25.124 -31.459 -2.414
V 25.431 -35.095 -3.426
A 27.779 -35.682 -6.366
A 28.757 -38.36 -8.884
D 31.987 -38.448 -10.893
L 31.834 -41.197 -13.511
K 35.528 -41.132 -14.516
M 36.72 -42.05 -10.989
Q 37.04 -45.728 -10.084
V 37.48 -45.573 -6.293
A 36.539 -43.216 -3.442
A 39.11 -40.438 -3.094
Y 39.376 -36.653 -3.115
M 36.86 -35.294 -5.611
N 37.366 -32.105 -7.616
Q 34.1 -30.175 -7.861
R 34.879 -29.269 -11.493
S 35.169 -32.959 -12.489
V 31.725 -33.823 -11.05
D 29.308 -35.184 -13.675
Y 26.078 -34.98 -11.646
W 24.867 -32.703 -8.831
G 21.75 -32.88 -6.694
Q 19.753 -29.742 -5.884
G 21.259 -29.356 -2.406
T 19.898 -29.4 1.131
Q 20.548 -26.542 3.57
V 22.215 -27.406 6.873
T 22.181 -24.596 9.432
V 24.145 -24.813 12.679
S 23.56 -22.168 15.347
S 26.236 -21.638 18.013
X 0 0 0
X 0 0 0
X 0 0 0
X 0 0 0
X 0 0 0
X 0 0 0
X 0 0 0
X 0 0 0
X 0 0 0
