Q 66.692 -38.97 14.499
V 66.685 -38.921 18.335
Q 65.359 -41.939 20.424
L 61.82 -41.616 21.82
Q 61.239 -44.107 24.594
E 57.62 -44.812 25.549
S 55.786 -46.414 28.387
G 52.727 -46.741 30.591
G 49.89 -47.833 28.413
G 47.511 -50.732 29.15
L 43.955 -51.852 29.516
V 41.517 -50.062 31.786
Q 37.754 -50.004 32.386
P 35.679 -47.032 31.121
G 36.048 -44.126 33.535
G 39.51 -45.268 34.588
S 42.88 -43.47 34.285
L 46.242 -44.362 32.645
R 49.335 -42.196 32.371
L 51.62 -42.335 29.318
S 55.26 -41.247 29.396
C 57.848 -40.442 26.801
T 61.561 -39.596 27.003
A 63.736 -38.162 24.311
S 67.443 -39.001 24.59
G 70.163 -38.726 21.962
S 70.824 -35.449 20.257
I 67.847 -33.8 21.82
S 69.035 -30.266 22.404
S 66.889 -28.712 19.632
I 63.644 -30.539 20.6
N 60.812 -28.174 21.314
A 57.155 -29.469 21.013
M 56.655 -33.06 22.382
G 53.37 -34.874 22.628
W 51.108 -37.584 21.253
Y 49.136 -38.588 18.189
R 46.852 -41.726 18.399
Q 45.308 -44.141 15.995
A 42.027 -45.883 16.814
P 41.564 -49.289 15.394
G 40.877 -48.989 11.67
S 41.188 -45.109 11.598
K 43.726 -42.388 10.698
R 46.352 -41.126 13.058
E 45.055 -37.983 14.865
F 46.513 -35.297 17.126
V 46.001 -35.711 20.872
A 48.126 -33.079 22.742
H 51.521 -31.297 22.894
I 53.611 -29.257 25.27
T 56.353 -26.857 24.137
N 59.695 -26.223 25.854
T 58.056 -23.085 27.352
G 55.238 -25.079 28.967
V 52.56 -24.047 26.359
T 50.015 -26.852 25.793
E 47.479 -27.686 23.083
F 44.823 -30.572 23.139
A 42.408 -32.125 20.696
D 38.783 -30.993 21.579
S 37.682 -34.578 22.291
V 40.232 -34.85 25.101
K 39.992 -31.407 26.729
G 39.151 -31.635 30.384
R 40.023 -35.357 30.502
F 43.757 -35.519 29.548
T 46.615 -33.372 31.026
I 50.161 -33.105 29.837
S 53.14 -32.078 31.895
R 56.88 -31.86 31.184
D 60.106 -32.319 33.03
N 62.406 -29.983 31.113
A 65.653 -31.089 32.867
K 64.749 -34.723 32.054
T 63.149 -34.101 28.529
T 60.16 -36.232 29.502
T 60.167 -36.238 29.479
V 56.501 -35.537 28.721
D 53.694 -37.388 30.585
L 50.068 -37.738 29.52
Q 47.589 -38.181 32.327
M 44.436 -39.697 30.818
N 41.416 -39.545 33.051
S 37.778 -40.315 32.439
L 38.694 -42.815 29.718
K 36.026 -43.78 27.125
P 35.887 -46.74 24.75
E 36.6 -44.094 22.003
D 40.015 -43.549 23.55
T 41.199 -47.094 22.6
A 44.059 -46.52 20.218
V 47.826 -46.863 19.601
Y 49.324 -43.707 21.135
Y 52.491 -42.425 19.455
C 54.969 -40.07 21.156
A 56.072 -37.297 18.705
A 58.736 -34.623 18.9
T 59.929 -31.778 16.707
D 62.268 -28.869 16.744
W 59.17 -26.678 15.837
G 56.91 -25.036 18.489
T 53.798 -27.125 17.593
L 52.862 -30.685 16.615
L 50.034 -29.38 14.308
I 52.226 -29.532 11.224
K 52.895 -32.112 8.482
G 56.402 -33.696 8.596
I 57.078 -34.347 12.267
D 60.698 -35.657 12.572
H 60.556 -37.964 15.559
W 57.946 -40.642 16.281
G 57.748 -43.387 18.844
K 56.855 -46.981 18.259
G 53.335 -46.716 19.719
T 51.863 -47.719 23.093
Q 48.576 -49.594 23.268
V 45.759 -48.103 25.325
T 42.568 -50.214 25.551
V 39.427 -49.048 27.233
S 36.797 -51.689 27.837
S 34.869 -53.374 30.682
X 0 0 0
X 0 0 0
X 0 0 0
X 0 0 0
X 0 0 0
X 0 0 0
X 0 0 0
X 0 0 0
X 0 0 0
X 0 0 0
X 0 0 0
X 0 0 0
X 0 0 0
X 0 0 0
X 0 0 0
X 0 0 0
X 0 0 0
X 0 0 0
