V -6.579 99.669 22.087
Q -10.184 100.109 20.956
L -11.816 99.838 17.534
Q -13.566 103.066 16.543
E -16.281 103.527 13.918
S -17.439 106.573 11.956
G -18.809 107.815 8.638
G -22.409 106.807 9.273
G -25.488 108.979 9.665
L -28.532 110.016 7.651
V -28.954 109.854 3.875
Q -31.695 109.559 1.234
A -32.282 106.413 -0.841
G -29.974 106.442 -3.853
G -27.364 108.348 -1.879
S -24.06 106.979 -0.618
L -22.074 106.656 2.609
R -18.581 105.573 3.662
L -17.935 103.86 6.995
S -14.529 104.046 8.679
C -12.962 101.373 10.88
A -9.824 102.481 12.721
A -8.168 101.719 16.06
S -7.608 104.021 19.038
R -3.81 103.881 18.781
S -1.127 103.066 16.21
I -1.398 99.541 14.803
F 0.962 97.574 12.559
S -1.661 95.691 10.555
I -5.354 94.875 10.28
D -5.021 91.358 8.882
T -8.758 90.714 8.548
A -11.942 92.782 8.805
N -15.686 92.133 8.847
W -18.637 94.5 8.502
Y -21.793 93.371 10.301
R -25.182 95.082 10.381
Q -28.412 94.586 12.314
P -31.711 95.955 10.925
P -34.512 96.745 13.434
G -36.314 93.534 14.396
M -33.91 91.277 12.513
Q -30.729 89.259 13.099
R -27.083 90.345 13.019
E -25.988 89.946 9.4
L -22.524 89.629 7.86
V -22.239 92.142 5.018
A -18.613 92.543 3.953
T -15.386 90.611 4.506
I -11.885 91.591 3.4
T -8.888 89.261 3.666
R -5.152 89.655 4.28
D -4.319 89.345 0.585
G -6.93 91.979 -0.238
N -9.714 89.813 -1.643
A -13.268 90.653 -0.62
N -16.779 89.206 -0.621
Y -20.223 90.649 0.054
A -23.735 89.531 0.95
D -26.04 88.947 -2.017
S -28.289 91.7 -0.666
V -25.395 94.171 -0.771
K -23.059 92.861 -3.483
G -22.466 95.245 -6.376
R -23.425 98.173 -4.16
F -21.109 97.8 -1.164
T -17.302 97.725 -1.266
I -15.004 96.878 1.646
S -11.368 97.958 1.375
R -8.198 98.419 3.412
D -6.21 101.639 3.697
R -2.779 100.168 4.445
A -1.246 103.6 5.032
R -3.651 104.488 7.845
N -4.643 100.945 8.852
T -8.301 101.736 8.218
V -11.006 99.5 6.776
Y -13.636 101.352 4.755
L -17.094 100.239 3.651
Q -18.239 102.177 0.588
M -22.029 101.943 0.534
N -23.576 103.07 -2.755
S -27.179 103.14 -4.007
L -28.542 102.794 -0.477
K -31.951 101.213 0.081
P -34.28 101.798 3.074
E -33.688 98.211 4.252
D -29.977 98.975 4.646
T -30.999 100.948 7.736
G -29.595 99.598 10.997
V -26.566 99.495 13.278
Y -23.269 98.621 11.588
Y -20.529 96.845 13.544
C -16.859 96.385 12.684
N -15.06 93.13 13.462
A -11.317 93.171 12.797
A -8.194 91.153 13.604
I -5.723 93.79 14.79
R -1.989 93.111 15.056
T -0.496 95.544 17.586
T 3.11 94.965 16.535
V 4.833 92.922 13.831
R 5.432 89.766 15.872
T 2.424 90.123 18.186
S -0.285 87.482 17.724
A -3.44 88.674 15.962
Q -6.167 89.454 18.497
E -9.87 89.743 17.653
Y -11.61 93.082 18.177
W -15.199 94.313 18.023
G -16.628 97.814 18.325
Q -19.627 99.894 19.348
G -21.833 100.05 16.265
T -22.631 103.205 14.321
Q -26.111 104.259 13.223
V -27.0 104.258 9.524
T -30.452 105.545 8.567
V -31.674 105.462 4.968
S -34.84 107.562 4.856
S -37.793 107.573 2.44
X 0 0 0
X 0 0 0
X 0 0 0
X 0 0 0
X 0 0 0
X 0 0 0
X 0 0 0
X 0 0 0
X 0 0 0
X 0 0 0
X 0 0 0
X 0 0 0
X 0 0 0
X 0 0 0
X 0 0 0
X 0 0 0
X 0 0 0
X 0 0 0
X 0 0 0
X 0 0 0
