Q 112.215 31.754 274.052
V 108.674 30.4 274.354
Q 107.977 28.243 277.409
L 104.864 26.205 278.197
V 103.603 27.138 281.663
E 101.567 24.396 283.345
S 99.18 24.657 286.3
G 96.259 22.76 287.813
G 97.825 19.635 289.282
G 97.435 18.292 292.803
L 96.052 15.488 294.955
V 92.467 14.227 294.765
R 90.376 11.276 295.975
P 89.35 8.582 293.436
G 86.334 9.789 291.462
G 87.254 13.438 291.901
S 88.129 16.018 289.26
L 91.028 18.265 288.246
R 91.631 20.93 285.605
L 95.076 21.209 284.025
S 96.008 24.482 282.328
C 98.781 25.195 279.826
A 99.762 28.306 277.869
A 102.622 29.88 275.917
S 104.574 32.61 277.706
G 106.107 34.14 274.584
S 104.551 35.443 271.376
I 104.311 32.685 268.767
F 101.862 32.523 265.856
T 102.844 29.231 264.221
I 101.328 26.834 266.753
Y 98.432 24.886 265.244
A 97.924 22.191 267.881
M 98.578 21.376 271.535
G 98.148 18.317 273.739
W 98.833 16.542 277.02
Y 101.229 13.676 277.745
R 101.903 11.621 280.877
Q 104.411 9.09 282.198
A 103.709 6.608 284.991
P 106.59 5.144 287.06
G 107.987 2.121 285.226
K 106.08 2.996 282.061
Q 106.673 4.996 278.877
R 105.413 8.446 277.881
E 101.935 8.249 276.352
L 99.447 10.633 274.729
V 96.165 11.177 276.574
A 94.56 14.202 274.905
R 95.448 16.242 271.819
I 93.514 19.101 270.233
T 94.236 21.219 267.167
F 93.247 24.862 266.759
G 90.923 23.679 263.999
G 88.816 21.771 266.505
D 89.724 18.143 265.809
T 90.289 16.287 269.082
N 92.111 13.039 269.852
Y 91.901 10.993 273.052
A 93.585 7.865 274.39
D 91.685 4.574 274.667
S 91.811 4.377 278.466
V 90.938 8.039 279.006
K 88.167 8.632 276.425
G 84.792 9.41 277.977
R 86.23 10.847 281.18
F 88.613 13.671 280.254
T 87.63 16.643 278.093
I 90.22 18.802 276.343
S 89.574 22.387 275.286
R 91.651 25.247 273.964
D 91.823 28.984 273.39
N 93.278 30.468 270.224
A 95.124 33.816 270.219
K 96.222 32.993 273.783
N 97.723 29.608 272.83
A 96.123 27.987 275.871
V 94.866 24.439 276.419
Y 92.813 23.189 279.363
L 92.12 19.595 280.392
Q 89.145 18.714 282.588
M 89.814 15.369 284.268
N 86.581 13.901 285.638
S 86.204 10.487 287.301
L 89.897 10.048 288.09
K 91.375 6.603 288.72
P 94.478 5.588 290.738
E 96.018 4.332 287.48
D 96.008 7.9 286.147
T 98.728 8.799 288.654
A 101.584 10.239 286.59
V 103.471 13.381 285.579
Y 101.466 15.36 283.026
Y 103.48 17.171 280.353
C 102.193 19.85 277.98
N 103.137 19.772 274.3
A 102.73 22.157 271.363
E 103.135 21.529 267.631
E 104.272 24.022 264.992
T 103.24 24.526 261.355
I 105.443 24.304 258.227
V 108.558 23.307 260.184
E 106.451 20.512 261.721
E 108.327 20.526 265.039
A 106.979 19.43 268.424
D 109.908 20.23 270.718
Y 107.715 22.511 272.83
W 107.357 20.91 276.26
G 106.302 21.983 279.741
Q 108.089 21.371 283.036
G 105.532 18.73 283.994
T 102.913 18.784 286.739
Q 102.25 15.989 289.235
V 98.806 14.414 289.569
T 98.232 11.868 292.339
V 94.901 10.095 292.812
X 0 0 0
X 0 0 0
X 0 0 0
X 0 0 0
X 0 0 0
X 0 0 0
X 0 0 0
X 0 0 0
X 0 0 0
X 0 0 0
X 0 0 0
X 0 0 0
X 0 0 0
X 0 0 0
X 0 0 0
X 0 0 0
X 0 0 0
X 0 0 0
X 0 0 0
X 0 0 0
X 0 0 0
X 0 0 0
X 0 0 0
X 0 0 0
