Q 32.315 99.28 -61.433
V 31.747 99.325 -57.723
Q 33.629 101.973 -55.718
L 35.507 100.733 -52.645
Q 36.316 102.995 -49.634
E 38.976 101.62 -47.226
S 40.061 102.592 -43.711
G 41.847 101.359 -40.572
G 45.268 99.691 -40.474
G 48.515 101.54 -39.728
S 51.339 100.585 -37.372
V 51.09 98.23 -34.411
Q 53.184 96.186 -31.93
A 53.848 92.455 -32.406
G 51.078 90.545 -30.776
G 48.727 93.54 -31.25
S 45.59 94.079 -33.331
L 44.231 96.364 -35.971
R 40.973 96.494 -37.889
L 40.37 97.339 -41.529
S 37.001 98.246 -43.047
C 35.805 98.472 -46.609
G 32.563 99.968 -47.884
A 31.219 99.291 -51.388
S 29.007 101.625 -53.379
E 26.612 98.734 -54.283
Y 25.833 95.211 -53.258
T 28.297 92.517 -54.377
S 28.154 88.844 -53.502
R 31.675 88.455 -52.159
M 34.244 90.844 -50.666
G 37.671 90.296 -49.197
W 41.247 91.407 -48.751
F 44.418 90.423 -50.377
R 47.919 91.656 -49.486
Q 51.334 92.156 -50.884
A 54.357 91.896 -48.69
P 57.753 93.301 -49.728
G 59.04 91.295 -52.761
A 56.253 88.709 -52.386
E 53.342 87.537 -54.458
R 49.794 88.813 -54.048
E 48.257 86.675 -51.349
G 44.526 86.281 -50.683
V 43.983 86.661 -46.98
A 40.23 86.612 -46.244
C 36.972 86.655 -48.082
I 33.272 86.581 -47.123
H 30.225 85.238 -49.046
R 27.477 87.754 -48.198
Q 24.215 85.696 -48.449
S 25.526 82.793 -46.324
N 28.194 84.438 -44.148
L 30.618 81.702 -45.049
S 34.122 82.987 -44.555
Y 37.388 81.976 -46.212
Y 40.93 82.43 -44.905
S 44.475 81.561 -46.035
D 46.321 79.162 -43.805
S 48.759 81.98 -42.91
V 46.082 83.966 -41.011
R 43.701 81.15 -39.902
G 42.72 81.628 -36.237
R 44.099 85.143 -36.118
F 42.034 87.113 -38.601
T 38.216 87.428 -38.603
I 36.256 88.885 -41.514
S 32.655 90.001 -40.955
Q 30.016 92.255 -42.554
D 27.161 94.619 -41.587
N 23.389 93.762 -41.794
A 23.102 96.076 -44.87
K 25.694 93.995 -46.733
T 27.439 97.185 -47.859
T 30.569 96.802 -45.723
A 33.074 94.203 -44.601
F 35.428 94.329 -41.636
L 38.705 92.55 -40.95
L 39.963 92.128 -37.376
M 43.637 91.259 -37.42
S 44.883 89.862 -34.114
S 48.083 88.302 -32.852
L 49.835 90.26 -35.538
K 53.392 89.53 -36.503
P 56.236 90.813 -38.772
E 55.172 88.422 -41.564
D 51.848 90.412 -41.708
T 53.569 93.681 -42.698
A 52.161 94.546 -46.143
I 49.821 96.687 -48.166
Y 46.24 95.293 -47.696
Y 43.826 95.785 -50.594
C 40.003 95.482 -50.368
A 38.456 93.556 -53.304
T 35.319 92.068 -54.718
T 35.456 88.579 -56.351
T 33.345 85.886 -58.067
D 34.825 83.057 -55.921
C 36.134 83.296 -52.325
A 38.068 80.064 -52.527
A 40.044 81.014 -55.682
F 40.37 84.483 -54.132
V 42.193 83.035 -51.144
E 44.227 80.715 -53.418
R 45.093 83.186 -56.186
A 43.962 86.688 -55.241
T 41.597 86.564 -58.247
A 39.366 89.697 -58.036
I 36.89 91.714 -60.095
T 37.918 95.09 -58.589
A 40.501 96.149 -56.012
G 40.79 99.148 -53.653
Q 43.738 101.578 -53.415
G 45.282 99.807 -50.419
T 46.046 100.414 -46.724
Q 49.601 100.043 -45.299
V 49.795 97.695 -42.305
T 53.175 97.69 -40.444
V 53.811 95.355 -37.557
S 56.388 96.499 -34.995
X 0 0 0
X 0 0 0
X 0 0 0
X 0 0 0
X 0 0 0
X 0 0 0
X 0 0 0
X 0 0 0
X 0 0 0
X 0 0 0
X 0 0 0
X 0 0 0
X 0 0 0
X 0 0 0
X 0 0 0
X 0 0 0
X 0 0 0
X 0 0 0
X 0 0 0
X 0 0 0
