Q 32.84 36.51 -92.406
V 31.679 36.779 -95.955
Q 33.586 34.181 -98.019
L 35.436 35.418 -101.075
Q 36.224 33.19 -104.116
E 38.887 34.545 -106.499
S 39.972 33.53 -109.98
G 41.79 34.729 -113.096
G 45.195 36.4 -113.207
G 48.45 34.546 -113.944
S 51.245 35.509 -116.311
V 50.98 37.86 -119.25
Q 53.154 39.902 -121.689
A 53.786 43.623 -121.261
G 51.022 45.508 -122.915
G 48.673 42.52 -122.429
S 45.5 42.022 -120.373
L 44.125 39.725 -117.757
R 40.88 39.603 -115.812
L 40.297 38.785 -112.131
S 36.9 37.906 -110.676
C 35.74 37.719 -107.105
G 32.463 36.204 -105.812
A 31.142 36.866 -102.276
S 28.934 34.532 -100.277
E 26.571 37.441 -99.366
Y 25.771 40.957 -100.433
T 28.271 43.631 -99.32
S 28.098 47.3 -100.17
R 31.618 47.709 -101.531
M 34.157 45.309 -103.024
G 37.582 45.835 -104.537
W 41.185 44.744 -104.965
F 44.349 45.716 -103.301
R 47.83 44.491 -104.22
Q 51.262 43.965 -102.824
A 54.264 44.202 -105.013
P 57.681 42.784 -103.996
G 58.957 44.735 -100.945
A 56.185 47.382 -101.311
E 53.259 48.601 -99.254
R 49.705 47.345 -99.658
E 48.214 49.473 -102.369
G 44.462 49.853 -103.021
V 43.861 49.482 -106.74
A 40.146 49.509 -107.48
C 36.877 49.499 -105.642
I 33.222 49.563 -106.596
H 30.157 50.898 -104.67
R 27.461 48.38 -105.497
Q 24.211 50.45 -105.242
S 25.445 53.371 -107.359
N 28.117 51.698 -109.574
L 30.519 54.441 -108.686
S 34.039 53.164 -109.175
Y 37.302 54.2 -107.526
Y 40.887 53.731 -108.809
S 44.42 54.576 -107.706
D 46.287 56.966 -109.898
S 48.697 54.134 -110.8
V 46.025 52.143 -112.707
R 43.642 54.954 -113.835
R 43.635 54.942 -113.836
G 42.622 54.439 -117.483
R 44.038 50.91 -117.612
F 41.957 48.971 -115.136
T 38.186 48.68 -115.119
I 36.203 47.244 -112.221
S 32.588 46.075 -112.76
Q 29.949 43.851 -111.193
D 27.077 41.517 -112.11
N 23.335 42.355 -111.9
A 23.025 40.063 -108.821
K 25.6 42.165 -106.972
T 27.339 38.976 -105.824
T 30.491 39.389 -107.956
A 33.015 41.934 -109.093
F 35.339 41.787 -112.113
L 38.628 43.571 -112.749
L 39.879 43.969 -116.325
M 43.55 44.813 -116.301
S 44.781 46.196 -119.578
S 48.025 47.74 -120.871
L 49.778 45.807 -118.16
K 53.34 46.567 -117.219
P 56.195 45.296 -114.922
E 55.133 47.708 -112.148
D 51.793 45.746 -112.018
T 53.488 42.452 -110.974
A 52.055 41.607 -107.562
I 49.754 39.469 -105.523
Y 46.189 40.834 -106.007
Y 43.75 40.354 -103.129
C 39.937 40.645 -103.334
A 38.424 42.593 -100.396
T 35.278 44.1 -98.985
T 35.391 47.585 -97.37
T 33.261 50.266 -95.636
D 34.794 53.088 -97.776
C 36.037 52.868 -101.405
A 37.976 56.106 -101.199
A 39.929 55.172 -98.062
F 40.336 51.695 -99.621
V 42.12 53.136 -102.598
E 44.13 55.498 -100.337
R 44.997 53.026 -97.541
A 43.888 49.507 -98.48
T 41.532 49.622 -95.479
A 39.338 46.466 -95.69
I 36.841 44.443 -93.656
T 37.852 41.049 -95.136
A 40.44 39.989 -97.709
G 40.752 36.991 -100.072
Q 43.682 34.548 -100.303
G 45.227 36.356 -103.266
T 46.01 35.705 -106.95
Q 49.554 36.078 -108.385
V 49.752 38.414 -111.379
T 53.123 38.412 -113.266
V 53.761 40.752 -116.154
S 56.373 39.76 -118.805
S 57.757 37.124 -116.45
X 0 0 0
X 0 0 0
X 0 0 0
X 0 0 0
X 0 0 0
X 0 0 0
X 0 0 0
X 0 0 0
X 0 0 0
X 0 0 0
X 0 0 0
X 0 0 0
X 0 0 0
X 0 0 0
X 0 0 0
X 0 0 0
X 0 0 0
X 0 0 0
