M -4.569 -10.26 -82.169
Q -4.269 -10.102 -78.389
V -4.046 -6.637 -76.837
Q -0.806 -4.798 -76.147
L 1.346 -1.755 -76.862
V 4.716 -2.133 -78.571
E 7.528 0.404 -78.317
T 10.269 1.12 -80.854
G 13.013 3.7 -81.32
G 15.112 2.652 -78.347
G 18.847 3.136 -78.682
L 22.17 4.553 -77.56
V 22.765 8.258 -78.193
Q 25.234 10.957 -77.161
P 24.14 13.665 -74.7
G 22.341 16.655 -76.217
E 21.18 14.623 -79.216
S 17.597 13.947 -80.29
L 15.563 10.743 -80.525
R 12.062 9.725 -81.6
L 10.103 6.95 -79.886
S 7.053 5.134 -81.244
C 4.213 3.234 -79.588
V 1.969 1.05 -81.733
A -1.274 -0.556 -80.575
S -1.867 -4.183 -81.512
G -5.233 -5.789 -80.811
F -6.997 -2.465 -80.342
T -7.238 1.083 -81.684
L -6.068 4.297 -80.02
D -9.227 6.1 -81.166
H -10.693 6.32 -77.665
S -7.427 5.946 -75.778
A -5.367 8.515 -73.93
V -1.752 7.398 -74.111
G 1.022 8.445 -71.766
W 4.776 8.027 -71.763
F 6.516 6.887 -68.594
R 10.186 6.264 -67.819
Q 11.435 3.659 -65.377
V 14.977 3.514 -64.055
P 16.047 0.154 -62.562
G 14.966 -0.291 -58.943
K 12.668 2.729 -59.041
E 8.893 3.044 -59.432
R 7.402 4.097 -62.764
E 7.523 7.844 -63.349
K 4.901 9.804 -65.251
L 6.542 11.688 -68.103
L 3.926 12.968 -70.49
C 0.406 12.238 -71.636
I -1.743 12.909 -74.684
N -5.516 12.515 -74.58
A -7.571 11.717 -77.651
N -6.383 15.213 -78.587
G -4.693 17.439 -75.993
V -1.297 17.259 -74.283
S -0.397 17.218 -70.571
L 3.088 17.493 -69.023
D 2.598 14.976 -66.186
Y 6.277 14.698 -65.182
A 8.205 17.127 -63.049
D 9.392 20.12 -65.071
S 12.711 18.318 -65.635
I 11.484 17.14 -69.048
K 9.324 20.208 -69.673
G 10.094 21.933 -72.969
R 12.33 19.087 -74.131
F 9.824 16.28 -74.724
T 6.82 16.362 -77.053
I 4.052 13.786 -77.38
S 2.399 13.213 -80.762
R -0.569 11.231 -82.04
D -1.586 9.516 -85.279
N -4.717 7.366 -85.008
A -4.644 6.308 -88.669
K -1.155 4.881 -88.198
N -2.251 3.606 -84.773
T 0.843 5.227 -83.287
V 1.86 7.612 -80.487
Y 5.187 9.451 -80.75
L 7.652 10.893 -78.241
Q 10.118 13.501 -79.502
M 13.086 13.749 -77.136
N 15.405 16.763 -77.396
D 18.476 17.95 -75.46
L 19.093 14.543 -73.894
K 20.964 14.465 -70.588
P 22.706 11.679 -68.65
E 19.657 12.1 -66.398
D 17.315 10.819 -69.119
T 18.756 7.324 -69.654
A 16.212 4.656 -68.649
T 13.527 2.336 -69.996
Y 10.767 4.261 -71.752
S 7.319 2.737 -72.113
C 3.785 3.892 -72.809
A 0.347 3.005 -71.475
A -3.3 3.745 -72.198
T -6.384 4.747 -70.229
R -9.843 5.526 -71.602
E -10.398 8.998 -73.11
F -8.718 11.156 -70.457
C -5.143 11.12 -69.179
S -4.882 10.176 -65.527
A -2.111 11.113 -63.116
Y -2.312 7.924 -61.132
V -0.044 5.258 -62.593
F -2.375 2.483 -61.481
L -5.354 3.564 -63.635
Y -3.324 2.804 -66.764
E -3.504 -0.472 -68.695
H -1.913 -2.416 -71.551
W 1.662 -1.636 -70.501
G 4.463 -2.412 -72.935
Q 7.904 -3.953 -72.538
G 9.265 -0.542 -73.48
T 12.462 0.528 -75.205
Q 15.903 1.076 -73.745
V 17.109 4.663 -74.041
T 20.752 5.196 -73.157
V 22.652 8.474 -72.936
S 26.452 8.297 -73.073
S 28.51 8.936 -69.94
X 0 0 0
X 0 0 0
X 0 0 0
X 0 0 0
X 0 0 0
X 0 0 0
X 0 0 0
X 0 0 0
X 0 0 0
X 0 0 0
X 0 0 0
X 0 0 0
X 0 0 0
X 0 0 0
X 0 0 0
X 0 0 0
