V 27.567 51.195 20.788
Q 27.87 47.521 21.79
L 25.511 44.644 21.039
Q 25.167 41.056 22.326
E 22.408 38.711 21.145
S 20.774 35.698 22.726
G 17.781 33.392 22.227
G 18.726 31.327 19.182
G 18.006 27.624 18.987
L 16.77 24.567 17.137
V 13.098 25.072 16.177
Q 10.45 22.828 14.549
P 8.561 24.207 11.522
G 5.642 26.251 12.794
G 7.412 26.986 16.072
S 8.474 30.191 17.803
L 11.689 31.755 19.043
R 12.351 35.033 20.835
L 15.688 36.758 20.324
S 17.094 39.393 22.667
C 19.873 41.893 22.36
V 21.249 44.039 25.121
V 22.413 47.367 23.806
S 24.77 49.909 25.301
G 24.946 53.363 23.737
D 22.595 55.649 21.829
Y 21.482 54.926 18.276
Y 19.243 56.267 15.499
A 18.305 52.858 14.111
I 18.506 49.297 15.343
G 17.502 46.113 13.558
W 17.841 42.389 13.073
F 19.697 40.896 10.145
R 20.202 37.312 9.123
Q 22.759 35.428 7.135
A 22.202 31.924 5.817
P 25.181 29.687 4.966
G 27.249 31.261 2.169
K 24.709 34.06 1.598
E 24.531 37.823 2.145
R 23.234 39.561 5.271
E 19.608 40.573 4.869
G 17.49 42.759 7.084
V 14.41 41.172 8.633
A 13.292 43.932 11.061
A 14.248 47.477 12.039
I 13.007 50.223 14.343
S 13.58 53.988 14.581
S 14.557 55.365 17.992
R 13.159 58.742 16.965
D 9.537 57.81 16.208
G 9.315 54.062 16.881
S 8.386 53.239 13.293
T 9.138 49.669 12.232
Y 10.209 48.045 8.967
Y 10.014 44.474 7.677
P 10.53 42.666 4.365
D 7.369 41.032 3.017
A 8.747 37.547 3.677
V 8.441 37.955 7.452
K 5.421 40.265 7.736
G 2.874 38.986 10.268
R 5.439 36.505 11.613
F 8.33 38.635 12.943
T 7.991 41.591 15.309
I 10.713 43.903 16.566
S 10.174 45.648 19.911
R 12.059 47.317 22.759
D 12.131 47.486 26.515
N 14.064 50.722 27.0
A 14.065 50.178 30.775
K 16.222 47.073 30.202
N 18.087 48.615 27.226
T 16.967 45.508 25.346
V 15.549 44.964 21.875
V 15.627 44.954 21.829
Y 13.636 41.836 20.885
L 12.729 39.861 17.796
Q 9.659 37.67 18.303
M 9.613 35.021 15.567
N 6.45 32.992 15.035
S 5.438 30.397 12.438
L 9.078 29.689 11.641
K 9.959 27.886 8.414
P 13.077 26.09 7.217
E 13.82 29.079 4.948
D 14.316 31.158 8.13
T 17.402 29.167 9.121
A 20.347 31.534 9.515
V 22.619 33.3 11.942
Y 20.683 36.298 13.267
Y 22.41 39.539 14.227
C 21.4 42.697 15.995
C 21.29 42.725 15.935
A 22.918 45.834 14.455
A 22.715 49.57 15.19
D 23.646 52.808 13.509
R 23.727 56.545 14.21
R 23.049 57.918 10.713
Q 19.727 59.545 9.903
R 17.548 57.86 7.305
W 13.984 57.365 6.187
W 13.978 57.379 6.163
G 12.337 54.644 4.11
P 12.513 50.83 4.354
Y 15.552 50.46 2.083
Y 17.953 52.274 4.389
Y 16.385 50.784 7.524
L 16.717 47.211 6.221
S 20.037 47.346 4.338
A 22.857 45.671 6.25
L 25.338 47.92 4.427
E 23.983 50.888 6.398
Y 24.686 49.653 9.919
V 28.116 50.075 11.527
Y 27.632 48.39 14.92
W 27.221 44.599 14.883
G 26.499 41.924 17.429
Q 28.117 38.496 17.449
G 25.101 36.665 16.105
T 22.916 33.827 17.362
Q 22.102 30.658 15.406
V 18.512 29.908 14.391
T 17.828 26.52 12.773
V 14.375 25.395 11.691
S 14.06 21.711 10.951
S 11.652 18.849 11.565
X 0 0 0
X 0 0 0
X 0 0 0
X 0 0 0
X 0 0 0
X 0 0 0
X 0 0 0
X 0 0 0
X 0 0 0
X 0 0 0
X 0 0 0
X 0 0 0
X 0 0 0
