S 29.303 -30.0 5.604
P 29.785 -28.374 2.143
V 32.982 -26.551 1.097
Q 34.458 -26.987 4.561
I 35.313 -30.586 3.659
K 37.579 -29.417 0.844
Q 38.89 -26.842 3.337
L 40.236 -29.532 5.695
I 40.947 -32.683 3.642
Q 43.883 -30.629 2.428
N 46.712 -30.358 3.006
P 47.68 -33.506 4.971
L 47.144 -33.732 8.723
S 49.36 -35.313 11.385
G 52.589 -36.049 9.523
V 50.976 -38.096 6.758
D 52.836 -38.191 3.46
P 51.188 -35.753 0.999
I 51.309 -38.58 -1.563
I 49.688 -41.364 0.47
W 47.146 -38.891 1.796
E 46.213 -37.984 -1.776
Q 45.899 -41.687 -2.572
A 43.262 -42.099 0.15
K 41.134 -39.325 -1.34
V 40.743 -41.112 -4.671
D 40.584 -44.578 -3.112
N 37.701 -43.204 -1.022
P 34.764 -45.675 -1.333
D 31.94 -43.249 -0.455
P 33.043 -39.558 -0.628
E 29.362 -38.6 -0.326
R 29.254 -39.665 3.333
L 32.93 -39.958 4.256
I 36.282 -38.237 4.477
P 39.851 -39.534 4.824
V 40.944 -39.366 8.455
P 44.506 -40.242 9.483
M 44.92 -43.144 11.908
I 48.467 -43.286 13.295
G 49.734 -46.15 15.472
F 48.531 -49.621 16.447
K 46.412 -47.82 19.084
E 43.988 -46.039 16.742
L 43.968 -49.353 14.863
L 42.66 -51.118 17.958
R 40.385 -48.228 18.869
R 38.699 -48.652 15.488
L 38.567 -52.417 15.939
E 36.78 -52.035 19.269
V 34.331 -49.521 17.825
Q 33.449 -52.119 15.171
D 32.697 -54.665 17.845
Q 30.547 -52.274 19.868
M 28.468 -51.337 16.827
T 28.225 -54.915 15.548
K 27.032 -55.643 19.075
Q 24.319 -53.029 18.533
H 23.694 -54.195 14.977
Q 23.006 -57.777 16.072
S 20.633 -56.503 18.755
R 18.391 -54.704 16.224
L 18.285 -57.809 14.009
D 17.025 -59.868 16.928
I 14.227 -57.363 17.542
I 13.445 -57.169 13.822
S 13.528 -60.952 13.631
E 10.929 -60.849 16.428
D 8.67 -58.552 14.414
I 8.807 -60.921 11.406
G 7.511 -63.932 13.277
E 4.712 -61.647 14.48
L 4.136 -60.52 10.911
Q 4.193 -64.024 9.518
K 1.705 -65.174 12.111
N -0.356 -62.001 11.623
Q -0.293 -62.857 7.934
T -1.606 -66.413 8.474
T -4.43 -65.131 10.676
T -5.304 -62.554 8.012
M -5.485 -65.232 5.316
A -7.748 -67.248 7.627
K -10.206 -64.456 8.295
I -10.317 -63.82 4.567
G -11.367 -67.445 4.045
Q -14.163 -67.197 6.601
Y -15.537 -63.85 5.466
K -15.646 -64.952 1.821
R -17.548 -67.984 3.03
K -19.988 -65.991 5.141
L -20.495 -63.558 2.262
M -21.254 -66.438 -0.102
E -23.788 -67.663 2.47
L -25.421 -64.311 3.13
S -25.491 -63.464 -0.561
H -27.456 -66.589 -1.291
R -29.747 -66.012 1.676
V -30.631 -62.53 0.351
L -31.427 -63.981 -3.083
Q -33.791 -66.38 -1.331
V -35.645 -63.575 0.457
L -35.971 -61.404 -2.644
I -37.38 -64.5 -4.408
K -39.955 -65.268 -1.708
Q -40.966 -61.563 -1.75
E -41.368 -61.6 -5.531
I -43.618 -64.654 -5.565
Q -45.715 -63.332 -2.68
R -46.213 -59.721 -3.828
K -47.103 -60.958 -7.333
S -49.697 -63.492 -6.11
G -52.411 -64.159 -8.659
F -50.906 -62.138 -11.49
A -50.429 -63.221 -15.099
I -46.994 -64.716 -15.7
Q -46.047 -61.437 -17.401
A -43.636 -60.787 -20.279
E -40.383 -59.694 -18.647
E -40.734 -62.659 -16.284
E -40.81 -65.123 -19.184
Q -37.699 -63.454 -20.617
L -35.805 -64.506 -17.505
R -36.941 -68.089 -17.892
V -35.184 -68.211 -21.263
Q -32.083 -66.36 -20.047
L -32.063 -68.743 -17.089
D -32.741 -71.914 -19.088
T -29.97 -71.116 -21.54
I -27.543 -70.605 -18.627
Q -28.441 -73.933 -17.016
S -27.881 -75.611 -20.389
E -24.635 -73.756 -21.055
L -23.158 -75.435 -17.963
N -24.405 -78.954 -18.829
X 0 0 0
X 0 0 0
X 0 0 0
X 0 0 0
X 0 0 0
X 0 0 0
