Q -53.122 -63.092 8.216
V -51.919 -59.547 8.785
Q -54.523 -57.743 10.846
L -54.034 -54.03 11.636
Q -56.266 -51.506 13.458
E -55.243 -47.849 13.756
S -56.599 -44.946 15.795
G -55.783 -41.642 17.465
G -56.911 -39.482 14.588
G -59.22 -36.495 14.792
L -59.573 -32.833 13.849
V -56.996 -30.257 14.962
Q -55.949 -26.659 14.246
P -52.778 -25.765 12.29
G -49.741 -26.168 14.54
G -51.463 -28.918 16.487
S -50.099 -32.26 17.639
L -51.38 -35.873 17.43
R -50.227 -39.385 18.334
L -51.499 -42.35 16.302
S -51.434 -46.104 17.142
C -51.685 -49.262 15.1
A -52.507 -52.509 16.859
A -51.068 -55.562 15.09
S -52.304 -59.179 15.275
G -52.286 -62.389 13.225
F -48.546 -62.199 12.636
T -45.286 -62.007 14.578
F -45.071 -58.2 14.506
S -41.52 -57.987 15.966
N -40.006 -59.504 12.821
Y -41.791 -57.226 10.315
A -41.024 -53.732 9.025
M -43.906 -51.234 9.133
S -44.996 -48.092 7.341
W -47.337 -45.183 7.903
V -49.186 -44.406 4.689
R -51.609 -41.646 3.901
Q -54.095 -40.717 1.237
A -55.941 -37.461 0.728
P -59.199 -38.116 -1.184
G -58.145 -36.684 -4.551
K -54.463 -37.624 -4.461
G -52.435 -40.865 -4.5
L -50.74 -42.926 -1.798
E -47.773 -41.38 0.027
V -45.517 -43.17 2.536
V -44.543 -40.678 5.254
S -42.448 -42.804 7.561
D -40.78 -46.219 7.747
I -39.31 -48.296 10.513
G -37.514 -51.614 10.816
S -38.33 -54.678 12.941
G -36.217 -53.42 15.846
G -37.13 -49.755 15.591
D -33.968 -48.895 13.665
R -33.61 -48.114 9.931
I -36.205 -45.303 10.106
T -36.931 -42.886 7.272
Y -39.301 -39.957 6.582
A -40.733 -38.106 3.599
D -39.257 -34.585 3.28
S -42.836 -33.324 3.669
V -42.91 -34.45 7.291
K -39.188 -34.519 8.166
G -38.726 -32.696 11.458
R -42.436 -32.819 12.313
F -43.274 -36.523 12.567
T -41.672 -39.282 14.637
I -42.196 -43.026 14.153
S -41.716 -45.731 16.778
R -42.969 -49.1 17.987
D -43.364 -51.388 20.986
N -42.785 -54.925 19.818
A -43.972 -56.284 23.17
K -47.467 -54.764 22.748
N -47.568 -55.214 18.95
T -48.081 -51.462 18.525
L -46.85 -48.916 15.992
Y -46.942 -45.194 16.915
L -46.772 -41.897 15.034
Q -46.122 -38.574 16.76
M -47.32 -35.753 14.567
N -46.263 -32.205 15.492
S -46.567 -28.774 13.821
L -49.546 -30.049 11.826
K -50.589 -28.415 8.546
P -53.786 -28.453 6.433
E -51.876 -30.39 3.773
D -51.354 -33.195 6.306
T -55.099 -33.797 6.064
A -55.669 -37.395 4.928
V -56.561 -40.966 5.901
Y -53.644 -42.49 7.864
Y -52.982 -46.201 7.341
C -50.416 -48.442 9.046
A -49.042 -51.124 6.679
N -46.426 -53.339 5.049
Q -46.461 -55.355 1.802
Y -48.761 -57.94 3.407
G -51.62 -55.614 4.315
R -53.047 -52.455 5.821
G -55.713 -51.329 8.278
P -59.018 -49.393 7.774
G -57.349 -46.062 8.512
T -57.86 -43.129 10.839
Q -58.889 -39.713 9.494
V -56.692 -36.695 10.2
T -58.056 -33.287 9.269
V -56.181 -30.056 9.93
S -58.634 -27.189 9.409
S -57.762 -24.008 7.516
X 0 0 0
X 0 0 0
X 0 0 0
X 0 0 0
X 0 0 0
X 0 0 0
X 0 0 0
X 0 0 0
X 0 0 0
X 0 0 0
X 0 0 0
X 0 0 0
X 0 0 0
X 0 0 0
X 0 0 0
X 0 0 0
X 0 0 0
X 0 0 0
X 0 0 0
X 0 0 0
X 0 0 0
X 0 0 0
X 0 0 0
X 0 0 0
X 0 0 0
X 0 0 0
X 0 0 0
X 0 0 0
