S -4.586 15.787 -25.005
Q -6.206 15.844 -21.562
V -7.166 18.531 -19.066
Q -5.196 18.448 -15.83
L -6.281 20.35 -12.728
Q -3.217 20.722 -10.507
E -3.991 21.242 -6.824
S -1.694 22.793 -4.215
G -1.69 24.694 -0.922
G -2.983 21.806 1.172
G -1.163 19.887 3.891
L -1.229 19.853 7.683
V -2.34 22.793 9.833
Q -3.456 23.328 13.434
A -7.041 24.22 14.382
G -7.61 27.95 14.054
G -4.936 28.081 11.373
S -5.193 28.979 7.698
L -4.615 27.423 4.278
R -4.634 28.86 0.768
L -5.641 26.189 -1.735
S -4.683 26.77 -5.363
C -5.905 25.111 -8.554
A -4.174 25.67 -11.892
A -5.297 24.029 -15.129
S -2.699 22.486 -17.437
G -2.644 20.224 -20.492
R -5.349 20.715 -23.119
T -6.441 24.36 -23.022
F -10.164 25.023 -22.622
S -12.528 27.942 -22.044
S -13.621 27.652 -18.417
D -17.16 28.46 -17.28
V -16.621 27.992 -13.562
M -13.947 26.697 -11.182
G -14.532 25.556 -7.614
W -13.687 23.157 -4.809
F -15.322 20.002 -3.495
R -14.278 17.959 -0.462
Q -14.853 14.539 1.084
A -14.281 13.896 4.783
P -13.528 10.28 5.81
G -16.645 8.111 5.632
K -18.833 10.916 4.304
E -20.377 12.196 1.077
R -18.414 14.452 -1.24
E -19.781 17.969 -0.795
F -19.558 21.355 -2.481
V -17.414 24.055 -0.874
A -16.992 27.163 -3.02
A -16.886 28.319 -6.641
V -16.282 31.381 -8.798
T -17.585 31.973 -12.321
R -15.685 33.675 -15.143
S -17.871 36.729 -14.518
G -16.708 36.854 -10.907
G -19.864 35.367 -9.415
K -19.103 33.526 -6.18
S -21.118 30.821 -4.415
Y -20.555 28.878 -1.19
N -21.76 25.856 0.726
A -22.516 28.39 3.452
D -23.764 25.77 5.932
S -20.287 24.261 6.152
V -18.139 27.224 5.102
K -19.729 29.683 7.551
G -18.092 32.674 5.882
R -14.639 31.348 6.757
F -13.525 30.599 3.203
T -13.047 33.01 0.298
I -12.697 31.9 -3.318
S -11.22 34.178 -5.988
R -9.946 34.153 -9.562
D -6.205 34.422 -10.057
N -4.502 36.333 -12.861
A -3.406 33.239 -14.79
K -5.542 31.223 -17.216
N -8.015 28.978 -15.374
T -6.397 29.506 -11.968
V -8.37 29.779 -8.721
S -7.493 30.283 -5.042
L -9.424 29.336 -1.899
Q -8.459 31.228 1.258
M -9.48 29.034 4.191
N -9.436 30.653 7.647
S -10.389 29.471 11.148
L -9.944 25.801 10.253
K -11.294 23.023 12.47
P -10.765 19.223 12.631
E -14.056 18.74 10.746
D -12.496 20.534 7.772
T -10.14 17.563 7.417
A -10.878 16.062 4.0
V -9.593 15.311 0.521
Y -10.19 18.507 -1.456
Y -11.021 18.246 -5.151
C -10.678 21.049 -7.677
A -13.366 21.094 -10.363
A -13.658 23.092 -13.576
G -16.549 23.809 -15.914
D -16.315 23.955 -19.691
T -18.178 26.503 -21.8
A -17.909 24.054 -24.701
I -19.968 21.626 -22.614
T -23.647 22.594 -22.638
S -24.606 22.483 -18.945
W -24.504 25.957 -17.414
Y -21.928 26.273 -14.624
G -21.583 22.491 -14.624
Y -18.401 20.663 -13.666
D -16.612 18.527 -16.229
Y -12.981 18.19 -15.16
W -11.652 17.097 -11.778
G -8.32 17.157 -9.97
Q -6.827 14.071 -8.337
G -7.497 15.643 -4.953
T -5.2 17.031 -2.28
Q -5.108 16.173 1.418
V -6.019 18.673 4.129
T -5.53 17.628 7.749
V -6.474 19.93 10.626
S -5.16 18.796 14.009
S -6.808 19.654 17.325
X 0 0 0
X 0 0 0
X 0 0 0
X 0 0 0
X 0 0 0
X 0 0 0
X 0 0 0
X 0 0 0
X 0 0 0
X 0 0 0
X 0 0 0
X 0 0 0
X 0 0 0
X 0 0 0
X 0 0 0
X 0 0 0
X 0 0 0
