E 57.537 -14.667 40.224
V 53.658 -14.728 40.299
Q 52.154 -12.969 37.227
L 48.381 -12.444 36.897
L 47.44 -10.612 33.637
E 43.814 -9.383 33.536
S 42.184 -8.411 30.177
G 38.738 -8.042 28.53
G 37.852 -4.813 30.364
G 36.555 -1.944 28.22
L 33.615 0.473 27.762
V 30.252 -1.276 27.514
Q 26.64 0.014 27.451
P 24.245 -0.833 30.368
G 22.456 -4.161 29.883
G 25.489 -5.381 27.894
S 28.042 -8.1 28.657
L 31.831 -8.645 28.991
R 34.203 -11.588 29.46
L 37.275 -10.948 31.597
S 40.324 -13.184 31.716
C 43.274 -13.562 34.088
A 46.331 -15.288 32.55
A 48.454 -16.872 35.282
S 52.215 -17.727 35.181
G 54.986 -18.29 37.727
F 52.998 -20.823 39.852
T 50.994 -24.082 39.504
F 47.687 -22.338 38.733
R 45.582 -25.584 38.693
D 46.384 -26.07 42.427
Y 45.249 -22.659 43.728
E 41.943 -21.095 44.749
M 41.323 -17.926 42.691
W 39.205 -14.811 43.358
W 37.783 -11.918 41.364
V 37.66 -8.591 43.268
R 36.596 -5.113 42.041
Q 37.452 -1.569 43.049
A 35.279 1.341 42.031
P 37.361 4.647 41.899
G 37.462 6.262 45.356
K 34.863 3.701 46.681
G 35.727 0.485 48.624
L 37.279 -2.889 47.566
E 34.64 -5.582 46.842
R 34.97 -9.402 46.641
V 33.009 -10.43 43.524
S 33.576 -14.213 43.118
A 35.829 -17.185 43.978
I 36.596 -20.672 42.587
N 38.359 -23.807 43.995
P 41.401 -25.409 42.115
Q 39.233 -27.936 40.121
G 36.539 -25.377 39.25
T 33.841 -27.553 40.952
R 32.967 -25.169 43.849
T 32.307 -21.433 43.569
Y 31.178 -18.4 45.6
Y 29.326 -15.253 44.396
A 28.602 -11.917 46.09
D 24.829 -11.228 46.479
S 25.267 -8.121 44.227
V 26.523 -10.324 41.289
M 24.702 -13.667 41.928
G 22.768 -14.875 38.85
R 24.355 -12.348 36.445
F 28.081 -13.232 36.794
T 29.917 -16.53 36.102
I 33.435 -17.523 37.344
S 35.245 -20.329 35.46
R 38.789 -21.642 34.765
D 40.893 -23.272 32.063
N 43.607 -25.19 33.936
S 45.198 -26.286 30.587
K 45.798 -22.652 29.42
N 46.244 -21.529 33.102
T 43.519 -18.866 32.763
L 40.72 -17.637 35.02
Y 37.479 -16.147 33.555
L 34.553 -13.942 34.589
Q 31.46 -13.746 32.367
M 29.62 -10.536 33.261
N 25.995 -10.3 32.011
S 23.162 -7.7 32.566
L 25.809 -5.031 33.283
R 24.921 -1.894 35.321
A 26.744 1.395 36.217
E 27.528 0.075 39.807
D 29.697 -2.6 38.076
T 31.968 0.243 36.856
A 35.196 -0.665 38.638
V 38.7 -1.916 38.117
Y 38.585 -5.747 38.229
Y 41.419 -7.796 39.731
C 42.079 -11.466 40.232
A 43.791 -12.914 43.334
K 45.741 -16.119 44.105
L 45.675 -17.846 47.529
P 47.369 -16.943 50.131
F 46.298 -13.469 48.859
T 49.399 -11.374 49.666
F 49.626 -7.799 48.231
D 51.905 -9.604 45.657
D 49.247 -12.214 44.899
W 46.996 -9.976 42.747
G 47.011 -8.477 39.24
Q 47.375 -5.141 37.488
G 43.584 -4.824 36.934
T 41.202 -4.362 33.981
L 38.961 -1.25 33.788
V 35.276 -1.877 33.21
T 33.173 1.252 32.451
V 29.35 0.965 32.217
S 27.806 4.185 30.699
S 25.93 5.502 27.604
A 29.099 7.05 25.965
X 0 0 0
X 0 0 0
X 0 0 0
X 0 0 0
X 0 0 0
X 0 0 0
X 0 0 0
X 0 0 0
X 0 0 0
X 0 0 0
X 0 0 0
X 0 0 0
X 0 0 0
X 0 0 0
X 0 0 0
X 0 0 0
X 0 0 0
X 0 0 0
X 0 0 0
X 0 0 0
X 0 0 0
X 0 0 0
X 0 0 0
