E 9.034 4.123 56.506
V 8.562 3.118 52.788
Q 9.687 5.806 50.255
L 9.34 5.501 46.436
L 10.698 8.444 44.376
E 9.41 8.409 40.728
S 11.254 10.465 38.044
G 11.733 10.612 34.274
G 8.253 11.9 33.46
G 8.068 14.914 31.138
L 6.671 16.187 27.803
V 7.453 13.94 24.83
Q 6.273 13.901 21.179
P 4.135 10.936 19.885
G 6.254 8.026 18.631
G 8.948 9.038 21.133
S 10.272 7.287 24.238
L 10.804 7.814 28.015
R 12.484 5.961 30.876
L 10.812 6.225 34.272
S 12.565 5.301 37.506
C 11.377 4.611 41.054
A 14.07 4.918 43.747
A 13.154 2.817 46.792
S 14.201 3.288 50.491
G 12.934 2.162 53.888
F 12.5 -1.539 52.957
T 14.414 -4.505 51.438
F 13.507 -3.64 47.827
R 15.071 -6.819 46.334
D 12.431 -8.901 48.247
Y 9.24 -7.216 46.95
E 7.045 -7.486 43.844
M 6.721 -4.056 42.178
W 4.075 -2.602 39.794
W 3.56 0.387 37.53
V 0.122 1.972 37.495
R -1.091 5.053 35.587
Q -3.831 7.701 36.08
A -5.153 9.42 32.89
P -7.157 12.756 33.293
G -10.852 12.022 33.883
K -10.281 8.286 33.059
G -9.781 5.559 35.729
L -6.7 4.009 37.396
E -4.863 1.487 35.137
R -2.399 -1.322 36.024
V 0.428 -1.043 33.447
S 3.123 -3.622 34.39
A 4.525 -5.942 37.137
I 7.835 -7.603 38.158
N 8.763 -10.296 40.737
P 11.593 -9.656 43.357
Q 14.423 -11.227 41.219
G 13.248 -9.563 37.979
T 12.878 -13.051 36.34
R 9.049 -12.973 35.866
T 7.033 -10.047 34.48
Y 3.468 -8.998 33.492
Y 2.311 -6.434 30.921
A -1.17 -4.964 30.237
D -2.367 -5.807 26.658
S -2.443 -2.001 25.926
V 1.362 -1.722 26.652
M 2.648 -5.253 25.713
G 5.596 -5.159 23.292
R 6.147 -1.374 23.627
F 6.828 -1.115 27.402
T 9.595 -2.773 29.46
I 9.675 -3.199 33.259
S 13.099 -3.842 34.877
R 14.885 -3.489 38.223
D 18.318 -2.749 39.683
N 18.39 -4.487 43.06
S 21.899 -3.07 43.8
K 20.8 0.599 43.43
N 17.276 -0.376 44.773
T 15.567 1.152 41.696
L 12.611 0.122 39.506
Y 12.421 1.134 35.801
L 9.841 1.454 33.027
Q 11.093 1.884 29.45
M 8.245 3.376 27.422
N 8.647 3.128 23.605
S 6.319 4.013 20.634
L 4.489 6.523 22.888
R 0.912 7.656 22.079
A -1.507 10.319 23.504
E -3.488 7.578 25.461
D -0.272 7.042 27.504
T -0.681 10.638 28.825
A -1.177 9.945 32.561
V 0.454 10.275 35.987
Y 2.623 7.173 36.526
Y 3.086 5.577 39.953
C 5.123 2.676 41.157
A 3.7 0.399 43.895
K 5.164 -2.201 46.303
L 3.411 -5.323 47.554
P 1.094 -5.503 49.611
F 0.087 -2.193 47.882
T -0.998 -0.294 51.055
F -1.585 3.499 51.065
D 2.078 3.946 52.302
D 3.347 1.54 49.499
W 3.284 4.227 46.72
G 5.344 6.951 45.107
Q 4.369 10.611 44.52
G 3.914 10.041 40.744
T 5.595 11.316 37.562
L 3.561 13.177 34.88
V 3.9 11.893 31.325
T 2.419 14.137 28.575
V 2.265 12.909 24.929
S 1.359 15.764 22.485
S 2.697 17.897 19.547
X 0 0 0
X 0 0 0
X 0 0 0
X 0 0 0
X 0 0 0
X 0 0 0
X 0 0 0
X 0 0 0
X 0 0 0
X 0 0 0
X 0 0 0
X 0 0 0
X 0 0 0
X 0 0 0
X 0 0 0
X 0 0 0
X 0 0 0
X 0 0 0
X 0 0 0
X 0 0 0
X 0 0 0
X 0 0 0
X 0 0 0
X 0 0 0
