G 4.609 44.104 47.056
S 6.443 42.151 44.377
Q 9.525 43.391 42.536
V 10.425 42.25 39.005
Q 13.843 43.388 37.714
L 14.815 42.751 34.087
V 18.436 42.719 32.993
E 20.59 41.639 30.077
S 19.291 43.917 27.317
G 21.199 46.416 25.209
G 22.651 46.506 21.719
G 23.304 43.38 19.717
P 24.339 42.699 16.139
V 21.713 41.268 13.804
E 21.932 37.501 13.67
A 23.281 37.418 17.215
G 21.855 36.163 20.491
G 20.887 37.695 23.817
S 19.612 36.29 27.108
L 17.335 38.484 29.189
R 16.977 37.847 32.925
L 14.206 38.786 35.317
S 14.668 38.446 39.078
C 11.421 38.223 41.081
A 11.232 39.032 44.798
A 8.99 40.107 47.673
S 6.79 37.027 48.153
G 6.659 33.324 47.371
R 6.201 32.632 43.657
S 5.492 28.918 44.113
F 2.049 29.311 42.447
S 2.934 31.999 39.925
N 2.732 32.434 36.169
S 5.452 34.534 34.519
V 5.67 35.941 31.006
M 7.818 37.963 28.663
A 6.268 40.709 26.545
W 7.793 43.357 24.295
F 6.666 46.753 23.024
R 8.112 48.488 20.023
Q 7.603 52.237 19.519
A 4.035 53.031 18.526
P 2.838 49.421 18.838
G 0.811 47.546 21.425
K 2.619 45.204 23.802
E 3.219 41.784 22.261
R 3.064 38.504 24.172
E 6.202 36.367 23.762
F 6.256 33.53 26.297
L 4.744 32.21 29.511
S 6.111 29.917 32.206
V 4.007 28.116 34.789
L 5.971 28.068 38.015
N 4.356 24.967 39.546
W 5.446 22.714 36.647
S 8.031 24.816 34.799
S 6.149 24.313 31.522
G 6.454 27.085 28.926
R 4.615 28.184 25.789
T 6.063 30.495 23.092
S 4.11 32.869 20.84
I 4.073 31.847 17.181
A 5.745 35.116 16.126
D 8.995 33.986 17.795
S 8.575 30.195 18.041
V 11.817 28.511 17.006
K 13.901 31.595 17.874
G 12.937 32.51 21.484
R 12.737 30.172 24.464
F 11.875 30.703 28.112
T 13.455 29.045 31.123
M 14.157 29.626 34.786
S 16.535 29.141 37.658
R 14.097 28.018 40.403
D 16.745 28.548 43.09
P 17.195 32.195 42.097
A 13.484 32.783 41.369
K 14.681 34.091 38.0
I 13.279 33.561 34.505
T 15.177 33.906 31.247
V 14.308 34.786 27.674
Y 16.767 33.273 25.205
L 16.589 35.176 21.906
Q 18.477 33.772 18.904
M 18.808 34.904 15.304
N 17.967 38.458 16.305
G 16.594 40.777 13.606
L 16.029 44.54 13.469
K 12.278 44.028 14.095
P 13.103 42.407 17.426
E 14.102 45.923 18.57
D 11.824 46.785 21.469
T 11.459 47.236 25.195
A 11.162 43.785 26.757
V 9.062 43.373 29.906
Y 8.689 40.556 32.396
Y 5.255 40.164 33.997
C 3.94 37.97 36.76
A 0.756 36.794 38.389
A 0.229 35.002 41.673
S -3.531 34.912 41.055
N -6.149 33.088 39.091
R -7.77 35.063 36.307
G -10.509 35.149 33.717
S -7.953 36.259 31.101
L -5.87 33.941 28.938
Y -2.114 33.745 29.493
T -1.273 35.732 26.319
L -3.223 38.777 27.549
D -1.382 41.591 29.298
N -4.38 41.928 31.649
Q -3.511 38.472 33.006
N -0.549 39.879 34.977
R -0.858 42.236 37.935
Y 2.922 42.79 38.185
E 5.45 44.187 35.706
D 9.117 45.028 35.461
W 10.464 48.404 34.363
G 11.345 47.03 30.921
Q 14.71 46.619 29.256
G 15.685 47.983 25.86
T 16.976 45.626 23.188
Q 18.398 47.272 20.072
V 19.363 45.104 17.09
T 21.755 46.987 14.819
V 21.888 45.788 11.233
S -9.309 28.751 31.093
S -10.166 27.96 34.723
X 0 0 0
X 0 0 0
X 0 0 0
X 0 0 0
X 0 0 0
X 0 0 0
X 0 0 0
X 0 0 0
X 0 0 0
X 0 0 0
X 0 0 0
X 0 0 0
