V 1.626 -44.253 -30.175
Q 1.85 -45.714 -26.661
L -0.437 -45.661 -23.74
Q 0.65 -47.387 -20.535
E -1.544 -47.371 -17.439
S -0.495 -48.451 -13.952
G -1.41 -48.094 -10.247
G -4.443 -50.457 -10.041
G -5.01 -53.07 -7.378
L -7.532 -54.479 -4.964
V -8.691 -51.988 -2.279
Q -11.387 -51.671 0.325
P -14.512 -49.572 -0.033
G -13.829 -46.099 1.257
G -10.285 -46.402 -0.055
S -7.982 -44.445 -2.34
L -5.803 -45.151 -5.323
R -3.774 -43.172 -7.748
L -3.603 -44.244 -11.38
S -0.829 -43.231 -13.775
C -0.613 -43.172 -17.534
A 2.528 -42.665 -19.534
A 1.63 -41.468 -22.993
S 3.853 -40.741 -25.945
G 4.394 -37.117 -26.959
S 2.503 -37.493 -30.186
I -0.625 -38.608 -28.304
F -0.347 -36.303 -25.394
S 1.054 -33.04 -26.604
G -1.561 -30.335 -27.171
N -4.383 -32.812 -26.842
V -7.229 -33.296 -24.498
M -6.528 -36.418 -22.496
G -8.892 -38.593 -20.46
W -9.707 -41.683 -18.404
Y -12.15 -44.473 -19.164
R -13.198 -47.655 -17.637
Q -14.714 -50.913 -18.526
A -16.682 -52.815 -15.864
P -17.803 -56.43 -16.072
G -20.682 -56.919 -18.531
K -20.412 -53.398 -19.891
L -18.759 -51.538 -22.633
R -16.201 -48.868 -22.016
E -17.463 -45.723 -20.245
W -15.903 -42.253 -20.203
V -14.872 -41.056 -16.707
A -12.899 -37.831 -16.892
A -11.035 -35.466 -19.25
I -8.548 -32.633 -19.024
T -7.523 -29.949 -21.509
P -3.916 -29.057 -22.273
Q -4.409 -25.957 -20.146
G -5.519 -28.038 -17.186
V -9.301 -27.738 -17.158
P -10.831 -30.953 -15.805
N -14.371 -32.394 -16.283
Y -15.995 -35.597 -15.014
A -18.81 -38.038 -15.568
D -21.552 -37.777 -12.971
S -20.735 -41.208 -11.487
V -17.325 -40.006 -10.274
K -17.691 -36.296 -9.82
G -16.66 -35.014 -6.385
R -14.601 -38.208 -5.753
F -11.985 -38.474 -8.578
T -9.431 -35.849 -9.675
I -7.74 -35.923 -13.021
S -4.499 -34.064 -13.582
R -1.72 -33.904 -16.134
D 1.954 -33.179 -16.118
N 2.856 -31.554 -19.39
A 6.598 -31.809 -18.9
K 6.51 -35.625 -18.548
N 3.471 -36.618 -20.657
M 1.82 -38.1 -17.627
L -1.811 -38.326 -16.866
Y -3.115 -39.11 -13.398
L -6.335 -40.138 -11.737
Q -6.628 -39.762 -8.013
M -9.618 -41.844 -6.902
S -11.258 -41.463 -3.449
S -14.211 -42.891 -1.578
L -14.06 -45.883 -3.765
K -17.072 -48.136 -4.113
P -17.605 -51.66 -5.357
E -19.221 -50.095 -8.471
D -15.871 -48.478 -9.321
T -14.429 -51.954 -10.03
A -13.152 -52.077 -13.67
L -10.244 -51.926 -16.089
Y -9.22 -48.3 -16.355
Y -7.715 -46.905 -19.522
C -6.347 -43.608 -20.63
N -6.391 -42.042 -24.096
R -6.517 -38.776 -25.873
L -9.826 -37.317 -26.94
P -10.882 -38.044 -29.555
N -9.419 -41.476 -29.095
Y -6.368 -42.927 -30.651
R -7.624 -46.217 -31.971
S -5.181 -48.598 -30.218
W -5.862 -48.832 -26.505
G -3.191 -49.746 -23.987
Q -3.496 -52.675 -21.569
G -5.347 -50.793 -18.86
T -4.983 -51.322 -15.123
Q -7.37 -53.388 -12.997
V -9.118 -51.7 -10.098
T -11.094 -53.907 -7.713
V -13.001 -52.529 -4.755
S -14.125 -55.076 -2.304
S -14.762 -55.542 1.366
X 0 0 0
X 0 0 0
X 0 0 0
X 0 0 0
X 0 0 0
X 0 0 0
X 0 0 0
X 0 0 0
X 0 0 0
X 0 0 0
X 0 0 0
X 0 0 0
X 0 0 0
X 0 0 0
X 0 0 0
X 0 0 0
X 0 0 0
X 0 0 0
X 0 0 0
X 0 0 0
X 0 0 0
X 0 0 0
X 0 0 0
X 0 0 0
X 0 0 0
X 0 0 0
X 0 0 0
