V 4.882 -12.292 -93.398
Q 5.28 -11.6 -89.87
L 6.646 -11.932 -86.424
Q 4.91 -9.995 -83.597
E 6.046 -10.279 -80.018
S 4.226 -9.057 -76.931
G 4.007 -9.482 -73.134
G 7.067 -7.556 -71.961
G 7.089 -5.11 -69.122
L 8.935 -3.981 -66.059
V 9.207 -6.554 -63.285
Q 11.228 -7.092 -60.13
P 14.065 -9.586 -59.689
G 12.49 -12.88 -58.761
G 9.539 -12.115 -60.998
S 7.752 -13.869 -63.788
L 6.471 -12.967 -67.241
R 5.001 -14.699 -70.229
L 5.957 -13.594 -73.737
S 3.894 -14.327 -76.866
C 4.726 -14.366 -80.5
A 2.274 -14.539 -83.339
A 3.986 -15.836 -86.426
S 2.559 -16.256 -89.914
G 1.864 -19.856 -91.021
S 4.547 -19.855 -93.65
I 7.225 -19.071 -90.989
F 5.842 -21.232 -88.253
S 4.393 -24.343 -89.807
G 6.706 -27.373 -89.758
N 9.603 -25.276 -88.571
V 11.724 -25.063 -85.531
M 10.98 -21.847 -83.721
G 12.862 -19.933 -81.078
W 13.454 -16.958 -78.84
Y 16.291 -14.472 -78.813
R 17.267 -11.396 -76.956
Q 19.391 -8.304 -77.33
A 20.654 -6.673 -74.159
P 22.236 -3.227 -73.943
G 25.726 -3.178 -75.515
K 25.431 -6.646 -76.98
L 24.42 -8.379 -80.086
R 21.51 -10.65 -80.291
E 21.778 -13.896 -78.267
W 19.908 -17.148 -78.796
V 17.762 -18.154 -75.772
A 15.573 -21.151 -76.589
A 14.189 -23.282 -79.4
I 11.415 -25.829 -79.919
T 10.757 -28.373 -82.652
P 7.419 -28.807 -84.405
Q 6.879 -31.884 -82.249
G 7.356 -29.865 -79.096
V 10.898 -30.703 -77.9
P 12.442 -27.651 -76.189
N 16.127 -26.695 -75.658
Y 17.711 -23.715 -73.939
A 20.885 -21.679 -73.658
D 22.74 -22.246 -70.419
S 22.008 -18.739 -69.179
V 18.285 -19.451 -68.939
K 18.086 -23.144 -68.528
G 15.951 -24.253 -65.539
R 14.197 -20.866 -65.457
F 12.504 -20.352 -68.873
T 10.024 -22.582 -70.676
I 9.356 -22.335 -74.329
S 6.167 -23.825 -75.81
R 4.191 -23.629 -78.996
D 0.649 -23.899 -80.084
N 0.568 -25.478 -83.53
A -3.146 -24.769 -84.081
K -2.658 -20.981 -83.675
N 0.907 -20.371 -84.86
M 1.845 -19.097 -81.454
L 5.12 -19.3 -79.656
Y 5.421 -18.65 -75.929
L 8.18 -17.995 -73.444
Q 7.414 -18.358 -69.763
M 10.186 -16.665 -67.84
S 10.789 -17.156 -64.093
S 13.273 -16.15 -61.434
L 14.116 -13.185 -63.483
K 17.368 -11.281 -62.967
P 18.568 -7.867 -63.932
E 20.777 -9.537 -66.547
D 17.61 -10.796 -68.3
T 16.8 -7.206 -69.232
A 16.611 -6.921 -73.076
L 14.521 -6.792 -76.163
Y 13.158 -10.26 -76.834
Y 12.474 -11.48 -80.374
C 11.126 -14.634 -81.843
N 11.964 -16.252 -85.221
R 12.202 -19.569 -86.958
L 15.431 -21.512 -87.048
P 17.232 -20.951 -89.211
N 16.167 -17.327 -89.164
Y 13.864 -15.58 -91.55
R 15.747 -12.486 -92.456
S 13.25 -9.835 -91.304
W 12.917 -9.554 -87.543
G 9.819 -8.235 -85.785
Q 9.932 -5.313 -83.392
G 10.556 -7.366 -80.27
T 9.158 -6.761 -76.745
Q 11.093 -4.954 -73.996
V 11.695 -6.806 -70.755
T 13.129 -4.775 -67.867
V 14.018 -6.431 -64.558
S 14.749 -4.051 -61.812
S 14.221 -3.666 -58.043
H 11.597 -1.406 -56.569
H 12.886 0.848 -53.753
X 0 0 0
X 0 0 0
X 0 0 0
X 0 0 0
X 0 0 0
X 0 0 0
X 0 0 0
X 0 0 0
X 0 0 0
X 0 0 0
X 0 0 0
X 0 0 0
X 0 0 0
X 0 0 0
X 0 0 0
X 0 0 0
X 0 0 0
X 0 0 0
X 0 0 0
X 0 0 0
X 0 0 0
X 0 0 0
X 0 0 0
X 0 0 0
X 0 0 0
