V -29.946 -49.405 0.298
Q -30.216 -51.164 -3.135
L -28.544 -51.004 -6.582
Q -29.903 -52.526 -9.799
E -28.1 -52.33 -13.114
S -29.418 -53.398 -16.565
G -29.18 -52.803 -20.314
G -26.083 -54.821 -21.221
G -25.395 -57.49 -23.785
L -23.281 -58.592 -26.759
V -22.44 -56.027 -29.433
Q -20.108 -55.476 -32.328
P -17.033 -53.153 -32.376
G -17.959 -49.522 -33.154
G -21.487 -50.306 -31.84
S -23.352 -48.79 -28.978
L -25.318 -49.277 -25.652
R -27.316 -47.702 -22.831
L -27.051 -48.896 -19.184
S -29.481 -48.038 -16.474
C -29.118 -48.176 -12.725
A -32.078 -48.054 -10.33
A -31.056 -46.765 -6.9
S -32.869 -46.357 -3.624
G -33.502 -42.767 -2.492
S -31.351 -43.092 0.641
I -28.322 -43.845 -1.581
F -29.099 -41.561 -4.478
S -30.463 -38.339 -3.089
G -27.99 -35.555 -2.489
N -25.052 -37.792 -3.441
V -22.379 -37.937 -6.105
M -23.147 -41.033 -8.158
G -20.913 -43.035 -10.529
W -20.212 -46.095 -12.752
Y -17.544 -48.871 -12.488
R -16.445 -51.993 -14.412
Q -14.562 -55.226 -13.708
A -12.825 -56.788 -16.688
P -11.517 -60.36 -16.783
G -8.39 -60.869 -14.722
K -8.646 -57.453 -13.118
L -9.964 -55.526 -10.182
R -12.875 -53.09 -10.36
E -11.924 -49.862 -12.156
W -13.668 -46.45 -11.789
V -15.252 -45.21 -15.062
A -17.372 -42.016 -14.575
A -19.133 -39.801 -11.997
I -21.756 -37.025 -11.723
T -22.709 -34.496 -8.998
P -26.314 -33.887 -7.909
Q -26.331 -30.692 -9.984
G -25.443 -32.775 -13.084
V -21.705 -32.028 -13.673
P -19.959 -35.114 -15.156
N -16.366 -36.366 -15.131
Y -14.798 -39.374 -16.758
A -11.808 -41.665 -16.663
D -9.174 -41.184 -19.428
S -9.903 -44.651 -20.878
V -13.498 -43.664 -21.828
K -13.42 -39.889 -22.185
G -15.236 -38.613 -25.328
R -17.091 -41.896 -25.987
F -19.313 -42.425 -22.882
T -21.885 -40.031 -21.432
I -23.059 -40.258 -17.799
S -26.331 -38.736 -16.673
R -28.868 -38.787 -13.877
D -32.605 -38.132 -13.406
N -33.255 -36.795 -9.889
A -37.043 -37.153 -10.089
K -36.91 -40.955 -10.763
N -33.673 -42.037 -8.897
M -32.008 -43.306 -12.087
L -28.456 -43.24 -13.368
Y -27.559 -43.818 -17.013
L -24.465 -44.531 -19.033
Q -24.451 -44.157 -22.839
M -21.628 -45.908 -24.669
S -20.409 -45.144 -28.215
S -17.594 -46.288 -30.452
L -17.228 -49.443 -28.374
K -14.034 -51.576 -28.438
P -13.252 -55.082 -27.154
E -11.256 -53.544 -24.281
D -14.624 -52.202 -22.94
T -15.759 -55.805 -22.153
A -16.676 -56.205 -18.429
L -19.287 -56.389 -15.675
Y -20.598 -52.825 -15.287
Y -21.655 -51.585 -11.827
C -23.194 -48.48 -10.244
N -22.838 -46.89 -6.783
R -22.654 -43.624 -4.943
L -19.347 -41.945 -4.208
P -17.985 -42.63 -1.676
N -19.216 -46.245 -2.051
Y -22.054 -47.911 -0.179
R -20.861 -51.194 1.516
S -22.852 -53.605 -0.668
W -22.737 -53.813 -4.491
G -25.476 -54.839 -6.919
Q -25.32 -57.727 -9.4
G -24.011 -55.577 -12.271
T -24.77 -55.989 -15.972
Q -22.514 -57.86 -18.45
V -21.229 -55.997 -21.512
T -19.307 -57.909 -24.206
V -17.662 -56.507 -27.356
S -16.543 -59.013 -29.914
S -15.641 -58.804 -33.638
H -17.883 -61.825 -34.479
X 0 0 0
X 0 0 0
X 0 0 0
X 0 0 0
X 0 0 0
X 0 0 0
X 0 0 0
X 0 0 0
X 0 0 0
X 0 0 0
X 0 0 0
X 0 0 0
X 0 0 0
X 0 0 0
X 0 0 0
X 0 0 0
X 0 0 0
X 0 0 0
X 0 0 0
X 0 0 0
X 0 0 0
X 0 0 0
X 0 0 0
X 0 0 0
X 0 0 0
X 0 0 0
