E -19.239 18.123 -1.138
V -18.428 21.555 -2.627
Q -20.068 24.799 -1.484
L -19.312 28.205 -3.01
L -21.298 30.854 -1.121
V -21.347 34.475 -2.327
S -22.447 37.745 -0.698
G -22.051 41.515 -1.179
G -24.176 42.466 -4.2
G -27.155 44.824 -4.391
L -27.98 48.271 -5.807
V -25.652 51.261 -6.219
Q -25.705 54.366 -8.442
P -23.263 54.988 -11.36
G -19.689 55.657 -10.207
G -20.386 53.576 -7.093
S -18.44 50.827 -5.332
L -18.986 47.253 -4.093
R -17.035 44.377 -2.522
L -18.2 40.811 -3.202
S -17.185 37.902 -0.954
C -17.138 34.208 -1.93
A -16.831 31.635 0.88
A -15.49 28.285 -0.354
S -15.429 24.826 1.25
G -15.283 21.099 0.43
F -11.826 21.021 -1.183
T -8.216 22.2 -0.828
F -8.849 25.892 -1.617
K -5.121 26.724 -1.484
A -4.213 24.483 -4.458
Y -6.864 25.745 -6.937
P -7.197 28.969 -8.947
M -10.534 30.778 -8.552
M -12.583 32.983 -10.884
W -15.542 35.348 -11.22
V -18.186 35.166 -13.96
R -21.35 37.186 -14.616
Q -24.567 36.776 -16.603
A -26.575 39.798 -17.76
P -30.336 39.264 -18.289
G -31.018 38.192 -21.893
K -27.264 37.982 -22.563
G -24.854 35.026 -22.383
L -22.309 34.13 -19.693
E -19.175 36.289 -19.497
W -15.752 35.802 -17.905
V -14.645 38.589 -15.54
S -11.509 37.651 -13.57
E -9.128 34.984 -12.214
I -6.503 34.563 -9.497
S -3.691 32.023 -9.009
P -3.622 29.513 -6.11
S -0.654 31.304 -4.51
G -2.357 34.679 -5.054
S 0.682 36.243 -6.75
Y -0.966 36.382 -10.215
T -4.202 38.067 -11.33
Y -6.179 38.078 -14.592
Y -8.966 40.428 -15.723
A -11.377 40.905 -18.627
D -10.838 43.757 -21.104
S -14.253 45.287 -20.309
V -13.427 45.729 -16.589
K -9.643 45.787 -15.999
G -8.392 48.863 -14.141
R -11.658 49.073 -12.176
F -12.235 45.683 -10.516
T -9.606 44.066 -8.269
I -9.55 40.364 -7.324
S -7.966 38.983 -4.146
R -7.991 35.842 -1.996
D -7.241 34.847 1.593
N -6.092 31.211 1.669
S -6.01 31.176 5.488
K -9.767 31.941 5.594
N -10.795 30.163 2.336
T -12.427 33.251 0.808
L -12.321 35.006 -2.564
Y -12.934 38.749 -2.99
L -13.763 41.137 -5.837
Q -13.349 44.878 -5.245
M -15.666 46.449 -7.841
N -15.218 50.225 -8.319
S -16.606 52.943 -10.629
L -19.578 50.876 -11.811
R -21.459 51.402 -15.086
A -24.836 50.273 -16.471
E -23.096 47.657 -18.659
D -21.896 45.86 -15.48
T -25.501 45.076 -14.417
A -25.553 41.276 -14.034
V -25.683 38.327 -11.618
Y -22.148 37.624 -10.346
Y -21.023 34.032 -9.699
C -17.853 32.792 -7.978
A -16.535 29.451 -9.26
K -13.441 27.252 -8.936
D -14.381 25.419 -12.125
P -16.687 26.611 -14.917
R -19.731 24.522 -15.909
K -20.65 24.445 -12.188
L -23.008 27.377 -11.65
D -25.64 25.122 -10.035
Y -24.464 25.53 -6.418
W -26.755 27.353 -3.98
G -26.059 30.993 -3.069
Q -23.292 30.962 -5.681
G -24.732 33.982 -7.51
T -25.493 37.516 -6.342
L -27.344 40.317 -8.15
V -25.444 43.555 -8.803
T -27.544 46.377 -10.286
V -26.649 49.873 -11.523
S -29.414 52.506 -11.564
X 0 0 0
X 0 0 0
X 0 0 0
X 0 0 0
X 0 0 0
X 0 0 0
X 0 0 0
X 0 0 0
X 0 0 0
X 0 0 0
X 0 0 0
X 0 0 0
X 0 0 0
X 0 0 0
X 0 0 0
X 0 0 0
X 0 0 0
X 0 0 0
X 0 0 0
X 0 0 0
X 0 0 0
X 0 0 0
X 0 0 0
X 0 0 0
X 0 0 0
