Q -33.715 -9.462 8.273
V -32.264 -6.168 6.983
Q -33.63 -3.163 8.866
L -32.887 0.481 8.126
Q -34.563 2.767 10.693
E -34.317 6.489 10.019
S -34.942 9.423 12.328
G -34.034 13.072 12.828
G -36.243 14.777 10.262
G -38.445 17.728 11.078
L -39.912 21.09 10.217
V -37.477 23.994 10.288
Q -36.984 27.482 8.784
P -34.498 28.292 5.984
G -31.035 28.617 7.517
G -31.775 25.858 10.02
S -30.174 22.497 10.78
L -31.154 18.848 11.189
K -29.189 15.653 11.751
L -30.644 12.508 10.22
S -29.775 9.061 11.558
C -30.2 5.647 9.987
A -29.784 2.757 12.428
A -28.969 -0.439 10.53
S -29.272 -4.102 11.488
G -29.443 -7.555 9.936
F -26.258 -7.369 7.856
T -22.517 -6.721 8.277
F -22.718 -2.91 8.395
S -19.001 -2.133 8.299
R -18.525 -3.962 4.99
Y -20.813 -1.744 2.91
A -21.035 1.776 1.573
M -24.089 3.611 2.968
S -26.088 6.256 1.081
W -28.665 8.989 1.619
Y -31.207 9.724 -1.114
R -34.102 12.159 -1.206
Q -37.363 12.478 -3.082
A -38.947 15.911 -3.315
P -42.623 16.373 -4.305
G -43.182 15.995 -8.052
K -39.524 15.097 -8.57
E -37.553 11.897 -9.084
R -35.382 10.351 -6.368
E -31.947 11.988 -6.064
S -28.69 10.728 -4.55
V -27.572 13.093 -1.775
A -24.458 11.555 -0.228
R -22.525 8.286 -0.01
I -19.827 7.104 2.381
S -17.609 4.112 1.627
S -16.817 1.243 3.923
G -14.032 2.593 6.135
G -15.356 6.144 5.767
G -12.524 7.322 3.535
T -14.356 7.914 0.26
I -17.283 10.326 0.316
Y -19.642 11.594 -2.405
Y -21.962 14.652 -2.256
A -24.525 15.946 -4.729
D -23.276 19.298 -6.019
S -26.374 21.002 -4.603
V -25.475 20.06 -0.997
K -21.691 20.219 -1.142
G -20.357 22.295 1.752
R -23.666 22.289 3.655
F -24.25 18.596 4.357
T -21.958 16.067 6.054
I -22.346 12.286 5.888
S -20.653 10.179 8.563
R -20.85 6.682 10.002
E -20.262 5.148 13.42
D -19.621 1.472 12.818
A -19.758 0.711 16.56
K -23.413 1.834 16.524
N -24.212 0.483 13.041
T -25.469 3.973 12.189
V -24.974 6.383 9.286
Y -25.734 10.109 9.72
L -26.49 13.162 7.611
Q -25.802 16.53 9.229
M -27.707 19.184 7.27
N -26.964 22.899 7.737
S -27.969 26.204 6.101
L -31.138 24.415 4.988
K -33.022 25.748 1.956
P -36.663 25.318 0.854
E -35.51 23.169 -2.093
D -34.032 20.729 0.451
T -37.62 19.759 1.327
A -38.102 16.039 0.636
V -38.509 12.58 2.06
Y -34.978 11.422 2.901
Y -34.073 7.73 2.609
C -31.202 5.558 3.89
Y -29.98 3.031 1.266
V -27.681 0.037 0.922
G -27.471 -3.063 -1.298
G -30.991 -2.884 -2.685
F -32.541 -2.071 0.693
W -34.319 1.177 1.597
G -35.309 2.799 4.878
Q -38.915 3.892 5.375
G -38.076 7.559 4.915
T -37.981 10.597 7.165
Q -39.725 13.857 6.293
V -37.693 17.046 6.015
T -39.584 20.288 5.47
V -37.846 23.639 5.191
S -40.301 26.55 5.325
S -40.377 30.044 6.819
G -44.13 29.829 7.411
G -44.805 33.466 8.281
X 0 0 0
X 0 0 0
X 0 0 0
X 0 0 0
X 0 0 0
X 0 0 0
X 0 0 0
X 0 0 0
X 0 0 0
X 0 0 0
X 0 0 0
X 0 0 0
X 0 0 0
X 0 0 0
X 0 0 0
X 0 0 0
X 0 0 0
X 0 0 0
X 0 0 0
X 0 0 0
X 0 0 0
X 0 0 0
X 0 0 0
X 0 0 0
X 0 0 0
X 0 0 0
