Q 51.592 -14.007 -16.949
V 50.136 -16.973 -18.832
Q 47.084 -18.05 -16.822
L 43.913 -20.15 -16.999
Q 40.95 -19.355 -14.754
E 37.863 -21.573 -14.396
S 34.322 -20.553 -13.474
G 30.746 -21.814 -13.744
G 30.852 -24.317 -10.89
G 27.847 -24.591 -8.597
L 25.3 -26.644 -6.696
V 22.781 -28.411 -8.85
Q 20.36 -31.339 -8.554
A 20.903 -34.558 -10.494
G 19.652 -34.08 -14.053
G 20.506 -30.375 -14.058
S 23.05 -28.415 -16.103
L 26.098 -26.188 -15.731
R 28.477 -24.507 -18.152
L 32.108 -24.285 -17.088
S 34.34 -21.59 -18.582
C 38.104 -21.893 -19.004
A 39.32 -18.351 -19.597
A 42.893 -17.585 -20.605
S 44.625 -14.372 -19.638
G 48.096 -13.063 -20.365
F 47.981 -15.025 -23.627
T 45.594 -16.023 -26.414
L 44.607 -19.677 -26.6
D 43.612 -19.608 -30.316
S 46.441 -21.859 -31.556
Y 46.489 -24.171 -28.537
A 44.522 -27.307 -27.656
I 42.649 -27.166 -24.316
G 41.683 -30.01 -21.972
W 39.339 -30.383 -18.996
F 40.168 -32.606 -16.004
R 38.387 -33.295 -12.721
Q 39.164 -34.668 -9.251
A 36.25 -36.334 -7.484
P 36.231 -36.993 -3.712
G 38.998 -39.487 -2.939
K 39.627 -40.345 -6.575
E 42.511 -39.865 -8.989
R 42.482 -37.075 -11.565
E 40.254 -37.995 -14.514
G 40.542 -36.718 -18.07
V 37.161 -35.291 -19.009
S 37.407 -33.733 -22.416
C 39.623 -31.848 -24.826
I 39.387 -29.688 -27.939
S 42.015 -29.099 -30.636
A 43.322 -25.698 -31.703
S 41.182 -25.454 -34.849
G 38.146 -26.388 -32.775
G 37.926 -29.219 -35.274
S 38.774 -32.203 -33.101
T 37.238 -33.072 -29.72
N 37.578 -35.986 -27.281
Y 35.482 -37.125 -24.308
A 35.706 -39.596 -21.443
D 33.271 -42.494 -21.904
S 31.344 -41.601 -18.745
V 30.411 -38.136 -20.061
K 29.729 -38.817 -23.759
G 26.347 -37.461 -24.829
R 26.076 -35.399 -21.641
F 29.076 -33.023 -21.816
T 29.977 -30.807 -24.78
I 33.268 -28.921 -25.123
S 33.544 -25.812 -27.32
R 35.697 -22.857 -28.252
D 35.334 -19.092 -28.388
N 38.606 -17.575 -29.565
A 37.274 -14.019 -29.595
K 36.352 -14.438 -25.943
N 39.609 -16.326 -25.351
T 37.612 -19.045 -23.597
V 36.831 -22.754 -23.809
Y 33.475 -24.022 -22.485
L 32.248 -27.294 -21.046
Q 28.454 -27.607 -21.238
M 27.398 -30.243 -18.737
N 23.89 -31.677 -19.112
S 22.175 -34.564 -17.292
L 24.521 -34.183 -14.333
K 24.95 -37.168 -12.022
S 26.184 -37.38 -8.434
E 29.478 -38.882 -9.619
D 30.099 -35.68 -11.588
T 30.679 -33.979 -8.215
A 34.296 -32.811 -8.347
V 36.732 -29.97 -8.787
Y 37.157 -29.233 -12.495
Y 40.19 -27.575 -14.059
C 41.467 -26.914 -17.537
A 44.874 -27.115 -19.22
A 46.468 -25.6 -22.323
D 48.994 -27.175 -24.691
H 49.931 -30.503 -23.097
P 51.506 -33.411 -25.052
G 48.868 -35.886 -26.256
L 46.046 -33.629 -25.066
C 44.097 -33.142 -28.317
T 47.444 -32.438 -29.933
S 50.605 -34.241 -31.066
E 52.478 -36.022 -28.271
S 55.875 -35.072 -29.674
G 56.242 -31.806 -31.57
R 59.555 -30.002 -31.923
R 57.935 -27.125 -30.002
R 58.297 -26.68 -26.248
Y 54.833 -27.201 -24.762
L 53.256 -24.452 -22.649
E 51.67 -26.967 -20.285
V 49.485 -24.327 -18.635
W 47.272 -25.488 -15.749
G 44.264 -23.644 -14.398
Q 43.089 -23.519 -10.797
G 39.64 -25.067 -10.496
T 35.901 -24.569 -10.177
Q 33.761 -26.847 -8.034
V 30.667 -28.828 -9.038
T 28.299 -30.408 -6.533
V 25.426 -32.588 -7.753
S 22.9 -33.412 -5.008
S 20.95 -36.675 -4.965
X 0 0 0
X 0 0 0
X 0 0 0
X 0 0 0
X 0 0 0
X 0 0 0
X 0 0 0
X 0 0 0
X 0 0 0
X 0 0 0
X 0 0 0
X 0 0 0
X 0 0 0
