E -22.339 -11.271 9.829
V -20.531 -7.907 9.954
Q -22.518 -4.777 10.777
L -21.777 -1.179 11.735
Q -24.565 0.353 13.821
Q -24.467 4.161 13.79
S -26.179 6.529 16.259
G -29.316 8.418 15.252
P -29.499 11.811 13.474
E -28.847 15.073 15.314
L -30.294 18.54 14.888
V -28.082 21.18 16.5
K -27.608 24.927 16.906
P -24.377 26.456 15.548
G -21.368 26.278 17.875
A -22.584 22.991 19.37
S -20.478 19.839 19.595
V -21.827 16.369 18.809
K -20.472 12.92 19.636
M -21.606 10.035 17.45
S -21.186 6.268 17.778
C -20.396 3.341 15.481
K -21.002 -0.049 17.09
A -19.221 -2.861 15.225
S -20.322 -6.5 15.3
G -19.687 -9.805 13.524
Y -15.896 -9.444 13.54
T -12.92 -8.892 15.854
F -12.93 -5.151 16.57
T -9.166 -4.615 16.965
S -8.412 -6.526 13.756
Y -9.53 -3.627 11.554
V -9.263 0.178 11.553
M -12.395 2.306 11.532
H -12.65 5.093 8.938
W -14.996 8.074 9.092
V -16.322 9.781 5.964
K -18.34 12.942 5.289
Q -21.047 13.169 2.616
K -22.712 16.417 1.601
P -25.538 16.156 -0.98
G -23.517 18.437 -3.269
Q -20.235 16.497 -3.16
G -18.371 13.196 -3.272
L -17.314 11.171 -0.248
E -14.649 12.84 1.876
W -12.335 10.877 4.156
I -12.061 12.428 7.622
G -9.669 10.013 9.276
Y -9.365 6.603 10.882
I -8.619 5.132 14.278
N -6.936 1.797 14.902
P -8.583 0.16 17.959
Y -5.588 -2.118 18.623
N -3.243 0.745 19.543
D -5.537 3.791 19.45
G -3.465 5.067 16.529
T -5.212 7.863 14.661
K -4.671 9.416 11.256
Y -6.538 12.496 10.081
N -7.334 14.38 6.927
E -5.456 17.631 7.415
K -8.573 19.792 7.213
F -10.334 17.825 9.966
K -7.651 18.029 12.666
G -8.93 20.154 15.554
K -12.444 19.61 14.225
A -13.038 15.857 14.316
T -11.844 13.713 17.23
L -11.772 9.946 16.776
T -11.81 7.553 19.732
S -12.642 3.904 20.325
D -13.788 1.596 23.107
K -12.566 -1.968 22.543
S -14.667 -3.449 25.35
S -17.879 -2.245 23.702
S -16.62 -2.618 20.114
T -17.567 1.025 19.545
A -15.907 3.793 17.505
Y -16.741 7.432 18.299
M -16.393 10.694 16.42
E -16.792 14.075 18.071
L -17.292 17.183 15.933
S -16.817 20.577 17.602
S -17.961 24.142 16.832
L -20.462 23.007 14.224
T -21.422 25.268 11.347
S -23.644 24.951 8.291
E -20.693 23.536 6.331
D -20.721 20.599 8.753
S -24.29 19.654 7.828
S -24.295 19.647 7.845
A -23.82 16.274 6.142
V -24.337 12.549 6.552
Y -21.408 10.962 8.417
Y -20.425 7.303 7.925
C -18.143 4.905 9.743
A -16.519 2.422 7.393
R -14.35 -0.553 8.273
G -10.874 -0.516 6.751
A -10.343 -3.406 4.376
Y -6.695 -4.099 5.226
K -5.033 -4.946 3.086
R -5.271 -2.705 1.183
G -5.109 1.081 1.331
Y -8.025 3.35 2.183
A -10.491 0.812 0.765
M -13.605 0.3 2.897
M -13.595 0.299 2.907
D -15.403 -3.071 2.783
Y -18.239 -2.327 5.246
W -20.275 0.809 5.952
G -22.608 2.058 8.653
Q -26.071 3.318 7.729
G -24.873 6.838 8.417
T -25.596 9.587 10.89
S -27.23 12.739 9.58
V -26.122 15.935 11.298
T -28.153 19.076 10.683
V -27.126 22.543 11.857
S -30.008 25.012 12.122
S -30.888 27.704 11.844
X 0 0 0
X 0 0 0
X 0 0 0
X 0 0 0
X 0 0 0
X 0 0 0
X 0 0 0
X 0 0 0
X 0 0 0
X 0 0 0
X 0 0 0
X 0 0 0
X 0 0 0
X 0 0 0
X 0 0 0
X 0 0 0
X 0 0 0
X 0 0 0
