Q 11.305 -27.54 10.064
V 14.458 -28.851 8.319
Q 14.94 -32.462 9.364
L 17.277 -35.324 8.546
Q 16.591 -38.654 10.25
E 18.99 -41.567 9.902
S 18.038 -45.148 10.688
G 19.17 -48.719 10.116
G 22.209 -48.809 12.329
G 22.783 -51.737 14.642
L 25.216 -54.433 15.696
V 26.799 -56.497 12.972
Q 29.5 -59.152 12.753
P 32.706 -58.325 10.835
G 32.407 -58.93 7.106
G 28.694 -58.231 7.502
S 26.305 -55.915 5.657
L 24.009 -53.072 6.652
T 21.918 -50.48 4.845
L 21.392 -47.022 6.332
S 18.573 -44.701 5.369
C 18.023 -41.02 5.852
A 14.607 -39.402 5.553
A 14.764 -35.738 4.587
S 11.977 -33.234 5.108
G 11.397 -29.521 5.483
F 13.625 -28.513 2.603
T 13.916 -29.303 -1.095
F 15.995 -32.497 -0.914
S 16.807 -32.692 -4.592
S 18.349 -29.214 -4.547
Y 21.283 -30.497 -2.458
S 24.337 -32.656 -2.847
M 24.213 -35.127 0.054
Y 26.841 -36.635 2.358
W 27.391 -39.451 4.774
V 29.83 -38.637 7.575
R 30.73 -40.622 10.683
Q 32.133 -39.888 14.142
A 33.913 -42.301 16.395
P 35.821 -41.663 19.661
G 39.384 -40.569 18.952
K 38.804 -40.056 15.237
G 36.418 -37.122 15.399
L 34.345 -36.609 12.257
E 35.336 -38.111 8.955
W 33.708 -38.008 5.547
W 33.534 -37.998 5.652
V 32.361 -41.295 4.211
S 30.61 -40.589 0.934
S 28.931 -37.981 -1.271
I 26.483 -37.75 -4.142
N 25.403 -34.855 -6.368
R 21.888 -33.464 -6.562
V 20.521 -35.503 -9.39
G 22.405 -38.607 -8.361
S 24.637 -38.921 -11.428
N 27.938 -38.624 -9.572
T 29.276 -40.123 -6.344
D 32.456 -40.115 -4.265
Y 33.978 -42.087 -1.404
A 36.661 -41.776 1.251
D 39.55 -44.079 0.445
S 38.839 -46.399 3.351
V 35.311 -47.349 2.237
K 35.71 -47.26 -1.539
G 34.435 -50.44 -3.127
R 32.672 -51.55 0.056
F 30.126 -48.774 0.547
T 27.505 -47.502 -1.908
I 25.672 -44.206 -1.571
S 22.409 -43.57 -3.449
R 19.414 -41.301 -3.328
D 15.711 -41.295 -4.108
N 14.614 -37.808 -5.09
A 10.97 -38.849 -5.123
K 10.936 -40.256 -1.603
N 13.522 -37.679 -0.537
T 15.699 -40.375 0.978
L 19.443 -40.996 1.186
Y 20.956 -44.473 1.5
L 24.264 -46.01 2.383
Q 24.776 -49.645 1.518
M 27.598 -51.034 3.638
N 29.267 -54.334 2.656
S 32.3 -56.188 4.019
L 32.109 -54.261 7.273
K 35.211 -53.894 9.481
S 35.588 -53.0 13.17
E 37.18 -49.706 12.048
D 33.778 -48.789 10.533
T 32.234 -48.705 14.016
A 30.831 -45.18 14.388
L 27.889 -42.907 14.661
Y 26.731 -42.296 11.076
Y 25.164 -39.017 9.997
C 23.719 -37.82 6.747
A 24.196 -34.157 5.944
V 23.898 -31.59 3.144
G 27.608 -30.961 3.33
M 30.857 -32.318 4.695
Y 30.805 -29.82 7.554
A 27.105 -29.099 7.947
A 25.695 -28.878 11.479
P 22.187 -29.63 12.834
P 19.583 -29.302 11.531
W 21.534 -29.7 8.277
R 23.139 -32.82 9.741
G 21.002 -35.501 11.379
Q 21.325 -36.862 14.924
G 22.928 -40.071 13.687
T 22.48 -43.832 13.677
Q 25.051 -46.026 15.446
V 26.628 -48.994 13.776
T 28.859 -51.284 15.762
V 30.992 -53.924 14.127
S 32.026 -56.62 16.597
X 0 0 0
X 0 0 0
X 0 0 0
X 0 0 0
X 0 0 0
X 0 0 0
X 0 0 0
X 0 0 0
X 0 0 0
X 0 0 0
X 0 0 0
X 0 0 0
X 0 0 0
X 0 0 0
X 0 0 0
X 0 0 0
X 0 0 0
X 0 0 0
X 0 0 0
X 0 0 0
X 0 0 0
X 0 0 0
X 0 0 0
