Q 16.903 34.436 146.371
V 16.446 31.519 148.816
Q 17.851 31.978 152.349
L 19.012 29.262 154.688
Q 20.392 30.71 157.917
E 22.666 28.283 159.761
S 22.147 28.704 163.511
G 22.823 26.629 166.622
G 26.562 26.123 166.021
G 28.747 26.199 169.122
L 31.57 24.45 171.078
V 30.621 21.067 172.551
Q 32.81 18.458 174.297
P 33.198 14.732 173.279
G 29.657 13.289 173.838
G 27.697 16.547 173.127
S 24.089 16.523 171.864
L 23.728 19.99 170.271
T 21.171 20.99 167.583
L 21.352 23.037 164.371
S 18.508 24.909 162.597
C 17.842 26.538 159.224
A 14.853 28.537 157.826
A 13.463 28.414 154.258
S 13.099 31.7 152.338
G 11.792 32.054 148.772
Y 10.45 28.487 148.635
A 8.346 25.908 150.523
V 10.43 23.274 152.296
S 8.756 20.284 150.511
R 9.868 21.729 147.105
Y 13.521 21.071 148.063
S 15.048 18.243 150.112
M 17.32 19.469 152.934
G 20.792 18.437 153.92
W 24.159 19.053 155.613
F 27.816 18.92 154.583
R 30.923 19.335 156.729
Q 34.27 20.745 155.706
A 36.619 18.673 157.905
P 39.691 20.806 158.705
G 42.001 20.489 155.635
K 39.639 17.945 153.984
E 37.033 17.757 151.256
N 33.337 18.144 152.077
E 31.422 15.112 153.37
G 27.64 14.522 153.292
V 26.16 14.111 156.817
A 22.294 14.015 156.859
A 19.477 14.686 154.391
I 15.674 14.333 154.144
D 12.802 15.865 152.148
S 10.026 17.157 154.415
S 7.447 16.305 151.679
G 7.031 12.778 153.053
V 10.141 12.72 155.314
G 12.638 10.226 153.853
T 15.58 9.859 156.282
T 19.17 9.237 155.111
Y 22.424 9.424 157.13
A 26.191 9.143 156.599
D 28.037 5.918 157.619
S 29.885 7.503 160.514
V 27.098 9.873 161.587
K 24.252 7.361 161.512
G 22.109 6.47 164.558
R 23.491 9.303 166.738
F 22.41 12.304 164.605
T 18.721 12.931 163.863
I 17.427 14.927 160.913
S 13.932 16.346 161.366
R 11.879 18.909 159.45
D 9.213 21.544 160.112
N 6.773 22.719 157.464
A 5.233 25.482 159.632
K 8.421 27.408 160.385
D 10.098 25.548 157.488
T 13.106 24.535 159.594
V 15.525 21.566 159.656
Y 16.618 20.344 163.103
L 19.726 18.191 163.202
R 20.083 16.691 166.667
M 23.796 16.075 166.773
N 23.817 13.534 169.642
S 26.958 11.918 171.051
L 29.391 14.238 169.244
K 32.879 12.853 168.829
P 36.441 14.284 168.161
E 36.22 13.716 164.365
D 32.93 15.598 164.292
T 34.853 18.839 164.918
A 33.878 20.327 161.556
I 32.245 23.383 159.957
Y 28.635 22.536 159.031
Y 26.543 23.956 156.173
C 22.794 23.548 155.448
A 21.702 23.048 151.874
S 18.593 22.373 149.918
G 18.715 19.538 147.39
F 16.318 17.555 145.209
G 17.685 15.021 146.242
L 17.129 13.228 148.468
S 20.448 12.621 150.177
L 24.224 12.93 150.679
S 26.16 13.914 147.594
R 28.684 16.732 146.915
Y 26.595 18.035 144.014
T 22.793 17.676 143.644
Y 22.395 20.821 145.848
A 21.251 24.353 145.106
Y 21.285 26.984 147.848
W 24.016 26.927 150.445
G 24.497 28.11 154.039
Q 26.943 30.79 155.156
G 28.997 28.861 157.751
T 29.079 27.576 161.392
Q 31.619 25.493 163.313
V 30.657 23.021 166.0
T 33.92 22.292 167.802
V 33.769 18.904 169.63
S 36.701 19.533 171.953
S 36.838 18.978 175.772
H 38.728 21.99 177.152
H 39.025 23.999 180.384
X 0 0 0
X 0 0 0
X 0 0 0
X 0 0 0
X 0 0 0
X 0 0 0
X 0 0 0
X 0 0 0
X 0 0 0
X 0 0 0
X 0 0 0
X 0 0 0
X 0 0 0
X 0 0 0
X 0 0 0
X 0 0 0
