Q 14.025 32.612 146.289
V 14.77 30.406 149.285
Q 17.895 31.803 150.903
L 19.16 29.546 153.649
Q 20.385 30.789 157.04
E 22.421 28.398 159.107
S 22.306 28.251 162.947
G 23.049 25.764 165.868
G 26.915 25.395 165.706
G 29.954 25.566 168.082
S 31.849 23.96 171.035
V 30.614 20.855 172.935
Q 32.171 18.11 175.067
T 32.823 15.14 172.723
G 29.651 13.066 173.278
G 26.825 15.676 173.589
S 23.805 16.18 171.231
L 24.033 19.483 169.189
T 20.923 20.428 167.162
L 21.851 22.599 164.143
S 19.245 24.794 162.281
C 18.898 26.419 158.815
A 16.023 28.863 158.091
A 14.648 28.948 154.438
S 13.882 32.535 153.384
G 11.699 31.25 150.517
Y 8.2 29.798 149.762
A 9.331 26.545 148.087
V 10.913 25.422 151.381
S 8.709 22.41 150.669
L 10.963 22.5 147.558
Y 12.97 19.317 147.452
S 14.758 17.107 149.937
M 17.393 18.599 152.421
G 20.821 18.248 153.985
W 23.916 19.045 156.054
F 27.511 19.176 154.682
R 30.595 19.387 156.857
Q 34.086 20.406 155.794
A 37.188 19.821 157.907
P 40.015 22.536 157.772
G 41.045 22.412 154.019
K 39.157 19.088 153.492
E 35.902 18.556 151.486
L 32.354 19.249 152.54
E 31.055 15.643 152.532
G 27.287 14.813 152.847
V 26.51 14.088 156.499
A 22.718 14.011 156.809
G 19.546 14.414 154.733
I 15.708 14.565 155.051
S 13.015 14.392 152.298
S 10.919 16.924 150.32
S 8.077 16.35 152.806
G 10.481 15.737 155.766
V 10.253 11.871 155.786
D 13.464 10.205 154.466
T 16.431 9.694 156.804
T 19.847 9.46 155.074
Y 23.216 9.589 156.92
A 26.992 9.268 156.33
D 28.865 6.061 157.468
S 30.246 7.761 160.604
V 27.109 9.7 161.693
K 24.237 7.091 161.434
G 22.898 5.929 164.784
R 23.509 9.33 166.419
F 23.096 12.256 163.952
T 19.53 13.416 163.16
I 17.896 15.603 160.59
S 14.322 17.115 160.689
R 13.047 19.934 158.423
D 10.387 22.171 159.851
N 7.469 22.407 157.39
A 5.727 25.227 159.323
K 8.83 27.018 160.561
D 11.224 26.458 157.499
T 14.437 25.198 159.343
M 15.926 21.725 159.36
Y 17.394 20.303 162.553
L 20.761 18.655 162.436
Q 21.021 16.889 165.88
M 24.531 15.613 166.24
N 23.806 13.13 169.067
S 27.225 12.521 170.721
P 29.508 14.916 168.676
K 33.171 13.721 168.237
P 36.734 15.127 167.358
E 36.02 14.788 163.561
D 32.654 16.537 164.043
T 34.917 19.605 164.631
A 34.09 20.588 160.922
I 32.455 23.684 159.285
Y 28.774 23.018 158.589
R 26.662 24.113 155.612
C 23.08 23.726 154.327
A 20.928 23.707 151.152
A 20.581 20.11 149.806
G 17.053 19.825 148.177
F 17.087 16.996 145.558
G 19.544 14.454 147.136
L 22.225 13.663 149.694
S 25.626 11.953 149.296
L 27.589 14.671 147.381
S 27.71 18.423 147.06
R 28.581 17.651 143.467
Y 24.845 18.294 143.087
T 21.816 18.757 145.514
Y 20.426 22.328 145.893
A 23.278 24.611 144.635
H 22.042 27.778 146.426
W 23.949 27.161 149.554
G 24.093 28.91 152.906
Q 27.147 30.629 154.399
G 28.749 28.558 157.273
T 28.896 27.745 161.011
Q 31.959 26.153 162.76
V 31.27 23.369 165.242
T 34.155 22.673 167.656
V 33.713 19.399 169.58
S 35.877 20.179 172.679
S 35.689 17.778 175.639
H 39.158 18.076 177.297
H 39.646 20.093 180.453
X 0 0 0
X 0 0 0
X 0 0 0
X 0 0 0
X 0 0 0
X 0 0 0
X 0 0 0
X 0 0 0
X 0 0 0
X 0 0 0
X 0 0 0
X 0 0 0
X 0 0 0
X 0 0 0
X 0 0 0
X 0 0 0
