Q 55.108 -43.531 -17.807
V 56.603 -42.382 -21.21
Q 60.142 -41.122 -22.349
L 60.287 -38.981 -25.555
V 62.885 -37.715 -28.068
E 62.422 -35.447 -31.124
S 64.457 -35.568 -34.37
G 64.196 -34.466 -38.015
G 64.996 -30.83 -37.239
G 67.332 -28.627 -39.23
L 67.962 -25.575 -41.391
V 65.555 -24.887 -44.265
Q 64.89 -22.067 -46.678
A 61.562 -20.065 -46.791
G 58.859 -22.094 -48.597
G 60.66 -25.326 -47.68
S 59.357 -28.515 -46.062
L 60.557 -30.489 -43.009
R 59.17 -33.635 -41.268
R 59.178 -33.644 -41.283
L 59.697 -33.883 -37.495
S 59.641 -37.151 -35.537
C 58.963 -37.88 -31.862
T 59.909 -41.369 -30.667
A 58.358 -42.858 -27.502
S 59.625 -45.62 -25.136
G 57.885 -47.244 -22.169
R 54.3 -47.819 -20.932
T 52.171 -48.052 -24.164
F 52.413 -45.063 -26.555
S 48.898 -45.741 -27.991
D 47.474 -44.984 -24.473
Y 48.622 -41.354 -24.886
D 47.288 -38.36 -26.778
M 50.331 -36.517 -28.262
A 50.935 -32.829 -29.14
W 53.631 -30.692 -30.77
F 54.719 -27.396 -29.256
R 57.236 -24.684 -30.228
Q 59.289 -22.108 -28.283
A 61.598 -19.345 -29.575
P 64.321 -18.01 -27.13
G 62.795 -15.692 -24.51
K 59.217 -16.484 -25.69
E 56.459 -18.628 -24.192
R 56.013 -22.296 -25.138
D 53.041 -22.457 -27.563
R 50.976 -25.517 -28.638
V 50.964 -26.088 -32.369
S 49.144 -29.359 -33.03
A 47.478 -32.283 -31.143
I 46.476 -35.862 -32.093
S 44.226 -38.441 -30.373
T 45.454 -41.897 -29.077
K 44.817 -43.851 -32.338
G 45.103 -40.76 -34.628
G 41.38 -40.484 -35.44
S 41.23 -36.859 -34.238
T 43.63 -33.954 -34.934
W 43.875 -30.225 -34.008
Y 46.088 -27.376 -35.281
H 46.817 -23.862 -34.016
D 45.635 -21.047 -36.458
S 49.209 -19.786 -37.259
V 50.113 -23.276 -38.625
K 46.624 -24.302 -39.958
G 46.763 -25.303 -43.638
R 50.592 -25.747 -43.645
F 51.31 -28.35 -40.894
T 50.126 -32.014 -40.554
I 50.243 -34.228 -37.407
S 50.229 -38.06 -37.776
R 51.225 -41.196 -35.77
D 52.394 -44.769 -36.463
N 51.64 -46.46 -33.09
A 53.448 -49.656 -34.286
K 56.668 -47.565 -34.587
N 55.895 -45.578 -31.304
T 56.219 -42.321 -33.324
V 54.312 -39.046 -33.729
Y 55.166 -36.889 -36.818
L 54.902 -33.16 -37.684
Q 54.943 -32.468 -41.465
M 55.777 -28.757 -41.896
N 55.276 -27.248 -45.385
S 55.508 -23.569 -46.637
L 57.878 -22.645 -43.774
K 58.289 -18.904 -42.899
P 61.17 -17.346 -40.798
E 58.465 -16.759 -38.098
D 58.4 -20.644 -37.764
T 62.037 -20.667 -36.461
A 61.987 -22.241 -32.938
V 62.707 -25.404 -30.959
Y 59.836 -27.938 -31.469
Y 58.836 -30.314 -28.642
C 56.485 -33.309 -28.356
A 54.594 -34.006 -25.094
A 52.163 -36.709 -23.974
G 48.729 -35.483 -22.779
A 46.807 -37.255 -19.996
V 44.664 -36.603 -16.919
T 46.818 -36.391 -13.741
Y 44.744 -37.828 -10.833
Y 46.39 -35.45 -8.295
S 43.779 -32.84 -9.451
A 41.873 -34.891 -12.138
R 43.114 -32.285 -14.708
Y 44.404 -32.853 -18.244
E 48.11 -31.947 -18.639
Y 51.329 -32.38 -20.627
D 53.586 -33.968 -17.965
Y 56.061 -35.92 -20.23
W 58.221 -33.935 -22.656
G 61.098 -34.312 -25.057
Q 64.027 -31.843 -24.997
G 63.311 -30.653 -28.516
T 64.577 -30.283 -32.066
Q 65.717 -26.969 -33.608
V 63.998 -25.724 -36.804
T 65.693 -22.779 -38.581
V 63.95 -21.103 -41.547
S 66.122 -18.634 -43.548
S 64.494 -15.701 -45.439
X 0 0 0
X 0 0 0
X 0 0 0
X 0 0 0
X 0 0 0
X 0 0 0
X 0 0 0
X 0 0 0
X 0 0 0
X 0 0 0
X 0 0 0
X 0 0 0
X 0 0 0
X 0 0 0
X 0 0 0
X 0 0 0
