V 24.305 -19.175 -71.416
Q 24.491 -22.983 -70.701
L 25.508 -25.516 -67.977
Q 27.307 -28.626 -69.35
E 27.974 -31.649 -67.148
S 30.925 -34.013 -67.767
G 32.744 -36.805 -65.852
G 29.908 -39.351 -65.863
G 29.429 -42.787 -67.393
L 30.569 -46.435 -67.133
V 31.822 -47.323 -63.592
Q 31.894 -50.341 -61.175
A 30.203 -50.715 -57.724
G 32.341 -49.221 -54.945
G 34.274 -47.072 -57.439
S 34.562 -43.282 -57.787
L 33.513 -40.575 -60.273
R 34.065 -36.815 -60.301
L 31.203 -34.97 -62.024
S 32.182 -31.617 -63.558
C 29.673 -28.832 -64.283
A 31.17 -26.352 -66.791
A 29.326 -23.03 -67.129
S 29.199 -20.65 -70.139
G 27.587 -17.317 -71.107
R 27.758 -15.851 -67.56
T 29.687 -16.234 -64.263
F 27.963 -18.647 -61.838
S 30.313 -17.747 -58.896
N 27.531 -15.767 -57.072
D 24.978 -18.535 -57.789
H 23.628 -21.146 -55.402
M 24.633 -24.36 -57.245
G 23.15 -27.849 -56.884
W 22.776 -31.422 -58.212
F 19.632 -33.477 -59.011
R 19.263 -37.028 -60.399
K 16.694 -38.979 -62.436
A 16.726 -42.791 -62.743
P 14.496 -44.569 -65.365
G 11.001 -45.042 -63.873
K 12.004 -43.525 -60.475
E 11.151 -39.85 -59.682
R 13.695 -36.955 -59.897
E 15.495 -36.412 -56.56
F 17.816 -33.82 -54.94
V 21.503 -34.793 -54.549
A 23.557 -31.786 -53.283
A 23.541 -27.939 -52.893
I 26.206 -25.232 -52.273
T 25.909 -21.538 -51.18
P 28.061 -18.756 -52.828
G 29.752 -17.101 -49.798
T 30.536 -19.449 -46.862
E 29.896 -22.392 -49.282
K 27.52 -24.324 -46.919
T 26.845 -27.779 -48.374
Y 23.541 -29.686 -48.141
Y 23.306 -33.375 -49.117
A 20.424 -35.877 -49.392
D 20.471 -38.64 -46.674
S 20.674 -41.239 -49.505
V 23.988 -39.601 -50.633
K 25.34 -38.189 -47.261
G 28.906 -39.218 -46.328
R 29.785 -40.583 -49.806
F 29.434 -37.428 -51.989
A 31.326 -34.102 -51.808
F 30.31 -30.787 -53.44
S 33.167 -28.395 -54.312
R 33.643 -25.188 -56.388
D 36.207 -23.554 -58.755
N 35.077 -19.93 -59.421
A 38.16 -19.165 -61.609
K 37.335 -21.992 -64.097
N 33.518 -21.32 -63.809
T 33.081 -25.013 -62.831
V 31.55 -26.901 -59.874
Y 32.457 -30.492 -58.997
L 30.712 -33.448 -57.377
Q 33.051 -36.201 -56.152
M 31.083 -39.468 -55.682
N 32.783 -42.169 -53.532
S 31.607 -45.734 -52.537
L 29.183 -45.869 -55.544
K 26.124 -48.159 -55.122
P 23.781 -49.638 -57.847
E 21.219 -47.201 -56.274
D 23.316 -44.237 -57.634
T 22.585 -45.212 -61.321
A 20.76 -42.134 -62.756
V 21.117 -39.075 -65.085
Y 22.833 -36.292 -63.049
Y 21.639 -32.689 -63.619
C 23.564 -29.527 -62.683
V 21.271 -26.798 -61.297
A 21.732 -23.086 -60.362
T 19.898 -20.064 -58.877
P 21.232 -16.499 -58.256
Y 19.203 -16.34 -54.989
Y 17.486 -18.567 -52.385
R 13.881 -18.377 -53.772
G 12.841 -21.64 -52.062
S 14.08 -24.963 -50.644
Y 17.351 -26.452 -52.025
Y 15.495 -29.825 -52.204
A 12.809 -28.261 -54.507
A 13.463 -28.289 -58.312
S 11.303 -25.113 -58.812
T 14.01 -23.166 -56.817
Y 16.483 -23.437 -59.739
T 16.215 -21.153 -62.789
Y 19.279 -22.618 -64.582
W 19.271 -26.306 -65.597
G 21.74 -28.554 -67.442
Q 21.281 -31.203 -70.182
G 22.298 -34.019 -67.792
T 24.993 -36.739 -67.797
Q 24.454 -40.533 -67.583
V 25.998 -42.362 -64.581
T 26.007 -46.2 -64.6
V 27.113 -48.491 -61.719
X 0 0 0
X 0 0 0
X 0 0 0
X 0 0 0
X 0 0 0
X 0 0 0
X 0 0 0
X 0 0 0
X 0 0 0
X 0 0 0
X 0 0 0
X 0 0 0
X 0 0 0
X 0 0 0
X 0 0 0
X 0 0 0
X 0 0 0
X 0 0 0
