Q 8.187 -15.704 9.888
V 5.629 -16.758 7.254
Q 5.319 -14.283 4.354
L 2.763 -14.325 1.517
V 3.007 -11.352 -0.807
E 0.292 -10.786 -3.379
S 0.545 -9.022 -6.764
G -1.262 -8.794 -10.112
G -4.36 -6.901 -9.066
G -5.78 -4.324 -11.436
L -8.704 -2.506 -12.976
V -10.805 -4.312 -15.574
Q -14.29 -3.877 -17.138
P -16.955 -6.7 -16.922
G -15.886 -9.828 -18.841
G -12.209 -8.985 -18.166
S -9.291 -11.209 -17.015
L -6.476 -10.849 -14.426
R -3.705 -13.197 -13.211
L -2.807 -12.902 -9.512
S 0.512 -14.108 -8.128
C 1.61 -14.976 -4.571
A 5.239 -15.286 -3.369
A 5.556 -17.666 -0.387
S 8.421 -17.961 2.137
G 9.149 -18.992 5.734
F 7.442 -22.438 5.554
T 7.81 -25.624 3.474
F 5.387 -24.487 0.689
S 5.319 -28.018 -0.997
N 3.793 -29.553 2.216
Y 0.801 -27.168 2.365
W -2.577 -26.952 0.74
M -3.04 -23.289 -0.304
Y -5.876 -20.83 -0.727
W -7.053 -17.579 -2.261
V -9.479 -15.517 -0.175
R -11.023 -12.108 -0.752
Q -12.693 -9.324 1.182
A -14.981 -6.629 -0.207
P -15.462 -3.431 1.882
G -17.914 -3.981 4.771
K -18.184 -7.712 3.963
G -16.873 -10.834 5.626
L -13.799 -12.628 4.259
E -14.757 -15.184 1.581
W -12.544 -18.161 0.473
V -12.421 -18.395 -3.364
S -9.998 -21.263 -4.118
E -8.259 -24.277 -2.523
I -5.387 -26.389 -3.98
N -3.652 -29.503 -2.575
T 0.106 -30.089 -2.671
N 0.384 -31.88 -6.075
G -2.134 -29.532 -7.778
L -4.572 -32.347 -8.691
I -7.269 -31.407 -6.11
T -8.861 -27.948 -6.482
K -12.075 -26.595 -4.89
Y -14.075 -23.419 -5.494
P -17.273 -21.957 -4.004
D -20.292 -21.57 -6.347
S -19.618 -17.773 -6.687
V -16.432 -18.292 -8.774
K -16.5 -21.965 -10.023
G -15.839 -22.178 -13.788
R -14.408 -18.645 -13.767
F -11.358 -18.826 -11.431
T -8.468 -21.29 -11.591
I -5.947 -21.779 -8.811
S -2.475 -23.248 -9.661
R 0.92 -23.488 -7.946
D 4.579 -23.872 -8.77
N 6.327 -25.593 -5.843
A 9.815 -25.129 -7.298
K 9.206 -21.324 -7.475
N 7.27 -21.157 -4.095
T 4.494 -19.341 -6.004
L 0.676 -19.577 -6.037
Y -1.512 -18.192 -8.874
L -5.157 -17.301 -9.533
Q -6.238 -16.953 -13.143
M -9.503 -14.932 -13.015
N -11.675 -15.026 -16.112
S -15.161 -13.538 -16.813
L -14.682 -10.9 -14.144
K -17.832 -9.205 -12.856
P -18.384 -6.131 -10.591
E -19.242 -8.443 -7.647
D -15.626 -9.757 -7.749
T -14.299 -6.279 -6.674
A -12.269 -6.81 -3.454
L -8.817 -7.114 -1.942
Y -7.492 -10.59 -2.73
Y -5.107 -12.55 -0.511
C -3.274 -15.84 -0.66
A -3.359 -17.841 2.598
R -2.611 -21.146 4.317
S -6.251 -21.435 5.436
P -9.704 -20.292 4.242
S -9.686 -17.924 7.256
G -6.886 -15.689 5.746
F -4.83 -15.296 8.957
N -2.269 -12.36 9.038
R -3.289 -11.624 5.404
G -1.652 -8.142 5.375
Q -1.706 -5.982 2.227
G -3.256 -8.174 -0.487
T -3.876 -7.064 -4.086
Q -6.798 -4.909 -5.273
V -9.105 -6.208 -7.988
T -11.598 -3.636 -9.321
V -14.205 -4.522 -11.937
S -16.208 -1.494 -13.128
S -18.223 -0.539 -16.206
X 0 0 0
X 0 0 0
X 0 0 0
X 0 0 0
X 0 0 0
X 0 0 0
X 0 0 0
X 0 0 0
X 0 0 0
X 0 0 0
X 0 0 0
X 0 0 0
X 0 0 0
X 0 0 0
X 0 0 0
X 0 0 0
X 0 0 0
X 0 0 0
X 0 0 0
X 0 0 0
X 0 0 0
X 0 0 0
X 0 0 0
X 0 0 0
X 0 0 0
