Q 2.478 42.988 -11.966
V 1.873 42.538 -8.314
Q 4.479 43.254 -5.714
L 4.525 42.135 -2.114
Q 6.42 43.202 0.986
E 6.673 41.347 4.216
S 7.398 43.047 7.542
G 7.827 42.023 11.154
G 10.412 39.291 11.07
G 13.114 38.679 13.682
S 14.067 36.487 16.576
V 12.11 35.665 19.62
Q 12.082 33.495 22.668
A 10.272 30.173 22.43
G 6.747 30.453 23.731
G 6.669 34.105 22.512
S 4.725 35.741 19.621
L 5.276 37.582 16.431
R 3.016 39.215 13.889
L 4.065 39.224 10.263
S 2.46 41.559 7.787
C 2.345 41.569 3.994
A 1.607 44.578 1.824
V 0.15 43.536 -1.5
S 0.397 46.212 -4.268
E -3.081 45.707 -5.663
N -6.249 43.643 -5.218
T -5.657 39.944 -5.794
G -8.029 36.919 -5.478
R -5.97 35.104 -2.814
M -2.979 35.617 -0.51
G -0.837 33.274 1.51
W 1.994 32.781 3.908
F 4.69 30.177 3.351
R 7.858 29.183 5.11
Q 11.101 27.572 4.145
A 13.196 25.993 6.787
P 16.946 25.368 6.048
G 17.39 22.813 3.221
K 13.689 22.211 3.149
E 10.885 22.385 0.815
R 8.925 25.634 1.064
E 5.527 24.839 2.645
K 2.147 26.398 3.071
V 1.574 27.993 6.399
A -1.815 29.737 5.885
I -3.866 30.878 2.949
I -6.795 33.233 2.568
T -9.261 34.396 -0.13
R -9.789 38.083 -0.53
L -13.569 37.809 -0.704
G -14.733 34.554 0.828
G -14.604 33.482 4.376
Y -12.021 30.81 3.413
T -8.73 30.114 5.284
S -6.588 27.027 5.38
Y -3.698 26.219 7.747
A -0.805 23.794 7.759
G -1.43 21.118 10.395
P 1.481 22.001 12.604
V 0.504 25.595 13.109
K -3.259 25.04 13.431
G -4.569 26.794 16.477
R -1.331 28.702 17.091
F -1.21 30.944 14.014
T -3.999 33.022 12.506
I -4.165 34.551 9.037
S -6.22 37.656 8.556
Q -6.57 40.502 6.131
D -7.23 44.212 6.053
N -8.988 44.733 2.73
A -8.925 48.565 2.76
K -5.087 48.409 3.201
N -4.53 45.307 0.967
T -2.563 43.776 3.844
V -2.429 40.11 5.031
V -2.412 40.158 5.084
Y -1.251 39.364 8.57
L 0.135 36.19 10.195
L -0.331 36.271 13.939
M 2.106 33.679 15.422
N 1.555 32.606 18.975
S 3.251 29.929 21.118
L 6.306 29.893 18.951
K 8.6 26.851 18.837
P 12.133 26.365 17.624
E 10.737 24.285 14.726
D 8.934 27.425 13.496
T 12.339 28.849 12.543
A 12.387 29.619 8.787
I 12.249 32.291 6.143
Y 8.654 33.389 5.849
Y 7.311 34.544 2.487
C 4.034 35.932 1.355
A 2.509 35.291 -2.034
A -0.544 36.383 -3.968
D -2.274 36.103 -7.351
S -5.734 35.5 -8.781
R -5.305 31.814 -9.522
P -7.848 29.386 -8.182
I -7.651 29.091 -4.363
Y -6.383 25.491 -4.324
S -3.665 26.034 -6.988
G -0.166 24.674 -6.036
T 1.784 27.45 -7.857
W 1.631 31.067 -6.874
R 2.528 33.686 -9.455
Y 3.892 36.587 -7.252
W 6.158 36.335 -4.224
G 7.623 38.706 -1.554
Q 11.279 38.879 -0.533
G 11.047 36.73 2.565
T 11.943 37.551 6.128
Q 13.881 35.529 8.665
V 12.103 34.227 11.726
T 14.213 32.619 14.439
V 12.731 31.026 17.529
S 15.136 29.957 20.2
S 15.025 28.452 23.649
A 17.748 30.463 25.596
X 0 0 0
X 0 0 0
X 0 0 0
X 0 0 0
X 0 0 0
X 0 0 0
X 0 0 0
X 0 0 0
X 0 0 0
X 0 0 0
X 0 0 0
X 0 0 0
X 0 0 0
X 0 0 0
X 0 0 0
X 0 0 0
X 0 0 0
X 0 0 0
X 0 0 0
X 0 0 0
