V 13.342 -11.044 33.169
Q 11.647 -9.384 36.26
L 9.103 -6.481 35.968
V 8.116 -4.073 38.823
E 4.761 -2.219 38.79
S 3.669 1.015 40.514
G 1.127 3.807 40.122
G -2.074 2.046 41.186
G -4.65 3.514 43.571
S -8.23 4.51 44.378
V -9.872 7.199 42.167
Q -13.463 8.393 41.38
A -15.053 7.876 37.897
G -13.743 10.202 35.164
G -10.346 10.257 36.91
S -6.808 9.265 35.871
L -3.734 7.192 36.908
R -0.25 6.666 35.398
L 1.161 3.154 35.927
S 4.885 2.386 35.57
C 6.556 -0.946 34.699
A 10.37 -1.215 35.248
A 12.366 -4.024 33.524
S 15.697 -5.614 34.658
G 17.76 -8.486 33.152
N 17.178 -9.837 29.582
T 15.634 -6.708 27.915
D 17.081 -7.019 24.391
S 15.229 -10.265 23.653
S 11.772 -8.854 24.312
Y 9.737 -7.436 21.427
Y 6.484 -6.573 23.278
M 5.581 -5.204 26.747
G 1.924 -5.084 27.659
W -0.714 -4.357 30.313
F -3.224 -7.008 31.542
R -6.053 -6.524 34.059
Q -7.003 -9.429 36.418
G -10.289 -8.277 38.005
P -11.815 -10.336 40.895
G -14.106 -12.976 39.348
K -13.037 -11.689 35.871
E -10.751 -13.455 33.289
R -7.138 -12.208 32.573
E -7.604 -10.092 29.522
G -5.045 -7.732 28.073
V -5.702 -4.059 27.444
A -2.644 -2.359 25.968
S 0.488 -3.528 24.18
I 3.689 -1.839 22.837
Y 6.206 -3.018 20.205
I 9.453 -1.951 21.902
R 11.665 -1.693 18.75
A 9.37 0.829 16.975
G 7.14 1.988 19.904
I 3.987 0.56 18.169
P 0.923 0.819 20.457
Y -1.985 -1.623 20.219
Y -5.121 -1.087 22.198
T -8.266 -3.008 22.828
D -11.504 -1.381 21.889
S -12.685 -1.034 25.45
V -9.735 1.216 26.409
K -8.835 2.797 22.979
G -8.89 6.609 22.993
R -8.879 6.632 26.808
F -5.714 4.715 27.645
T -2.21 5.431 26.307
I 0.727 2.983 26.368
S 4.188 4.702 26.273
Q 7.841 3.803 26.901
D 11.26 5.11 27.916
N 13.975 2.715 26.569
A 16.614 4.755 28.53
K 14.738 4.322 31.897
N 13.635 0.874 30.681
T 10.075 1.458 31.882
I 6.543 1.194 30.261
Y 3.621 3.564 31.047
L -0.164 3.277 31.018
Q -1.988 6.548 31.493
M -5.568 5.733 32.104
N -8.039 8.471 31.405
S -11.792 8.842 31.648
L -11.625 5.825 34.009
K -14.939 3.896 34.335
P -15.752 1.616 37.402
E -15.446 -1.423 35.035
D -11.658 -0.555 34.823
T -11.258 -1.649 38.51
A -8.837 -4.66 38.478
M -5.383 -5.939 39.475
Y -3.129 -4.591 36.723
F -0.274 -6.791 35.475
C 2.509 -5.957 33.025
A 4.03 -8.687 30.886
G 6.925 -9.053 28.442
S 6.861 -11.12 25.217
V 9.927 -12.689 23.627
R 7.968 -13.468 20.411
T 8.001 -11.345 17.129
T 4.385 -12.217 16.286
I 1.632 -12.778 18.795
Q -1.894 -12.084 19.828
P -0.982 -9.122 21.949
F -4.029 -9.248 24.15
K -3.496 -12.902 25.191
G -1.172 -13.793 28.137
N 0.0 -17.187 26.66
Y 2.158 -15.178 24.178
Y 3.962 -13.46 27.123
N 6.895 -14.929 29.17
Y 8.287 -12.438 31.719
W 5.758 -11.276 34.433
G 5.27 -8.917 37.448
R 3.403 -8.9 40.822
G 0.533 -6.428 40.178
T -1.051 -3.045 41.066
Q -4.557 -2.567 42.352
V -6.643 0.019 40.494
T -10.044 0.951 41.998
V -12.538 3.308 40.231
S -15.684 4.307 42.229
X 0 0 0
X 0 0 0
X 0 0 0
X 0 0 0
X 0 0 0
X 0 0 0
X 0 0 0
X 0 0 0
X 0 0 0
X 0 0 0
X 0 0 0
X 0 0 0
X 0 0 0
X 0 0 0
X 0 0 0
X 0 0 0
X 0 0 0
