Q -13.247 -27.973 -52.091
V -13.818 -24.254 -52.477
Q -12.46 -22.679 -55.662
L -11.668 -18.964 -55.863
V -11.89 -16.634 -58.861
E -10.173 -13.24 -59.055
S -11.03 -10.179 -61.17
G -10.545 -6.412 -61.071
G -6.866 -6.189 -62.051
G -5.467 -3.815 -64.658
S -3.0 -1.113 -65.693
V -3.251 2.276 -63.859
Q -0.985 5.35 -63.309
A 0.441 6.221 -59.825
G -2.086 7.719 -57.364
G -4.854 5.667 -59.035
S -7.294 3.016 -57.791
L -8.65 -0.534 -58.501
R -11.283 -2.753 -56.834
L -10.191 -6.378 -56.818
S -12.898 -9.119 -56.345
C -12.603 -12.746 -55.115
A -15.574 -15.117 -55.635
A -15.815 -18.327 -53.561
S -17.447 -21.337 -55.326
G -18.724 -23.446 -52.388
N -19.484 -22.421 -48.78
T -17.012 -20.303 -46.762
D -18.47 -21.972 -43.579
S -15.408 -24.315 -43.428
S -12.873 -21.389 -43.786
Y -12.134 -18.751 -41.159
Y -9.897 -16.365 -43.191
M -9.808 -15.086 -46.81
G -6.688 -13.046 -47.629
W -4.94 -11.237 -50.469
F -1.407 -11.995 -51.526
R 0.826 -10.535 -54.106
Q 3.85 -11.559 -55.985
G 6.04 -9.235 -57.966
P 8.551 -10.166 -60.563
G 11.773 -10.933 -58.648
K 9.808 -10.409 -55.36
E 8.781 -13.175 -52.859
R 5.066 -14.034 -52.254
E 3.807 -11.643 -49.489
G 0.38 -11.165 -47.778
V -1.249 -7.667 -47.873
A -4.748 -7.997 -46.288
S -6.793 -10.667 -44.448
I -10.347 -10.931 -43.115
Y -11.782 -13.192 -40.409
I -15.045 -14.201 -42.244
R -17.226 -14.976 -39.143
A -16.866 -11.407 -37.664
G -15.477 -9.487 -40.693
I -12.202 -8.651 -38.837
P -9.689 -6.949 -41.197
Y -5.867 -7.141 -40.921
Y -3.343 -5.124 -43.092
T 0.469 -4.912 -43.51
D 1.968 -1.521 -42.63
S 2.983 -0.955 -46.3
V -0.782 -1.087 -47.326
K -2.605 0.305 -44.229
G -4.625 3.49 -44.776
R -4.705 2.859 -48.582
F -6.193 -0.61 -49.078
T -9.434 -1.901 -47.558
I -10.458 -5.581 -47.332
S -14.268 -6.091 -47.401
Q -16.721 -8.976 -47.802
D -20.216 -9.877 -48.932
N -21.184 -13.288 -47.393
A -24.419 -13.174 -49.521
K -22.479 -12.747 -52.839
N -19.699 -14.975 -51.276
T -16.999 -12.498 -52.476
I -14.154 -10.644 -50.737
Y -12.945 -7.28 -52.051
L -9.711 -5.292 -51.958
Q -10.202 -1.54 -52.429
M -6.717 -0.391 -53.504
N -6.202 3.467 -53.322
S -3.154 5.884 -53.679
L -1.464 3.065 -55.669
K 2.35 3.289 -55.781
P 4.483 1.552 -58.557
E 5.786 -0.85 -55.821
D 2.151 -2.241 -55.678
T 2.637 -3.779 -59.174
A 2.36 -7.608 -58.744
M 0.264 -10.691 -59.525
Y -2.489 -10.577 -56.896
F -3.677 -13.865 -55.355
C -6.574 -14.483 -52.973
A -6.41 -17.417 -50.581
G -8.646 -19.161 -48.063
S -7.581 -20.517 -44.672
V -9.145 -23.378 -42.828
R -7.24 -22.653 -39.652
T -8.494 -20.681 -36.717
T -5.293 -18.942 -35.823
I -2.592 -18.045 -38.26
Q -0.227 -15.407 -39.483
P -2.584 -13.611 -41.88
F 0.197 -12.403 -44.097
K 1.939 -15.828 -44.673
G 0.631 -18.174 -47.427
N 1.652 -21.464 -45.622
Y -1.343 -20.895 -43.279
Y -3.757 -20.837 -46.236
N -5.166 -23.747 -48.274
Y -7.068 -22.9 -51.418
W -5.522 -20.402 -53.743
G -6.678 -18.647 -56.845
R -5.093 -18.193 -60.226
G -4.29 -14.509 -60.044
T -4.857 -10.939 -61.349
Q -2.175 -8.717 -62.755
V -2.003 -5.224 -61.246
T 0.364 -2.738 -62.941
V 1.04 0.796 -61.528
S 3.179 3.156 -63.712
S 5.081 6.467 -63.377
X 0 0 0
X 0 0 0
X 0 0 0
X 0 0 0
X 0 0 0
X 0 0 0
X 0 0 0
X 0 0 0
X 0 0 0
X 0 0 0
X 0 0 0
X 0 0 0
X 0 0 0
X 0 0 0
X 0 0 0
