Q 28.738 4.2 -18.226
V 27.396 7.312 -20.014
Q 28.122 10.925 -18.831
L 25.953 13.858 -19.849
V 26.416 17.646 -19.596
E 23.743 20.199 -20.623
S 24.365 23.789 -21.775
G 22.43 26.548 -23.569
G 19.835 27.319 -20.894
G 18.741 30.824 -19.878
L 16.134 33.595 -19.925
V 14.111 34.328 -23.108
Q 10.867 36.177 -23.966
A 7.691 34.428 -25.182
G 7.884 33.639 -28.914
G 11.672 33.572 -28.526
T 14.237 30.868 -29.33
L 16.756 28.699 -27.411
K 19.082 25.872 -28.43
L 20.009 23.4 -25.705
S 23.097 21.17 -26.002
C 24.085 17.939 -24.304
A 27.575 16.464 -24.616
A 27.608 12.673 -24.273
S 30.737 10.659 -23.341
G 31.694 7.145 -22.215
S 30.066 3.98 -23.596
I 28.139 5.815 -26.381
S 27.911 2.556 -28.468
G 25.235 1.168 -26.095
I 22.911 4.204 -26.416
V 19.47 3.142 -27.743
V 17.623 6.498 -27.489
M 18.406 10.016 -26.211
A 15.803 12.342 -24.741
W 15.006 15.755 -23.258
Y 12.895 15.866 -20.085
R 11.71 18.909 -18.119
Q 10.585 19.654 -14.554
A 8.452 22.82 -14.137
P 8.206 24.323 -10.567
G 5.92 22.152 -8.405
K 5.217 19.726 -11.294
Q 6.347 16.135 -12.049
R 9.171 15.426 -14.569
E 7.861 15.112 -18.175
L 9.219 13.902 -21.551
V 9.838 16.722 -24.06
A 11.423 14.989 -27.109
S 13.312 11.817 -27.994
I 15.623 10.567 -30.759
T 16.602 6.923 -31.392
S 20.229 6.038 -32.336
G 18.875 5.592 -35.916
G 17.484 9.167 -35.908
T 13.723 8.596 -35.352
T 12.269 11.653 -33.548
N 9.238 11.881 -31.207
Y 7.769 14.853 -29.352
A 5.446 15.215 -26.358
D 2.029 16.685 -27.553
S 2.646 19.952 -25.624
V 5.827 20.751 -27.68
K 4.996 19.098 -31.054
G 5.165 21.533 -33.981
R 7.387 23.951 -31.94
F 10.58 22.068 -30.905
T 13.309 20.197 -32.84
I 15.444 17.376 -31.441
S 18.637 16.479 -33.36
K 21.829 14.487 -32.761
D 25.387 15.157 -34.01
N 27.027 11.707 -33.961
A 30.506 13.006 -35.037
E 30.549 15.234 -31.898
N 28.32 12.957 -29.683
T 26.092 16.008 -28.96
L 22.307 16.054 -28.444
Y 20.446 19.268 -29.411
L 17.042 20.815 -28.648
R 15.983 23.798 -30.746
M 13.064 25.447 -28.901
N 10.929 27.888 -30.937
S 7.551 29.675 -30.303
L 8.425 29.534 -26.561
K 5.638 30.067 -23.985
P 5.685 30.791 -20.168
E 4.552 27.129 -19.567
D 7.909 25.997 -21.109
T 9.741 27.456 -18.005
A 11.476 24.447 -16.36
V 14.788 22.711 -15.601
Y 15.627 20.743 -18.791
Y 17.362 17.386 -18.389
C 19.336 15.392 -20.959
K 18.794 11.604 -20.802
A 20.413 8.558 -22.409
F 18.69 5.139 -22.473
F 21.584 2.637 -22.586
R 21.628 -1.121 -23.233
R 24.012 -3.78 -21.868
D 23.438 -7.589 -21.96
Y 19.607 -7.573 -22.386
V 19.109 -4.88 -19.663
G 18.242 -1.181 -20.043
Y 19.831 1.665 -18.019
D 19.143 5.38 -17.577
Y 21.812 8.095 -17.517
W 20.952 11.751 -16.768
G 22.566 15.167 -16.938
Q 22.547 17.772 -14.118
G 19.936 19.915 -15.871
T 19.818 23.446 -17.309
Q 17.387 26.248 -16.309
V 15.089 27.603 -19.052
T 12.981 30.669 -18.106
V 10.331 32.078 -20.479
S 9.092 35.561 -19.395
S 5.716 37.056 -20.454
H 4.174 40.588 -20.477
X 0 0 0
X 0 0 0
X 0 0 0
X 0 0 0
X 0 0 0
X 0 0 0
X 0 0 0
X 0 0 0
X 0 0 0
X 0 0 0
X 0 0 0
X 0 0 0
X 0 0 0
X 0 0 0
X 0 0 0
X 0 0 0
X 0 0 0
X 0 0 0
X 0 0 0
X 0 0 0
