Q 30.216 -11.024 -0.368
V 26.66 -12.134 -1.156
Q 24.886 -14.711 0.997
L 21.482 -16.374 1.112
Q 20.048 -17.727 4.359
E 16.784 -19.569 4.979
S 14.83 -19.505 8.224
G 11.368 -20.539 9.339
G 11.63 -24.309 9.168
G 9.857 -26.336 11.793
S 7.767 -29.389 12.543
V 3.99 -29.425 12.097
Q 1.185 -31.943 11.896
A -0.409 -32.825 8.573
G -2.488 -29.861 7.442
G -0.242 -27.363 9.219
S 1.402 -24.258 7.831
L 4.861 -22.674 7.794
K 6.426 -19.64 6.134
L 10.041 -19.906 4.997
T 12.126 -16.745 4.667
C 15.17 -16.372 2.417
A 17.202 -13.334 3.47
A 19.663 -12.051 0.879
S 22.635 -9.878 1.815
G 25.111 -8.11 -0.427
Y 24.611 -6.837 -3.954
I 22.299 -9.464 -5.45
F 18.989 -9.27 -7.292
N 16.573 -11.62 -9.035
S 17.751 -11.028 -12.59
C 17.337 -14.569 -13.994
G 14.929 -16.301 -11.615
M 14.748 -17.215 -7.946
G 12.924 -19.871 -6.002
W 12.818 -22.775 -3.605
Y 14.32 -26.226 -3.97
R 13.651 -29.098 -1.612
Q 15.495 -32.323 -0.941
S 14.257 -35.365 0.977
P 16.733 -37.901 2.381
G 17.866 -40.276 -0.332
R 16.246 -38.035 -2.933
E 17.168 -35.315 -5.388
R 17.144 -31.604 -4.792
E 14.237 -30.426 -6.951
L 12.642 -27.09 -7.78
V 9.34 -26.447 -5.998
S 8.438 -22.803 -6.617
R 10.016 -20.109 -8.719
I 9.737 -16.488 -9.823
S 11.572 -15.656 -13.023
G 13.552 -12.472 -13.592
D 10.497 -10.942 -15.287
G 8.035 -11.981 -12.58
D 6.467 -15.183 -13.933
T 5.482 -17.535 -11.094
W 5.602 -21.333 -11.326
H 4.808 -24.087 -8.834
K 5.484 -27.807 -8.968
E 2.151 -29.521 -9.546
S 2.17 -31.38 -6.212
V 2.379 -28.076 -4.291
K 0.139 -26.031 -6.613
G -2.677 -24.435 -4.632
R -0.87 -25.004 -1.329
F 2.453 -23.15 -1.677
T 2.687 -19.396 -2.261
I 5.938 -17.734 -3.308
S 6.42 -13.998 -2.76
Q 9.152 -11.411 -2.278
D 9.926 -8.142 -0.494
N 12.326 -5.995 -2.53
V 12.841 -3.521 0.33
K 13.923 -6.238 2.775
K 15.616 -8.27 -0.009
T 13.64 -11.347 1.057
L 12.134 -14.3 -0.789
Y 9.263 -16.16 0.88
L 7.536 -19.526 0.587
Q 4.186 -19.657 2.362
M 3.242 -23.322 2.794
N -0.336 -24.194 3.721
S -2.155 -27.533 4.061
L 1.211 -29.247 4.489
K 1.498 -32.97 3.704
P 4.007 -35.578 4.96
E 5.423 -35.703 1.413
D 6.506 -32.066 1.885
T 9.048 -33.22 4.501
A 12.456 -32.088 3.231
V 15.284 -29.613 3.566
Y 14.241 -26.461 1.701
F 16.841 -24.327 -0.089
C 16.398 -20.917 -1.624
A 18.241 -20.127 -4.837
V 18.678 -16.822 -6.663
C 20.008 -16.477 -10.213
Y 21.892 -13.189 -10.616
N 24.009 -12.262 -13.642
L 23.35 -15.812 -14.875
E 24.946 -17.451 -11.821
T 22.963 -19.451 -9.288
Y 23.48 -18.694 -5.589
W 22.343 -21.035 -2.816
G 21.403 -20.92 0.842
Q 22.23 -23.525 3.479
G 18.752 -25.08 3.636
T 16.15 -25.268 6.393
Q 14.357 -28.379 7.65
V 10.6 -28.794 7.236
T 8.968 -31.828 8.85
V 5.315 -32.827 8.463
S 4.263 -35.739 10.679
S 1.657 -38.336 9.73
X 0 0 0
X 0 0 0
X 0 0 0
X 0 0 0
X 0 0 0
X 0 0 0
X 0 0 0
X 0 0 0
X 0 0 0
X 0 0 0
X 0 0 0
X 0 0 0
X 0 0 0
X 0 0 0
X 0 0 0
X 0 0 0
X 0 0 0
X 0 0 0
X 0 0 0
X 0 0 0
X 0 0 0
X 0 0 0
X 0 0 0
X 0 0 0
X 0 0 0
