E 25.456 -22.127 -15.287
V 22.281 -20.396 -14.092
Q 22.214 -16.653 -14.79
L 19.746 -14.106 -13.425
L 20.291 -10.686 -15.003
E 18.31 -7.728 -13.691
S 17.805 -4.435 -15.385
G 15.464 -1.507 -15.389
G 16.598 0.218 -12.229
G 17.785 3.733 -11.627
L 17.131 7.168 -10.202
V 13.439 7.702 -10.198
Q 11.283 10.63 -9.089
P 9.211 10.233 -5.892
G 5.573 9.33 -6.871
G 6.958 7.898 -10.162
S 7.387 4.409 -11.544
L 9.946 1.932 -12.849
R 9.723 -1.571 -14.172
L 12.473 -3.939 -13.324
S 12.977 -7.143 -15.286
C 15.122 -10.205 -14.686
A 16.223 -12.184 -17.74
A 16.829 -15.829 -16.714
S 19.023 -18.295 -18.561
G 20.72 -21.616 -17.911
F 17.636 -23.482 -16.652
T 13.966 -24.193 -17.351
F 12.517 -20.979 -15.931
S 8.978 -22.311 -16.088
T 9.597 -25.086 -13.496
F 10.729 -22.653 -10.719
S 9.184 -20.173 -8.419
M 10.8 -16.703 -8.427
N 11.206 -13.851 -5.979
W 12.144 -10.257 -5.529
V 14.127 -9.17 -2.395
R 15.48 -5.699 -1.537
Q 18.411 -4.484 0.581
A 17.981 -0.908 1.782
P 21.281 0.844 2.07
G 22.947 0.067 5.409
K 19.902 -1.898 6.517
G 18.581 -5.426 6.372
L 16.902 -7.457 3.622
E 13.097 -7.493 2.966
W 11.287 -10.164 0.896
V 9.246 -8.131 -1.497
S 7.366 -10.68 -3.636
Y 6.97 -14.329 -4.748
I 5.423 -15.835 -7.811
S 4.91 -19.573 -8.375
R 6.113 -21.412 -11.45
T 2.771 -21.042 -13.349
S 1.57 -17.715 -11.743
K -1.251 -19.23 -9.701
T 0.198 -18.077 -6.405
I 1.541 -14.635 -5.67
Y 2.677 -13.104 -2.393
Y 3.445 -9.432 -1.723
A 5.013 -7.878 1.362
D 2.369 -5.658 2.884
S 4.767 -2.739 2.335
V 4.293 -2.911 -1.442
K 0.699 -4.019 -1.82
G -1.202 -1.667 -4.087
R 2.07 -0.273 -5.55
F 4.16 -3.188 -6.835
T 3.139 -6.05 -9.146
I 5.096 -9.218 -9.82
S 4.55 -11.146 -12.978
R 6.378 -13.499 -15.332
D 6.419 -14.48 -18.987
N 7.223 -18.229 -19.274
S 7.572 -17.812 -23.039
K 10.322 -15.192 -22.572
N 12.192 -16.524 -19.476
T 11.426 -13.054 -17.916
L 10.394 -11.931 -14.456
Y 9.1 -8.448 -13.895
L 8.47 -6.081 -10.956
Q 6.348 -3.078 -11.753
M 6.882 -0.402 -9.107
N 4.534 2.583 -9.044
S 3.886 5.366 -6.521
L 7.436 5.02 -5.441
R 8.476 6.424 -1.991
A 12.017 7.524 -0.66
E 11.815 4.427 1.623
D 11.816 2.136 -1.435
T 15.406 3.06 -2.2
A 17.264 -0.264 -2.163
V 19.186 -2.71 -4.266
Y 16.638 -5.119 -5.74
Y 17.552 -8.73 -6.373
C 15.726 -11.554 -8.164
A 16.163 -14.955 -6.518
R 15.111 -18.421 -7.668
G 13.243 -20.975 -5.513
G 15.454 -23.884 -4.679
W 13.318 -26.816 -5.937
A 12.343 -27.869 -9.486
L 8.521 -28.106 -9.656
G 8.337 -26.938 -6.032
D 5.283 -25.068 -4.905
E 6.135 -24.307 -1.175
I 6.168 -20.586 -0.296
P 9.67 -19.894 1.393
S 10.092 -19.228 5.106
S 13.94 -18.978 4.798
F 16.449 -17.332 2.555
L 17.909 -20.863 2.401
E 14.935 -21.82 0.221
F 16.493 -19.794 -2.634
D 19.465 -21.033 -4.533
Y 20.537 -18.491 -7.191
W 20.53 -14.689 -6.959
G 20.854 -11.89 -9.497
Q 23.566 -9.262 -9.241
G 21.004 -6.77 -7.998
T 19.761 -3.422 -9.372
L 19.727 -0.101 -7.57
V 16.667 1.908 -7.298
T 17.151 5.385 -5.895
V 13.964 7.259 -5.17
S 14.908 10.926 -5.182
X 0 0 0
X 0 0 0
X 0 0 0
X 0 0 0
X 0 0 0
X 0 0 0
X 0 0 0
X 0 0 0
X 0 0 0
X 0 0 0
X 0 0 0
X 0 0 0
X 0 0 0
X 0 0 0
