Q 39.287 13.695 50.626
V 37.029 12.304 53.349
Q 33.287 12.463 54.036
L 31.798 12.686 57.521
V 28.24 12.076 58.733
E 27.489 12.891 62.372
S 24.348 11.824 64.22
G 23.08 10.96 67.686
G 22.465 14.399 69.181
G 19.299 15.854 70.601
L 17.719 17.464 73.636
V 18.664 15.906 76.975
Q 18.162 17.117 80.527
A 21.163 17.629 82.814
G 22.697 14.387 84.064
G 21.471 12.388 81.072
S 23.528 10.55 78.483
L 24.014 10.475 74.718
R 25.971 8.51 72.11
L 27.0 10.265 68.907
S 27.958 8.35 65.774
C 30.309 9.443 62.995
V 30.284 7.511 59.714
V 33.431 8.052 57.65
S 34.167 7.393 53.981
G 37.145 5.623 52.475
S 39.38 3.971 55.072
A 40.03 6.887 57.415
V 38.88 5.322 60.698
S 41.437 2.553 60.17
D 44.199 4.772 58.741
Y 44.104 8.142 60.526
A 43.645 9.43 64.056
M 40.095 10.678 64.635
G 38.75 13.288 67.02
W 35.44 14.668 68.239
Y 35.027 18.453 68.289
R 32.359 20.756 69.701
Q 31.512 24.356 68.805
A 29.5 26.425 71.271
P 27.369 29.321 69.939
G 29.623 32.205 68.981
K 32.842 30.408 69.911
Q 35.284 28.35 67.846
R 35.666 24.576 67.589
E 37.58 22.814 70.357
L 38.936 19.279 70.413
V 37.137 17.241 73.074
A 38.298 13.65 72.539
A 41.022 12.049 70.432
I 41.535 8.397 69.502
Y 44.727 7.087 67.924
N 45.551 3.982 65.906
S 47.836 2.795 68.731
G 44.752 2.522 70.959
R 45.671 5.555 73.067
T 42.913 8.043 73.881
N 42.988 11.576 75.262
Y 40.287 13.907 76.559
V 40.069 17.545 77.575
D 39.863 18.135 81.33
S 36.216 19.216 81.193
V 35.12 15.795 79.869
K 37.678 13.443 81.439
G 35.775 10.742 83.297
R 32.46 11.609 81.608
F 33.095 11.158 77.866
T 34.471 8.09 76.086
I 35.611 7.923 72.452
S 35.843 4.675 70.483
K 35.886 3.48 66.884
D 34.887 0.493 64.752
N 36.946 -0.027 61.599
A 34.505 -2.53 60.077
K 31.647 -0.055 60.579
K 33.765 3.004 59.644
T 32.167 4.706 62.639
V 33.626 6.808 65.451
Y 31.632 6.871 68.685
L 31.519 9.395 71.527
Q 29.752 8.151 74.653
M 28.7 11.182 76.715
N 27.6 10.524 80.298
C 26.687 12.905 83.131
L 26.096 15.771 80.724
K 26.276 19.377 81.926
P 24.691 22.55 80.509
E 28.198 23.625 79.447
D 28.229 20.639 77.053
T 25.598 22.314 74.843
A 27.191 22.815 71.411
D 27.307 21.465 67.874
Y 29.44 18.318 67.836
F 31.593 17.347 64.858
C 34.041 14.582 64.056
N 37.044 14.879 61.753
L 40.646 13.791 61.373
L 42.829 14.889 64.263
G 44.237 18.355 63.702
A 41.331 19.526 61.545
T 41.332 22.841 63.424
T 44.939 23.333 62.262
M 44.754 22.26 58.59
S 43.856 24.773 55.862
N 41.128 22.51 54.481
A 37.856 22.826 56.425
V 35.741 20.003 54.907
W 33.633 19.749 58.061
G 30.404 17.8 58.282
Q 27.024 19.235 59.15
G 27.485 18.01 62.724
T 24.937 17.02 65.33
Q 23.25 19.36 67.8
V 23.472 18.688 71.543
T 21.421 20.724 74.024
V 21.494 20.095 77.78
S 18.69 21.636 79.839
S 18.526 22.195 83.588
X 0 0 0
X 0 0 0
X 0 0 0
X 0 0 0
X 0 0 0
X 0 0 0
X 0 0 0
X 0 0 0
X 0 0 0
X 0 0 0
X 0 0 0
X 0 0 0
X 0 0 0
X 0 0 0
X 0 0 0
X 0 0 0
X 0 0 0
X 0 0 0
X 0 0 0
X 0 0 0
X 0 0 0
X 0 0 0
