V 30.165 -18.821 71.928
Q 31.012 -15.807 69.741
L 34.431 -14.18 69.38
V 35.168 -10.833 67.708
E 38.752 -9.599 67.391
S 39.642 -6.051 66.381
G 42.35 -3.427 66.737
G 44.869 -4.735 64.222
G 46.284 -2.995 61.206
L 49.452 -1.712 59.617
V 52.048 -0.37 62.047
Q 55.609 0.885 61.675
A 58.404 -0.956 63.47
G 58.615 0.1 67.101
G 54.981 1.214 67.138
S 52.157 -0.081 69.294
L 48.688 -1.597 68.982
R 45.821 -2.51 71.287
L 43.681 -5.517 70.339
S 40.158 -6.138 71.63
C 38.245 -9.415 71.916
V 34.54 -9.243 72.811
V 32.984 -12.554 73.88
S 29.331 -13.543 74.321
G 27.588 -15.48 77.075
S 29.523 -16.101 80.283
A 32.914 -17.241 78.972
V 35.165 -14.276 79.863
S 34.527 -14.581 83.607
D 34.475 -18.392 83.734
Y 37.396 -19.553 81.58
A 41.002 -18.561 81.044
M 41.489 -16.47 77.914
G 44.419 -16.4 75.524
W 45.579 -14.504 72.464
Y 46.888 -16.536 69.526
R 48.708 -15.527 66.358
Q 49.117 -17.425 63.086
A 51.879 -16.358 60.717
P 51.574 -17.258 57.008
G 52.183 -20.977 56.548
K 52.517 -21.841 60.243
Q 49.941 -22.909 62.829
R 48.386 -20.898 65.642
E 50.624 -20.288 68.647
L 49.617 -19.029 72.075
V 51.419 -15.762 72.844
A 49.618 -14.435 75.937
A 47.275 -16.037 78.458
I 45.1 -14.464 81.15
Y 43.523 -16.445 83.977
N 40.673 -15.65 86.366
S 43.349 -15.146 89.035
G 44.602 -12.116 87.136
R 47.888 -13.977 86.62
T 49.44 -13.891 83.156
N 51.789 -16.041 81.109
Y 53.554 -15.112 77.874
V 55.807 -16.672 75.272
D 59.454 -15.619 75.556
S 59.422 -13.637 72.297
V 56.791 -11.162 73.573
K 57.713 -10.89 77.265
G 58.157 -7.233 78.174
R 56.466 -6.009 74.975
F 52.967 -7.519 75.132
T 50.466 -7.184 77.968
I 47.205 -9.123 78.229
S 44.314 -7.902 80.368
K 40.595 -8.457 80.753
D 37.41 -6.54 81.549
N 34.625 -8.812 82.774
A 31.96 -6.083 82.766
K 32.762 -5.454 79.094
K 33.402 -9.178 78.426
T 36.5 -8.059 76.526
V 40.068 -9.377 76.439
Y 42.781 -6.867 75.555
L 46.288 -7.327 74.157
Q 48.506 -4.26 74.469
M 51.381 -4.686 72.008
N 54.35 -2.336 72.39
C 57.742 -2.279 70.657
C 57.742 -2.285 70.667
L 56.333 -4.251 67.739
K 58.747 -6.179 65.514
P 58.419 -7.496 61.942
E 58.23 -11.001 63.447
D 54.87 -9.998 64.989
T 53.139 -9.942 61.578
A 50.371 -12.578 61.748
D 46.654 -13.118 62.148
Y 45.736 -12.541 65.798
F 42.926 -14.517 67.43
C 41.485 -14.935 70.903
N 39.783 -18.046 72.248
L 39.073 -20.02 75.398
L 41.975 -21.792 77.075
G 41.015 -25.446 76.749
A 38.716 -25.304 73.712
T 39.918 -28.776 72.665
T 37.329 -30.322 75.009
M 34.491 -28.614 73.088
S 33.377 -30.288 69.861
N 32.245 -26.982 68.319
A 35.58 -25.622 67.063
V 34.724 -21.915 67.134
W 37.447 -19.457 66.165
G 36.806 -15.784 65.562
Q 37.374 -13.877 62.356
G 40.588 -12.545 63.899
T 42.438 -9.312 63.268
Q 45.39 -8.91 60.919
V 48.572 -7.264 62.211
T 51.371 -6.177 59.876
V 54.605 -4.53 61.038
S 56.665 -2.677 58.422
S 60.399 -2.461 59.138
X 0 0 0
X 0 0 0
X 0 0 0
X 0 0 0
X 0 0 0
X 0 0 0
X 0 0 0
X 0 0 0
X 0 0 0
X 0 0 0
X 0 0 0
X 0 0 0
X 0 0 0
X 0 0 0
X 0 0 0
X 0 0 0
X 0 0 0
X 0 0 0
X 0 0 0
X 0 0 0
X 0 0 0
X 0 0 0
