G 22.834 -10.013 25.164
G 21.604 -11.676 21.993
L 18.966 -11.134 19.298
V 15.61 -9.453 19.98
Q 12.878 -7.905 17.867
A 12.087 -4.198 18.046
G 10.257 -3.335 21.252
G 11.68 -6.289 23.186
S 13.871 -6.211 26.26
L 17.185 -7.463 27.622
R 19.115 -7.45 30.896
L 22.91 -7.223 30.771
S 25.293 -8.21 33.56
C 28.955 -7.512 34.255
S 32.448 -1.781 45.393
D 34.264 1.566 45.543
Y 34.06 3.359 42.187
A 31.258 4.538 39.924
M 30.575 2.172 37.025
G 29.326 2.888 33.527
W 28.026 0.908 30.57
Y 29.478 1.425 27.093
R 28.517 0.267 23.608
E 30.124 5.768 23.881
L 28.845 5.988 27.446
V 25.149 5.169 27.814
A 24.438 4.798 31.541
A 26.445 5.581 34.672
I 25.728 4.568 38.274
Y 27.481 6.304 41.168
N 28.13 5.175 44.73
S 25.354 7.466 46.008
G 22.842 5.5 43.888
R 22.508 8.383 41.423
T 22.178 7.538 37.731
N 22.776 9.379 34.467
Y 21.797 8.297 30.961
V 22.374 9.455 27.411
D 19.435 11.253 25.816
S 18.619 8.416 23.403
V 18.08 5.894 26.236
K 16.474 8.039 28.948
G 13.375 6.261 30.201
R 14.276 2.985 28.458
F 17.502 1.777 30.108
T 18.179 1.124 33.794
I 21.658 0.76 35.301
S 22.203 -0.819 38.716
Y 23.259 -4.564 35.671
L 21.749 -2.824 32.63
Q 18.029 -3.396 32.093
M 17.22 -2.497 28.478
N 13.598 -2.198 27.341
C 11.961 -0.846 24.177
L 14.975 -1.948 22.154
K 15.404 -0.143 18.827
P 17.609 -1.027 15.832
E 19.83 1.932 16.758
D 20.661 0.083 20.001
T 22.503 -2.629 18.035
A 26.129 -2.762 19.219
D 28.548 -4.669 21.446
Y 27.965 -3.676 25.074
F 30.713 -3.588 27.713
C 31.102 -2.213 31.232
N 34.038 -0.426 32.843
L 34.925 2.2 35.439
L 33.883 5.818 34.933
T 28.254 -9.104 25.021
Q 26.584 -8.833 21.609
V 23.25 -7.059 21.11
T 21.296 -7.203 17.843
V 17.798 -5.76 17.386
S 15.707 -7.218 14.565
S 12.743 -5.838 12.619
X 0 0 0
X 0 0 0
X 0 0 0
X 0 0 0
X 0 0 0
X 0 0 0
X 0 0 0
X 0 0 0
X 0 0 0
X 0 0 0
X 0 0 0
X 0 0 0
X 0 0 0
X 0 0 0
X 0 0 0
X 0 0 0
X 0 0 0
X 0 0 0
X 0 0 0
X 0 0 0
X 0 0 0
X 0 0 0
X 0 0 0
X 0 0 0
X 0 0 0
X 0 0 0
X 0 0 0
X 0 0 0
X 0 0 0
X 0 0 0
X 0 0 0
X 0 0 0
X 0 0 0
X 0 0 0
X 0 0 0
X 0 0 0
X 0 0 0
X 0 0 0
X 0 0 0
X 0 0 0
X 0 0 0
X 0 0 0
X 0 0 0
X 0 0 0
X 0 0 0
X 0 0 0
X 0 0 0
X 0 0 0
X 0 0 0
X 0 0 0
X 0 0 0
X 0 0 0
X 0 0 0
X 0 0 0
X 0 0 0
X 0 0 0
X 0 0 0
X 0 0 0
X 0 0 0
X 0 0 0
X 0 0 0
X 0 0 0
X 0 0 0
X 0 0 0
X 0 0 0
