E -15.203 -23.564 -15.26
V -16.274 -27.217 -15.05
Q -14.452 -29.248 -12.37
L -15.82 -32.758 -11.706
L -14.546 -35.011 -8.892
E -15.66 -38.644 -8.645
S -15.779 -40.601 -5.385
G -17.142 -43.9 -4.099
G -15.151 -46.586 -5.929
G -13.89 -49.764 -4.327
L -14.079 -53.558 -4.26
V -17.323 -55.577 -4.075
Q -18.452 -59.187 -4.594
P -20.881 -60.261 -7.357
G -24.46 -59.335 -6.486
G -23.255 -56.513 -4.232
S -24.044 -52.811 -4.368
L -21.921 -49.644 -4.404
R -22.829 -45.957 -4.683
L -20.887 -43.477 -6.829
S -20.859 -39.749 -6.022
C -19.619 -37.121 -8.478
A -19.125 -33.683 -6.914
A -19.539 -30.638 -9.164
S -17.862 -27.252 -8.752
G -17.187 -24.067 -10.695
F -20.357 -23.724 -12.79
T -24.14 -23.642 -12.483
F -24.724 -27.378 -12.094
G -28.494 -26.937 -12.42
N -28.149 -25.987 -16.106
Y -26.339 -29.088 -17.428
D -27.43 -32.608 -18.263
M -25.103 -35.203 -16.726
A -23.938 -38.685 -17.73
W -21.719 -41.579 -16.616
V -19.19 -43.475 -18.753
R -16.943 -46.441 -17.934
Q -13.929 -48.173 -19.485
A -13.134 -51.806 -18.623
P -9.517 -53.057 -19.028
G -8.634 -53.455 -22.702
K -12.067 -52.433 -23.988
R -13.479 -49.382 -25.695
P -15.428 -46.956 -23.483
E -19.12 -47.612 -22.938
W -21.723 -44.996 -22.105
V -23.597 -46.12 -19.004
S -26.416 -43.72 -18.108
S -27.484 -40.087 -18.292
I -29.684 -37.708 -16.309
D -31.9 -34.765 -17.239
T -31.441 -31.212 -15.979
G -34.482 -31.453 -13.707
G -34.215 -35.201 -13.158
D -37.348 -36.141 -15.095
I -35.541 -37.923 -17.949
T -33.36 -40.99 -17.338
H -31.529 -43.074 -19.938
Y -29.573 -46.295 -19.504
A -27.53 -48.538 -21.749
D -29.025 -51.965 -22.413
S -26.276 -53.687 -20.396
V -27.184 -51.812 -17.181
K -30.958 -51.295 -17.558
G -32.849 -52.029 -14.344
R -29.62 -52.768 -12.453
F -28.367 -49.186 -12.014
T -30.281 -46.051 -11.029
I -29.005 -42.531 -11.782
S -30.01 -39.445 -9.795
R -28.935 -35.908 -8.918
D -29.47 -33.418 -6.082
N -29.104 -29.874 -7.395
A -28.977 -28.084 -4.028
K -25.956 -30.141 -2.94
N -24.37 -29.918 -6.427
T -23.882 -33.687 -6.494
L -24.579 -36.381 -9.083
Y -25.117 -39.998 -8.022
L -25.018 -43.432 -9.628
Q -26.444 -46.318 -7.589
M -25.265 -49.739 -8.774
N -27.148 -52.882 -7.732
S -26.647 -56.521 -8.753
L -23.048 -55.868 -9.815
R -21.25 -58.413 -12.007
P -17.544 -59.038 -12.789
E -18.323 -57.736 -16.279
D -18.871 -54.323 -14.641
T -15.242 -53.993 -13.496
A -14.183 -50.646 -14.936
V -13.03 -47.118 -14.251
Y -16.072 -44.824 -14.045
W -16.201 -41.161 -15.097
C -18.921 -38.561 -14.754
A -19.201 -36.235 -17.742
T -21.093 -33.247 -19.121
D -21.265 -31.248 -22.333
E -22.336 -27.758 -23.362
E -24.726 -29.038 -26.051
Y -25.722 -32.725 -25.829
A -25.412 -34.934 -22.74
L -28.491 -37.219 -22.737
G -27.024 -39.813 -25.089
P -23.613 -41.325 -25.763
N -21.284 -38.6 -26.97
E -17.728 -37.269 -26.977
F -18.357 -35.122 -23.92
D -16.65 -31.758 -23.483
Y -15.907 -32.318 -19.779
Y -14.923 -35.427 -17.819
G -14.043 -35.833 -14.156
Q -11.001 -37.64 -12.759
G -12.49 -41.138 -12.515
T -12.683 -43.841 -9.858
L -12.116 -47.6 -9.926
V -14.718 -50.324 -9.294
T -13.548 -53.948 -8.954
V -16.179 -56.709 -8.892
S -14.584 -60.053 -8.014
S -14.71 -62.897 -5.515
A -11.936 -61.2 -3.495
X 0 0 0
X 0 0 0
X 0 0 0
X 0 0 0
X 0 0 0
X 0 0 0
X 0 0 0
X 0 0 0
X 0 0 0
X 0 0 0
X 0 0 0
X 0 0 0
X 0 0 0
X 0 0 0
X 0 0 0
X 0 0 0
X 0 0 0
