Q -1.004 -28.95 215.494
V -1.33 -29.994 219.135
Q 1.002 -27.929 221.331
L 1.544 -27.631 225.074
Q 3.967 -24.812 225.872
E 5.285 -24.997 229.432
S 7.015 -22.122 231.219
G 7.694 -20.591 234.621
G 9.996 -23.253 236.041
G 13.53 -22.824 237.311
L 15.68 -22.638 240.418
V 14.23 -21.346 243.694
Q 15.315 -21.206 247.341
P 13.574 -23.495 249.835
G 10.34 -21.908 251.003
G 10.1 -19.866 247.814
S 7.442 -19.832 245.109
L 7.008 -20.363 241.361
R 4.114 -20.167 238.93
R 4.155 -20.18 238.909
L 4.054 -22.732 236.109
F 2.178 -21.984 232.894
C 0.845 -24.321 230.253
A -0.31 -22.626 227.039
A -2.283 -24.985 224.813
S -3.273 -24.985 221.162
G -4.468 -27.394 218.48
F -7.413 -28.941 220.336
T -10.702 -27.855 221.924
F -9.355 -26.571 225.246
S -12.737 -26.383 227.002
S -13.304 -30.115 226.419
S -13.334 -30.115 226.477
Y -10.012 -31.16 228.022
A -8.989 -31.657 231.619
M -5.588 -30.072 232.328
R -3.032 -31.578 234.69
W 0.487 -31.285 236.044
Y 2.561 -34.404 236.715
R 6.096 -34.551 238.065
Q 8.949 -37.034 238.035
A 11.79 -36.736 240.525
P 15.137 -38.451 239.901
G 14.799 -42.202 240.432
K 11.107 -41.986 241.316
E 7.851 -42.814 239.553
R 5.881 -40.065 237.848
E 2.96 -38.784 239.947
L -0.07 -36.577 239.438
V 0.427 -33.214 241.171
A -2.742 -31.309 240.313
A -5.725 -31.661 238.011
I -8.585 -29.396 236.951
T -11.809 -30.225 235.109
S -12.569 -28.792 231.651
A -14.934 -26.107 233.008
G -12.639 -25.463 235.988
G -15.226 -26.334 238.633
S -13.286 -29.131 240.373
T -9.656 -29.601 241.342
H -7.554 -32.443 242.721
Y -4.124 -32.373 244.407
A -1.616 -34.953 245.571
D -1.618 -35.134 249.391
S 1.967 -33.863 249.478
V 1.117 -30.509 247.854
K -2.527 -30.037 248.818
E -2.075 -27.039 251.117
R 0.645 -25.279 249.097
F -0.243 -25.556 245.389
T -3.181 -24.102 243.422
I -4.202 -25.042 239.884
S -6.424 -22.805 237.739
R -7.325 -22.313 234.105
D -8.542 -19.597 231.783
N -10.573 -21.069 228.958
A -10.647 -17.685 227.23
K -6.863 -17.848 226.852
N -6.274 -21.599 226.45
T -3.965 -21.441 229.484
M -3.577 -23.33 232.773
Y -1.525 -22.214 235.789
L -0.002 -23.881 238.838
Q 0.866 -21.565 241.727
M 3.484 -23.323 243.84
M 3.468 -23.337 243.854
N 4.033 -21.779 247.285
S 6.372 -22.807 250.114
L 8.433 -25.056 247.841
K 10.462 -27.86 249.451
P 13.662 -29.558 248.323
E 11.443 -32.648 247.856
D 9.45 -30.748 245.181
T 12.49 -30.796 242.865
A 11.445 -32.667 239.723
V 10.683 -32.368 236.049
Y 7.082 -31.137 235.83
Y 4.91 -32.2 232.882
C 1.67 -30.681 231.687
C 1.689 -30.62 231.586
N -0.93 -33.086 230.329
A -4.264 -32.567 228.545
R -6.909 -35.314 228.241
R -10.58 -35.487 227.283
D -12.858 -34.741 230.241
Y -15.852 -37.096 230.024
G -17.069 -35.98 233.458
D -17.032 -37.71 236.843
S -13.401 -38.442 237.772
W -11.965 -38.49 234.259
F -10.002 -35.301 234.99
T -7.628 -37.381 237.148
A -7.47 -40.415 234.819
G -4.385 -41.651 232.984
G -3.643 -40.998 229.316
G -3.667 -37.67 227.482
Y -1.21 -35.538 225.516
W 2.149 -35.016 227.28
G 4.175 -31.813 227.416
Q 7.958 -31.95 227.148
Q 7.957 -32.027 227.15
G 8.547 -31.187 230.807
T 10.109 -28.309 232.681
T 10.029 -28.27 232.725
Q 12.715 -28.43 235.414
V 11.901 -27.203 238.918
T 14.85 -27.148 241.337
V 14.456 -26.225 244.993
S 17.827 -25.81 246.621
S 19.911 -23.501 248.785
X 0 0 0
X 0 0 0
X 0 0 0
X 0 0 0
X 0 0 0
X 0 0 0
X 0 0 0
X 0 0 0
X 0 0 0
X 0 0 0
