Q -15.53 -21.137 26.808
V -14.883 -23.863 29.368
Q -14.449 -22.21 32.761
L -12.916 -24.255 35.567
Q -14.13 -23.698 39.127
E -11.685 -24.559 41.906
S -11.382 -24.086 45.669
G -9.803 -25.334 48.886
L -2.222 -20.295 54.711
V -0.994 -23.213 56.817
Q 2.055 -24.331 58.826
P 3.74 -27.798 58.658
S -2.492 -30.487 55.456
L -4.619 -29.093 52.628
R -6.77 -30.368 49.766
L -7.511 -28.691 46.439
S -10.479 -29.433 44.193
C -10.957 -28.521 40.534
T -14.366 -28.932 38.912
A -15.077 -28.891 35.179
P -18.463 -28.304 33.518
R -20.355 -31.059 31.708
I -17.743 -31.953 29.095
I -16.488 -35.437 28.196
F -14.183 -35.308 31.22
F -12.718 -38.83 31.232
M -11.077 -38.229 27.841
Y -9.16 -35.297 29.323
D -5.738 -35.3 30.944
V -5.631 -33.542 34.311
G -2.742 -32.108 36.301
W -1.737 -29.654 39.004
Y 0.919 -26.966 38.602
R 2.493 -24.45 40.98
R 5.759 -23.014 36.02
E 6.304 -26.262 37.911
L 4.608 -29.625 37.37
V 3.381 -31.114 40.643
A 1.173 -34.057 39.701
Q -0.685 -35.273 36.607
I -3.168 -38.008 35.705
N -3.507 -38.796 32.006
S -6.761 -39.987 30.428
D -5.41 -43.554 30.458
V -5.084 -43.275 34.257
S -1.31 -42.899 34.093
T -0.089 -40.937 37.105
K 3.196 -39.096 37.651
Y 4.49 -37.151 40.645
A 7.381 -34.731 40.861
D 10.069 -36.162 43.159
S 9.921 -32.871 45.079
V 6.516 -33.855 46.508
K 6.626 -37.676 46.397
G 5.284 -39.574 49.411
R 3.267 -36.682 50.831
F 1.086 -35.571 47.893
T -1.843 -37.5 46.445
I -3.718 -36.631 43.246
S -7.088 -38.177 42.388
R -9.805 -37.684 39.776
D -13.548 -38.343 39.798
N -14.837 -38.591 36.224
A -18.494 -38.707 37.277
K -18.181 -35.52 39.333
R -15.754 -34.233 36.682
T -13.463 -33.215 39.528
V -9.728 -33.637 40.115
Y -8.298 -33.586 43.641
L -4.872 -32.82 45.074
Q -4.355 -33.832 48.692
M -1.341 -32.085 50.18
N 0.046 -33.611 53.367
D 3.154 -33.02 55.49
L 3.22 -29.397 54.341
K 6.724 -28.007 53.906
P 7.796 -24.387 53.366
E 8.98 -24.997 49.785
D 5.397 -25.924 48.845
A 4.44 -22.238 48.891
A 3.415 -20.983 45.434
V 0.376 -20.286 43.262
Y -1.349 -23.565 42.396
Y -3.105 -24.074 39.066
C -5.474 -26.776 37.827
N -5.054 -27.876 34.211
V -7.517 -29.95 32.191
R -6.308 -30.727 28.676
R -7.328 -32.797 25.66
A -5.37 -31.936 22.501
S -6.229 -28.385 21.419
A -8.656 -28.037 24.327
D -6.414 -26.657 27.07
Y -8.074 -25.251 30.175
W -6.633 -23.652 33.302
G -8.135 -22.41 36.538
Q -7.684 -18.878 37.837
G -5.412 -20.276 40.541
T -5.305 -20.986 44.269
Q -3.094 -19.274 46.85
V -1.244 -20.716 49.853
X 0 0 0
X 0 0 0
X 0 0 0
X 0 0 0
X 0 0 0
X 0 0 0
X 0 0 0
X 0 0 0
X 0 0 0
X 0 0 0
X 0 0 0
X 0 0 0
X 0 0 0
X 0 0 0
X 0 0 0
X 0 0 0
X 0 0 0
X 0 0 0
X 0 0 0
X 0 0 0
X 0 0 0
X 0 0 0
X 0 0 0
X 0 0 0
X 0 0 0
X 0 0 0
X 0 0 0
X 0 0 0
X 0 0 0
X 0 0 0
X 0 0 0
X 0 0 0
X 0 0 0
X 0 0 0
X 0 0 0
X 0 0 0
X 0 0 0
X 0 0 0
X 0 0 0
