Q -16.561 -187.591 405.107
V -19.406 -189.483 406.849
Q -19.908 -193.124 407.897
L -23.342 -194.64 408.477
Q -24.236 -197.955 410.094
E -27.672 -199.488 410.635
S -29.162 -202.038 412.991
G -32.474 -203.423 414.217
G -33.401 -205.367 411.077
G -34.764 -208.878 411.571
L -37.669 -211.266 411.051
V -41.093 -209.903 412.062
Q -44.647 -211.227 411.769
A -47.286 -209.248 409.851
G -48.984 -206.416 411.764
G -45.832 -206.42 413.93
S -43.491 -203.548 414.768
L -39.761 -202.939 414.411
R -37.317 -200.117 415.134
L -34.339 -199.461 412.845
S -31.411 -197.293 413.92
C -28.717 -195.475 412.002
A -25.603 -194.301 413.844
A -23.488 -191.67 412.112
S -19.889 -190.509 412.522
G -17.681 -187.807 410.957
H -18.78 -184.558 409.301
T -22.51 -184.981 410.024
F -22.96 -181.189 409.865
N -22.119 -180.95 406.183
Y -24.782 -183.597 405.49
P -27.783 -182.501 407.551
I -30.677 -184.373 405.967
M -31.039 -188.132 406.621
G -33.076 -190.415 404.431
W -34.38 -193.965 404.477
F -34.556 -196.062 401.346
R -35.615 -199.709 400.878
Q -34.683 -202.141 398.089
A -36.879 -205.209 397.445
P -35.205 -208.197 395.71
G -36.687 -207.43 392.273
K -37.972 -203.857 392.54
E -35.954 -200.603 392.388
R -34.683 -198.639 395.398
E -37.676 -196.821 396.897
F -37.847 -193.681 399.024
V -39.265 -194.364 402.498
G -38.87 -191.077 404.37
A -36.432 -188.453 405.618
I -35.763 -186.048 408.465
S -34.168 -182.583 408.905
W -31.081 -181.403 410.856
S -33.271 -179.675 413.471
G -35.308 -182.894 413.572
G -38.561 -180.93 413.43
S -39.577 -181.465 409.802
T -40.007 -184.945 408.28
S -41.313 -186.385 404.999
Y -42.682 -189.853 404.151
A -43.721 -191.867 401.083
D -47.487 -192.426 400.719
S -47.25 -196.232 401.064
V -45.305 -195.856 404.308
K -47.23 -192.79 405.549
D -49.111 -193.152 408.861
R -47.507 -196.534 409.688
F -43.886 -195.403 410.091
T -42.258 -192.579 412.043
I -38.746 -191.159 411.714
S -37.071 -189.405 414.674
R -33.675 -187.798 415.355
D -31.433 -187.535 418.39
N -28.415 -185.371 417.526
A -27.1 -186.09 421.048
K -26.342 -189.656 419.884
N -25.85 -188.87 416.185
T -28.619 -191.309 415.358
V -31.864 -191.34 413.404
Y -34.564 -193.883 414.171
L -37.243 -195.475 412.002
E -40.223 -197.017 413.815
M -42.254 -199.281 411.524
N -45.667 -200.263 412.936
N -48.426 -202.466 411.467
L -45.897 -204.085 409.095
K -47.027 -205.7 405.832
P -45.311 -208.33 403.608
E -45.047 -205.591 400.985
D -42.572 -203.822 403.32
T -40.071 -206.699 403.01
A -36.76 -205.285 401.743
V -33.189 -204.232 402.599
Y -33.579 -200.917 404.431
Y -30.837 -198.348 403.732
C -29.758 -195.207 405.575
A -28.502 -192.196 403.599
A -27.152 -188.697 404.247
K -27.68 -185.758 401.902
G -25.619 -182.643 401.318
R -27.017 -179.28 402.248
Y -27.702 -178.166 398.659
S -28.186 -181.539 396.932
G -31.66 -181.17 395.439
G -34.748 -183.218 396.0
L -35.279 -185.752 398.77
Y -36.795 -188.569 396.715
Y -33.932 -189.202 394.353
P -31.025 -191.35 395.666
T -28.477 -189.884 393.221
N -28.279 -186.846 395.453
Y -27.254 -188.652 398.656
D -23.465 -188.762 399.071
Y -23.148 -191.359 401.851
W -24.952 -194.65 402.454
G -24.755 -197.48 404.954
Q -24.746 -201.118 404.013
G -28.357 -201.918 404.697
T -30.16 -204.171 407.163
Q -32.708 -206.818 406.087
V -36.367 -206.718 407.112
T -38.63 -209.692 406.306
V -42.382 -209.828 407.104
X 0 0 0
X 0 0 0
X 0 0 0
X 0 0 0
X 0 0 0
X 0 0 0
X 0 0 0
X 0 0 0
X 0 0 0
X 0 0 0
X 0 0 0
X 0 0 0
X 0 0 0
X 0 0 0
X 0 0 0
X 0 0 0
X 0 0 0
