E -40.608 -3.337 -25.82
V -37.941 -4.3 -23.263
Q -37.931 -7.802 -21.737
L -35.863 -8.559 -18.608
V -34.7 -12.081 -17.684
E -32.941 -13.01 -14.426
S -30.449 -15.898 -14.261
G -27.61 -17.195 -12.024
G -29.748 -18.359 -9.07
G -29.606 -21.737 -7.314
L -28.766 -23.621 -4.097
V -25.69 -22.576 -2.144
Q -24.345 -22.854 1.404
A -23.906 -19.947 3.886
G -20.66 -17.993 3.333
D -20.668 -18.769 -0.405
S -20.633 -16.298 -3.241
L -23.072 -16.107 -6.107
R -23.483 -13.877 -9.169
L -26.86 -12.983 -10.693
S -27.477 -11.694 -14.232
C -30.243 -9.38 -15.434
T -30.275 -9.855 -19.232
A -32.416 -7.713 -21.546
S -33.915 -8.056 -25.039
G -36.099 -5.569 -26.965
R -33.901 -2.561 -26.147
T -30.37 -1.672 -24.997
L -30.124 -2.049 -21.194
G -27.447 0.687 -21.043
D -30.33 3.073 -21.812
Y -31.894 2.384 -18.343
G -31.293 2.577 -14.622
V -31.463 -1.023 -13.393
A -32.407 -2.178 -9.9
W -32.557 -5.538 -8.147
F -35.366 -6.353 -5.733
R -36.07 -9.533 -3.786
Q -38.869 -11.308 -1.983
A -38.089 -13.747 0.827
P -40.731 -16.297 1.936
G -43.542 -14.665 3.935
K -42.24 -11.147 3.239
E -42.868 -8.024 1.169
R -40.899 -7.128 -1.955
E -37.626 -5.564 -0.742
F -35.249 -3.091 -2.441
V -31.745 -4.595 -2.784
S -29.602 -2.496 -5.148
V -29.651 -0.03 -8.09
I -27.275 1.306 -10.756
S -28.035 4.538 -12.637
R -28.047 4.888 -16.442
S -25.003 7.146 -16.017
T -23.271 4.295 -14.042
I -21.799 6.581 -11.312
I -24.658 6.335 -8.775
T -25.206 3.083 -6.93
D -27.301 2.376 -3.85
Y -27.824 -0.626 -1.566
A -30.213 -1.771 1.134
D -28.61 -1.615 4.595
S -28.768 -5.412 5.044
V -26.589 -6.061 1.928
R -23.965 -3.288 2.177
G -20.357 -4.382 2.083
R -21.557 -7.813 0.889
F -23.307 -7.11 -2.433
S -21.872 -5.3 -5.453
I -23.83 -4.026 -8.462
S -22.193 -3.574 -11.873
A -23.063 -3.349 -15.554
D -21.746 -4.753 -18.821
S -23.175 -3.249 -22.024
A -20.905 -5.628 -23.999
K -23.444 -8.365 -23.155
N -26.436 -6.087 -22.484
T -26.457 -7.269 -18.851
V -26.416 -5.925 -15.267
Y -24.768 -8.109 -12.595
L -25.293 -8.526 -8.88
Q -22.298 -10.054 -7.112
M -23.443 -11.517 -3.785
N -20.759 -12.421 -1.211
S -20.832 -13.766 2.332
L -24.339 -15.128 1.679
K -26.533 -15.888 4.688
P -29.913 -17.734 5.026
E -31.695 -14.341 5.357
D -30.824 -13.696 1.663
T -32.996 -16.665 0.61
A -35.537 -15.125 -1.782
V -36.628 -14.749 -5.399
Y -34.505 -12.004 -6.986
Y -36.115 -9.732 -9.572
C -34.656 -6.965 -11.706
A -36.456 -3.982 -13.22
V -35.835 -0.736 -15.091
I -36.382 2.683 -13.561
A -39.514 3.922 -15.358
N -39.956 7.284 -13.587
P -37.774 9.72 -15.608
V -37.506 12.239 -12.692
Y -35.176 9.869 -10.765
A -31.758 8.411 -11.604
T -32.144 6.084 -8.602
S -34.988 5.053 -6.28
R -35.714 2.462 -3.586
N -39.456 2.475 -4.322
S -40.789 -0.384 -6.473
D -43.499 1.961 -7.901
D -40.787 3.861 -9.84
Y -39.897 0.643 -11.744
G -41.426 -1.257 -14.658
H -40.753 -4.303 -16.847
W -40.093 -6.69 -14.0
G -38.595 -10.05 -14.937
Q -39.952 -13.491 -14.004
G -37.353 -13.782 -11.247
T -34.51 -16.142 -10.337
Q -34.629 -18.116 -7.063
V -31.635 -17.988 -4.685
T -31.586 -20.389 -1.722
V -28.906 -20.157 0.964
S -28.767 -23.228 3.227
S -27.228 -23.661 6.696
X 0 0 0
X 0 0 0
X 0 0 0
X 0 0 0
X 0 0 0
X 0 0 0
X 0 0 0
X 0 0 0
X 0 0 0
X 0 0 0
X 0 0 0
X 0 0 0
X 0 0 0
X 0 0 0
