Q -63.346 -7.449 14.629
L -62.997 -9.625 17.757
V -66.175 -11.151 19.217
E -66.257 -12.917 22.59
S -68.774 -15.587 23.504
G -69.318 -18.124 26.26
G -69.444 -16.016 29.433
G -72.084 -16.068 32.147
L -72.726 -17.521 35.58
V -71.098 -20.69 36.894
Q -70.632 -22.365 40.268
A -67.307 -22.507 42.093
G -65.285 -25.446 40.83
G -67.201 -25.381 37.545
S -66.078 -24.987 33.944
L -66.687 -22.426 31.204
R -65.266 -22.167 27.704
L -64.778 -18.712 26.244
S -64.215 -18.183 22.548
C -63.089 -15.254 20.426
A -63.991 -15.069 16.739
A -61.975 -12.864 14.385
S -63.229 -11.488 11.062
Q -60.029 -11.764 8.962
S -52.978 -12.347 8.383
P -51.624 -14.288 11.356
Y -52.187 -13.017 14.876
V -51.487 -13.918 18.489
G -54.763 -14.483 20.331
G -54.854 -13.103 23.846
W -57.189 -12.975 26.826
F -57.217 -10.324 29.563
R -59.613 -9.72 32.431
Q -60.69 -6.886 34.714
A -62.127 -7.574 38.165
P -64.055 -4.987 40.212
G -61.645 -2.49 41.744
K -58.603 -3.925 39.958
E -56.678 -3.142 36.807
R -56.996 -5.167 33.626
E -54.573 -8.093 33.751
F -53.158 -10.775 31.467
V -54.807 -14.218 31.463
A -53.484 -16.267 28.511
A -52.254 -16.005 24.929
I -51.421 -18.304 22.029
S -49.176 -18.025 18.973
W -50.476 -18.216 15.388
S -49.604 -21.912 14.942
G -50.34 -22.887 18.554
G -46.793 -23.85 19.464
T -46.457 -21.211 22.194
K -49.111 -20.994 24.921
L -48.577 -18.566 27.802
Y -50.598 -18.27 31.009
A -50.757 -15.893 33.93
D -49.494 -17.59 37.082
S -52.946 -17.289 38.669
V -54.569 -19.536 36.038
K -51.682 -21.824 35.029
G -52.771 -25.446 35.21
R -56.474 -24.535 35.415
F -57.055 -22.743 32.095
T -56.163 -24.14 28.656
I -55.907 -21.973 25.525
S -56.259 -23.385 21.999
R -57.275 -22.186 18.562
D -58.789 -23.332 15.284
N -57.603 -21.076 12.476
A -59.984 -22.726 10.005
K -62.736 -21.263 12.22
N -60.798 -18.043 13.029
T -61.514 -18.861 16.68
V -59.366 -18.883 19.83
Y -60.704 -20.891 22.787
L -60.125 -20.444 26.526
Q -61.148 -23.546 28.494
M -61.562 -22.387 32.107
N -61.692 -25.249 34.602
T -61.815 -25.327 38.415
L -63.177 -21.798 38.443
K -62.837 -19.763 41.646
R -64.684 -16.769 43.062
E -61.605 -14.618 42.366
D -61.884 -15.49 38.657
T -64.957 -13.22 38.475
A -64.219 -10.443 35.959
V -65.04 -9.062 32.55
Y -62.913 -11.119 30.151
Y -61.563 -9.383 27.044
C -60.133 -11.107 24.057
A -57.319 -9.359 22.249
A -55.002 -9.784 19.285
R -51.446 -8.859 18.354
R -50.236 -9.188 14.758
I -46.522 -9.802 15.417
N -46.112 -13.493 16.253
E -44.558 -12.909 19.661
V -46.601 -13.95 22.7
L -46.399 -11.09 25.223
T -48.223 -10.504 28.517
T -48.508 -6.706 28.273
A -51.807 -5.063 27.308
P -50.095 -2.183 25.381
D -48.68 -4.781 22.976
Y -52.138 -5.906 21.761
D -53.704 -3.472 19.3
F -57.027 -5.253 18.701
W -59.544 -5.749 21.497
G -63.021 -7.168 21.962
Q -65.963 -5.779 23.918
G -65.649 -8.004 26.992
T -67.822 -10.747 28.453
Q -68.866 -11.02 32.077
V -67.875 -14.18 33.929
T -69.282 -14.571 37.442
V -68.228 -17.426 39.743
S -70.321 -17.994 42.868
S -69.591 -20.102 45.969
X 0 0 0
X 0 0 0
X 0 0 0
X 0 0 0
X 0 0 0
X 0 0 0
X 0 0 0
X 0 0 0
X 0 0 0
X 0 0 0
X 0 0 0
X 0 0 0
X 0 0 0
X 0 0 0
X 0 0 0
X 0 0 0
X 0 0 0
X 0 0 0
X 0 0 0
X 0 0 0
X 0 0 0
