A -47.004 24.138 -5.659
Q -44.0 26.077 -4.341
V -41.733 23.201 -5.244
Q -41.786 20.326 -7.704
L -40.084 17.034 -6.976
Q -38.912 14.874 -9.815
Q -37.793 11.353 -9.083
S -35.336 9.116 -11.011
G -33.531 5.772 -10.811
G -35.598 2.68 -9.851
G -36.021 -0.722 -11.469
L -35.766 -4.436 -10.973
V -32.9 -6.082 -9.134
Q -32.034 -9.419 -7.534
A -31.949 -9.897 -3.736
G -28.641 -8.549 -2.353
G -28.534 -5.883 -5.062
S -28.239 -2.083 -4.906
L -30.175 0.799 -6.353
R -29.896 4.546 -6.077
L -32.895 6.84 -6.249
S -32.761 10.57 -6.725
C -35.284 13.251 -5.983
A -34.5 16.535 -7.734
A -36.281 19.587 -6.358
S -37.066 22.706 -8.301
G -38.94 25.935 -7.691
R -38.683 27.75 -4.386
T -36.298 25.26 -2.85
H -34.825 25.463 0.683
T -32.432 22.538 1.303
P -32.581 22.541 5.126
Y -36.272 21.601 4.892
A -37.19 17.985 5.601
M -37.156 15.534 2.737
G -38.822 12.232 3.672
W -38.668 8.903 1.81
F -41.809 6.76 2.034
R -42.714 3.548 0.289
Q -45.953 1.8 -0.538
A -46.006 -1.893 -1.245
P -49.025 -3.627 -2.721
G -51.83 -3.904 -0.13
K -50.089 -1.599 2.418
E -50.085 2.045 3.575
R -47.227 4.464 2.86
E -44.465 3.508 5.3
F -41.703 5.876 6.383
V -38.215 4.768 5.222
G -36.064 7.713 6.299
G -35.577 11.44 6.163
I -32.976 14.182 5.914
G -33.259 17.684 7.445
G -31.524 20.621 9.074
V -28.636 22.861 8.125
A -26.344 19.923 9.02
A -28.137 17.281 6.9
T -29.067 15.016 9.8
T -30.631 11.688 8.859
T -33.137 9.376 10.551
Y -34.064 5.807 9.5
A -36.788 3.249 10.021
D -35.695 0.111 11.849
S -36.248 -2.112 8.798
V -33.788 -0.196 6.571
R -31.048 1.039 8.917
G -27.523 0.119 7.862
R -28.744 -0.96 4.381
F -30.237 2.331 3.051
T -28.473 5.691 3.228
I -29.929 9.169 2.559
S -27.821 12.074 1.367
R -28.236 15.382 -0.331
D -26.455 17.673 -2.784
D -27.387 21.272 -1.827
A -26.193 22.919 -5.053
K -28.227 20.479 -7.136
A -31.219 20.654 -4.81
T -31.226 16.858 -4.961
V -31.725 14.214 -2.216
Y -30.612 10.551 -2.785
L -31.733 7.241 -1.349
Q -28.952 4.687 -1.682
M -30.223 1.187 -1.249
N -27.96 -1.841 -0.519
S -28.606 -5.477 0.477
L -32.016 -5.271 -1.063
K -34.658 -7.819 -0.052
P -37.911 -8.925 -1.735
E -39.765 -7.264 1.108
D -38.269 -3.92 -0.093
T -40.41 -4.123 -3.259
A -42.612 -1.029 -3.422
V -43.282 2.292 -5.068
Y -40.876 4.738 -3.39
Y -41.785 8.424 -2.892
C -39.912 11.52 -1.719
A -41.897 14.245 -0.04
T -41.107 17.596 1.497
R -42.587 20.209 3.896
A -41.926 23.694 5.169
S -40.014 22.605 8.322
M -36.561 21.204 9.077
A -38.267 18.473 11.168
V -38.684 15.016 9.745
S -41.966 13.242 10.561
T -43.012 9.618 10.125
S -46.492 10.672 9.039
P -46.927 11.092 5.268
R -49.868 13.459 5.955
V -47.762 16.36 7.163
Y -45.849 16.513 3.843
P -47.861 18.552 1.302
I -45.388 18.059 -1.582
W -44.876 14.694 -3.26
G -42.67 13.241 -5.936
Q -44.196 11.055 -8.646
G -43.059 7.674 -7.248
T -40.524 5.156 -8.533
Q -41.092 1.392 -8.759
V -38.371 -0.719 -7.144
T -38.783 -4.518 -7.517
V -36.546 -7.08 -5.832
S -36.551 -10.73 -7.039
S -35.996 -13.737 -4.835
X 0 0 0
X 0 0 0
X 0 0 0
X 0 0 0
X 0 0 0
X 0 0 0
X 0 0 0
X 0 0 0
X 0 0 0
X 0 0 0
X 0 0 0
X 0 0 0
X 0 0 0
X 0 0 0
X 0 0 0
