A 8.86 9.534 -24.737
E 9.455 10.37 -21.087
V 5.82 9.28 -20.693
Q 3.352 7.024 -22.552
L -0.477 7.372 -22.574
V -3.158 4.817 -23.327
E -6.884 5.48 -23.572
S -9.688 3.035 -22.771
S -9.706 3.04 -22.809
G -13.5 3.258 -22.137
G -14.743 4.359 -25.539
G -17.853 2.673 -26.849
L -20.774 2.442 -29.265
V -23.772 3.897 -27.56
Q -27.015 5.62 -28.264
T -28.212 9.189 -28.002
G -28.605 10.158 -24.378
D -26.132 7.558 -23.023
S -23.01 8.104 -20.828
L -19.442 6.818 -21.242
R -16.355 7.125 -18.988
L -13.118 7.517 -20.915
S -9.839 6.824 -19.109
S -9.816 6.684 -19.101
C -6.196 7.658 -19.838
C -6.214 7.599 -19.855
A -3.366 5.727 -18.127
A 0.029 7.351 -17.985
S 3.247 5.384 -17.556
G 6.929 6.415 -17.435
R 8.59 9.391 -15.754
T 5.289 11.144 -14.997
Y 4.464 14.272 -12.981
T 0.865 14.032 -11.969
P -0.156 17.778 -11.874
Y 1.114 18.25 -15.402
A -1.597 19.165 -17.934
M -3.654 16.231 -19.338
A -6.041 17.168 -22.119
W -8.657 15.17 -24.062
F -9.076 15.954 -27.767
R -11.48 14.538 -30.321
Q -11.208 14.085 -34.066
A -13.9 13.08 -36.586
P -12.62 11.769 -39.995
G -11.032 14.523 -42.152
K -11.371 17.134 -39.363
E -8.665 18.57 -37.172
R -8.244 17.501 -33.542
E -10.195 19.746 -31.183
F -10.029 20.282 -27.494
V -12.659 18.604 -25.305
A -11.492 18.844 -21.677
G -8.361 19.304 -19.648
I -7.089 19.02 -16.083
G -3.954 20.347 -14.47
G -2.217 21.803 -11.408
I -2.495 20.922 -7.72
D -6.163 21.91 -7.572
G -7.159 19.449 -10.312
T -8.539 22.515 -12.142
A -10.827 21.447 -14.973
A -11.491 23.234 -18.266
Y -14.177 22.236 -20.795
A -14.842 23.028 -24.427
D -18.07 24.883 -25.228
S -19.128 21.788 -27.222
V -19.397 19.715 -23.953
R -20.618 22.523 -21.632
G -22.517 20.887 -18.754
R -22.279 17.285 -20.058
A -18.66 16.352 -19.137
T -16.552 16.0 -15.955
I -12.782 15.407 -16.022
S -10.945 14.026 -13.003
R -7.566 12.644 -12.02
D -6.237 9.911 -9.756
S -2.576 10.516 -9.117
A -1.946 7.177 -7.344
K -3.277 5.39 -10.485
K -1.612 7.859 -12.877
T -5.002 7.967 -14.59
V -7.288 10.763 -15.946
Y -11.064 10.158 -16.441
L -13.501 11.943 -18.745
Q -17.102 11.261 -17.822
M -19.408 12.234 -20.714
N -23.187 12.327 -20.326
S -26.119 13.047 -22.637
L -24.126 11.864 -25.628
K -25.358 12.784 -29.1
P -24.498 11.657 -32.68
E -22.428 14.88 -33.017
D -19.99 13.567 -30.348
T -18.88 10.709 -32.595
A -15.107 10.815 -32.941
V -11.809 9.265 -31.873
Y -11.013 10.687 -28.388
S -7.3 10.863 -27.426
C -5.432 12.151 -24.45
C -5.408 12.102 -24.396
A -2.333 14.363 -24.571
T 0.249 15.736 -22.054
R 2.995 18.28 -21.833
A 5.708 19.355 -19.383
S 3.641 22.018 -17.638
M 0.719 22.256 -15.264
Q -0.92 24.803 -17.63
V -3.829 23.352 -19.654
L -3.946 24.745 -23.17
T -6.494 24.158 -25.961
S -4.121 23.958 -28.995
P -3.079 20.391 -29.949
R 0.196 21.886 -31.091
V 1.499 22.517 -27.575
Y 1.388 18.836 -26.497
P 4.29 16.565 -27.478
I 2.903 13.367 -25.989
W -0.189 11.589 -27.239
G -2.089 8.347 -26.708
R -3.432 6.248 -29.604
G -7.116 7.171 -29.126
T -10.401 5.38 -28.352
Q -13.53 5.332 -30.499
V -16.769 6.942 -29.393
T -19.818 6.327 -31.589
V -23.237 7.688 -30.808
S -26.339 6.582 -32.746
S -26.353 6.501 -32.734
S -30.102 7.444 -32.642
X 0 0 0
X 0 0 0
X 0 0 0
X 0 0 0
X 0 0 0
X 0 0 0
X 0 0 0
X 0 0 0
X 0 0 0
X 0 0 0
