A -8.815 28.421 15.792
E -5.764 28.273 13.553
V -7.979 28.558 10.417
Q -10.96 30.856 9.881
L -13.644 30.262 7.201
V -15.862 32.938 5.697
E -18.616 32.127 3.201
S -20.056 34.456 0.546
S -20.117 34.436 0.598
G -22.233 34.309 -2.609
G -25.521 33.206 -1.21
G -28.692 34.901 -2.471
L -32.369 35.177 -3.02
V -33.137 33.492 -6.306
Q -35.833 31.85 -8.375
T -36.404 28.24 -9.302
G -34.075 27.289 -12.085
D -31.411 29.865 -11.141
S -27.654 29.355 -10.481
L -25.499 30.62 -7.587
R -21.758 30.352 -6.927
L -21.006 30.094 -3.232
S -17.418 30.852 -2.047
S -17.431 30.83 -2.059
C -15.531 29.829 1.087
C -15.561 29.956 1.071
A -12.438 32.001 1.833
A -9.962 30.386 4.288
S -7.334 32.375 6.235
G -4.721 31.551 8.935
R -2.546 28.386 8.905
T -4.152 26.878 5.763
Y -3.155 23.796 3.75
T -5.293 23.654 0.657
P -5.342 19.823 0.043
Y -7.225 19.445 3.362
A -10.901 18.467 3.13
M -13.316 21.355 2.568
A -16.998 20.373 2.908
W -20.193 22.382 2.281
F -23.142 21.55 4.559
R -26.671 23.064 4.531
Q -29.182 23.484 7.324
A -32.866 24.5 6.966
P -34.59 25.684 10.187
G -35.443 22.931 12.688
K -33.321 20.492 10.699
E -29.957 18.884 11.112
R -26.977 20.035 9.026
E -26.498 17.779 6.005
F -23.556 17.285 3.66
V -23.847 18.915 0.266
A -20.416 18.733 -1.407
G -16.747 18.403 -0.612
I -13.196 18.628 -2.032
G -9.923 17.304 -0.803
G -6.693 15.706 -1.764
I -3.997 16.322 -4.34
D -6.379 15.652 -7.285
G -8.999 18.135 -6.165
T -11.352 15.132 -5.872
A -14.988 16.231 -5.562
A -17.787 14.404 -3.673
Y -21.569 15.338 -4.021
A -24.658 14.469 -1.955
D -27.386 12.646 -3.834
S -29.501 15.791 -3.229
V -27.356 17.835 -5.633
R -26.608 15.005 -8.105
G -25.947 16.618 -11.493
R -26.541 20.217 -10.343
A -23.384 21.084 -8.332
T -19.698 21.59 -9.073
I -17.09 22.13 -6.322
S -13.599 23.451 -6.916
R -10.707 25.174 -5.249
D -8.197 27.855 -5.99
S -5.149 27.352 -3.753
A -3.631 30.747 -4.622
K -6.834 32.463 -3.398
K -7.37 29.98 -0.518
T -10.933 29.738 -1.77
V -13.336 26.805 -2.363
Y -16.239 27.376 -4.801
L -19.622 25.576 -4.958
Q -21.486 26.223 -8.196
M -25.193 25.242 -7.874
N -27.435 25.126 -10.955
S -31.164 24.394 -11.447
L -31.939 25.565 -7.941
K -35.275 24.641 -6.416
P -37.26 25.749 -3.309
E -36.157 22.612 -1.413
D -32.588 23.925 -1.653
T -33.377 26.822 0.692
A -31.025 26.737 3.738
V -28.002 28.267 5.362
Y -24.896 26.856 3.553
S -21.69 26.668 5.617
C -18.234 25.337 4.887
C -18.183 25.383 4.832
A -16.12 23.271 7.253
T -12.551 21.927 7.303
R -10.342 19.509 9.191
A -6.634 18.617 9.335
S -6.906 15.755 6.83
M -7.357 15.406 3.059
Q -10.016 12.757 3.757
V -13.488 14.174 2.848
L -16.208 12.729 5.14
T -19.992 13.326 5.134
S -20.463 13.529 8.963
P -20.388 17.074 10.376
R -18.871 15.546 13.535
V -15.382 15.093 12.169
Y -14.895 18.824 11.206
P -13.557 21.093 13.941
I -13.573 24.3 11.937
W -16.656 26.008 10.584
G -17.678 29.17 8.82
R -20.701 31.313 9.725
G -22.839 30.284 6.739
T -24.476 32.119 3.818
Q -28.23 32.2 3.136
V -29.663 30.588 -0.002
T -33.314 31.178 -0.649
V -35.092 29.827 -3.722
S -38.64 30.881 -4.502
S -38.636 30.891 -4.501
S -41.056 29.899 -7.276
P -40.55 32.519 -9.952
G -42.398 35.735 -9.172
X 0 0 0
X 0 0 0
X 0 0 0
X 0 0 0
X 0 0 0
X 0 0 0
X 0 0 0
X 0 0 0
