Q 20.651 -9.038 1.926
V 20.177 -9.457 5.677
Q 19.054 -12.911 6.827
L 16.294 -13.334 9.411
Q 16.232 -16.583 11.395
E 13.384 -17.673 13.655
S 13.834 -20.029 16.604
S 13.798 -20.06 16.565
G 11.588 -21.51 19.265
G 8.692 -23.186 17.489
G 7.258 -26.463 18.685
L 4.334 -28.391 20.11
V 2.531 -26.825 23.104
Q -0.656 -27.486 25.092
A -3.727 -25.277 24.867
G -3.478 -22.767 27.686
G 0.307 -23.043 27.51
S 3.116 -20.593 26.777
L 5.858 -20.408 24.172
R 8.5 -17.837 23.217
L 9.788 -17.292 19.7
S 12.816 -15.281 18.714
S 12.894 -15.358 18.72
C 14.101 -13.935 15.426
A 17.655 -12.7 14.945
A 18.893 -10.679 11.983
S 22.389 -11.293 10.632
G 23.024 -7.555 10.21
Y 22.202 -4.161 11.638
I 18.492 -3.239 11.762
S 17.665 0.429 12.32
D 15.82 0.972 15.598
A 13.241 2.931 13.547
Y 12.455 -0.008 11.254
Y 9.67 -2.424 12.228
M 10.382 -5.988 13.297
G 7.216 -8.031 13.343
W 5.506 -11.388 13.37
Y 3.014 -12.879 10.92
R 1.468 -16.336 10.849
Q -0.138 -18.685 8.342
A -2.691 -21.266 9.662
P -4.092 -24.268 7.757
G -6.542 -23.209 5.079
K -6.075 -19.471 5.699
E -4.016 -16.626 4.301
R -1.01 -15.253 6.145
E -1.97 -12.659 8.71
F -0.415 -9.984 10.868
V 0.313 -10.844 14.509
A 2.401 -8.085 16.116
T 5.075 -5.506 15.328
I 7.457 -3.251 17.248
T 9.665 -0.23 16.573
H 11.592 2.356 18.61
G 12.328 -0.254 21.309
T 8.903 -0.291 22.906
N 6.265 0.929 20.414
T 4.011 -2.05 19.701
Y 0.9 -3.006 17.793
Y -1.041 -6.29 18.008
A -3.727 -7.96 15.972
D -6.897 -8.046 18.034
S -6.912 -11.855 17.865
V -3.758 -11.989 20.032
K -3.95 -8.735 22.007
G -4.05 -9.54 25.69
R -2.36 -12.94 25.193
F 0.866 -12.304 23.249
T 3.636 -9.801 23.874
T 3.699 -9.843 23.972
I 6.301 -8.61 21.468
S 9.677 -7.292 22.611
R 12.929 -6.386 20.929
D 16.621 -6.061 21.699
N 17.911 -3.156 19.64
A 21.612 -3.943 20.128
K 21.207 -7.595 19.15
N 18.927 -6.993 16.146
T 16.492 -9.547 17.589
V 12.708 -9.557 18.072
Y 10.781 -11.864 20.417
L 7.185 -13.083 20.588
Q 6.02 -14.286 23.996
M 2.832 -16.333 23.727
N 0.562 -16.98 26.697
S -2.993 -18.306 26.932
L -2.402 -20.331 23.767
K -5.411 -21.53 21.765
P -5.715 -24.226 19.08
E -6.521 -21.466 16.576
D -2.996 -20.107 17.183
T -1.545 -23.145 15.359
A 0.38 -21.806 12.356
V 3.756 -21.205 10.794
Y 5.095 -18.009 12.407
Y 7.278 -15.736 10.273
C 9.334 -12.794 11.4
C 9.46 -12.854 11.329
A 9.604 -9.789 9.121
V 11.382 -6.438 8.871
L 9.691 -3.43 7.273
E 12.004 -0.597 6.334
T 10.675 2.867 7.075
R 12.734 4.865 4.581
S 9.923 4.324 2.085
Y 7.763 1.572 3.639
S 8.166 -0.351 0.364
F 10.237 -3.436 1.184
R 9.518 -6.209 3.665
Y 12.093 -8.881 4.462
W 10.995 -12.279 5.71
G 12.373 -15.124 7.758
Q 11.871 -18.758 6.897
G 9.118 -19.559 9.374
T 8.845 -21.648 12.531
Q 5.967 -24.048 13.169
V 3.835 -23.6 16.305
T 1.299 -26.351 17.01
V -1.171 -25.93 19.899
S -2.648 -29.276 20.941
S -6.147 -29.834 22.323
L -5.207 -33.321 23.52
E -4.767 -33.548 27.28
X 0 0 0
X 0 0 0
X 0 0 0
X 0 0 0
X 0 0 0
X 0 0 0
X 0 0 0
X 0 0 0
X 0 0 0
X 0 0 0
X 0 0 0
X 0 0 0
X 0 0 0
X 0 0 0
X 0 0 0
X 0 0 0
