Q -59.553 40.468 51.286
V -59.251 36.858 52.477
Q -56.222 35.579 54.398
L -55.371 31.921 55.001
Q -53.182 30.357 57.692
E -52.313 26.664 57.675
S -51.641 24.823 60.932
G -51.378 21.29 62.281
G -48.268 20.05 60.482
G -45.089 18.698 61.997
L -43.119 15.473 62.276
V -45.268 12.337 62.04
Q -44.673 8.598 61.746
A -45.432 6.347 58.794
G -48.94 4.94 59.075
G -49.89 7.596 61.631
S -52.598 10.243 61.601
L -52.545 14.015 61.155
R -55.222 16.694 60.744
L -54.322 19.967 59.036
S -56.285 23.177 59.54
C -56.664 26.301 57.406
A -58.404 29.263 59.038
A -59.795 32.068 56.883
S -60.081 35.712 57.921
G -62.679 36.793 55.345
Y -65.965 35.642 53.871
I -65.657 32.99 51.155
S -68.737 33.388 48.97
D -70.489 30.709 46.925
A -68.443 31.906 43.924
Y -65.384 30.156 45.404
Y -64.22 26.715 46.496
M -61.318 25.505 48.626
G -58.719 22.768 48.374
W -55.307 21.503 49.432
Y -52.038 21.425 47.489
R -48.569 20.16 48.372
Q -44.986 20.464 47.131
A -42.633 17.553 47.757
P -38.855 18.11 47.906
G -37.569 18.689 44.388
K -40.973 18.064 42.834
E -43.494 20.627 41.607
R -46.671 21.762 43.347
E -49.295 19.023 43.26
F -53.054 18.657 43.607
V -54.194 16.825 46.743
A -57.833 17.407 47.686
T -60.547 19.949 46.957
I -64.054 20.602 48.272
T -66.489 22.618 46.181
H -69.632 24.282 47.475
G -72.219 21.605 48.178
T -69.823 19.193 49.977
N -68.716 17.554 46.711
T -65.114 16.47 47.303
Y -62.392 15.397 44.877
Y -59.073 13.803 45.812
A -55.842 12.929 44.052
D -55.206 9.297 43.147
S -52.177 9.086 45.446
V -54.22 10.128 48.513
K -57.739 8.933 47.649
G -59.018 6.696 50.428
R -56.462 8.053 52.923
F -57.053 11.822 52.978
T -60.374 13.493 53.763
I -61.198 17.164 53.174
S -64.005 18.962 54.997
R -65.159 22.504 55.708
D -66.562 23.94 58.951
N -68.463 27.121 58.102
A -69.109 27.849 61.791
K -65.34 28.27 62.242
N -64.583 29.321 58.631
T -61.937 26.594 58.493
V -61.174 23.824 55.997
Y -59.533 20.635 57.259
L -57.497 17.806 55.732
Q -57.675 14.532 57.67
M -54.536 12.545 56.814
N -54.708 8.843 57.671
S -52.322 5.995 56.821
L -49.453 8.396 56.197
K -46.592 7.32 53.928
P -43.127 8.869 53.438
E -44.244 10.031 49.98
D -46.698 12.406 51.7
T -43.802 14.543 52.997
A -44.434 17.987 51.506
V -45.274 21.602 52.298
Y -49.082 21.631 52.28
Y -50.881 24.781 51.123
C -54.576 25.608 51.307
A -56.063 27.793 48.592
V -59.232 29.622 47.589
L -60.252 29.178 43.954
E -62.877 30.803 41.749
T -65.712 28.36 41.081
R -66.388 29.646 37.547
S -62.84 29.713 36.137
Y -61.176 27.148 38.462
S -58.306 29.609 38.927
F -56.228 30.389 41.998
R -57.367 33.41 44.002
Y -55.871 33.235 47.506
W -53.0 31.218 48.975
G -51.937 30.332 52.491
Q -48.445 30.382 53.945
G -48.162 26.587 54.047
T -47.543 24.031 56.794
Q -44.823 21.38 56.642
V -45.649 17.675 56.97
T -42.789 15.18 57.311
V -43.632 11.468 57.422
S -40.664 9.581 58.88
S -40.456 5.795 58.798
L -39.868 3.653 61.869
E -36.408 2.302 62.668
X 0 0 0
X 0 0 0
X 0 0 0
X 0 0 0
X 0 0 0
X 0 0 0
X 0 0 0
X 0 0 0
X 0 0 0
X 0 0 0
X 0 0 0
X 0 0 0
X 0 0 0
X 0 0 0
X 0 0 0
X 0 0 0
X 0 0 0
X 0 0 0
X 0 0 0
X 0 0 0
