Q -16.099 14.327 -23.756
V -13.268 12.64 -25.665
Q -14.384 9.207 -26.874
L -12.346 6.703 -28.887
Q -13.221 3.416 -30.597
E -10.716 0.913 -32.004
S -11.118 -2.093 -34.31
G -9.321 -4.235 -36.885
G -7.378 -6.578 -34.621
G -7.174 -10.343 -34.992
L -5.105 -13.525 -34.999
V -2.486 -13.53 -37.763
Q 0.649 -15.657 -38.258
P 4.148 -14.277 -37.543
G 5.249 -12.362 -40.631
G 1.603 -11.717 -41.421
S -0.105 -8.339 -41.178
L -3.125 -6.396 -39.917
R -4.745 -2.968 -40.166
L -6.085 -1.13 -37.12
S -8.761 1.571 -37.279
C -9.947 4.127 -34.728
S -13.015 6.38 -34.621
A -12.756 9.602 -32.61
S -15.301 12.173 -31.426
G -15.816 14.792 -28.722
F -12.752 16.898 -29.498
K -11.116 18.905 -32.278
F -9.565 15.949 -34.106
N -7.803 18.036 -36.753
D -5.962 20.027 -34.076
S -4.501 17.262 -31.908
Y -1.537 14.879 -32.017
M -2.737 11.272 -32.212
S -0.86 8.157 -31.092
W -1.172 4.371 -31.017
V -0.397 2.529 -27.781
R -0.358 -1.152 -26.823
R -0.755 -3.11 -23.592
V 1.629 -6.058 -23.297
P 0.868 -8.479 -20.427
G 3.654 -8.374 -17.842
K 5.222 -5.183 -19.18
G 2.311 -2.755 -18.963
L 1.692 0.136 -21.342
E 3.984 1.527 -24.042
W 3.92 4.054 -26.89
V 4.026 2.567 -30.397
A 3.57 5.297 -33.005
G 2.235 8.834 -33.399
I 1.28 11.329 -36.1
W 1.03 15.126 -36.364
E -2.238 17.023 -36.88
D -1.699 17.452 -40.619
S 0.35 14.282 -41.195
S 3.415 16.484 -41.716
A 5.316 14.299 -39.253
A 5.12 10.657 -38.167
H 7.002 8.975 -35.319
Y 7.65 5.315 -34.494
R 9.298 3.369 -31.675
D 12.569 1.667 -32.62
S 11.126 -1.855 -32.5
V 8.535 -1.154 -35.211
K 10.425 1.145 -37.597
G 10.123 0.082 -41.231
R 7.3 -2.309 -40.38
F 4.378 -0.239 -39.086
T 2.842 2.775 -40.823
I 0.556 5.311 -39.162
S -1.902 7.544 -41.03
R -5.023 9.617 -40.387
D -8.137 10.929 -42.125
N -9.189 14.29 -40.684
A -12.356 14.341 -42.793
K -13.667 11.186 -41.124
N -11.881 11.652 -37.783
M -10.133 8.315 -38.301
L -6.733 6.965 -37.263
Y -5.135 3.987 -39.005
L -2.192 1.726 -38.195
Q -0.914 -0.469 -41.021
M 0.963 -3.273 -39.272
S 3.174 -5.62 -41.297
S 5.719 -8.404 -40.716
L 4.387 -8.984 -37.204
K 6.713 -10.303 -34.5
S 5.694 -12.05 -31.28
D 6.611 -8.855 -29.417
D 3.815 -7.062 -31.272
T 1.233 -9.106 -29.37
G -0.942 -7.071 -27.014
L -4.026 -4.909 -26.548
Y -3.873 -1.88 -28.845
Y -5.431 1.496 -28.052
C -5.349 4.936 -29.644
V -4.909 8.077 -27.545
R -4.295 11.81 -27.838
R -0.854 13.423 -27.509
G 2.518 11.679 -27.52
Y 4.874 10.188 -24.95
S 7.597 10.964 -22.414
G 10.74 9.209 -21.211
D 11.194 5.657 -22.471
Y 8.181 5.465 -24.806
R 5.72 6.073 -21.966
P 2.316 7.412 -23.169
I 1.038 10.748 -21.848
N -2.651 9.845 -21.8
N -3.886 6.515 -20.475
P -6.414 4.777 -22.759
S -10.065 5.068 -21.722
S -11.269 3.022 -24.692
Q -11.78 -0.744 -24.903
G -9.031 -1.311 -27.459
T -8.536 -4.064 -30.02
Q -6.645 -7.323 -29.469
V -3.718 -8.284 -31.695
T -2.412 -11.824 -31.225
V 0.529 -12.905 -33.375
S 0.474 -16.683 -33.83
S -0.101 -19.385 -36.454
A -3.017 -20.903 -34.522
A -5.971 -22.127 -36.59
X 0 0 0
X 0 0 0
X 0 0 0
X 0 0 0
X 0 0 0
X 0 0 0
X 0 0 0
X 0 0 0
X 0 0 0
X 0 0 0
X 0 0 0
X 0 0 0
X 0 0 0
X 0 0 0
X 0 0 0
X 0 0 0
