G 4.367 -23.031 12.941
Q 4.791 -23.75 9.234
V 1.849 -25.175 7.298
Q 2.723 -26.963 4.069
L -0.203 -28.238 2.016
Q 0.206 -29.526 -1.546
E -2.678 -30.585 -3.798
S -2.498 -32.611 -7.015
G -4.475 -34.947 -9.263
G -6.523 -32.43 -11.223
G -6.613 -31.873 -14.97
L -8.832 -32.034 -18.038
V -11.768 -34.353 -17.352
Q -15.015 -35.022 -19.234
P -18.632 -34.587 -18.026
G -19.858 -37.702 -16.223
G -16.249 -38.767 -15.771
S -14.195 -39.311 -12.625
L -11.049 -37.937 -10.976
R -8.975 -38.439 -7.823
L -7.355 -35.596 -5.88
S -4.68 -35.916 -3.206
C -2.933 -33.698 -0.669
S 0.16 -34.041 1.521
A 0.575 -32.296 4.873
S 3.484 -31.249 7.096
G 4.485 -28.818 9.842
F 1.456 -29.568 12.001
K -0.356 -32.538 13.515
F -2.502 -34.023 10.751
N -4.057 -36.45 13.234
D -5.53 -33.55 15.229
S -7.162 -31.688 12.348
Y -10.58 -31.742 10.731
M -9.646 -31.724 7.053
S -11.658 -30.16 4.246
W -11.621 -29.802 0.483
V -12.602 -26.369 -0.837
R -12.952 -25.068 -4.393
R -12.657 -21.684 -6.091
V -15.303 -21.52 -8.823
P -14.821 -18.703 -11.386
G -17.383 -15.929 -10.948
K -18.453 -17.306 -7.565
G -15.435 -17.323 -5.277
L -14.57 -19.828 -2.578
E -16.917 -22.476 -1.217
W -16.712 -25.557 1.014
V -17.124 -28.938 -0.678
A -16.32 -31.812 1.668
G -14.909 -32.552 5.118
I -13.763 -35.42 7.323
W -13.293 -35.881 11.073
E -9.84 -36.375 12.632
D -10.637 -40.055 13.219
S -12.783 -40.574 10.108
S -15.823 -41.155 12.335
A -17.804 -38.673 10.249
A -17.688 -37.493 6.64
H -19.38 -34.313 5.439
Y -20.177 -32.927 1.979
R -22.072 -30.007 0.451
D -25.55 -30.729 -0.931
S -24.471 -30.367 -4.566
V -21.904 -33.178 -4.253
K -23.504 -35.713 -1.891
G -23.681 -39.198 -3.388
R -21.204 -38.268 -6.106
F -18.142 -37.373 -4.019
T -16.172 -39.317 -1.408
I -13.53 -37.986 0.984
S -10.945 -40.056 2.869
R -7.627 -39.799 4.707
D -4.55 -41.685 5.906
N -3.037 -40.258 9.095
A 0.021 -42.504 8.824
K 1.185 -40.739 5.661
N -0.458 -37.355 6.323
M -2.508 -37.684 3.141
L -5.953 -36.38 2.223
Y -7.952 -37.74 -0.708
L -11.004 -36.755 -2.731
Q -12.711 -39.239 -5.052
M -14.913 -37.449 -7.579
S -17.484 -39.149 -9.821
S -20.289 -38.073 -12.183
L -18.513 -34.736 -12.616
K -20.749 -31.887 -13.78
S -19.707 -28.629 -15.442
D -20.469 -26.935 -12.119
D -17.663 -28.894 -10.447
T -15.086 -26.952 -12.462
G -12.754 -24.947 -10.228
L -9.481 -24.646 -8.327
Y -9.421 -27.194 -5.484
Y -7.539 -26.791 -2.198
C -7.314 -28.739 1.05
V -7.522 -26.821 4.328
R -7.676 -27.404 8.074
R -10.972 -27.087 9.993
G -14.452 -26.873 8.482
Y -16.849 -24.079 7.552
S -19.513 -21.646 8.765
G -22.909 -20.413 7.579
D -23.537 -21.123 3.908
Y -20.54 -23.349 3.113
R -18.053 -20.538 3.77
P -14.672 -22.061 4.781
I -12.895 -21.14 8.019
N -9.424 -21.352 6.53
N -8.623 -19.453 3.35
P -6.141 -21.453 1.236
S -2.386 -21.025 1.422
S -1.394 -23.587 -1.204
Q -1.559 -23.213 -4.987
G -4.289 -25.813 -5.428
T -4.973 -28.152 -8.326
Q -7.075 -27.239 -11.354
V -10.163 -29.279 -12.209
T -11.718 -28.618 -15.616
V -14.863 -30.515 -16.591
S -14.776 -30.081 -20.368
S -16.158 -31.987 -23.361
A -12.814 -31.666 -25.178
X 0 0 0
X 0 0 0
X 0 0 0
X 0 0 0
X 0 0 0
X 0 0 0
X 0 0 0
X 0 0 0
X 0 0 0
X 0 0 0
X 0 0 0
X 0 0 0
X 0 0 0
X 0 0 0
X 0 0 0
X 0 0 0
