Q 124.847 162.246 103.492
V 125.787 159.508 101.066
Q 126.814 160.763 97.635
L 126.61 158.267 94.774
Q 127.666 158.214 91.132
E 126.894 155.945 88.182
S 129.169 154.63 85.425
G 129.361 151.58 83.198
G 126.439 151.823 80.793
G 125.967 152.637 77.146
L 125.058 151.021 73.815
V 125.391 147.212 73.834
Q 123.665 144.827 71.419
A 121.787 141.696 72.422
G 123.657 138.844 74.038
G 125.749 141.33 75.986
S 127.263 141.218 79.459
L 128.27 144.343 81.357
R 128.951 146.016 84.682
L 127.698 149.248 86.23
S 129.202 151.111 89.158
C 127.468 152.646 92.161
A 130.191 154.87 93.633
A 129.767 154.721 97.409
S 131.176 157.908 98.925
G 130.752 159.539 102.293
H 129.896 157.563 105.394
T 128.623 154.055 104.866
F 127.981 152.45 108.247
N 124.603 154.152 108.676
Y 123.369 152.511 105.456
P 124.382 148.852 105.216
I 122.002 147.265 102.709
M 122.157 148.578 99.141
G 120.435 147.443 95.974
W 119.901 148.102 92.287
F 116.837 149.043 90.25
R 115.377 149.299 86.777
Q 112.778 151.474 85.107
A 111.03 151.058 81.781
P 110.232 154.228 79.785
G 106.478 153.994 80.255
K 106.001 151.302 82.87
E 106.486 152.136 86.535
R 109.767 151.303 88.214
E 110.592 148.049 89.99
F 113.215 146.064 91.877
V 115.956 143.652 90.797
G 118.117 142.671 93.772
A 120.068 143.678 96.844
I 123.053 142.519 98.885
S 124.212 142.194 102.445
W 126.822 144.837 103.183
S 129.198 142.305 104.71
G 128.877 140.326 101.467
G 127.171 137.449 103.24
S 123.953 137.412 101.254
T 122.286 138.421 98.013
S 118.665 138.441 96.917
Y 117.019 138.614 93.529
A 113.742 139.043 91.732
D 112.072 135.908 90.422
S 112.135 136.894 86.744
V 115.926 137.335 86.797
K 116.522 134.396 89.112
D 120.086 133.07 88.606
R 120.999 135.459 85.849
F 122.483 138.624 87.354
T 125.254 138.817 89.944
I 126.216 141.667 92.255
S 129.755 142.35 93.488
R 130.93 143.656 96.859
D 133.995 145.676 97.828
N 135.764 146.263 101.096
A 138.567 148.362 99.62
K 136.628 151.173 97.969
N 133.229 149.778 99.053
T 131.599 150.239 95.635
V 129.301 147.74 93.955
Y 129.019 146.283 90.445
L 126.508 144.317 88.349
E 128.217 141.522 86.426
M 125.945 139.181 84.516
N 125.402 136.952 81.491
N 122.521 135.93 79.204
L 121.115 139.245 78.041
K 117.334 139.561 77.749
P 115.829 142.192 75.394
E 112.988 142.892 77.811
D 115.554 144.395 80.195
T 115.841 147.671 78.288
A 115.761 149.982 81.286
V 117.683 152.791 82.921
Y 119.259 151.45 86.098
Y 119.835 152.977 89.528
C 121.346 152.235 92.931
A 120.08 153.195 96.391
A 120.53 152.456 100.088
K 118.477 151.889 103.219
G 118.754 152.344 106.938
R 119.004 149.448 109.332
Y 115.238 149.421 109.879
S 113.397 150.407 106.724
G 111.264 147.407 105.835
G 111.267 144.807 103.127
L 113.765 144.989 100.316
Y 111.301 144.896 97.436
Y 109.757 148.268 97.784
P 111.14 151.405 96.155
T 110.038 154.226 98.444
N 111.806 152.697 101.453
Y 115.221 153.879 100.248
D 116.783 157.266 100.825
Y 119.563 158.236 98.426
W 119.488 158.188 94.641
G 122.001 158.642 91.871
Q 121.632 159.849 88.3
G 121.506 156.552 86.471
T 122.99 155.414 83.186
Q 120.925 154.827 80.07
V 121.378 151.115 79.321
T 119.852 150.108 75.997
V 119.498 146.723 74.322
S 120.449 146.875 70.654
X 0 0 0
X 0 0 0
X 0 0 0
X 0 0 0
X 0 0 0
X 0 0 0
X 0 0 0
X 0 0 0
X 0 0 0
X 0 0 0
X 0 0 0
X 0 0 0
X 0 0 0
X 0 0 0
X 0 0 0
X 0 0 0
