L -3.77 -8.793 -1.541
Q -5.178 -6.204 -3.954
E -5.562 -2.563 -2.904
S -8.779 -1.042 -4.168
G -9.896 2.412 -5.219
G -7.232 3.162 -7.809
G -8.01 5.062 -10.991
L -8.003 8.288 -12.977
V -8.906 11.662 -11.465
Q -8.452 15.319 -12.332
A -6.186 17.744 -10.47
G -7.933 19.014 -7.342
E -10.172 15.974 -6.858
S -10.23 13.511 -3.934
L -9.672 9.756 -3.848
R -9.801 7.043 -1.162
L -7.722 3.855 -1.37
S -8.526 0.768 0.685
C -6.489 -2.126 2.017
A -8.021 -5.268 3.508
V -6.368 -6.989 6.491
P -7.154 -10.6 7.448
P -9.528 -10.339 10.433
E -7.428 -12.537 12.717
V -4.462 -10.12 12.535
F -6.357 -6.819 12.277
D -5.494 -6.123 15.911
I -1.864 -7.165 15.533
R -0.403 -5.761 12.308
T 0.744 -2.194 11.681
V -0.383 -1.049 8.212
A 1.446 1.474 6.01
W 0.801 3.211 2.681
Y 3.654 3.635 0.171
R 3.901 4.882 -3.379
Q 6.254 4.397 -6.289
V 6.345 7.64 -8.225
V 6.438 7.699 -8.189
P 7.233 6.895 -11.853
L 10.63 8.568 -12.027
G 11.254 8.611 -8.277
K 13.918 6.5 -6.647
G 12.783 4.121 -3.942
R 9.322 3.678 -2.465
E 7.871 6.603 -0.573
L 6.383 6.08 2.912
L 3.244 8.206 3.124
S 1.563 7.121 6.337
S 1.247 4.285 8.823
I -1.216 3.259 11.518
T -0.875 0.775 14.378
P -3.744 -1.373 15.725
W -3.879 1.031 18.665
N -4.401 4.053 16.425
K -0.921 5.576 16.502
T -0.374 7.339 13.178
T 2.601 8.711 11.308
Y 2.662 10.915 8.228
E 5.261 12.114 5.759
D 5.372 15.871 6.333
S 5.066 16.753 2.644
V 1.628 15.108 2.376
K 0.31 15.392 5.91
D -1.991 18.329 5.127
R -3.825 16.349 2.405
F -3.602 12.652 3.318
T -5.375 10.785 6.119
I -4.953 7.157 7.179
S -7.73 5.407 9.149
R -9.001 2.002 10.302
D -12.502 0.606 9.749
N -13.035 -1.982 12.491
A -16.174 -3.531 11.004
K -14.634 -4.033 7.567
Y -11.123 -4.96 8.735
T -9.898 -2.275 6.337
V -7.301 0.52 6.346
Y -8.072 3.582 4.203
L -5.902 6.299 2.729
Q -7.888 9.466 1.989
M -6.187 11.822 -0.431
N -7.57 15.342 -0.903
D -6.529 18.104 -3.343
L -4.662 15.694 -5.614
K -1.917 16.968 -7.885
P -0.398 15.496 -11.087
E 2.75 14.751 -9.067
E 2.751 14.73 -9.106
D 0.698 12.364 -6.906
T 0.479 10.062 -9.963
A 2.004 6.749 -8.802
V 1.494 3.078 -7.989
Y 0.135 2.947 -4.432
Y 0.952 0.053 -2.131
C -0.342 -1.154 1.217
C -0.233 -1.067 1.243
A 2.076 -3.083 3.447
Q 1.591 -4.814 6.778
G 3.916 -5.987 9.529
W 5.202 -5.522 13.07
G 7.093 -2.299 12.312
I 8.54 -0.132 9.522
A 11.584 -2.379 8.98
S 9.505 -5.567 8.995
M 6.819 -4.936 6.415
R 6.336 -8.582 5.405
Y 3.047 -8.452 3.546
W 2.748 -6.206 0.478
G -0.241 -5.596 -1.769
Q -0.068 -5.998 -5.539
G -0.236 -2.22 -5.932
T -2.789 0.011 -7.602
Q -2.35 2.832 -10.11
V -3.569 6.348 -9.36
T -3.322 8.888 -12.183
V -3.929 12.59 -11.643
S -4.579 14.293 -14.982
S -2.931 17.624 -15.842
X 0 0 0
X 0 0 0
X 0 0 0
X 0 0 0
X 0 0 0
X 0 0 0
X 0 0 0
X 0 0 0
X 0 0 0
X 0 0 0
X 0 0 0
X 0 0 0
X 0 0 0
X 0 0 0
X 0 0 0
X 0 0 0
X 0 0 0
X 0 0 0
X 0 0 0
X 0 0 0
X 0 0 0
X 0 0 0
