E -26.23 3.914 23.536
V -22.99 1.977 23.946
Q -20.214 3.529 21.861
L -16.649 2.463 21.07
V -13.795 4.683 19.868
E -10.45 3.275 18.733
S -7.208 5.244 19.014
G -3.462 4.695 18.701
G -3.354 3.616 15.064
G -0.979 4.858 12.387
L 2.102 4.102 10.306
V 5.082 2.147 11.644
Q 8.164 0.411 10.265
P 8.451 -3.405 10.38
G 9.444 -4.539 13.87
G 7.916 -1.391 15.332
S 5.301 -1.008 18.052
L 1.821 0.459 18.458
R -0.639 0.522 21.34
L -4.288 0.564 20.33
S -6.924 1.67 22.812
C -10.705 1.662 22.71
A -12.717 3.931 24.977
V -16.11 2.523 25.962
S -19.025 4.794 26.89
I -20.11 2.531 29.761
S -18.436 0.721 32.653
I -16.619 -2.324 31.283
F -15.882 -4.525 34.299
D -19.077 -6.567 33.841
I -18.857 -6.665 30.045
Y -18.73 -10.362 29.141
A -16.393 -10.224 26.142
M -14.203 -7.495 24.658
D -12.531 -8.249 21.33
W -10.062 -6.865 18.836
Y -10.799 -7.769 15.224
R -8.786 -6.841 12.156
Q -9.525 -6.727 8.451
A -6.869 -6.459 5.763
P -7.829 -4.993 2.354
G -9.691 -7.489 0.167
K -9.901 -10.007 3.006
Q -12.344 -11.09 5.723
R -12.398 -10.011 9.378
D -10.304 -12.143 11.725
L -10.496 -12.277 15.511
V -7.16 -11.087 16.902
A -7.624 -11.166 20.674
T -10.389 -11.591 23.25
S -10.619 -10.533 26.9
F -13.285 -12.277 28.973
R -15.022 -11.071 32.133
D -13.426 -13.786 34.272
G -9.976 -12.478 33.347
S -9.109 -15.121 30.76
T -7.794 -14.223 27.303
N -7.705 -15.772 23.832
Y -5.214 -14.955 21.077
A -4.949 -15.795 17.397
D -1.896 -17.984 16.772
S -0.47 -15.371 14.4
V -0.242 -12.722 17.129
K 0.823 -14.829 20.117
G 4.022 -13.561 21.719
R 3.606 -10.232 19.942
F 0.191 -8.813 20.833
T -1.282 -8.256 24.297
I -4.91 -7.505 25.153
S -5.98 -6.091 28.526
R -8.783 -4.177 30.235
D -8.352 -0.936 32.152
N -11.459 -1.022 34.35
A -10.614 2.338 35.92
K -10.592 4.062 32.528
N -13.15 1.815 30.808
T -10.621 1.192 28.045
L -9.57 -1.91 26.118
Y -5.915 -1.984 25.06
L -4.059 -3.845 22.336
Q -0.293 -3.665 22.737
M 1.347 -4.603 19.442
N 5.064 -5.4 19.334
S 7.244 -6.811 16.536
L 4.802 -5.67 13.857
K 4.917 -7.212 10.383
P 3.723 -6.023 6.945
E 0.98 -8.665 7.158
D -0.314 -6.969 10.321
T -1.468 -4.08 8.125
A -5.231 -3.811 8.589
V -8.122 -1.851 10.019
Y -8.324 -2.886 13.667
L -11.812 -2.932 15.146
C -12.875 -3.078 18.767
H -15.817 -5.332 19.519
V -17.858 -5.947 22.652
S -20.497 -8.395 23.855
L -22.136 -7.104 27.038
Y -23.857 -10.362 27.927
R -23.241 -14.091 27.859
D -25.629 -14.88 25.015
P -25.56 -18.637 24.227
L -28.489 -18.466 21.793
G -27.614 -15.084 20.289
V -30.983 -13.57 21.161
A -29.772 -10.152 22.327
G -27.413 -9.074 19.551
G -28.896 -5.612 19.111
M -28.699 -4.946 22.842
G -25.369 -6.574 23.648
V -23.087 -6.412 20.609
Y -21.323 -3.217 19.512
W -18.608 -2.302 17.001
G -16.15 0.565 16.744
K -15.523 2.371 13.461
G -11.977 1.024 13.529
A -8.382 2.226 13.534
L -6.081 1.819 10.541
V -2.677 0.269 11.193
T -0.088 0.435 8.417
V 3.193 -1.475 8.587
S 5.671 -0.773 5.788
S 9.173 0.53 5.08
X 0 0 0
X 0 0 0
X 0 0 0
X 0 0 0
X 0 0 0
X 0 0 0
X 0 0 0
X 0 0 0
X 0 0 0
X 0 0 0
X 0 0 0
X 0 0 0
X 0 0 0
X 0 0 0
X 0 0 0
X 0 0 0
