Q 34.469 73.613 -70.201
L 36.523 74.901 -73.127
A 35.199 77.996 -74.915
E 36.71 78.449 -78.383
S 36.48 81.6 -80.489
G 38.081 83.379 -83.409
G 38.207 81.494 -86.692
G 37.836 83.532 -89.845
L 38.544 83.918 -93.547
V 41.879 84.943 -95.058
Q 43.521 85.223 -98.458
A 46.285 82.622 -98.659
G 49.486 83.61 -96.875
G 47.692 85.748 -94.276
S 47.111 85.342 -90.563
L 44.369 84.467 -88.089
K 44.247 83.591 -84.391
L 42.145 81.232 -82.272
S 41.599 81.515 -78.53
C 40.212 79.182 -75.868
A 39.074 80.415 -72.436
A 38.868 77.785 -69.698
S 37.103 77.967 -66.315
G 38.954 76.123 -63.545
R 41.472 76.947 -60.829
D 44.017 74.225 -61.71
F 44.283 75.528 -65.307
S 48.029 76.165 -64.906
M 48.695 72.401 -64.665
Y 47.12 71.371 -67.989
M 48.684 69.896 -71.075
L 47.069 71.917 -73.857
A 46.782 71.198 -77.568
W 45.058 72.125 -80.823
F 43.65 69.625 -83.323
R 42.215 70.169 -86.803
Q 40.235 68.132 -89.317
A 40.455 69.103 -92.98
P 37.601 67.603 -95.055
G 38.856 64.474 -96.766
K 41.375 63.998 -93.952
E 40.873 62.628 -90.454
R 41.388 64.653 -87.274
E 45.029 65.66 -87.048
F 47.349 66.714 -84.254
V 48.501 70.306 -84.679
A 50.317 71.72 -81.657
A 50.738 71.206 -77.921
I 52.01 73.197 -74.943
M 53.156 71.712 -71.643
C 52.145 73.106 -68.28
S 54.7 75.428 -66.716
G 55.704 72.809 -64.147
G 56.053 70.16 -66.846
G 58.793 71.84 -68.849
G 56.439 74.147 -70.699
G 57.819 73.128 -74.082
T 55.738 73.776 -77.183
Y 55.432 71.16 -79.919
Y 54.147 71.404 -83.492
A 53.481 69.043 -86.372
D 56.045 69.231 -89.169
S 53.6 70.47 -91.825
M 52.432 73.301 -89.51
Q 55.702 74.079 -87.698
G 56.975 77.652 -88.053
R 53.787 78.914 -89.646
F 51.856 78.374 -86.398
T 52.461 79.171 -82.726
I 50.747 77.955 -79.536
S 50.671 79.824 -76.225
R 48.778 79.991 -72.944
D 47.788 82.812 -70.591
N 47.51 81.138 -67.194
A 46.317 84.363 -65.563
K 43.532 84.725 -68.151
K 43.054 80.933 -68.382
T 43.341 81.211 -72.165
V 45.135 79.304 -74.913
A 46.073 80.77 -78.287
L 46.972 79.538 -81.765
Q 48.557 82.217 -83.941
M 48.566 81.07 -87.577
N 50.821 82.781 -90.111
S 51.422 82.389 -93.854
L 48.254 80.32 -94.26
K 48.295 77.79 -97.102
P 45.017 76.424 -98.514
E 45.956 73.083 -96.935
D 45.295 74.814 -93.596
T 41.54 75.106 -94.283
A 40.002 73.003 -91.513
V 37.889 72.996 -88.376
Y 40.089 73.54 -85.314
Y 39.651 72.342 -81.731
C 41.163 72.964 -78.324
A 42.133 70.042 -76.136
A 42.985 70.067 -72.433
S 44.355 67.212 -70.341
T 43.083 67.386 -66.761
T 45.043 64.223 -65.948
Y 48.338 65.282 -67.499
C 50.869 68.143 -67.355
S 53.456 66.716 -69.793
A 53.74 63.499 -71.768
T 56.042 62.065 -74.412
T 52.822 60.974 -76.191
Y 51.231 64.442 -76.334
S 50.155 64.09 -79.982
S 47.479 61.518 -79.121
D 44.001 63.012 -78.796
R 43.448 60.192 -76.271
L 45.289 62.139 -73.547
Y 42.855 65.079 -73.618
D 39.621 65.17 -71.628
F 38.005 68.465 -72.691
W 37.409 69.878 -76.152
G 36.329 73.282 -77.402
Q 33.723 73.597 -80.12
G 35.188 73.343 -83.599
T 35.846 76.675 -85.288
Q 36.171 77.132 -89.044
V 39.315 78.429 -90.749
T 39.024 79.132 -94.48
V 41.922 79.97 -96.803
S 41.168 81.35 -100.262
S 43.463 82.16 -103.16
X 0 0 0
X 0 0 0
X 0 0 0
X 0 0 0
X 0 0 0
X 0 0 0
X 0 0 0
X 0 0 0
X 0 0 0
X 0 0 0
X 0 0 0
X 0 0 0
X 0 0 0
