V -63.267 -21.756 47.985
K -60.241 -23.99 47.249
L -59.744 -27.65 48.201
E -56.278 -29.105 48.884
E -56.08 -32.891 48.714
S -53.492 -35.177 50.28
G -52.878 -38.859 50.861
G -54.095 -41.789 48.827
G -51.649 -44.189 47.22
S -51.418 -47.94 46.595
V -51.941 -50.744 49.125
Q -52.625 -54.476 49.007
A -56.183 -55.71 49.551
G -57.096 -55.676 53.227
G -54.664 -52.834 53.893
S -55.305 -49.256 54.92
L -54.877 -45.813 53.412
R -55.727 -42.29 54.516
L -57.014 -39.252 52.631
S -56.998 -35.615 53.762
C -58.674 -32.505 52.416
A -58.318 -28.911 53.576
A -60.64 -26.081 52.58
S -59.296 -22.564 52.334
G -60.325 -19.115 51.217
H -63.915 -18.046 51.801
T -65.378 -20.871 53.929
Y -68.747 -20.568 55.622
S -68.962 -21.038 59.398
T -70.212 -24.598 58.842
Y -70.186 -26.646 55.657
C -70.299 -30.167 54.21
M -67.025 -31.698 53.088
G -65.992 -35.17 52.051
W -65.295 -37.337 49.067
F -66.892 -38.737 45.975
R -65.034 -41.338 43.96
Q -65.028 -42.287 40.304
V -63.542 -44.983 38.164
P -62.608 -43.404 34.802
G -65.589 -43.511 32.455
K -67.944 -44.823 35.144
E -70.41 -42.908 37.293
R -69.17 -40.857 40.209
E -70.581 -41.725 43.618
G -70.57 -40.304 47.099
V -68.229 -41.948 49.621
A -68.336 -40.05 52.913
R -69.022 -36.61 54.254
I -69.042 -34.725 57.525
N -70.594 -31.386 58.519
V -67.502 -29.346 59.395
G -68.519 -27.265 62.375
G -71.121 -29.843 63.376
S -70.754 -33.596 63.727
S -73.094 -35.413 61.313
S -73.091 -35.421 61.326
T -71.532 -37.993 59.016
W -72.706 -39.966 56.044
Y -71.237 -43.08 54.445
A -72.006 -44.973 51.288
D -73.505 -48.376 52.065
S -70.423 -50.122 50.66
V -67.862 -48.369 52.93
R -69.956 -47.798 56.057
D -68.015 -50.078 58.392
R -64.532 -49.886 56.847
F -64.107 -46.126 56.384
T -64.224 -43.382 59.01
I -64.405 -39.645 58.348
S -63.341 -37.068 60.922
Q -62.584 -33.373 61.066
D -60.106 -30.966 62.504
N -62.411 -27.966 62.512
A -59.666 -25.507 63.452
K -57.64 -26.602 60.405
N -60.729 -26.746 58.1
T -59.544 -30.249 57.242
V -61.335 -33.563 57.0
Y -59.727 -36.98 57.075
L -60.794 -40.346 55.675
Q -59.373 -43.49 57.281
M -59.839 -46.349 54.819
N -59.442 -49.803 56.372
S -59.929 -53.296 54.973
L -59.544 -51.974 51.444
K -61.062 -53.994 48.586
L -60.263 -54.153 44.863
E -63.618 -52.395 44.298
D -62.331 -49.341 46.215
T -59.823 -48.491 43.477
A -60.828 -45.106 42.033
I -59.944 -41.461 41.93
Y -61.251 -39.848 45.106
Y -62.346 -36.22 44.819
C -62.651 -33.902 47.771
T -65.855 -31.917 47.432
L -67.747 -29.276 49.393
H -71.141 -27.621 49.705
R -72.445 -25.384 52.465
F -75.394 -27.729 53.031
C -75.03 -31.496 53.398
N -78.403 -32.387 51.854
T -77.295 -30.623 48.646
W -73.727 -31.955 48.898
S -75.122 -35.406 48.132
L -76.176 -34.342 44.614
G -72.63 -33.371 43.497
T -74.021 -30.967 40.91
L -73.621 -27.726 42.935
N -70.412 -28.656 44.802
V -66.915 -27.215 44.743
W -64.562 -29.945 43.514
G -60.954 -30.892 44.176
Q -58.584 -32.277 41.557
G -58.739 -35.903 42.698
T -56.385 -38.372 44.386
Q -55.688 -41.849 43.015
V -56.454 -44.753 45.349
T -55.306 -48.158 44.089
V -55.974 -51.489 45.813
S -54.09 -54.501 44.439
S -54.09 -54.502 44.436
S -54.155 -58.236 45.132
X 0 0 0
X 0 0 0
X 0 0 0
X 0 0 0
X 0 0 0
X 0 0 0
X 0 0 0
X 0 0 0
X 0 0 0
X 0 0 0
X 0 0 0
X 0 0 0
X 0 0 0
X 0 0 0
X 0 0 0
X 0 0 0
