Q 19.57 96.091 12.468
V 22.51 97.806 10.778
Q 21.603 100.546 8.3
L 23.719 101.856 5.412
Q 22.915 105.407 4.294
E 24.144 106.081 0.747
S 24.416 109.336 -1.187
G 26.061 110.799 -4.263
G 24.257 109.252 -7.263
G 22.566 110.727 -10.309
L 23.19 111.738 -13.914
V 26.73 112.687 -14.975
Q 28.555 113.328 -18.249
A 30.929 110.784 -19.746
G 34.37 111.316 -18.254
G 33.005 113.373 -15.362
S 33.43 112.716 -11.649
L 31.338 111.578 -8.698
R 31.702 110.603 -5.055
L 29.634 107.939 -3.303
S 29.319 108.226 0.479
C 28.058 105.318 2.591
A 27.696 105.79 6.355
A 26.94 102.798 8.567
S 24.49 103.565 11.363
G 23.443 101.835 14.566
N 26.086 99.366 15.696
I 27.971 100.086 18.912
F 31.212 98.53 17.641
D 33.167 98.872 14.412
V 32.353 97.405 10.997
D 34.867 94.904 9.662
I 34.903 95.259 5.856
M 32.911 97.689 3.695
G 32.549 97.766 -0.084
W 30.45 98.665 -3.12
Y 28.479 96.49 -5.551
R 27.023 97.769 -8.814
Q 23.962 96.131 -10.349
A 24.162 96.565 -14.096
P 20.758 96.753 -15.821
G 19.882 93.376 -17.289
K 23.059 91.855 -15.823
E 24.215 90.296 -12.568
R 25.585 92.168 -9.572
E 29.309 92.923 -9.619
L 31.803 93.85 -6.922
V 33.183 97.35 -7.497
A 35.72 97.988 -4.738
S 36.154 96.939 -1.11
I 38.297 98.183 1.772
T 39.109 96.697 5.175
D 39.601 98.519 8.468
G 43.295 97.612 8.564
G 43.915 99.265 5.203
S 43.599 96.452 2.681
T 41.858 97.293 -0.588
D 40.461 95.272 -3.478
Y 39.301 96.912 -6.708
A 37.649 95.343 -9.727
D 39.749 94.881 -12.852
S 37.198 96.816 -14.919
V 37.578 99.915 -12.709
K 41.293 99.632 -11.877
G 42.882 103.059 -12.285
R 39.607 105.018 -12.493
F 38.047 104.582 -9.038
T 39.415 104.824 -5.518
I 37.783 103.627 -2.298
S 38.644 104.871 1.185
R 37.092 104.669 4.628
D 36.933 106.479 7.963
N 37.13 104.338 11.106
A 35.957 107.295 13.225
K 32.303 107.243 12.117
N 32.471 104.245 9.715
T 31.997 105.963 6.36
V 33.258 104.683 2.998
Y 33.906 107.035 0.075
L 34.099 105.749 -3.501
Q 35.715 108.567 -5.487
M 34.664 107.755 -9.066
N 36.792 109.512 -11.696
S 36.49 109.294 -15.493
L 32.98 107.832 -15.427
K 32.594 105.792 -18.614
P 29.244 104.423 -19.872
E 30.322 101.007 -18.538
D 29.731 102.395 -15.019
T 25.979 103.027 -15.401
A 24.318 100.857 -12.751
V 22.7 100.841 -9.307
Y 25.517 101.051 -6.755
Y 24.737 99.31 -3.456
C 26.677 99.57 -0.209
A 27.804 96.509 1.739
A 29.281 96.043 5.207
V 30.315 93.114 7.412
A 29.401 93.84 11.046
Y 29.714 91.449 13.998
P 28.254 91.543 17.542
D 30.078 92.128 20.846
I 31.192 88.637 21.876
P 30.576 87.384 18.347
T 29.848 83.817 17.385
Y 30.518 83.806 13.655
F 27.229 81.988 13.03
D 24.294 84.133 11.899
Y 21.151 82.66 10.334
D 19.524 86.096 9.887
S 21.801 88.337 7.797
D 25.019 86.252 7.755
N 26.588 89.389 9.244
F 26.353 90.916 5.754
Y 24.352 94.143 5.49
W 23.241 95.87 2.281
G 21.893 99.296 1.377
Q 19.11 100.761 -0.717
G 21.471 101.685 -3.547
T 21.902 104.862 -5.584
Q 21.289 105.059 -9.321
V 24.376 106.205 -11.238
T 23.798 107.013 -14.911
V 26.637 108.255 -17.126
S 25.702 110.343 -20.167
X 0 0 0
X 0 0 0
X 0 0 0
X 0 0 0
X 0 0 0
X 0 0 0
X 0 0 0
X 0 0 0
X 0 0 0
X 0 0 0
X 0 0 0
X 0 0 0
X 0 0 0
X 0 0 0
X 0 0 0
