Q 51.097 24.88 17.592
V 50.836 23.795 13.97
Q 47.824 24.917 11.93
L 45.946 23.31 9.021
V 44.683 25.535 6.196
E 42.198 24.007 3.772
S 41.096 25.331 0.395
G 39.466 24.337 -2.874
G 35.825 24.066 -1.86
G 33.14 25.579 -4.029
L 29.802 25.089 -5.759
V 29.877 22.293 -8.327
Q 27.158 20.77 -10.488
A 26.015 17.269 -9.599
G 28.396 14.769 -11.158
G 31.127 17.448 -11.317
S 34.538 17.396 -9.649
L 36.774 19.276 -7.239
K 40.179 19.109 -5.586
L 40.982 20.134 -2.012
S 44.271 20.997 -0.31
C 45.407 20.83 3.32
T 48.548 22.933 3.736
T 50.449 22.741 7.018
S 51.318 26.083 8.644
G 54.256 25.487 10.981
R 56.778 22.726 11.497
P 55.267 19.551 13.009
F 57.103 17.502 15.602
S 56.141 14.289 13.821
T 53.781 13.092 11.104
F 51.782 9.871 11.437
D 48.218 9.953 10.061
L 46.424 12.469 7.841
A 42.722 12.267 7.05
W 39.651 14.045 5.685
F 36.41 14.305 7.627
R 33.234 16.059 6.579
Q 30.351 17.449 8.602
A 27.152 18.944 7.279
P 25.371 21.344 9.668
G 23.146 19.54 12.146
K 24.42 16.115 11.064
E 26.984 13.681 12.389
R 30.642 14.008 11.418
E 31.74 11.454 8.814
F 35.169 10.031 7.979
V 35.896 10.005 4.245
S 39.555 9.128 3.629
G 42.82 8.589 5.472
L 46.544 8.298 4.778
R 48.59 5.988 6.999
R 52.354 6.241 7.436
G 53.272 3.28 5.228
G 51.276 4.799 2.386
S 48.223 2.68 3.237
T 45.099 4.582 2.163
F 41.593 4.05 3.557
Y 38.269 5.332 2.217
A 34.736 5.505 3.565
D 32.271 3.303 1.721
S 30.063 6.242 0.704
V 33.042 7.701 -1.217
S 34.873 4.545 -2.327
G 35.608 4.736 -6.043
R 34.69 8.43 -6.345
F 37.148 10.154 -3.994
T 40.935 9.761 -3.89
I 43.509 10.842 -1.303
S 47.056 11.849 -2.206
G 50.17 13.388 -0.7
T 54.991 17.862 -1.946
K 55.082 16.329 1.541
N 53.513 18.95 3.826
T 50.496 19.252 1.502
L 47.568 16.829 1.457
Y 44.95 16.479 -1.273
L 41.449 15.07 -1.698
Q 40.342 14.468 -5.297
M 36.52 14.491 -5.408
N 35.009 12.883 -8.524
S 31.395 12.197 -9.541
L 30.157 14.562 -6.854
K 26.636 13.966 -5.519
P 24.488 16.431 -3.532
E 24.828 13.964 -0.644
D 28.486 15.077 -0.606
T 27.5 18.657 0.299
A 29.262 19.286 3.622
I 32.177 21.073 5.281
Y 35.357 19.059 4.703
Y 38.0 19.106 7.453
C 41.511 17.712 7.377
A 42.951 16.281 10.568
R 46.392 15.198 11.729
S 47.226 12.4 14.173
I 49.607 13.055 17.059
T 50.481 9.33 17.172
G 50.581 6.365 14.821
Y 48.646 3.951 17.065
G 44.863 3.79 16.768
L 42.03 3.436 14.263
V 42.316 5.623 11.183
D 38.531 6.146 10.829
S 38.193 7.48 14.412
A 37.979 11.232 14.862
S 39.463 10.788 18.361
H 42.702 9.583 16.727
Y 43.387 13.127 15.444
T 44.45 15.914 17.796
I 45.048 18.675 15.237
W 42.198 19.975 13.086
G 41.63 23.002 10.886
Q 38.769 25.277 9.968
G 37.198 23.39 7.048
T 36.148 24.349 3.503
Q 32.618 24.063 2.165
V 31.634 21.871 -0.782
T 28.153 22.354 -2.242
V 26.799 19.992 -4.888
S 23.452 20.967 -6.388
S 21.039 18.687 -8.203
H 18.295 20.203 -10.355
H 14.856 18.865 -9.433
X 0 0 0
X 0 0 0
X 0 0 0
X 0 0 0
X 0 0 0
X 0 0 0
X 0 0 0
X 0 0 0
X 0 0 0
X 0 0 0
X 0 0 0
X 0 0 0
X 0 0 0
X 0 0 0
X 0 0 0
X 0 0 0
