Q -25.482 67.521 37.406
V -27.188 64.147 36.88
Q -29.079 62.493 39.74
L -31.329 59.399 39.94
Q -33.027 58.699 43.288
E -34.589 55.257 43.699
S -37.174 54.673 46.485
G -40.051 52.319 47.304
G -38.01 49.268 48.285
G -38.227 47.157 51.416
L -39.079 43.768 52.926
V -41.996 41.988 51.195
Q -43.444 38.464 51.732
P -43.613 36.192 48.582
G -46.657 36.951 46.443
G -46.65 40.548 47.726
S -46.261 43.81 45.775
L -43.976 46.903 45.695
R -43.747 50.13 43.649
L -40.269 51.496 42.997
S -39.865 55.164 42.131
C -36.851 56.848 40.649
A -36.73 60.633 40.644
A -34.54 62.037 37.875
S -32.972 65.533 37.889
G -30.123 67.421 36.214
F -30.979 66.377 32.627
T -34.095 66.608 30.429
F -35.676 63.231 31.4
S -38.311 63.352 28.659
S -35.393 62.988 26.097
Y -34.031 59.621 27.323
Y -34.908 55.878 27.116
M -35.022 54.707 30.735
S -34.602 51.224 32.171
W -34.457 49.26 35.492
V -31.671 46.773 36.336
R -31.311 44.427 39.347
Q -28.069 43.121 40.856
A -28.641 39.921 42.872
P -25.997 39.307 45.644
G -23.204 37.094 44.299
K -24.672 37.076 40.775
G -24.005 39.546 37.928
P -26.276 42.427 36.84
E -29.652 41.624 35.269
W -31.569 44.04 32.996
V -35.235 43.994 34.067
S -37.346 46.492 32.148
G -37.14 49.403 29.684
I -39.401 52.29 28.526
N -39.019 54.675 25.54
T -39.452 58.465 25.746
G -43.092 59.205 25.168
G -43.926 56.274 27.438
V -45.831 53.851 25.188
G -42.996 51.386 24.282
T -42.086 49.024 27.099
R -39.687 46.012 27.154
Y -39.418 43.37 29.876
A -36.956 40.609 30.707
D -38.589 37.132 30.32
S -38.033 36.449 34.086
V -40.28 39.443 34.992
K -42.766 39.525 32.01
G -46.332 39.623 33.351
R -45.497 40.548 36.97
F -43.624 43.843 36.466
T -44.823 47.01 34.673
I -42.555 50.008 33.892
S -44.088 53.5 33.538
R -42.892 57.079 33.334
D -44.33 60.504 34.263
N -42.38 62.86 31.985
A -44.334 65.61 33.837
K -43.1 64.542 37.381
N -39.707 63.461 35.77
T -40.082 60.04 37.556
L -39.719 56.406 36.437
Y -41.693 53.652 38.125
L -41.642 49.847 38.436
Q -44.74 48.024 39.622
M -43.621 44.721 41.001
N -46.565 42.371 41.609
S -46.517 38.681 42.723
L -42.912 38.763 43.984
K -40.873 35.467 43.957
P -37.675 34.964 46.097
E -35.666 34.947 42.762
D -36.208 38.796 42.633
T -34.212 39.53 45.848
A -31.736 42.092 44.459
L -30.67 45.776 44.541
Y -32.811 47.704 42.007
Y -31.048 50.394 39.993
C -32.812 52.92 37.818
A -30.704 53.59 34.707
I -30.496 56.182 31.904
G -30.581 54.377 28.586
E -30.495 50.608 28.191
G -28.62 50.096 31.503
G -25.514 48.528 29.939
N -23.112 50.853 31.814
R -22.933 51.237 35.626
N -22.063 54.994 35.339
Y -25.669 55.479 34.062
W -27.316 54.057 37.307
G -28.372 55.688 40.578
Q -27.613 54.465 44.12
G -30.06 51.522 44.036
T -32.96 50.731 46.424
Q -33.044 47.343 48.29
V -35.872 44.769 47.715
T -35.98 41.621 49.837
V -38.691 38.933 49.178
S -38.678 36.235 51.977
X 0 0 0
X 0 0 0
X 0 0 0
X 0 0 0
X 0 0 0
X 0 0 0
X 0 0 0
X 0 0 0
X 0 0 0
X 0 0 0
X 0 0 0
X 0 0 0
X 0 0 0
X 0 0 0
X 0 0 0
X 0 0 0
X 0 0 0
X 0 0 0
X 0 0 0
X 0 0 0
X 0 0 0
X 0 0 0
X 0 0 0
X 0 0 0
