V 23.134 -10.096 25.126
Q 20.312 -12.032 26.89
L 16.74 -12.266 25.492
Q 14.039 -14.503 27.055
E 10.584 -14.996 25.437
S 7.272 -15.89 27.201
G 3.503 -15.57 26.608
G 2.912 -18.416 24.17
G 0.047 -20.891 24.362
L -2.932 -22.646 22.752
V -5.885 -20.515 21.593
Q -8.777 -20.925 19.111
P -9.004 -18.904 15.809
G -9.913 -15.312 16.745
G -8.191 -15.516 20.153
S -5.354 -13.462 21.686
L -1.921 -13.864 23.269
R 0.602 -11.331 24.559
L 4.255 -12.152 24.034
S 6.925 -10.806 26.361
C 10.668 -10.537 25.84
A 12.904 -9.934 28.89
A 16.204 -8.223 27.934
S 19.519 -7.957 29.864
G 23.287 -7.602 29.253
F 22.947 -4.663 26.778
A 21.705 -1.028 26.451
F 18.179 -2.169 25.408
S 16.804 1.431 25.069
S 19.496 2.168 22.388
Y 18.344 -0.789 20.214
W 15.582 -1.304 17.653
M 13.747 -4.529 18.504
Y 12.334 -7.293 16.282
W 9.741 -10.059 16.511
V 10.527 -13.087 14.334
R 8.62 -16.399 13.893
Q 9.291 -19.904 12.56
A 6.222 -21.968 11.545
P 6.573 -25.829 11.85
E 7.867 -26.594 8.292
K 8.883 -23.086 7.106
G 11.966 -20.863 7.479
L 12.379 -17.905 9.875
E 9.997 -14.986 9.042
W 10.157 -11.37 10.223
V 6.933 -10.332 12.048
S 7.405 -6.884 13.607
T 9.86 -3.985 14.195
I 9.895 -1.215 16.857
N 12.355 1.72 17.196
T 14.133 2.61 20.531
G 11.333 4.752 22.065
G 8.364 3.084 20.345
G 7.336 5.975 18.06
I 8.128 3.925 14.92
T 6.48 0.502 14.399
Y 6.428 -1.918 11.412
Y 4.488 -5.159 10.762
K 4.389 -8.068 8.293
D 1.478 -7.418 5.795
S -0.473 -10.487 7.088
V -0.361 -9.272 10.759
K -1.167 -5.5 10.168
G -4.183 -4.366 12.221
R -4.193 -7.599 14.328
F -0.736 -7.398 16.007
T 0.659 -4.52 18.133
V 4.35 -4.22 19.166
S 5.268 -2.124 22.253
R 8.101 -1.712 24.797
D 8.779 -0.653 28.409
N 12.366 0.66 28.495
A 12.391 1.025 32.347
K 11.381 -2.675 32.661
N 13.747 -3.698 29.744
T 10.854 -5.617 28.116
L 9.531 -5.984 24.546
Y 5.845 -6.843 23.908
L 3.686 -8.259 21.081
Q -0.108 -8.103 21.517
M -1.53 -10.72 19.124
N -5.274 -10.366 18.419
S -7.618 -12.213 15.979
L -5.103 -15.107 15.771
K -5.305 -17.264 12.618
P -3.947 -20.841 12.006
E -1.202 -19.249 9.765
D 0.184 -17.454 12.891
A 0.936 -20.818 14.619
A 4.744 -20.759 15.1
Q 7.682 -20.557 17.556
Y 8.147 -16.81 18.267
Y 11.449 -15.097 19.092
C 12.567 -11.544 19.871
A 15.846 -10.247 18.338
T 18.163 -7.265 17.617
D 17.87 -8.056 13.838
M 15.617 -9.879 11.279
S 17.964 -12.948 11.087
G 17.272 -13.816 14.74
T 20.741 -13.065 16.152
Y 20.708 -13.102 20.01
R 17.232 -14.789 20.072
G 16.231 -16.83 23.138
Q 14.56 -20.254 23.285
G 11.327 -18.722 21.957
T 7.689 -19.344 22.881
Q 5.216 -21.672 21.092
V 1.959 -20.228 19.682
T -0.815 -22.701 18.691
V -4.112 -21.824 16.922
S -6.606 -24.77 16.95
S -10.427 -25.435 16.924
X 0 0 0
X 0 0 0
X 0 0 0
X 0 0 0
X 0 0 0
X 0 0 0
X 0 0 0
X 0 0 0
X 0 0 0
X 0 0 0
X 0 0 0
X 0 0 0
X 0 0 0
X 0 0 0
X 0 0 0
X 0 0 0
X 0 0 0
X 0 0 0
X 0 0 0
X 0 0 0
X 0 0 0
X 0 0 0
X 0 0 0
X 0 0 0
X 0 0 0
X 0 0 0
