Q -51.345 35.029 24.357
V -51.87 32.75 27.339
Q -53.765 33.658 30.443
L -54.627 31.937 33.677
Q -57.999 32.76 35.171
E -58.799 31.784 38.748
S -62.367 31.689 40.114
G -64.25 30.162 43.072
G -62.981 32.263 45.983
G -64.973 34.086 48.625
L -65.975 34.46 52.251
V -67.112 31.186 53.872
Q -67.811 29.858 57.38
A -65.414 27.38 59.019
G -66.115 23.759 57.99
S -67.477 24.905 54.599
S -66.459 23.555 51.193
L -65.148 25.61 48.21
R -63.942 24.728 44.701
L -61.283 26.93 43.11
A -60.829 26.618 39.359
C -58.071 27.955 37.13
A -58.158 27.705 33.315
A -55.313 28.243 30.859
T -56.408 30.2 27.75
G -54.565 31.23 24.584
S -51.992 29.62 22.279
I -51.025 26.561 24.347
R -49.213 23.598 22.744
S -49.058 21.661 26.066
I -49.181 22.315 29.842
N -46.931 20.643 32.453
N -47.214 20.56 36.249
M -50.027 22.947 37.228
G -50.356 23.836 40.934
W -51.993 25.936 43.644
Y -50.172 28.256 46.033
R -51.292 30.543 48.849
Q -50.089 33.718 50.585
A -51.51 34.887 53.929
P -51.085 38.673 54.761
G -47.507 39.609 55.657
K -46.34 35.955 55.255
Q -44.569 34.509 52.15
R -46.195 32.532 49.275
G -46.122 28.771 49.679
M -47.473 25.634 48.015
V -50.913 24.138 48.688
A -51.055 21.331 46.073
I -49.264 20.461 42.804
I -50.298 18.131 39.914
T -48.213 16.573 37.107
R -49.663 16.241 33.559
V -49.985 12.511 34.171
G -51.989 13.309 37.375
N -49.472 12.64 40.213
T -50.33 14.964 43.138
D -48.385 16.406 46.109
Y -49.824 18.344 49.044
A -48.786 20.682 51.863
D -48.957 18.879 55.256
S -51.581 21.429 56.448
V -53.998 20.622 53.531
K -53.219 16.863 52.792
G -56.455 14.848 52.92
R -58.731 17.932 53.246
F -57.903 19.525 49.874
T -57.934 17.735 46.507
I -56.166 18.914 43.369
S -57.473 17.67 39.981
R -57.008 18.565 36.31
D -58.917 18.365 33.005
N -56.205 18.199 30.312
A -58.877 18.639 27.591
K -60.118 21.89 29.244
N -56.556 22.924 30.411
T -58.025 23.53 33.872
V -56.72 22.815 37.39
Y -59.131 22.55 40.354
L -58.702 22.871 44.106
Q -61.487 21.237 46.089
M -61.196 22.78 49.569
N -63.111 20.853 52.243
S -63.423 21.326 56.066
L -62.15 24.932 55.873
K -60.26 26.363 58.881
P -59.516 30.115 59.573
E -55.854 29.113 58.982
D -56.725 28.633 55.231
T -57.486 32.358 54.854
A -55.09 33.646 52.145
T -54.8 34.708 48.505
Y -54.742 31.589 46.313
Y -52.564 31.65 43.217
C -52.587 29.273 40.292
H -49.38 28.268 38.485
A -48.744 26.453 35.181
E -45.645 25.451 33.138
I -46.911 26.286 29.646
T -45.39 25.666 26.203
E -46.706 28.381 23.799
Q -47.533 27.157 20.289
S -45.047 29.654 18.907
R -42.088 27.806 20.588
P -40.125 25.545 18.195
F -39.136 23.065 20.978
Y -41.03 21.464 23.96
L -39.82 24.121 26.464
T -41.999 25.587 29.26
D -42.505 29.04 30.81
D -43.966 29.766 34.256
Y -47.381 31.419 34.249
W -49.233 32.756 37.286
G -52.811 33.724 38.053
Q -53.988 37.089 39.474
G -55.03 35.432 42.775
T -58.267 34.509 44.543
Q -59.148 35.721 48.017
V -60.467 32.981 50.309
T -61.609 34.109 53.777
V -62.734 31.634 56.451
S -64.687 33.119 59.394
S -64.896 31.489 62.851
A -68.572 32.626 62.963
X 0 0 0
X 0 0 0
X 0 0 0
X 0 0 0
X 0 0 0
X 0 0 0
X 0 0 0
X 0 0 0
X 0 0 0
X 0 0 0
X 0 0 0
X 0 0 0
X 0 0 0
X 0 0 0
X 0 0 0
X 0 0 0
