Q -61.791 38.827 99.587
V -59.336 37.332 97.081
Q -58.197 38.886 93.778
L -55.89 37.998 90.847
Q -54.215 40.95 89.103
E -52.402 40.531 85.757
S -49.862 43.024 84.329
G -47.071 43.118 81.697
G -49.21 43.018 78.535
G -49.033 45.312 75.529
L -48.098 45.784 71.895
V -44.74 44.237 70.867
Q -42.881 43.467 67.619
A -42.386 39.835 66.508
G -39.325 38.218 68.125
S -39.696 40.433 71.22
S -39.683 39.26 74.827
L -42.415 40.051 77.434
R -42.964 39.157 81.093
L -46.543 38.822 82.329
A -47.095 38.805 86.086
C -50.152 37.873 88.155
A -50.373 38.363 91.92
A -52.878 36.926 94.37
T -54.074 39.509 96.91
G -56.381 39.216 99.896
S -56.971 36.649 102.621
I -54.858 33.782 101.238
R -54.283 30.761 103.517
S -52.448 29.036 100.564
I -52.462 28.472 96.772
N -51.257 25.428 94.982
N -51.892 25.298 91.195
M -51.565 28.383 89.072
G -51.653 28.834 85.345
W -51.593 31.041 82.266
Y -54.333 30.627 79.665
R -55.025 32.533 76.435
Q -57.962 33.366 74.171
A -57.392 34.7 70.639
P -60.374 36.268 68.706
G -62.833 33.646 67.431
K -60.834 30.832 69.104
Q -61.661 29.203 72.514
R -59.704 29.746 75.788
G -56.85 27.305 76.164
M -53.877 26.665 78.374
V -50.474 28.228 77.754
A -48.67 26.879 80.886
I -49.422 25.526 84.428
I -47.309 25.317 87.658
T -47.765 23.179 90.819
R -47.119 24.635 94.361
V -43.851 22.674 94.435
G -42.851 24.115 90.992
N -43.562 21.289 88.474
T -44.486 22.876 85.098
D -46.48 21.832 81.992
Y -46.735 23.696 78.673
A -48.838 23.871 75.499
D -46.976 22.342 72.505
S -47.119 25.74 70.713
V -45.275 27.546 73.61
K -42.998 24.728 75.1
G -39.352 25.897 75.052
R -40.241 29.517 74.101
F -42.327 30.441 77.188
T -41.374 29.908 80.854
I -43.767 29.789 83.804
S -42.395 30.583 87.307
R -43.808 31.35 90.772
D -42.822 33.185 93.985
N -44.757 31.418 96.757
A -43.686 34.133 99.257
K -45.142 36.889 96.984
N -48.14 34.707 95.822
T -47.201 35.607 92.212
V -47.105 33.62 88.938
Y -45.078 34.819 85.933
L -45.005 34.121 82.253
Q -41.83 35.049 80.4
M -42.657 35.027 76.699
N -39.705 34.827 74.328
S -39.455 34.878 70.476
L -43.022 36.22 70.134
K -44.994 35.313 66.998
P -48.238 37.005 65.687
E -49.883 33.649 66.601
D -49.371 34.567 70.314
T -51.673 37.652 70.028
A -54.504 36.937 72.505
T -55.932 37.874 75.902
Y -53.878 36.185 78.619
Y -55.734 34.983 81.716
C -54.296 33.958 85.05
H -55.77 31.118 87.121
A -55.142 30.003 90.727
E -56.524 27.33 93.109
I -56.772 29.412 96.308
T -57.621 28.445 99.912
E -59.121 31.528 101.658
Q -58.007 32.26 105.29
S -61.713 31.813 106.297
R -61.819 28.081 105.18
P -61.44 25.682 108.194
F -59.776 22.987 105.992
Y -57.173 22.995 103.135
L -59.812 23.139 100.334
T -59.332 25.233 97.15
D -61.512 27.47 94.913
D -60.786 28.491 91.292
Y -59.908 32.153 90.799
W -59.424 33.962 87.484
G -57.817 37.222 86.393
Q -59.489 39.95 84.265
G -56.982 39.353 81.435
T -54.04 41.186 79.796
Q -54.014 41.911 76.077
V -50.811 40.894 74.236
T -50.535 42.052 70.582
V -47.631 40.912 68.347
S -46.851 42.728 64.979
X 0 0 0
X 0 0 0
X 0 0 0
X 0 0 0
X 0 0 0
X 0 0 0
X 0 0 0
X 0 0 0
X 0 0 0
X 0 0 0
X 0 0 0
X 0 0 0
X 0 0 0
X 0 0 0
X 0 0 0
X 0 0 0
X 0 0 0
X 0 0 0
