Q -98.985 -28.272 -73.431
V -96.088 -30.28 -71.994
Q -97.053 -31.494 -68.512
L -94.957 -33.081 -65.749
Q -96.505 -34.67 -62.639
E -94.545 -36.143 -59.737
S -95.829 -38.895 -57.477
G -94.496 -41.255 -54.84
G -93.413 -38.967 -52.014
G -94.38 -39.221 -48.378
L -92.968 -40.293 -45.031
V -89.996 -42.67 -44.989
Q -87.722 -43.836 -42.186
A -84.061 -42.853 -42.293
G -82.008 -45.625 -43.848
G -84.98 -46.655 -45.964
S -85.565 -46.367 -49.688
S -85.562 -46.363 -49.687
L -88.188 -44.847 -51.961
R -88.875 -44.501 -55.683
L -90.358 -41.277 -57.049
S -92.123 -41.07 -60.404
C -92.58 -38.274 -62.946
A -95.215 -38.658 -65.673
V -94.429 -36.673 -68.836
S -97.254 -35.902 -71.249
G -98.271 -33.523 -74.017
R -94.911 -33.819 -75.773
T -94.44 -33.281 -79.509
F -90.609 -33.608 -79.475
S -89.106 -37.105 -79.562
N -85.969 -36.545 -77.448
Y -85.036 -34.402 -74.456
Y -83.435 -34.587 -71.024
S -85.455 -35.154 -67.86
S -85.455 -35.159 -67.86
G -84.035 -33.93 -64.57
W -84.812 -34.409 -60.899
F -84.291 -31.479 -58.536
R -85.095 -30.899 -54.899
Q -85.656 -27.889 -52.689
A -85.79 -27.902 -48.918
P -86.96 -24.899 -46.882
K -82.209 -23.803 -49.224
E -81.72 -23.203 -52.941
R -82.941 -25.682 -55.533
E -80.5 -28.565 -56.026
F -79.958 -30.525 -59.223
L -79.799 -34.264 -58.557
A -79.825 -36.279 -61.784
S -80.697 -36.105 -65.466
I -81.405 -38.743 -68.098
R -81.472 -38.472 -71.884
W -84.671 -39.936 -73.281
S -83.282 -41.764 -76.3
D -80.287 -43.621 -74.831
S -80.727 -43.329 -71.022
T -77.433 -41.429 -70.64
T -77.309 -40.212 -67.043
N -75.638 -37.331 -65.225
Y -75.567 -37.08 -61.441
A -74.78 -34.432 -58.887
D -71.823 -35.331 -56.699
S -74.056 -35.047 -53.631
V -76.133 -38.103 -54.611
K -74.013 -40.07 -57.091
G -74.044 -43.698 -56.037
R -77.066 -43.237 -53.751
F -79.843 -42.006 -56.075
T -80.552 -43.708 -59.414
I -82.461 -42.132 -62.307
S -84.199 -44.244 -64.949
R -87.052 -43.94 -67.417
D -89.743 -46.115 -69.013
T -90.393 -44.957 -72.575
A -93.756 -46.736 -72.912
K -95.103 -45.239 -69.686
N -93.441 -41.879 -70.425
T -92.287 -41.873 -66.824
V -88.984 -40.879 -65.245
Y -88.02 -42.417 -61.91
L -85.752 -41.478 -59.022
Q -84.736 -44.392 -56.791
M -83.561 -42.907 -53.475
N -81.503 -45.253 -51.309
S -80.211 -45.054 -47.732
L -82.305 -41.987 -47.052
K -80.89 -39.22 -44.854
L -82.607 -36.671 -42.656
E -80.983 -34.206 -45.035
D -82.959 -35.741 -47.93
T -86.231 -34.219 -46.672
A -87.383 -31.824 -49.389
V -89.873 -31.201 -52.166
Y -88.707 -33.159 -55.216
H -89.362 -31.725 -58.675
C -88.92 -33.208 -62.109
A -88.233 -31.021 -65.117
A -87.634 -31.307 -68.837
R -85.161 -29.581 -71.128
R -85.426 -29.831 -74.912
L -82.069 -28.051 -75.38
A -79.893 -26.43 -72.685
T -82.56 -25.056 -70.306
Y -85.081 -26.749 -68.003
D -88.23 -24.997 -69.232
Y -90.915 -27.425 -67.998
W -91.458 -28.172 -64.297
G -93.73 -30.375 -62.234
Q -95.552 -29.285 -59.092
G -93.347 -31.354 -56.792
T -93.797 -34.227 -54.351
Q -92.898 -34.069 -50.66
V -90.394 -36.514 -49.166
T -90.134 -36.544 -45.365
V -87.392 -38.651 -43.776
S -88.04 -39.476 -40.117
X 0 0 0
X 0 0 0
X 0 0 0
X 0 0 0
X 0 0 0
X 0 0 0
X 0 0 0
X 0 0 0
X 0 0 0
X 0 0 0
X 0 0 0
X 0 0 0
X 0 0 0
X 0 0 0
X 0 0 0
X 0 0 0
X 0 0 0
X 0 0 0
X 0 0 0
X 0 0 0
X 0 0 0
X 0 0 0
X 0 0 0
