Q 75.124 -11.709 184.096
V 77.745 -8.998 183.819
Q 77.436 -6.849 186.923
L 79.241 -3.875 188.447
Q 79.126 -3.704 192.253
E 80.274 -0.568 194.062
S 81.381 -0.326 197.686
G 82.532 2.478 199.928
G 81.302 6.022 200.209
G 79.238 7.672 202.905
L 79.535 10.9 204.872
V 82.767 12.735 205.768
Q 83.741 16.148 207.052
A 85.196 18.552 204.513
G 88.895 17.869 204.083
G 88.424 14.183 204.906
S 89.066 11.071 202.849
L 87.0 8.296 201.284
R 87.671 5.289 199.097
L 85.357 3.831 196.475
S 85.797 0.423 194.894
C 83.969 -1.357 192.115
A 84.144 -5.025 191.154
A 83.083 -6.447 187.792
S 81.789 -10.019 187.782
G 80.127 -12.408 185.363
R 81.108 -14.132 182.142
M 82.971 -11.653 179.927
F 85.842 -11.67 177.454
S 87.618 -8.368 178.151
I 87.372 -5.073 180.003
N 88.722 -1.905 178.428
S 88.468 1.341 180.362
M 86.998 1.576 183.85
G 85.998 4.845 185.407
W 84.083 6.875 187.949
Y 81.269 9.303 187.204
R 79.159 11.431 189.503
Q 75.918 13.379 189.447
A 75.143 16.119 191.98
P 71.678 17.563 192.654
G 70.507 19.696 189.75
K 73.42 18.729 187.488
E 74.065 16.134 184.811
R 76.26 13.075 185.199
E 79.89 14.029 184.631
L 83.255 12.307 184.414
V 85.446 12.077 187.522
A 88.285 9.763 186.429
T 89.002 6.881 184.048
I 91.811 4.329 183.884
S 92.714 2.153 180.9
E 93.795 -1.477 181.132
A 97.406 -0.393 180.599
G 96.947 1.949 183.578
T 96.635 5.277 181.744
T 94.691 7.74 183.902
T 92.599 10.788 183.035
Y 90.98 13.062 185.619
A 88.447 15.847 185.572
D 89.814 19.32 186.239
S 87.817 19.68 189.464
V 89.442 16.65 191.153
R 92.975 16.541 189.721
G 95.461 16.357 192.574
R 92.862 15.278 195.149
F 91.387 12.061 193.71
T 93.388 9.034 192.567
I 92.059 6.208 190.402
A 93.63 2.753 190.52
R 92.892 -0.621 188.989
D 93.612 -4.293 189.71
N 93.227 -6.244 186.468
A 93.581 -9.607 188.237
K 90.382 -8.975 190.235
N 88.756 -6.646 187.652
T 88.267 -3.988 190.329
V 88.669 -0.218 190.002
Y 89.374 2.077 192.952
L 88.915 5.788 193.629
Q 90.809 7.346 196.537
M 89.202 10.698 197.325
N 91.299 13.058 199.44
S 90.624 16.667 200.457
L 86.883 16.373 199.939
N 84.942 19.653 199.793
P 81.187 20.326 199.584
E 81.292 20.383 195.771
D 82.169 16.67 195.818
T 78.73 15.713 197.19
A 77.054 13.559 194.528
V 75.989 10.049 193.612
Y 79.093 8.305 192.287
Y 78.842 5.684 189.542
C 81.274 2.999 188.482
N 81.66 2.544 184.736
A 83.277 -0.07 182.507
Y 83.462 -0.901 178.797
I 83.189 -4.693 178.618
Q 83.354 -7.227 175.773
L 80.883 -10.056 176.396
D 82.593 -12.328 173.853
S 85.49 -12.117 171.413
T 83.132 -11.604 168.444
I 81.185 -8.751 170.052
W 81.894 -5.041 170.415
F 82.085 -3.152 173.712
R 79.135 -2.057 175.841
A 79.019 0.452 178.686
Y 78.017 -0.983 182.067
W 77.299 0.978 185.235
G 77.31 0.343 188.958
Q 74.259 0.863 191.13
G 75.332 4.317 192.379
T 76.672 5.253 195.847
Q 76.115 8.517 197.682
V 79.105 10.533 198.87
T 78.146 13.379 201.2
V 80.597 15.994 202.475
S 79.218 17.924 205.443
X 0 0 0
X 0 0 0
X 0 0 0
X 0 0 0
X 0 0 0
X 0 0 0
X 0 0 0
X 0 0 0
X 0 0 0
X 0 0 0
X 0 0 0
X 0 0 0
X 0 0 0
X 0 0 0
X 0 0 0
X 0 0 0
X 0 0 0
X 0 0 0
X 0 0 0
X 0 0 0
