Q -63.227 -41.613 16.808
V -62.813 -39.692 20.081
Q -66.109 -38.034 21.083
L -67.022 -35.836 24.063
Q -70.563 -36.208 25.503
E -71.655 -33.198 27.599
S -74.452 -33.227 30.169
G -75.627 -31.709 33.457
G -76.295 -28.124 32.387
G -79.487 -26.104 32.003
L -81.545 -23.433 33.758
V -80.925 -22.768 37.453
Q -81.665 -20.114 40.111
A -78.829 -17.781 41.234
G -76.877 -18.89 44.31
G -77.597 -22.442 43.081
S -75.635 -25.462 41.881
L -74.991 -27.624 38.787
R -72.746 -30.584 37.937
L -71.434 -30.756 34.389
S -70.107 -34.077 33.107
C -68.124 -34.816 29.947
A -67.607 -38.496 29.057
A -64.877 -38.942 26.452
S -65.53 -42.133 24.473
G -62.567 -43.185 22.297
S -58.795 -43.698 22.279
I -56.977 -41.049 24.355
F -53.287 -41.072 25.335
A -52.713 -41.638 29.071
L -51.126 -38.189 29.45
N -53.743 -35.485 28.744
I -55.767 -32.515 30.017
M -59.553 -32.692 30.342
G -61.062 -29.216 30.757
W -64.097 -26.964 30.612
Y -64.083 -23.735 28.636
R -67.063 -21.402 28.288
Q -68.236 -18.825 25.733
A -70.418 -16.086 27.257
P -72.914 -14.292 24.959
G -70.919 -12.235 22.424
K -67.586 -12.86 24.196
Q -64.444 -14.921 23.599
R -64.132 -18.498 24.82
E -62.238 -18.531 28.157
L -60.897 -21.304 30.4
V -63.116 -22.179 33.353
A -61.208 -25.173 34.729
A -58.877 -28.002 33.717
I -57.41 -31.182 35.192
H -54.333 -33.133 34.045
S -54.076 -36.962 34.115
G -51.483 -36.475 36.89
G -54.136 -34.609 38.904
T -52.9 -30.997 38.907
T -55.677 -28.429 38.36
N -55.97 -24.891 36.994
Y -59.022 -22.64 37.514
A -59.884 -19.206 36.125
N -60.035 -16.401 38.726
S -63.802 -15.788 38.446
V -64.694 -19.394 39.387
K -61.981 -19.995 42.049
G -63.333 -21.388 45.343
R -66.795 -22.043 43.838
F -66.192 -24.626 41.074
T -64.401 -27.988 41.414
I -62.988 -29.904 38.46
S -62.503 -33.565 39.246
R -62.182 -36.559 37.004
D -63.197 -40.188 37.045
N -60.062 -42.126 38.033
A -61.435 -45.166 36.107
A -62.949 -43.847 32.833
N -62.235 -40.83 30.586
T -64.887 -38.608 32.249
V -64.524 -35.133 33.822
Y -66.901 -33.319 36.182
L -67.237 -29.581 36.883
Q -69.127 -29.172 40.179
M -70.471 -25.601 39.882
N -71.648 -24.065 43.195
S -72.779 -20.535 44.23
L -73.728 -19.679 40.627
K -74.179 -16.113 39.349
P -75.814 -14.722 36.176
E -72.342 -13.898 34.716
D -71.572 -17.657 34.661
T -74.311 -18.019 32.001
A -72.604 -19.341 28.855
V -72.232 -22.275 26.483
Y -69.787 -24.59 28.288
Y -67.476 -26.668 26.055
C -65.66 -29.83 27.117
N -62.065 -30.104 25.871
V -59.34 -32.775 25.727
K -55.693 -31.841 25.057
D -54.131 -35.132 23.913
F -50.31 -35.396 24.237
G -49.875 -38.635 22.22
A -47.794 -37.026 19.444
I -45.239 -35.793 22.068
I -43.943 -32.803 20.053
Y -47.417 -31.284 19.597
D -50.843 -31.75 21.159
Y -54.065 -32.696 19.384
D -57.371 -31.105 20.519
Y -60.924 -32.411 20.846
W -63.963 -30.203 21.5
G -67.493 -31.141 22.557
Q -70.512 -29.615 20.78
G -71.206 -27.414 23.835
T -73.972 -27.391 26.442
Q -76.02 -24.434 27.651
V -75.875 -23.217 31.227
T -78.231 -20.32 32.105
V -78.244 -18.775 35.585
S -81.28 -16.551 36.291
S -81.17 -14.012 39.142
X 0 0 0
X 0 0 0
X 0 0 0
X 0 0 0
X 0 0 0
X 0 0 0
X 0 0 0
X 0 0 0
X 0 0 0
X 0 0 0
X 0 0 0
X 0 0 0
X 0 0 0
X 0 0 0
X 0 0 0
X 0 0 0
X 0 0 0
X 0 0 0
X 0 0 0
X 0 0 0
