Q 133.393 99.241 135.17
V 132.644 99.676 138.872
Q 132.45 96.375 140.782
L 131.424 96.474 144.453
Q 132.756 93.02 145.269
E 131.521 91.835 148.662
S 132.926 89.311 151.132
G 132.229 88.002 154.612
G 130.36 85.253 156.372
G 127.386 83.287 155.139
L 126.913 80.75 157.926
V 126.791 81.811 161.574
Q 125.217 80.697 164.85
G 128.26 84.83 167.442
S 129.495 87.973 165.746
L 130.245 88.452 162.054
R 131.892 91.082 159.853
V 130.645 91.487 156.281
S 133.038 93.455 154.064
C 132.699 95.222 150.716
A 135.806 96.132 148.715
A 135.262 98.64 145.907
S 136.962 98.809 142.523
G 136.882 101.177 139.565
R 135.918 104.385 141.386
T 137.038 106.114 144.573
F 133.98 106.405 146.83
T 135.47 108.952 149.235
T 133.027 111.704 148.265
Y 130.193 109.176 147.85
I 128.139 107.462 150.565
M 128.585 103.713 151.001
A 125.742 101.877 152.692
W 124.482 98.454 153.747
F 121.085 97.003 152.84
R 119.027 93.956 153.774
Q 116.507 92.031 151.674
A 114.527 89.235 153.306
P 112.758 86.541 151.253
G 109.689 88.558 150.369
K 111.314 91.279 148.215
E 111.85 94.082 150.75
R 115.058 96.123 150.48
E 115.625 97.4 154.022
F 118.14 100.037 155.102
L 120.711 98.91 157.674
A 123.609 101.372 157.857
A 125.355 104.168 155.981
M 128.361 106.411 156.478
D 128.892 109.912 155.097
Q 132.187 111.378 153.886
G 132.522 113.133 157.242
R 132.381 109.826 159.174
I 128.737 110.087 160.257
Q 126.932 106.819 160.946
Y 123.268 106.581 159.934
Y 121.46 103.5 161.241
G 118.053 101.974 160.692
D 115.493 101.9 163.469
S 115.481 98.136 164.081
V 119.298 97.973 164.017
R 120.442 101.1 165.913
G 122.818 99.704 168.538
R 123.468 96.221 167.121
F 125.206 96.656 163.758
T 128.213 98.985 163.529
I 129.413 100.398 160.213
S 133.055 101.357 159.658
R 134.596 102.565 156.404
D 138.208 102.442 155.259
Y 138.804 105.457 153.031
A 142.294 104.374 151.951
K 141.442 100.816 150.882
N 138.055 102.055 149.525
S 135.886 99.648 151.492
V 132.965 99.566 153.911
D 132.612 97.069 156.768
L 129.431 96.061 158.592
Q 130.058 94.633 162.066
L 127.31 92.139 162.897
D 126.637 91.843 166.631
G 123.878 89.894 168.361
L 122.473 88.075 165.342
R 118.872 87.141 166.022
P 117.415 84.492 163.657
E 115.119 87.117 162.067
D 118.162 88.672 160.329
T 118.502 85.748 157.881
A 118.598 87.632 154.581
V 120.773 88.8 151.689
Y 122.995 91.747 152.621
Y 123.742 94.171 149.791
C 126.505 96.765 149.571
A 125.464 100.072 148.015
A 127.488 103.162 147.145
G 125.846 106.392 146.064
A 125.491 110.122 146.378
G 122.137 110.106 148.052
F 119.576 112.215 146.298
W 116.303 111.978 148.23
G 118.42 109.43 150.014
L 120.247 107.727 152.924
R 117.073 105.674 153.452
T 115.742 105.226 149.9
A 117.181 102.347 147.884
S 116.784 104.252 144.594
S 119.451 106.823 145.549
Y 122.354 104.348 145.22
H 123.519 103.831 141.633
Y 126.283 101.331 142.462
W 125.538 97.936 143.946
G 127.045 94.805 145.393
Q 125.984 91.329 144.362
G 124.645 90.041 147.681
T 125.59 87.756 150.57
Q 123.255 85.105 151.998
V 123.818 85.568 155.733
T 122.082 82.667 157.478
V 121.495 82.534 161.239
S 120.516 79.062 162.455
S 118.668 78.468 165.725
X 0 0 0
X 0 0 0
X 0 0 0
X 0 0 0
X 0 0 0
X 0 0 0
X 0 0 0
X 0 0 0
X 0 0 0
X 0 0 0
X 0 0 0
X 0 0 0
X 0 0 0
X 0 0 0
X 0 0 0
X 0 0 0
X 0 0 0
X 0 0 0
X 0 0 0
