Q 136.44 95.445 140.208
V 137.321 95.672 136.503
Q 137.084 92.274 134.795
L 138.088 91.637 131.167
Q 136.595 88.198 130.519
E 137.133 86.654 127.086
S 135.249 84.024 125.097
G 135.647 82.136 121.826
G 137.309 78.833 121.05
G 140.968 77.905 120.962
L 141.298 75.147 118.378
V 140.758 75.155 114.629
Q 141.52 73.345 111.411
G 139.475 78.307 109.522
S 138.057 81.386 111.235
L 137.341 82.432 114.815
R 135.607 85.279 116.71
V 137.456 85.894 119.965
S 135.393 88.28 122.102
C 136.063 90.211 125.32
A 133.036 91.275 127.372
A 134.014 93.888 129.95
S 132.346 94.843 133.207
G 132.932 97.263 136.062
R 133.988 100.218 133.924
T 132.862 101.624 130.601
F 135.892 101.522 128.34
T 134.457 103.668 125.568
T 137.162 106.282 126.15
Y 139.773 103.529 126.511
I 141.618 101.844 123.639
M 140.649 98.163 123.797
A 143.252 95.95 122.155
W 144.325 92.361 121.518
F 147.799 91.0 122.258
R 149.431 87.78 121.086
Q 152.038 86.124 123.304
A 154.135 83.494 121.579
P 156.173 81.13 123.787
G 159.367 83.076 124.306
K 157.985 85.864 126.53
E 156.908 88.016 123.578
R 153.752 90.087 123.949
E 152.967 91.229 120.414
F 150.533 93.989 119.457
L 147.889 92.576 117.117
A 145.065 95.082 116.9
A 143.54 97.986 118.84
M 140.527 100.251 118.318
D 140.356 103.85 119.514
Q 137.175 105.554 120.834
G 136.793 107.228 117.423
R 136.44 103.914 115.546
I 140.069 103.728 114.41
Q 141.636 100.334 113.79
Y 145.375 100.039 114.444
Y 146.991 96.854 113.125
G 150.337 95.209 113.63
D 152.749 94.599 110.802
S 152.434 90.813 110.704
V 148.627 90.921 110.783
R 147.907 93.853 108.485
G 145.139 92.64 106.222
R 144.197 89.423 107.99
F 142.389 90.22 111.253
T 139.358 92.448 111.777
I 138.724 94.22 115.081
S 135.302 95.622 115.988
R 134.056 97.074 119.263
D 130.509 97.169 120.557
Y 130.397 100.296 122.68
A 126.935 99.459 123.959
K 127.904 96.062 125.309
N 131.478 97.211 126.131
S 133.269 94.558 124.107
V 136.008 94.033 121.539
D 135.775 91.316 118.867
L 138.908 90.226 117.025
Q 137.826 88.294 113.924
L 140.314 85.617 112.88
D 140.956 84.7 109.265
G 143.617 82.945 107.192
L 144.998 81.115 110.19
R 148.596 79.991 109.756
P 150.278 77.463 112.085
E 152.394 80.32 113.488
D 149.321 81.816 115.19
T 149.485 79.149 117.888
A 149.917 81.406 120.923
V 148.015 83.098 123.752
Y 145.554 85.882 122.874
Y 145.124 88.555 125.54
C 142.335 91.094 125.677
A 143.882 94.389 126.766
A 142.578 97.824 127.695
G 144.208 101.123 128.473
A 144.802 104.749 127.759
G 147.836 104.673 125.521
F 150.4 106.837 127.18
W 153.492 106.078 125.181
G 150.852 103.677 123.826
L 149.349 101.386 121.152
R 152.694 99.72 120.437
T 153.715 98.928 124.014
A 152.324 96.499 126.576
S 153.085 98.661 129.593
S 150.716 101.414 128.457
Y 147.692 99.231 129.216
H 146.557 99.132 132.834
Y 143.745 96.604 132.394
W 144.092 93.039 131.163
G 142.31 89.87 130.231
Q 143.329 86.413 131.357
G 144.404 85.093 127.966
T 143.381 82.302 125.622
Q 145.538 79.723 123.86
V 144.414 79.395 120.242
T 146.102 76.375 118.661
V 146.428 75.688 114.916
S 146.954 72.059 113.811
S 148.327 71.583 110.285
X 0 0 0
X 0 0 0
X 0 0 0
X 0 0 0
X 0 0 0
X 0 0 0
X 0 0 0
X 0 0 0
X 0 0 0
X 0 0 0
X 0 0 0
X 0 0 0
X 0 0 0
X 0 0 0
X 0 0 0
X 0 0 0
X 0 0 0
X 0 0 0
X 0 0 0
