V -22.157 6.645 -8.856
Q -22.618 3.12 -7.248
L -19.93 2.163 -4.674
Q -19.067 -1.331 -3.374
E -16.57 -2.143 -0.589
S -14.632 -5.432 -0.306
G -12.828 -6.611 2.869
G -13.383 -6.055 6.565
G -13.744 -8.069 9.729
L -11.542 -8.981 12.694
V -7.873 -8.015 13.274
Q -5.614 -8.073 16.338
P -4.163 -4.8 17.649
G -1.038 -3.882 15.667
G -2.325 -5.892 12.696
S -3.137 -4.865 9.092
L -6.287 -4.871 6.982
R -7.052 -3.69 3.423
L -10.428 -2.312 2.274
S -11.115 -1.782 -1.428
S -11.04 -1.797 -1.496
C -13.975 -0.049 -3.236
T -15.122 -0.021 -6.877
T -15.123 -0.106 -6.922
A -17.252 2.698 -8.459
S -19.743 1.783 -11.233
S -19.813 1.748 -11.173
G -22.437 3.759 -13.137
V -19.94 6.59 -13.77
T -17.398 7.151 -16.569
I -13.687 7.467 -15.923
S -13.797 11.122 -17.132
A -16.71 12.027 -14.817
L -15.213 10.229 -11.803
N -11.748 11.891 -12.454
A -13.265 15.285 -11.39
M -14.539 13.819 -8.049
A -12.72 12.916 -4.815
M -12.725 9.301 -3.511
G -12.234 8.338 0.105
W -13.293 6.693 3.331
Y -15.474 7.577 6.316
R -15.928 5.663 9.545
Q -18.668 5.511 12.168
A -18.752 3.724 15.543
P -22.149 3.501 17.318
G -22.911 6.825 19.091
E -20.591 8.849 16.763
R -21.307 10.65 13.464
R -19.778 9.404 10.161
V -16.438 11.255 9.857
M -13.989 11.338 6.954
V -10.652 9.606 7.635
A -8.829 9.653 4.238
A -9.314 10.736 0.612
V -7.568 11.126 -2.725
S -8.571 14.423 -4.373
E -9.425 14.937 -8.091
R -5.771 16.169 -8.351
G -4.41 12.823 -7.045
N -3.422 14.171 -3.577
A -3.848 11.842 -0.587
M -5.185 13.567 2.541
Y -5.678 12.187 6.08
R -7.281 12.732 9.475
E -4.452 13.292 12.031
S -5.535 10.238 14.172
V -4.763 7.852 11.235
Q -1.909 9.613 9.282
G 1.165 7.313 8.926
R -0.845 4.167 9.896
F -3.53 4.359 7.117
T -2.637 4.695 3.431
V -5.302 5.694 0.844
T -4.641 4.894 -2.853
R -6.771 5.625 -5.902
D -6.752 3.803 -9.285
F -8.296 6.456 -11.59
T -8.205 4.12 -14.632
N -10.061 1.297 -12.818
K -12.376 3.592 -10.758
M -11.172 2.178 -7.38
V -10.099 3.553 -4.0
S -8.399 1.478 -1.301
L -7.519 1.912 2.393
Q -4.52 0.042 3.724
M -4.871 0.055 7.534
D -1.618 -0.775 9.388
N -0.876 -0.785 13.114
L -4.632 -0.993 13.905
K -5.916 -0.045 17.421
P -9.059 -1.006 19.363
E -10.383 2.582 18.82
D -10.27 1.983 14.97
T -13.257 -0.395 15.431
A -16.038 1.112 13.293
V -18.115 0.684 10.125
Y -15.991 2.046 7.241
Y -17.754 3.617 4.228
C -16.402 4.078 0.701
H -17.282 7.658 -0.36
V -17.161 9.851 -3.463
L -17.406 13.661 -3.213
E -18.878 15.475 -6.257
D -18.536 19.284 -6.688
R -22.035 20.382 -7.87
V -20.886 24.088 -7.943
D -23.467 25.452 -5.406
S -23.126 22.404 -3.152
F -21.339 19.025 -2.78
H -22.985 15.618 -3.29
D -22.057 12.525 -1.246
Y -22.073 9.069 -2.881
W -21.936 6.268 -0.253
G -20.945 2.62 -0.268
Q -22.58 -0.076 1.901
G -20.203 0.213 4.844
T -17.995 -2.636 6.087
Q -17.329 -3.493 9.758
V -13.72 -3.442 10.953
T -13.167 -4.883 14.442
V -9.862 -4.57 16.328
S -9.775 -7.046 19.304
S -6.968 -8.673 21.348
X 0 0 0
X 0 0 0
X 0 0 0
X 0 0 0
X 0 0 0
X 0 0 0
X 0 0 0
X 0 0 0
X 0 0 0
X 0 0 0
X 0 0 0
X 0 0 0
X 0 0 0
X 0 0 0
X 0 0 0
X 0 0 0
