Q 141.358 -23.148 130.675
V 138.947 -25.242 132.743
Q 138.079 -23.831 136.167
L 138.03 -26.477 138.911
Q 136.737 -25.97 142.454
E 136.795 -28.75 145.051
S 134.461 -28.945 148.035
G 133.233 -31.409 150.637
G 136.413 -32.066 152.602
G 136.445 -32.109 156.368
L 136.948 -34.235 159.461
V 135.812 -37.863 159.308
Q 136.108 -40.753 161.747
A 138.204 -43.744 160.728
G 136.185 -46.165 158.624
G 133.773 -43.468 157.454
S 132.738 -42.266 154.019
L 133.028 -38.813 152.466
R 132.064 -37.398 149.067
L 134.209 -34.694 147.47
S 132.776 -32.598 144.639
C 134.705 -30.824 141.876
A 132.813 -28.151 139.95
T 134.139 -27.668 136.41
S 133.465 -24.524 134.378
T 132.693 -26.507 131.205
H 131.622 -29.991 130.181
T 134.504 -32.466 130.283
A 132.952 -35.592 128.731
G 135.157 -36.485 125.774
Q 136.989 -33.193 126.346
Y 139.321 -33.569 129.339
T 140.646 -36.462 131.358
M 139.556 -35.773 134.945
A 141.636 -36.995 137.874
W 141.751 -36.854 141.651
F 145.164 -36.434 143.295
R 146.068 -36.093 146.961
Q 149.019 -34.603 148.83
A 149.71 -35.497 152.458
P 151.826 -33.409 154.873
G 155.44 -33.52 153.661
K 154.845 -36.159 150.983
E 154.318 -35.512 147.265
R 151.187 -35.081 145.162
E 150.176 -38.68 144.409
F 147.498 -40.138 142.149
V 144.101 -41.327 143.39
A 141.634 -41.773 140.532
V 141.021 -41.031 136.855
L 138.116 -40.818 134.395
R 139.467 -40.705 130.851
W 138.411 -38.395 128.029
S 139.045 -41.209 125.542
D 136.533 -43.885 126.53
Y 134.831 -42.725 129.783
S 136.804 -45.426 131.618
T 137.752 -45.167 135.288
D 140.934 -46.3 137.004
Y 142.269 -46.124 140.549
A 145.522 -46.32 142.442
N 145.936 -49.665 144.179
S 145.565 -48.056 147.615
V 142.004 -46.9 146.834
K 140.788 -49.396 144.238
N 137.488 -51.05 145.254
R 136.907 -48.504 148.039
F 136.925 -45.14 146.19
T 134.632 -44.207 143.301
I 135.171 -41.434 140.751
S 132.122 -40.331 138.775
R 130.715 -37.399 136.825
D 127.356 -35.668 136.631
N 127.491 -34.25 133.104
A 124.374 -32.117 133.591
K 125.741 -30.308 136.661
N 129.322 -30.277 135.284
T 130.535 -31.96 138.468
V 133.086 -34.703 139.151
Y 132.709 -36.672 142.385
L 135.063 -38.804 144.456
Q 133.158 -40.931 146.972
M 135.581 -42.31 149.568
N 134.868 -45.349 151.746
S 136.816 -47.31 154.365
L 138.795 -44.185 155.211
K 142.017 -44.595 157.204
P 144.132 -42.04 159.108
E 146.787 -42.243 156.366
D 144.245 -40.9 153.857
T 144.557 -37.493 155.567
A 145.612 -35.126 152.787
V 144.678 -32.196 150.576
Y 142.656 -33.545 147.645
Y 142.822 -31.85 144.238
C 140.87 -32.428 141.044
A 142.745 -31.896 137.789
A 141.864 -31.656 134.105
G 144.164 -32.587 131.245
W 144.504 -33.689 127.641
P 145.355 -36.143 126.265
V 146.836 -37.606 129.481
K 148.523 -40.712 128.086
V 149.975 -41.282 131.59
I 147.122 -41.089 134.094
S 149.307 -41.224 137.214
S 151.668 -38.368 136.248
A 150.667 -34.95 137.582
D 152.538 -33.276 134.698
E 149.915 -34.508 132.21
Y 147.187 -32.288 133.711
I 147.058 -28.631 132.72
N 144.293 -27.349 135.045
W 144.111 -27.788 138.817
G 141.905 -26.809 141.729
Q 142.899 -25.168 144.993
G 142.217 -28.403 146.879
T 140.106 -29.452 149.844
Q 141.401 -30.778 153.156
V 140.398 -34.246 154.368
T 141.359 -35.269 157.912
V 140.668 -38.832 159.057
S 140.843 -39.258 162.828
S 141.918 -42.397 164.693
A 140.041 -43.597 167.783
A 140.075 -41.895 171.185
X 0 0 0
X 0 0 0
X 0 0 0
X 0 0 0
X 0 0 0
X 0 0 0
X 0 0 0
X 0 0 0
X 0 0 0
X 0 0 0
X 0 0 0
X 0 0 0
X 0 0 0
X 0 0 0
