Q -11.103 -29.645 1.001
L -10.568 -29.183 -2.747
Q -12.793 -26.75 -4.653
E -13.019 -25.846 -8.344
S -14.117 -22.686 -10.153
G -14.11 -21.116 -13.594
G -16.776 -23.05 -15.51
G -18.832 -21.181 -18.079
L -20.68 -21.483 -21.377
V -18.89 -20.589 -24.616
Q -18.933 -21.875 -28.19
A -16.05 -23.317 -30.208
G -12.635 -21.689 -29.991
G -13.314 -20.21 -26.565
S -10.552 -19.532 -24.047
L -11.335 -20.611 -20.479
R -9.267 -20.819 -17.285
L -10.316 -23.366 -14.66
S -8.949 -22.758 -11.158
C -8.662 -25.433 -8.467
A -7.719 -24.53 -4.887
G -7.366 -26.479 -1.649
S -7.132 -25.947 2.095
G -4.229 -28.267 2.946
R -0.617 -27.818 1.889
T -1.064 -29.453 -1.523
F 0.889 -27.685 -4.328
S 4.109 -29.547 -5.154
T 3.745 -32.499 -2.763
Y 0.477 -33.658 -4.369
D 0.916 -34.186 -8.102
M -2.015 -32.402 -9.733
A -4.291 -33.847 -12.4
W -7.355 -32.868 -14.409
F -10.061 -35.33 -15.449
R -13.319 -34.761 -17.304
Q -16.599 -36.626 -16.828
A -18.731 -36.538 -19.942
P -22.435 -37.435 -19.601
G -22.374 -41.235 -19.69
K -18.747 -41.462 -20.808
E -16.049 -42.646 -18.421
R -14.013 -40.172 -16.388
E -11.456 -40.044 -19.195
F -8.038 -38.781 -18.16
V -7.17 -35.304 -19.422
S -3.758 -34.567 -17.921
S -1.615 -34.521 -14.79
I 1.195 -32.375 -13.378
S 4.01 -34.343 -11.74
S 3.923 -32.115 -8.631
S 7.336 -30.507 -8.147
G 8.735 -32.088 -11.305
G 7.877 -30.323 -14.534
N 7.001 -33.639 -16.17
V 3.55 -33.473 -17.771
V 1.828 -35.516 -20.482
Y -1.472 -34.537 -22.076
R -3.503 -37.075 -24.06
D -4.128 -36.612 -27.771
S -7.28 -34.476 -27.95
V -5.621 -31.667 -25.981
K -1.874 -31.538 -26.796
G -1.199 -27.88 -27.578
R -4.582 -26.426 -26.609
F -5.243 -26.979 -22.878
T -2.226 -25.984 -20.793
I -1.791 -27.045 -17.166
A -0.03 -25.031 -14.473
R 0.583 -25.209 -10.73
D 0.951 -22.462 -8.126
N 2.734 -23.164 -4.846
A 2.226 -19.652 -3.449
A -1.544 -20.015 -3.94
N -1.507 -23.861 -3.827
A -3.751 -23.837 -6.891
V -4.073 -25.52 -10.283
Y -4.803 -23.672 -13.536
L -6.227 -25.43 -16.604
Q -6.132 -23.215 -19.702
M -8.615 -24.309 -22.382
N -8.003 -22.664 -25.764
S -9.592 -23.708 -29.069
L -12.472 -25.512 -27.389
K -14.288 -28.397 -29.097
P -18.032 -29.167 -28.861
E -16.914 -32.643 -27.716
D -15.307 -31.174 -24.566
T -18.652 -30.459 -22.85
A -18.213 -32.219 -19.504
V -17.823 -31.788 -15.753
Y -14.147 -31.087 -15.072
Y -12.565 -32.309 -11.837
C -9.125 -31.73 -10.339
A -7.535 -34.662 -8.501
A -4.342 -34.381 -6.448
K -2.95 -37.339 -4.52
W 0.386 -38.971 -3.74
L 1.604 -41.977 -1.707
A -0.882 -43.884 -3.893
A -1.113 -45.369 -7.371
D -4.393 -43.746 -8.437
Y -5.571 -40.318 -7.314
N -8.438 -39.99 -4.858
Y -8.705 -36.415 -3.475
W -11.466 -35.207 -5.786
G -13.363 -31.932 -5.667
Q -16.838 -30.822 -6.658
G -15.917 -30.162 -10.299
T -17.456 -27.582 -12.627
Q -19.544 -27.801 -15.786
V -18.059 -26.723 -19.127
T -20.43 -26.528 -22.105
V -19.345 -25.989 -25.72
S -21.938 -25.623 -28.481
S -21.67 -24.77 -32.184
X 0 0 0
X 0 0 0
X 0 0 0
X 0 0 0
X 0 0 0
X 0 0 0
X 0 0 0
X 0 0 0
X 0 0 0
X 0 0 0
X 0 0 0
X 0 0 0
X 0 0 0
X 0 0 0
X 0 0 0
X 0 0 0
X 0 0 0
X 0 0 0
X 0 0 0
X 0 0 0
X 0 0 0
X 0 0 0
X 0 0 0
X 0 0 0
