A 23.132 -32.266 13.925
Q 23.575 -28.512 13.881
V 19.922 -27.995 14.847
Q 17.903 -30.307 17.079
L 14.17 -29.711 17.56
V 12.016 -31.031 20.409
E 8.236 -30.474 20.225
S 6.055 -30.692 23.322
G 2.514 -29.989 24.501
G 0.564 -32.639 22.64
S -2.516 -33.6 24.596
L -6.193 -34.437 24.44
V -8.499 -31.417 24.416
Q -12.225 -30.947 23.933
P -13.733 -29.308 20.862
G -13.537 -25.54 21.332
G -10.657 -25.905 23.774
S -7.141 -24.649 23.386
L -3.61 -26.043 23.545
R -0.147 -24.44 23.58
L 2.567 -26.375 21.777
S 6.242 -25.53 22.056
C 9.338 -26.369 20.103
A 12.787 -25.898 21.581
A 15.661 -25.559 19.103
S 19.161 -26.513 20.268
G 22.531 -26.686 18.545
R 24.989 -24.227 17.083
F 22.487 -22.777 14.596
A 19.462 -22.729 16.856
E 19.766 -18.959 17.091
S 19.417 -18.61 13.295
S 16.581 -21.13 13.0
S 13.316 -20.089 11.439
M 10.684 -22.546 12.616
G 7.589 -23.828 10.913
W 4.762 -25.942 12.226
F 3.297 -28.663 10.038
R 0.534 -31.095 10.844
Q -0.097 -34.596 9.522
A -3.371 -36.3 10.216
P -3.579 -40.108 9.918
G -3.513 -41.083 6.257
K -3.218 -37.55 4.907
E -0.644 -35.079 3.661
R 1.482 -32.849 5.875
E 0.154 -29.313 5.691
F 1.481 -25.953 6.778
V 0.106 -24.258 9.904
A 2.32 -21.316 10.8
A 5.955 -20.242 10.763
I 7.996 -17.571 12.52
S 11.386 -16.117 11.664
W 14.584 -16.634 13.667
S 14.396 -13.108 15.011
G 10.843 -13.674 16.266
G 9.915 -10.684 14.143
A 7.944 -12.073 11.15
T 5.094 -14.522 11.284
N 3.114 -16.309 8.567
Y -0.09 -18.253 9.1
A -2.083 -20.665 7.004
D -5.633 -19.439 6.415
S -6.944 -22.149 8.725
A -4.826 -20.708 11.569
K -5.501 -17.007 11.118
G -7.584 -15.349 13.79
R -7.3 -18.334 16.132
F -3.621 -19.502 16.351
T -0.736 -17.43 17.674
L 2.949 -18.181 17.076
S 5.661 -16.498 19.143
R 9.346 -16.918 19.915
D 11.371 -16.635 23.096
N 14.845 -15.75 21.746
T 16.481 -16.429 25.142
K 15.734 -20.141 24.778
N 15.355 -20.467 20.967
T 11.893 -21.771 21.724
V 8.73 -21.164 19.699
Y 5.195 -21.339 21.12
L 2.085 -22.169 19.091
Q -1.105 -21.146 20.949
M -3.994 -23.004 19.341
N -7.481 -21.764 20.158
S -10.894 -22.867 19.037
L -9.833 -26.395 18.18
K -12.151 -28.746 16.252
P -11.962 -32.516 15.716
D -10.421 -32.039 12.25
D -7.465 -30.391 13.998
T -6.499 -33.843 15.28
A -3.014 -34.66 14.018
V 0.679 -35.09 14.711
Y 2.224 -31.59 14.81
Y 5.834 -31.303 13.639
C 8.191 -28.403 13.923
A 10.826 -27.884 11.253
A 13.569 -25.317 10.947
N 15.745 -23.699 8.324
L 18.742 -21.352 8.309
G 17.526 -19.157 5.442
N 14.807 -16.965 6.937
Y 12.106 -18.975 5.132
I 8.681 -19.034 6.826
S 6.32 -20.448 4.208
S 4.756 -23.744 3.262
N 7.296 -25.47 1.062
Q 8.373 -28.419 3.25
R 11.502 -29.0 1.19
L 12.968 -25.671 2.333
Y 13.088 -26.962 5.909
G 16.158 -29.071 6.505
Y 15.668 -30.032 10.148
W 12.629 -31.837 11.586
G 11.432 -32.768 15.023
Q 9.722 -36.007 15.965
G 6.238 -34.519 16.316
T 3.662 -34.357 19.08
Q 0.159 -35.751 19.039
V -2.856 -33.447 19.401
T -6.232 -35.105 19.775
V -9.475 -33.13 19.799
S -12.553 -34.873 21.212
X 0 0 0
X 0 0 0
X 0 0 0
X 0 0 0
X 0 0 0
X 0 0 0
X 0 0 0
X 0 0 0
X 0 0 0
X 0 0 0
X 0 0 0
X 0 0 0
X 0 0 0
X 0 0 0
X 0 0 0
X 0 0 0
