V 16.034 7.083 48.915
Q 14.116 9.547 51.16
L 10.575 10.557 50.147
V 8.092 12.478 52.315
E 4.547 13.242 51.111
S 2.287 16.116 52.107
G -0.891 17.877 51.014
G -3.538 15.35 52.026
G -6.585 16.059 54.094
L -10.35 15.843 54.378
V -12.578 17.392 51.696
Q -16.105 17.166 50.352
A -16.913 15.22 47.207
G -16.219 17.391 44.191
G -13.284 19.005 45.964
S -9.761 19.53 44.705
L -6.456 19.085 46.522
R -2.825 18.557 45.573
L -0.33 16.101 47.019
S 3.381 16.775 46.923
C 6.374 14.545 47.574
A 9.666 16.034 48.712
T 12.811 14.052 47.965
S 16.389 13.705 49.176
G 19.46 11.569 48.646
F 19.365 10.79 44.919
T 19.555 12.481 41.529
F 15.86 13.249 41.086
S 15.915 13.441 37.26
D 17.423 9.943 37.148
Y 14.142 8.39 38.298
A 10.588 7.926 37.23
M 8.203 8.585 40.113
G 4.856 6.997 40.947
W 1.846 7.566 43.183
F 0.006 4.627 44.769
R -2.929 4.463 47.15
Q -4.115 2.031 49.81
A -7.682 1.942 51.121
P -8.864 -0.188 54.073
G -8.553 -3.903 53.389
K -7.605 -3.482 49.718
E -4.28 -3.934 47.962
R -2.004 -0.96 47.422
E -2.851 0.126 43.9
F -1.244 2.153 41.135
V -2.514 5.711 40.669
A -0.104 7.484 38.302
A 3.525 7.588 37.213
I 5.786 10.061 35.416
S 9.06 9.647 33.543
W 12.241 11.552 34.341
S 11.474 14.362 31.861
G 7.763 14.59 32.621
H 6.883 13.875 28.995
V 5.618 10.322 29.647
T 2.747 9.882 32.117
D 0.435 6.972 32.905
Y -2.764 6.819 34.957
A -5.038 4.207 36.434
D -8.332 4.129 34.552
S -10.137 5.051 37.789
V -8.429 8.478 37.946
K -7.646 9.382 34.328
G -8.959 12.832 33.478
R -9.448 13.734 37.156
F -5.866 13.543 38.486
T -2.678 14.969 36.985
I 0.849 13.898 37.932
S 3.688 16.365 37.396
R 7.199 17.024 38.63
D 9.621 19.893 39.178
N 13.173 18.883 38.31
V 14.655 21.952 40.023
K 12.764 21.693 43.322
N 13.01 17.867 43.078
T 9.321 17.434 43.879
V 6.485 15.294 42.529
Y 2.863 16.435 42.552
L -0.53 14.758 42.269
Q -3.292 17.26 41.474
M -6.592 15.619 42.441
N -9.776 17.123 40.989
S -13.383 15.889 41.017
L -12.739 13.853 44.154
K -15.125 11.015 45.059
P -15.575 9.06 48.315
E -13.959 6.086 46.517
D -10.701 8.103 46.371
T -10.331 7.891 50.158
A -7.004 6.195 50.904
V -3.446 6.697 52.078
Y -1.518 8.017 49.062
S 2.198 7.26 48.866
C 4.958 8.108 46.434
A 7.765 5.848 45.213
A 10.796 6.043 42.939
A 11.117 3.615 40.085
K 13.372 0.546 39.971
S 16.069 1.595 37.529
G 15.565 5.058 36.034
T 14.575 3.805 32.602
W 10.888 3.185 33.281
W 8.247 2.493 30.627
Y 4.584 2.295 31.636
Q 5.368 -0.087 34.514
R 2.602 -0.097 37.147
S 3.554 -2.858 39.569
E 4.389 -2.083 43.195
N 7.451 -4.223 42.543
D 8.915 -1.914 39.869
F 9.111 0.932 42.407
G 10.916 1.4 45.696
S 11.997 3.879 48.389
W 8.363 4.416 49.433
G 7.263 7.32 51.545
Q 4.938 6.767 54.479
G 2.132 8.522 52.619
T -0.527 11.152 53.253
Q -4.18 10.485 54.112
V -6.903 11.705 51.735
T -10.496 11.437 52.956
V -13.398 12.445 50.709
S -16.879 12.733 52.213
X 0 0 0
X 0 0 0
X 0 0 0
X 0 0 0
X 0 0 0
X 0 0 0
X 0 0 0
X 0 0 0
X 0 0 0
X 0 0 0
X 0 0 0
X 0 0 0
X 0 0 0
X 0 0 0
X 0 0 0
X 0 0 0
