Q 96.794 148.725 83.592
V 95.822 147.798 80.042
Q 92.393 146.439 79.194
L 92.496 143.276 77.178
V 90.006 141.337 75.048
E 90.251 137.835 73.593
T 88.296 136.711 70.542
G 88.151 133.778 68.158
G 87.402 130.904 70.519
G 84.188 128.94 70.474
L 82.827 125.525 69.528
V 84.801 123.299 67.167
Q 85.127 119.61 66.335
P 88.395 117.796 67.148
G 90.444 118.044 63.981
G 89.82 121.647 62.975
S 91.558 125.022 63.255
L 91.033 128.206 65.258
R 92.482 131.717 65.376
L 92.732 133.406 68.775
S 93.128 137.161 68.384
C 93.952 139.038 71.586
G 93.585 142.806 71.288
A 94.64 145.415 73.821
S 93.569 148.889 74.883
G 96.817 150.53 75.98
S 98.974 151.28 72.962
I 102.703 151.229 73.645
F 102.999 147.445 73.901
N 106.79 147.053 73.528
M 106.973 144.785 76.554
Y 108.652 141.735 78.059
A 106.407 138.741 77.416
M 103.112 138.141 75.655
G 101.613 134.675 75.961
W 98.703 132.297 76.272
Y 97.796 129.822 79.001
R 94.874 127.508 79.822
Q 93.89 126.87 83.456
A 91.514 124.078 82.503
P 90.077 122.039 85.383
G 93.028 119.834 86.262
K 94.727 123.08 86.671
R 98.459 122.725 85.778
R 97.98 126.028 84.057
E 100.528 125.856 81.309
V 101.82 128.612 79.113
V 100.691 127.416 75.706
A 102.237 130.226 73.695
R 105.061 132.523 74.624
I 106.566 135.385 72.615
A 109.347 137.753 73.682
T 110.714 141.074 72.439
D 112.872 139.23 69.887
D 109.699 137.252 68.981
S 111.587 134.116 70.014
T 108.568 131.824 69.965
M 108.439 129.238 72.759
Y 106.029 126.265 72.858
P 105.652 123.331 75.27
D 106.098 119.645 74.534
S 102.443 118.731 73.968
V 101.482 121.386 71.411
K 104.854 122.084 69.811
G 104.856 123.346 66.237
R 101.189 122.95 65.347
F 100.361 126.398 66.74
T 101.768 129.796 65.916
I 101.866 133.15 67.688
S 101.901 136.436 65.815
R 102.35 139.948 67.132
D 101.333 143.187 65.541
N 101.264 146.801 66.529
A 98.941 149.359 64.799
K 96.334 147.105 66.363
N 97.757 145.602 69.546
T 97.018 141.992 68.786
V 98.614 138.629 69.356
Y 97.485 135.674 67.278
L 97.43 132.11 68.583
Q 96.622 130.251 65.395
M 95.664 126.701 66.338
N 95.758 123.644 64.088
S 94.813 119.949 64.404
L 92.809 120.287 67.582
K 92.37 117.529 70.133
P 89.657 116.688 72.702
E 92.122 117.115 75.586
D 92.358 120.864 74.883
T 88.787 121.545 76.079
A 89.843 124.53 78.104
V 89.472 128.215 78.699
Y 92.262 130.213 77.046
Y 93.955 133.332 78.375
C 96.282 135.962 76.946
Y 98.746 137.406 79.437
Y 101.173 140.289 79.444
Q 104.098 141.521 81.5
R 105.943 144.799 81.258
T 109.531 144.275 82.443
V 111.084 141.445 84.533
M 109.023 140.032 87.055
S 106.504 142.947 87.655
Q 103.494 140.644 88.341
P 102.303 139.144 85.006
Y 98.69 140.139 84.634
W 95.965 137.945 83.237
G 92.934 138.59 81.092
Q 89.558 137.002 80.716
G 89.393 133.817 78.672
T 87.543 132.091 75.855
Q 86.182 128.66 76.768
V 87.207 126.636 73.727
T 85.186 123.411 73.797
V 86.496 120.515 71.71
S 85.054 116.969 71.811
X 0 0 0
X 0 0 0
X 0 0 0
X 0 0 0
X 0 0 0
X 0 0 0
X 0 0 0
X 0 0 0
X 0 0 0
X 0 0 0
X 0 0 0
X 0 0 0
X 0 0 0
X 0 0 0
X 0 0 0
X 0 0 0
X 0 0 0
X 0 0 0
X 0 0 0
X 0 0 0
X 0 0 0
X 0 0 0
X 0 0 0
X 0 0 0
