Q 5.674 1.327 13.043
V 3.562 -1.527 14.545
Q -0.025 -1.644 13.272
L -2.737 -3.765 14.883
Q -5.688 -3.946 12.468
E -8.782 -5.494 14.031
S -11.984 -6.861 12.576
G -14.798 -9.262 13.31
G -16.993 -7.66 15.953
G -20.745 -7.704 15.791
S -24.074 -8.138 17.544
V -25.271 -11.622 18.421
Q -27.747 -13.348 20.692
A -26.629 -15.094 23.869
G -25.363 -18.545 22.934
G -24.034 -17.414 19.559
S -20.52 -17.007 18.212
L -18.17 -14.405 16.804
R -14.591 -14.523 15.552
L -12.271 -11.554 16.07
S -9.121 -11.042 14.004
C -6.094 -8.792 14.387
V -3.55 -8.486 11.567
V -0.192 -7.148 12.735
S 2.404 -5.415 10.63
G 5.583 -3.523 11.292
N 8.449 -3.94 13.668
T 7.111 -6.082 16.491
G 10.272 -7.884 17.466
S 10.321 -11.657 17.755
T 9.216 -12.134 21.368
G 6.342 -11.062 23.566
Y 2.63 -10.937 24.245
W -0.272 -10.612 21.818
A -3.497 -10.18 23.771
W -7.199 -9.459 23.672
F -8.702 -7.057 26.219
R -12.365 -6.217 26.767
Q -13.099 -2.553 27.401
G -16.354 -1.801 29.169
P -17.26 1.231 31.299
T -12.602 3.242 32.188
E -12.61 -0.546 32.857
R -10.48 -3.111 31.022
E -9.946 -6.865 31.45
G -7.628 -9.4 29.835
V -9.556 -12.01 27.869
A -6.821 -14.174 26.363
A -3.262 -13.878 25.131
T -0.373 -15.692 23.569
Y 3.253 -15.312 24.478
T 5.713 -16.108 21.711
A 9.318 -16.888 22.583
G 12.399 -16.4 20.454
S 12.545 -20.177 20.221
G 9.34 -20.012 18.149
T 7.316 -21.83 20.835
S 4.214 -19.986 22.046
M 2.016 -20.238 25.127
T -1.703 -19.567 25.486
Y -3.536 -17.906 28.372
Y -7.225 -17.349 29.154
A -9.205 -15.411 31.721
D -11.352 -17.571 34.005
S -14.521 -15.918 32.615
V -13.93 -17.233 29.081
K -11.992 -20.463 29.583
G -13.958 -23.201 27.857
R -15.874 -20.765 25.625
F -13.158 -18.871 23.732
T -10.117 -20.023 21.753
I -7.118 -17.833 20.938
S -4.821 -18.788 18.093
Q -2.484 -17.18 15.661
D -1.508 -17.842 12.073
N 2.099 -16.627 12.098
A 2.41 -16.998 8.337
K -0.477 -14.524 7.953
K 0.567 -12.451 11.02
T -3.017 -12.751 12.302
L -4.314 -13.354 15.821
Y -7.78 -14.861 16.196
L -10.263 -14.911 19.071
Q -12.993 -17.472 18.494
M -15.873 -16.585 20.82
N -18.474 -19.301 21.382
S -21.36 -19.515 23.865
L -21.428 -15.749 24.127
K -22.973 -14.085 27.18
P -24.201 -10.528 27.783
E -21.237 -9.965 30.111
D -18.978 -10.451 27.056
T -20.279 -7.182 25.603
G -17.577 -4.59 25.124
M -15.017 -2.963 22.88
Y -12.384 -5.598 22.193
R -8.864 -4.245 21.903
C -5.898 -6.203 20.674
A -2.639 -5.162 22.319
S 0.954 -6.287 22.048
T 4.182 -5.772 23.915
R 7.63 -7.313 24.328
F 7.598 -7.391 28.135
A 4.912 -7.765 30.784
G 5.033 -9.273 34.242
R 1.679 -10.905 33.619
W -0.19 -11.344 30.366
Y -3.231 -9.489 31.723
R -1.325 -6.4 32.976
D -2.707 -3.901 30.463
S -0.608 -1.086 31.953
E 2.483 -2.918 30.657
Y 1.293 -3.168 27.031
R 2.8 -0.605 24.702
A 0.78 -1.048 21.487
W -3.025 -0.927 21.227
G -5.263 -1.558 18.26
Q -8.401 0.322 17.387
G -11.079 -1.843 18.853
T -13.95 -3.823 17.424
Q -17.307 -3.813 19.208
V -18.989 -6.99 20.516
T -22.602 -6.848 21.661
V -24.416 -9.843 23.126
S -28.12 -9.444 23.821
X 0 0 0
X 0 0 0
X 0 0 0
X 0 0 0
X 0 0 0
X 0 0 0
X 0 0 0
X 0 0 0
X 0 0 0
X 0 0 0
X 0 0 0
X 0 0 0
X 0 0 0
X 0 0 0
X 0 0 0
