Q 6.806 -1.035 23.327
V 9.04 1.66 21.851
Q 9.075 4.72 24.107
L 10.409 8.137 23.064
Q 10.945 11.113 25.374
E 12.095 14.556 24.193
S 13.88 17.266 26.124
G 15.765 20.513 25.758
G 13.16 22.842 24.334
G 12.021 26.236 25.43
S 11.916 29.871 24.443
V 14.726 31.459 22.457
Q 15.266 34.704 20.592
A 15.158 34.819 16.813
G 18.595 34.12 15.368
G 19.382 31.845 18.302
S 20.414 28.222 18.636
L 18.972 25.245 20.506
R 19.714 21.518 20.701
L 16.842 19.093 21.336
S 17.284 15.517 22.555
C 15.148 12.401 22.482
V 15.877 9.208 24.348
V 14.553 5.853 23.128
S 13.883 2.628 24.986
G 12.284 -0.687 24.145
N 12.557 -3.302 21.43
T 13.185 -1.147 18.368
G 15.001 -3.62 16.157
S 18.12 -2.49 14.294
T 16.775 -0.695 11.207
G 14.332 2.107 10.573
Y 13.535 5.802 10.595
W 14.084 8.162 13.521
A 12.57 11.576 12.948
W 11.713 15.021 14.264
F 8.325 16.581 13.561
R 6.988 19.958 14.541
Q 3.395 20.944 15.353
G 3.236 24.717 14.847
P 0.461 27.085 15.987
R 2.474 18.408 11.836
E 5.408 18.637 9.439
G 8.508 16.521 9.071
V 11.626 18.457 10.022
A 14.436 15.926 9.677
A 14.94 12.196 9.808
T 17.667 9.58 9.798
Y 17.343 6.103 8.353
T 19.632 3.6 10.072
A 20.271 0.519 7.943
G 22.014 -1.597 10.573
S 25.09 -2.387 8.482
T 24.908 2.531 7.446
S 22.741 5.651 7.498
M 20.817 8.233 5.449
T 19.604 11.655 6.6
Y 16.806 13.861 5.239
Y 15.804 17.485 5.849
A 12.756 19.585 5.082
D 13.542 22.343 2.59
S 12.619 25.038 5.138
V 15.298 23.907 7.626
K 18.068 22.72 5.262
G 21.365 24.256 6.326
R 19.986 25.559 9.618
F 19.129 22.313 11.437
T 21.212 19.157 11.903
I 19.895 15.791 13.068
S 22.35 13.415 14.715
Q 22.277 10.488 17.083
D 24.43 8.87 19.726
N 23.754 5.172 19.332
A 25.582 4.18 22.521
K 23.384 6.667 24.45
K 20.173 5.787 22.551
T 19.667 9.524 22.022
L 18.6 11.474 18.921
Y 19.462 15.153 18.614
L 18.144 18.135 16.676
Q 20.61 21.001 16.504
M 18.886 24.231 15.495
N 20.596 27.448 14.373
S 19.379 30.763 12.968
L 15.984 30.157 14.544
K 13.052 31.97 12.952
P 9.595 32.65 14.422
E 8.048 30.151 12.007
D 10.179 27.482 13.671
T 7.885 27.782 16.705
G 6.061 24.599 17.586
M 5.854 21.413 19.593
Y 8.806 19.297 18.465
R 8.004 15.595 18.64
C 10.258 12.676 17.917
A 8.91 9.655 16.07
S 10.279 6.311 14.981
T 9.231 3.477 12.709
R 10.605 0.364 11.072
F 9.184 1.214 7.621
A 8.212 4.439 5.888
G 7.625 5.541 2.333
R 7.841 9.285 2.923
W 10.155 10.07 5.818
Y 8.186 13.286 6.432
R 4.678 11.776 6.581
D 3.597 11.599 10.224
S 1.067 8.811 9.601
E 3.845 6.382 8.614
Y 5.281 6.528 12.149
R 4.161 4.115 14.838
A 6.007 5.436 17.919
W 5.779 9.031 19.16
G 7.044 11.138 22.006
Q 4.905 13.77 23.686
G 7.186 16.568 22.518
T 9.186 19.558 23.713
Q 7.938 23.076 22.981
V 10.115 25.53 21.067
T 8.986 29.156 21.005
V 10.998 31.603 18.894
S 10.538 35.273 19.794
X 0 0 0
X 0 0 0
X 0 0 0
X 0 0 0
X 0 0 0
X 0 0 0
X 0 0 0
X 0 0 0
X 0 0 0
X 0 0 0
X 0 0 0
X 0 0 0
X 0 0 0
X 0 0 0
X 0 0 0
X 0 0 0
X 0 0 0
X 0 0 0
