Q 43.319 36.118 16.536
V 41.056 33.131 15.754
Q 41.573 30.491 18.442
L 40.294 26.905 18.38
Q 40.18 24.413 21.261
E 39.04 20.81 20.88
S 37.736 18.518 23.574
G 35.859 15.277 24.022
G 38.517 12.879 22.812
G 39.037 9.578 24.532
S 39.374 5.818 24.264
V 36.499 3.712 22.946
Q 35.76 0.121 21.985
A 35.175 -0.645 18.327
G 31.515 -0.093 17.514
G 31.202 2.672 20.088
S 30.21 6.316 19.987
L 31.955 9.583 20.847
R 31.244 13.304 20.384
L 34.06 15.805 19.848
S 33.666 19.539 20.366
C 35.639 22.563 19.308
V 35.073 26.092 20.621
V 36.179 29.122 18.581
S 36.928 32.664 19.674
G 38.424 35.681 17.951
N 37.725 37.662 14.798
T 36.431 34.896 12.542
G 34.269 36.947 10.229
S 30.887 35.628 9.178
T 31.67 33.159 6.372
G 33.971 30.224 5.678
Y 34.973 26.644 6.407
W 35.07 24.89 9.778
A 36.522 21.398 9.545
W 37.698 18.299 11.366
F 40.986 16.73 10.296
R 42.599 13.613 11.636
Q 46.238 12.557 11.689
G 47.988 9.451 12.949
P 51.679 9.34 13.87
G 53.777 9.852 10.757
T 50.73 10.177 8.48
E 49.306 13.086 6.528
R 46.274 14.978 7.765
E 43.036 13.65 6.299
G 39.85 15.687 6.048
V 37.025 14.059 7.978
A 34.127 16.503 7.678
A 33.556 20.2 7.262
T 30.905 22.85 7.174
Y 30.734 25.964 5.038
T 28.738 28.762 6.622
A 27.361 31.673 4.602
G 26.282 35.106 5.788
S 22.843 33.899 6.876
T 23.017 28.74 6.718
S 25.542 25.927 6.363
M 26.503 23.205 3.914
T 28.189 20.0 4.989
Y 30.963 17.823 3.505
Y 32.168 14.324 4.466
A 35.017 12.027 3.58
D 33.668 8.882 1.942
S 35.29 6.775 4.677
V 33.152 8.358 7.435
K 29.905 9.069 5.573
G 26.895 7.654 7.381
R 28.917 7.057 10.568
F 30.061 10.557 11.546
T 27.905 13.662 11.646
I 29.228 17.214 11.829
S 27.131 19.989 13.342
Q 27.608 23.361 14.94
D 25.934 25.502 17.587
N 26.508 29.052 16.439
A 25.343 30.692 19.671
K 27.898 28.554 21.567
K 30.56 29.088 18.858
T 31.08 25.319 18.912
L 31.654 22.701 16.195
Y 30.753 19.059 16.935
L 31.745 15.714 15.428
Q 29.339 12.955 16.444
M 30.955 9.565 15.861
N 29.124 6.259 15.741
S 30.17 2.745 14.719
L 33.77 3.589 15.507
K 36.498 1.496 13.841
P 40.159 1.046 14.853
E 41.221 2.919 11.692
D 39.399 5.977 13.056
T 42.15 6.232 15.697
G 44.05 9.506 15.411
M 44.572 13.034 16.642
Y 41.471 15.002 15.674
R 42.156 18.667 15.019
C 39.698 21.365 14.13
A 40.599 24.01 11.557
S 38.971 27.087 10.099
T 39.476 29.483 7.205
R 37.544 32.137 5.332
F 38.787 30.695 2.035
A 39.42 27.219 0.654
G 39.168 25.897 -2.884
R 38.375 22.391 -1.627
W 37.121 21.622 1.869
Y 39.568 18.784 2.548
R 42.808 20.6 1.627
D 44.44 21.208 5.003
S 47.05 23.505 3.431
E 44.319 26.119 2.847
Y 43.23 26.364 6.5
R 44.453 29.352 8.515
A 43.576 28.537 12.147
W 44.264 25.239 13.905
G 43.52 23.784 17.297
Q 46.015 21.528 19.023
G 43.766 18.488 18.773
T 42.068 15.825 20.858
Q 43.082 12.165 20.666
V 40.607 9.442 19.731
T 41.768 5.87 20.234
V 39.586 2.99 19.044
S 40.538 -0.479 20.267
X 0 0 0
X 0 0 0
X 0 0 0
X 0 0 0
X 0 0 0
X 0 0 0
X 0 0 0
X 0 0 0
X 0 0 0
X 0 0 0
X 0 0 0
X 0 0 0
X 0 0 0
X 0 0 0
X 0 0 0
