M 3.876 -0.573 -1.538
Q 2.072 -1.698 -4.763
L 3.079 -3.929 -7.729
Q 3.792 -1.642 -10.738
L 3.298 -3.298 -14.188
V 4.419 -1.297 -17.297
E 3.252 -2.884 -20.584
S 5.157 -2.239 -23.846
G 6.137 -3.813 -27.231
G 2.614 -3.154 -28.62
G 2.317 -2.561 -32.383
L 0.492 -3.366 -35.66
V 1.153 -6.56 -37.725
Q -0.765 -8.404 -40.539
A -3.145 -11.401 -40.032
G -1.002 -14.592 -39.749
G 1.996 -12.528 -38.52
S 3.702 -12.316 -35.086
L 4.621 -9.711 -32.399
R 6.674 -9.752 -29.127
L 5.287 -7.938 -26.045
S 7.123 -6.688 -22.924
C 6.223 -5.816 -19.29
A 8.537 -3.985 -16.816
A 7.75 -5.222 -13.257
S 8.626 -3.003 -10.239
G 7.27 -2.176 -6.734
R 6.425 -5.507 -4.972
T 8.426 -8.657 -5.88
F 6.463 -10.28 -8.793
S 8.555 -13.387 -7.839
S 5.947 -13.745 -4.985
Y 3.051 -13.415 -7.56
A 1.579 -15.025 -10.704
M 0.82 -12.523 -13.532
G -1.519 -12.933 -16.524
W -2.187 -11.111 -19.812
F -5.826 -10.004 -20.345
R -7.271 -7.929 -23.285
Q -10.161 -5.632 -24.298
A -11.303 -3.185 -27.075
P -14.098 -4.682 -29.423
G -17.064 -4.847 -26.958
K -14.748 -6.6 -24.439
E -13.765 -6.42 -20.739
R -10.363 -7.847 -19.51
E -10.802 -11.455 -20.751
F -8.482 -14.407 -19.881
V -5.811 -14.633 -22.645
A -2.902 -16.244 -20.722
V -1.509 -16.605 -17.123
V 2.03 -17.562 -15.958
N 3.654 -18.15 -12.536
W 6.887 -16.215 -11.757
S 8.961 -19.452 -12.11
G 7.448 -20.254 -15.546
R 6.395 -23.523 -13.821
R 2.767 -23.127 -15.024
T 1.524 -21.529 -18.279
Y -2.265 -21.289 -18.969
Y -3.814 -20.363 -22.38
A -7.351 -19.467 -23.572
D -8.742 -21.47 -26.585
S -8.853 -18.239 -28.715
V -5.025 -17.814 -28.434
K -3.953 -21.362 -27.325
G -0.984 -23.126 -29.028
R 0.157 -19.858 -30.72
F 0.694 -17.636 -27.6
T 3.52 -18.233 -25.068
I 4.576 -16.263 -21.915
S 8.187 -15.86 -20.633
R 9.87 -13.834 -17.813
D 13.417 -13.084 -16.578
N 13.043 -13.037 -12.747
A 16.646 -11.703 -12.395
K 15.982 -8.777 -14.825
N 12.321 -8.403 -13.61
T 10.931 -8.314 -17.227
V 8.001 -10.353 -18.681
Y 7.482 -11.057 -22.44
L 4.477 -12.362 -24.486
Q 5.254 -14.153 -27.792
M 2.221 -13.722 -30.109
N 2.362 -16.087 -33.141
S -0.208 -16.311 -36.036
L -2.366 -13.289 -34.975
K -6.014 -13.643 -36.105
P -7.809 -10.292 -37.16
E -9.92 -10.485 -33.898
D -6.867 -9.983 -31.547
T -6.831 -6.138 -32.075
A -7.041 -5.031 -28.392
V -5.223 -3.341 -25.478
Y -3.49 -6.079 -23.361
N -3.328 -5.391 -19.586
C -0.932 -7.327 -17.313
A -2.791 -8.245 -14.1
A -1.166 -10.032 -11.106
G -2.118 -11.227 -7.622
K -3.713 -14.291 -6.003
W -4.776 -16.937 -8.589
D -7.492 -19.225 -7.108
G -9.757 -21.049 -9.589
S -12.861 -18.798 -9.666
Y -13.295 -17.448 -13.27
Y -14.578 -14.082 -11.872
G -11.82 -11.869 -13.394
A -11.1 -9.394 -10.55
P -7.238 -8.969 -10.061
D -5.385 -7.616 -6.956
Y -2.979 -5.638 -9.207
W -3.312 -4.49 -12.858
G -1.266 -2.391 -15.307
Q -1.768 0.415 -17.879
G -2.264 -1.671 -21.063
T -0.346 -2.1 -24.37
Q -2.35 -1.411 -27.585
V -1.689 -4.139 -30.223
T -3.348 -4.133 -33.67
V -3.643 -6.973 -36.194
S -4.325 -5.772 -39.773
S -7.566 -7.541 -40.82
L -8.677 -8.812 -44.291
E -7.052 -12.189 -45.152
H -7.182 -10.8 -48.77
H -6.793 -14.224 -50.558
H -9.645 -14.359 -53.128
H -7.521 -16.951 -55.067
H -10.247 -17.51 -57.759
H -14.078 -17.177 -57.968
X 0 0 0
X 0 0 0
X 0 0 0
X 0 0 0
X 0 0 0
X 0 0 0
X 0 0 0
X 0 0 0
X 0 0 0
