E -4.744 -8.78 -3.453
V -5.876 -7.933 0.098
Q -3.893 -5.428 2.115
L -4.317 -3.576 5.369
V -2.359 -0.36 5.413
E -2.014 1.033 8.959
S -1.256 4.549 10.208
G -1.867 6.723 13.302
G 0.71 5.552 15.853
G 3.259 7.833 17.534
L 4.137 9.396 20.888
V 1.53 10.53 23.407
Q 1.812 11.439 27.102
P 0.106 9.326 29.824
G -3.574 10.355 29.956
G -3.57 11.228 26.214
S -5.763 9.844 23.438
L -4.847 8.551 19.958
R -6.75 7.26 16.873
L -5.35 4.354 14.817
S -6.25 3.639 11.192
C -6.427 0.436 9.194
A -7.403 1.02 5.547
A -8.605 -2.066 3.677
S -7.554 -2.578 0.077
G -8.949 -5.424 -2.049
F -11.987 -5.984 0.172
T -14.726 -4.148 2.114
V -14.263 -3.696 5.918
S -18.038 -3.994 6.447
S -18.16 -7.498 4.919
Y -15.801 -9.291 7.414
G -14.825 -9.611 11.037
M -11.852 -7.464 11.983
S -9.945 -7.094 15.222
W -6.891 -5.354 16.7
V -4.003 -7.199 18.356
R -0.863 -5.636 19.932
Q 2.622 -6.692 21.007
A 4.666 -4.886 23.678
P 8.43 -5.664 23.409
G 9.258 -8.745 25.534
K 5.629 -9.967 25.496
G 3.574 -12.173 23.235
P 0.814 -10.562 21.119
E -2.398 -9.709 22.899
W -5.891 -9.519 21.461
V -7.466 -6.213 22.383
S -10.661 -5.457 20.388
G -12.751 -6.931 17.612
I -15.881 -6.699 15.497
R -17.67 -9.942 14.655
G -18.432 -10.126 10.925
S -21.724 -12.04 11.273
D -23.608 -9.494 13.396
G -21.378 -6.386 13.974
S -21.087 -7.182 17.744
T -18.052 -5.481 19.305
Y -15.68 -6.993 21.92
Y -12.853 -5.691 24.105
A -10.163 -7.146 26.376
D -10.459 -6.32 30.098
S -7.272 -4.191 30.038
V -8.993 -1.892 27.54
K -12.788 -1.89 28.327
G -14.092 1.645 28.892
R -11.074 3.305 27.18
F -10.918 1.833 23.621
T -13.49 1.911 20.833
I -13.232 -0.095 17.587
S -15.325 1.027 14.585
R -15.54 1.191 10.787
D -16.04 4.073 8.36
N -17.636 2.403 5.28
S -17.046 5.525 3.12
K -13.274 5.466 3.799
N -13.272 1.663 3.915
T -11.08 1.734 7.107
L -11.186 0.129 10.589
Y -10.214 2.47 13.507
L -9.11 2.081 17.096
Q -9.994 5.134 19.148
M -7.765 4.865 22.25
N -8.503 7.156 25.24
S -6.932 7.684 28.693
L -3.703 6.006 27.604
R -1.179 4.486 30.064
A 2.41 3.139 29.954
E 1.412 -0.516 29.427
D -0.727 0.389 26.361
T 2.707 0.837 24.595
A 3.025 -1.734 21.738
V 3.032 -2.308 17.995
Y -0.7 -2.358 17.061
Y -1.853 -4.725 14.25
C -5.238 -4.889 12.505
A -6.329 -8.215 11.023
K -9.164 -9.668 8.956
Q -11.133 -12.925 9.242
G -12.265 -15.185 6.402
E -15.913 -15.397 5.241
N -18.563 -16.501 7.799
D -16.53 -15.625 10.915
G -13.561 -17.637 9.499
P -9.873 -17.816 10.558
F -7.728 -14.653 10.395
D -6.295 -14.63 6.856
H -4.41 -11.256 6.687
R -2.848 -8.621 9.011
G -1.485 -5.066 8.618
Q 2.199 -4.098 8.725
G 1.971 -2.694 12.3
T 2.101 0.821 13.816
L 3.97 1.821 16.983
V 2.212 3.449 19.918
T 4.523 4.847 22.638
V 3.098 6.168 25.945
S 5.662 8.046 28.155
X 0 0 0
X 0 0 0
X 0 0 0
X 0 0 0
X 0 0 0
X 0 0 0
X 0 0 0
X 0 0 0
X 0 0 0
X 0 0 0
X 0 0 0
X 0 0 0
X 0 0 0
X 0 0 0
X 0 0 0
X 0 0 0
X 0 0 0
X 0 0 0
X 0 0 0
X 0 0 0
X 0 0 0
X 0 0 0
