D -6.797 -23.462 -4.34
V -8.908 -24.76 -7.186
Q -8.94 -28.317 -8.529
L -9.916 -28.817 -12.167
V -10.909 -32.218 -13.55
V -10.826 -32.195 -13.593
E -11.45 -32.998 -17.236
S -13.727 -35.647 -18.633
S -13.742 -35.645 -18.657
G -14.452 -36.658 -22.191
G -12.031 -37.022 -25.071
G -10.703 -39.801 -27.31
S -11.204 -40.627 -30.952
V -13.371 -38.791 -33.368
Q -13.749 -38.908 -37.148
A -12.92 -35.797 -39.237
G -16.053 -33.721 -39.463
G -17.384 -35.224 -36.258
S -17.992 -33.804 -32.783
L -16.737 -34.411 -29.244
R -17.605 -32.695 -25.97
R -17.608 -32.705 -25.983
L -15.049 -32.104 -23.201
S -16.01 -31.166 -19.654
S -16.011 -31.14 -19.677
C -14.084 -29.479 -16.867
A -15.307 -29.494 -13.295
A -13.922 -26.979 -10.823
S -13.873 -27.495 -7.073
G -12.232 -25.893 -4.043
S -11.927 -22.09 -3.926
S -11.947 -22.099 -3.91
T -14.344 -21.775 -6.867
D -16.017 -18.571 -5.793
S -13.164 -16.406 -6.945
I -12.985 -18.136 -10.431
E -12.912 -15.499 -13.168
Y -12.111 -17.367 -16.419
M -12.376 -21.022 -17.287
M -12.456 -21.047 -17.297
T -10.44 -21.741 -20.459
W -9.425 -24.572 -22.745
F -5.841 -24.861 -23.981
R -4.344 -27.458 -26.25
Q -0.96 -28.8 -27.221
A -0.571 -30.602 -30.544
P 2.27 -33.066 -31.109
G 5.58 -31.198 -31.335
K 3.981 -27.788 -30.746
A 3.595 -25.313 -27.962
R 0.486 -25.025 -25.831
E -2.003 -22.457 -27.151
G -5.217 -20.955 -25.789
V -8.253 -22.319 -27.676
A -11.389 -20.863 -26.022
A -11.817 -18.708 -22.95
L -14.995 -18.02 -21.015
Y -15.427 -15.138 -18.533
T -17.704 -16.821 -16.019
H -19.478 -13.753 -14.616
T -20.841 -12.575 -17.988
G -20.647 -15.694 -20.193
N -18.479 -13.78 -22.706
T -16.25 -16.0 -24.845
Y -12.974 -15.587 -26.737
Y -11.61 -17.942 -29.371
T -8.357 -18.48 -31.22
D -8.839 -17.909 -34.932
S -8.268 -21.536 -36.03
V -11.332 -22.769 -34.09
K -13.848 -19.934 -34.586
G -17.245 -21.197 -35.614
R -16.319 -24.861 -34.94
F -15.678 -24.951 -31.206
T -18.019 -23.596 -28.526
I -17.074 -23.033 -24.927
S -19.977 -22.819 -22.46
Q -20.535 -23.165 -18.717
D -22.847 -24.17 -15.917
K -21.752 -21.495 -13.43
A -23.919 -22.81 -10.58
K -22.129 -26.19 -10.916
N -18.66 -24.71 -11.639
M -18.514 -26.533 -14.955
A -17.028 -25.521 -18.301
Y -17.636 -27.387 -21.518
L -15.866 -27.481 -24.872
R -18.037 -28.661 -27.817
M -15.74 -29.459 -30.696
D -17.798 -29.628 -33.936
S -16.567 -30.198 -37.458
V -13.196 -31.414 -36.172
K -10.107 -31.367 -38.411
S -6.801 -33.191 -38.535
S -6.8 -33.273 -38.247
E -5.035 -30.189 -36.976
E -5.065 -30.138 -36.988
D -7.258 -30.452 -33.836
T -5.473 -33.581 -32.643
A -3.964 -32.584 -29.341
I -3.964 -32.828 -25.57
Y -6.701 -30.481 -24.351
T -6.205 -28.936 -20.875
C -8.66 -26.942 -18.774
G -7.265 -23.824 -17.101
A -8.722 -21.341 -14.628
T -7.786 -18.187 -12.932
R -9.0 -16.189 -9.983
K -7.763 -12.921 -11.396
A -9.653 -10.526 -13.588
V -7.358 -10.875 -16.552
P -7.781 -8.332 -19.348
V -9.552 -9.859 -22.325
R -6.468 -9.319 -24.506
F -4.498 -11.743 -22.309
A -7.242 -14.355 -21.793
L -5.761 -16.872 -24.254
D -2.219 -16.66 -22.864
D -2.18 -16.559 -22.809
Q -1.218 -19.562 -20.656
S 0.758 -17.365 -18.253
S -2.555 -15.716 -17.219
Y -3.767 -18.959 -15.635
D -3.195 -20.251 -12.098
Y -4.895 -23.661 -12.09
W -4.742 -26.574 -14.527
G -6.489 -29.872 -15.23
Q -4.737 -33.104 -16.301
G -5.001 -32.871 -20.068
T -7.184 -35.139 -22.2
T -7.191 -35.094 -22.184
Q -6.208 -36.582 -25.549
V -8.346 -35.945 -28.567
T -7.356 -37.799 -31.76
V -8.949 -36.996 -35.093
S -8.77 -39.958 -37.454
X 0 0 0
X 0 0 0
X 0 0 0
X 0 0 0
