V -13.927 -8.084 101.486
Q -12.458 -7.691 97.985
L -10.666 -4.821 96.233
V -10.19 -5.267 92.474
E -8.011 -2.761 90.619
S -8.274 -1.953 86.917
G -7.252 0.623 84.342
G -3.488 0.086 84.385
G -1.203 -0.6 81.472
L 1.694 0.788 79.456
V 2.066 4.329 78.105
Q 4.733 6.712 76.824
A 6.036 9.669 78.805
G 3.504 12.486 78.985
G 0.55 10.153 78.44
S -2.374 9.588 80.759
L -4.106 6.697 82.52
R -7.103 6.309 84.837
L -7.232 3.61 87.509
S -10.426 2.212 89.017
C -11.042 0.151 92.153
T -14.414 -1.471 92.814
A -15.123 -2.572 96.38
S -16.965 -5.635 97.685
G -18.887 -5.944 100.961
F -18.017 -3.261 103.537
T -19.432 0.226 103.826
F -17.389 2.065 101.19
D -18.736 5.544 101.976
D -17.63 5.394 105.642
Y -14.011 4.359 104.951
T -10.978 6.429 103.972
M -9.82 5.06 100.614
G -6.286 5.447 99.307
W -3.81 4.627 96.556
F -0.341 3.17 97.149
R 2.476 2.294 94.765
Q 5.557 0.068 94.939
A 8.582 0.652 92.71
P 10.71 -2.341 91.594
G 13.179 -3.032 94.389
K 11.854 -0.253 96.646
E 9.397 -0.158 99.526
R 5.693 0.565 99.129
E 4.93 4.29 99.36
G 1.688 6.233 99.626
V 0.319 8.24 96.7
S -3.061 9.73 97.616
Y -6.007 9.14 99.928
T -9.401 10.708 100.551
G -11.914 10.308 103.347
W -12.248 11.262 107.006
S -10.116 14.095 108.376
M -15.878 15.491 113.024
S -17.222 17.389 110.018
G -15.522 17.086 106.686
S -13.552 15.266 104.017
T -9.771 15.42 103.627
T -7.872 14.504 100.459
Y -4.102 14.012 100.309
Y -1.527 14.062 97.509
T 2.204 13.323 97.682
D 4.714 15.914 96.392
S 5.802 13.704 93.479
V 2.204 13.475 92.181
K 1.154 17.024 93.138
G -0.8 18.818 90.42
R -0.758 15.784 88.105
F -2.822 13.131 89.919
T -6.472 13.348 90.965
I -8.311 11.023 93.353
S -12.109 10.731 93.431
R -14.729 8.362 94.804
D -18.243 7.269 93.839
N -20.152 6.199 96.951
A -23.103 4.949 94.88
K -21.035 2.501 92.802
N -18.425 1.877 95.584
T -15.581 2.761 93.215
L -12.346 4.698 93.739
Y -10.619 6.504 90.868
L -7.116 7.855 90.217
Q -6.713 10.123 87.178
M -2.989 10.156 86.339
N -2.084 12.937 83.895
S 1.366 13.971 82.58
L 2.981 10.647 83.417
K 6.744 10.585 84.15
P 8.986 7.476 84.034
E 9.472 7.772 87.817
D 5.741 6.966 88.227
T 6.363 3.382 87.039
A 5.154 1.037 89.797
M 2.462 -1.445 90.766
Y -0.44 0.608 92.121
Y -2.477 -0.711 95.058
C -5.918 0.341 96.313
A -6.167 0.302 100.114
A -8.817 1.014 102.746
A -8.686 2.325 106.318
R -11.277 2.534 109.088
Y -9.617 4.441 111.949
R -11.732 7.485 112.903
G -10.863 8.769 116.384
I -11.108 12.46 117.295
G -7.496 13.546 116.883
S -6.925 10.908 114.234
Q -5.066 12.235 111.257
V -4.72 9.381 108.783
R -1.512 7.375 109.144
W -0.119 4.979 106.577
T -0.382 2.01 108.96
D -4.16 2.484 109.306
F -4.758 0.922 105.873
I -5.746 -2.686 106.57
Y -7.673 -3.994 103.546
W -5.643 -4.158 100.327
G -6.074 -5.141 96.696
Q -3.926 -7.258 94.41
G -2.765 -4.23 92.412
T -2.334 -3.156 88.812
Q 0.784 -2.373 86.789
V 1.497 1.104 85.445
T 4.518 1.368 83.142
V 5.726 4.706 81.763
S 8.495 4.149 79.218
S 10.866 6.658 77.63
X 0 0 0
X 0 0 0
X 0 0 0
X 0 0 0
X 0 0 0
X 0 0 0
X 0 0 0
X 0 0 0
X 0 0 0
X 0 0 0
X 0 0 0
X 0 0 0
X 0 0 0
