V 33.148 -0.102 101.944
Q 29.898 -0.171 99.941
L 27.433 -2.95 99.096
V 24.83 -2.054 96.455
E 21.99 -4.501 95.813
S 20.024 -4.771 92.575
G 17.694 -7.069 90.678
G 14.676 -6.94 92.987
G 11.109 -6.112 92.111
L 7.588 -7.511 91.949
V 6.509 -10.856 90.485
Q 3.608 -13.298 90.62
A 3.744 -16.628 92.434
G 5.909 -19.163 90.628
G 7.962 -16.481 88.878
S 11.688 -15.931 89.124
L 14.11 -13.138 90.015
R 17.895 -12.754 90.188
L 19.56 -10.442 92.702
S 23.022 -8.933 92.288
C 25.357 -7.26 94.78
T 28.462 -5.398 93.627
A 31.132 -4.719 96.243
S 33.373 -1.684 96.737
G 36.855 -1.62 98.283
F 37.839 -4.663 100.351
T 39.044 -8.059 99.176
F 35.822 -9.7 97.967
D 37.391 -13.092 97.218
D 38.659 -13.555 100.805
Y 35.323 -12.82 102.531
T 32.307 -15.046 103.158
M 29.384 -13.366 101.389
G 25.761 -13.941 102.332
W 22.136 -13.022 101.719
F 19.676 -12.03 104.453
R 15.991 -11.141 104.338
Q 13.593 -9.294 106.644
A 9.838 -9.885 106.524
P 7.446 -7.009 107.381
G 7.096 -6.963 111.158
K 9.511 -9.868 111.712
E 13.195 -10.092 112.564
R 15.956 -10.363 109.975
E 16.728 -13.984 109.08
G 19.513 -15.595 107.08
V 18.904 -17.034 103.612
S 22.182 -18.271 102.127
Y 25.922 -17.693 102.359
T 29.038 -18.966 100.618
G 32.715 -18.686 101.454
W 35.631 -20.273 103.204
S 34.382 -23.473 100.042
T 31.175 -23.986 102.049
T 27.769 -22.855 100.784
Y 24.633 -22.745 102.936
Y 20.902 -22.686 102.192
T 17.987 -22.372 104.621
D 15.213 -25.015 104.607
S 12.605 -22.558 103.296
V 14.745 -21.78 100.214
K 16.176 -25.296 99.761
G 16.161 -26.492 96.156
R 14.746 -23.196 94.855
F 17.469 -20.61 95.555
T 21.035 -20.582 94.232
I 23.915 -18.42 95.464
S 27.028 -17.745 93.373
R 29.941 -15.322 93.351
D 32.204 -13.746 90.729
N 35.576 -12.911 92.282
A 36.731 -11.092 89.134
K 33.823 -8.616 89.097
N 33.353 -8.65 92.934
T 29.663 -9.5 92.546
L 27.37 -11.818 94.511
Y 24.291 -13.391 92.917
L 21.085 -15.002 94.201
Q 18.98 -16.869 91.627
M 15.477 -17.178 93.115
N 13.32 -19.684 91.218
S 9.763 -20.886 91.996
L 8.935 -17.893 94.168
K 6.328 -18.326 96.946
P 4.432 -15.481 98.684
E 6.272 -16.335 101.929
D 9.523 -15.204 100.228
T 8.302 -11.578 100.254
A 10.892 -9.513 102.149
M 13.62 -6.915 101.757
Y 16.778 -8.818 100.828
Y 20.148 -7.7 102.21
C 23.672 -8.546 101.034
A 26.114 -8.993 103.922
A 29.81 -9.772 104.36
A 31.817 -11.559 107.057
R 35.559 -11.648 107.583
Y 37.156 -15.111 107.451
R 35.99 -17.597 110.091
Q 31.683 -22.906 110.84
V 29.967 -19.53 110.321
R 27.681 -17.708 112.784
W 25.064 -15.107 111.78
T 26.666 -12.475 114.032
D 29.925 -12.593 112.035
F 28.375 -10.529 109.221
I 29.565 -6.964 109.818
Y 29.332 -5.065 106.515
W 25.793 -4.682 105.158
G 23.996 -3.179 102.184
Q 20.902 -1.01 101.971
G 18.802 -3.846 100.537
T 16.337 -4.464 97.736
Q 12.638 -5.312 97.874
V 11.28 -8.608 96.551
T 7.484 -8.875 96.424
V 5.712 -12.105 95.457
S 1.972 -11.502 95.133
S -0.866 -14.009 94.815
X 0 0 0
X 0 0 0
X 0 0 0
X 0 0 0
X 0 0 0
X 0 0 0
X 0 0 0
X 0 0 0
X 0 0 0
X 0 0 0
X 0 0 0
X 0 0 0
X 0 0 0
X 0 0 0
X 0 0 0
X 0 0 0
X 0 0 0
X 0 0 0
X 0 0 0
X 0 0 0
X 0 0 0
