Q -23.465 14.533 156.817
V -25.477 14.285 160.055
Q -29.15 13.609 160.812
L -30.981 14.576 164.006
V -34.119 12.744 165.164
E -36.317 14.001 168.008
S -38.643 11.897 170.142
G -40.399 11.891 173.497
G -43.089 14.504 172.862
G -46.837 14.315 173.261
L -49.691 15.419 175.494
V -48.875 16.247 179.113
Q -50.822 17.8 181.981
A -49.484 21.113 183.269
G -47.206 20.66 186.265
G -45.896 17.32 184.995
S -42.567 16.34 183.491
L -41.33 15.114 180.126
R -37.932 14.096 178.735
L -37.12 14.853 175.086
S -34.472 12.788 173.284
C -32.503 13.765 170.172
A -30.401 11.052 168.525
A -27.752 11.836 165.911
S -26.26 9.748 163.11
G -22.537 9.681 162.423
R -19.329 9.538 164.442
T -18.9 13.341 164.402
F -21.501 14.015 167.153
T -18.858 14.47 169.867
S -17.575 17.543 167.985
Y -20.897 19.416 167.717
A -22.498 21.598 170.349
M -26.235 21.088 170.622
G -29.233 23.344 171.063
W -32.943 22.963 171.733
F -35.489 25.267 170.102
R -39.24 25.627 170.213
Q -41.64 26.918 167.56
A -45.122 27.823 168.582
P -47.706 28.566 165.867
G -47.96 32.292 165.229
K -44.745 33.015 167.164
E -41.131 33.206 166.07
R -38.548 30.549 166.902
E -36.883 30.851 170.309
S -33.771 29.237 171.761
V -34.508 27.076 174.803
A -31.356 25.296 175.977
A -27.852 24.534 174.765
I -24.87 22.359 175.652
S -21.255 22.552 174.517
S -19.479 19.87 172.495
S -17.754 18.469 175.592
G -20.803 18.879 177.76
G -19.876 20.461 181.067
S -21.21 23.78 179.774
T -24.972 24.334 179.664
H -26.953 27.459 178.8
Y -30.647 28.142 179.35
A -33.12 30.817 178.32
D -34.692 32.875 181.1
S -38.175 31.555 180.29
V -37.153 28.013 181.332
K -34.27 28.402 183.808
G -34.82 26.237 186.867
R -37.372 24.066 185.046
F -35.378 22.503 182.176
T -32.057 20.641 182.214
I -30.064 19.764 179.078
S -27.618 16.849 179.005
R -25.852 14.651 176.478
D -24.78 11.009 176.28
N -21.799 10.914 173.924
S -21.659 7.11 174.116
K -25.172 7.01 172.611
N -24.899 10.1 170.357
T -27.946 11.502 172.124
V -28.969 14.849 173.608
Y -31.628 15.174 176.292
L -33.945 17.946 177.479
Q -35.616 17.193 180.826
M -38.619 19.521 181.087
N -40.101 19.861 184.568
S -42.924 22.036 185.916
L -44.508 22.367 182.481
K -46.699 25.455 181.904
P -49.375 25.719 179.178
E -47.223 28.409 177.525
D -44.587 25.721 176.846
T -46.736 24.106 174.133
A -44.76 24.049 170.869
V -42.74 21.957 168.412
Y -39.315 21.449 169.966
Y -36.417 21.262 167.512
C -32.866 19.968 167.866
A -29.906 21.663 166.195
A -26.197 20.886 165.896
A -23.652 23.707 165.586
M -19.846 23.782 165.557
Y -18.898 27.432 164.918
G -20.282 30.517 166.608
S -20.124 33.233 169.239
R -21.803 33.365 172.676
W -25.049 31.393 172.719
P -27.704 31.753 171.208
D -25.525 33.107 168.351
W -24.395 29.693 167.145
E -24.752 29.175 163.354
Y -26.357 25.738 163.525
D -25.361 23.326 160.756
Y -27.938 20.552 161.239
W -31.647 20.626 162.114
G -34.058 17.978 163.341
Q -37.684 17.418 162.404
G -39.133 18.539 165.746
T -41.426 16.822 168.247
Q -44.736 18.24 169.46
V -45.164 19.06 173.158
T -48.736 19.948 174.149
V -49.422 21.072 177.725
S -53.076 20.648 178.719
S -54.394 22.439 181.812
X 0 0 0
X 0 0 0
X 0 0 0
X 0 0 0
X 0 0 0
X 0 0 0
X 0 0 0
X 0 0 0
X 0 0 0
X 0 0 0
X 0 0 0
X 0 0 0
X 0 0 0
X 0 0 0
X 0 0 0
X 0 0 0
X 0 0 0
