Q -23.343 6.662 -8.051
V -23.904 6.181 -4.315
Q -27.087 4.811 -2.741
L -28.171 5.363 0.863
V -30.409 3.232 3.088
E -32.102 4.584 6.239
S -32.996 2.402 9.217
G -33.646 2.536 12.956
G -36.912 4.494 13.103
G -40.447 3.451 13.95
L -42.514 4.574 16.94
V -41.43 5.567 20.449
Q -42.989 6.943 23.64
A -42.618 10.47 25.008
G -39.123 11.019 26.393
G -37.716 7.799 24.931
S -34.623 7.197 22.826
L -34.043 5.832 19.332
R -30.924 5.291 17.211
L -30.74 5.873 13.447
S -28.487 4.225 10.839
C -27.677 5.124 7.23
A -25.518 2.967 4.947
A -23.857 4.013 1.673
S -23.115 2.017 -1.484
G -19.669 2.03 -3.062
R -16.366 3.564 -2.026
T -15.527 7.284 -1.48
F -18.013 7.584 1.37
T -15.021 8.909 3.304
S -14.787 11.673 0.677
Y -18.397 12.829 1.282
A -19.779 14.563 4.368
M -23.064 13.433 5.881
G -26.063 15.263 7.291
W -29.385 14.109 8.733
F -32.431 16.338 8.221
R -36.106 15.819 9.083
Q -39.386 16.848 7.438
A -42.86 16.755 9.008
P -46.218 16.794 7.184
G -47.215 20.338 6.293
K -44.146 21.766 8.025
E -41.028 22.595 6.026
R -37.864 20.527 6.243
E -35.398 21.139 9.083
S -31.696 20.265 9.075
V -31.045 18.129 12.159
A -27.33 17.328 12.417
A -24.162 17.078 10.354
I -20.762 15.367 10.47
S -17.681 16.15 8.385
S -16.354 13.814 5.703
S -13.379 12.903 7.906
G -15.555 12.757 11.024
G -14.729 14.135 14.448
S -16.142 17.618 13.805
T -19.925 17.755 14.246
H -22.747 20.304 14.149
Y -26.333 20.256 15.432
A -29.458 22.375 15.182
D -30.273 24.457 18.259
S -33.463 22.419 18.732
V -31.599 19.089 18.99
K -28.525 20.455 20.798
G -27.711 18.584 23.992
R -30.275 15.913 23.069
F -29.078 14.187 19.877
T -25.64 13.016 18.762
I -24.423 12.275 15.215
S -21.523 9.911 14.51
R -19.998 7.864 11.702
D -17.873 4.75 11.218
N -16.187 5.043 7.821
S -14.943 1.447 7.965
K -18.56 0.294 8.351
N -19.423 2.946 5.775
T -22.333 4.012 7.988
V -23.614 7.069 9.863
Y -25.651 7.168 13.066
L -27.915 9.574 14.967
Q -28.725 8.725 18.599
M -31.841 10.655 19.69
N -31.853 10.613 23.491
S -35.002 11.984 25.202
L -37.243 12.561 22.186
K -40.067 15.151 22.205
P -43.399 15.091 20.311
E -42.163 17.82 17.944
D -39.512 15.361 16.675
T -42.064 13.24 14.759
A -41.036 13.389 11.105
V -39.478 11.633 8.135
Y -35.737 11.664 8.783
Y -33.48 11.575 5.721
C -29.74 10.973 5.446
A -27.913 12.871 2.719
A -24.343 13.048 1.439
A -22.669 16.381 0.684
M -19.261 16.857 -0.83
Y -18.715 20.606 -1.394
G -20.701 23.027 0.731
S -20.464 26.138 2.908
R -21.088 26.529 6.641
W -23.74 23.979 7.583
P -26.774 23.997 7.095
D -25.591 25.461 3.745
W -24.245 22.349 2.01
E -24.82 21.072 -1.527
Y -26.319 17.638 -0.903
D -25.774 15.571 -4.06
Y -26.998 12.161 -2.807
W -30.16 11.186 -0.869
G -31.511 8.191 1.019
Q -34.77 6.295 1.377
G -36.076 7.878 4.595
T -37.096 6.464 7.96
Q -40.346 7.515 9.641
V -40.075 8.418 13.335
T -43.283 8.787 15.362
V -43.182 10.05 18.958
S -46.429 9.295 20.788
S -47.788 11.777 23.338
X 0 0 0
X 0 0 0
X 0 0 0
X 0 0 0
X 0 0 0
X 0 0 0
X 0 0 0
X 0 0 0
X 0 0 0
X 0 0 0
X 0 0 0
X 0 0 0
X 0 0 0
X 0 0 0
X 0 0 0
X 0 0 0
X 0 0 0
