Q 165.915 113.402 156.619
V 164.879 117.018 155.981
Q 167.099 119.081 158.302
L 167.763 122.835 158.437
Q 170.689 124.348 160.376
E 170.638 128.132 160.841
S 174.047 129.784 161.335
G 175.201 133.212 162.555
G 173.94 135.657 165.176
G 175.252 137.267 168.357
L 174.99 140.443 170.42
V 175.128 143.539 168.178
Q 174.729 147.318 168.644
P 172.007 149.395 166.885
G 173.342 150.514 163.482
G 175.585 147.481 162.882
S 175.463 144.774 160.216
L 174.969 141.002 160.388
R 174.491 138.101 157.967
L 172.771 134.727 158.345
S 173.099 131.307 156.713
C 170.698 128.361 156.397
A 172.147 124.884 155.741
A 169.554 122.849 153.801
S 170.369 119.117 153.993
G 168.416 116.051 152.85
F 166.025 117.536 150.256
T 165.858 119.093 146.777
F 166.508 122.744 147.682
S 166.115 124.163 144.145
N 162.37 123.324 143.863
Y 161.101 124.711 147.213
K 159.946 128.24 148.022
M 161.328 129.322 151.415
N 160.983 132.236 153.831
W 162.083 133.873 157.089
V 159.697 133.954 160.079
R 160.441 135.395 163.537
Q 159.093 135.102 167.087
A 159.295 138.305 169.138
P 159.423 137.715 172.939
G 155.908 137.905 174.41
K 154.361 137.884 170.914
G 153.115 135.316 168.399
L 154.866 134.275 165.174
E 155.062 136.955 162.47
W 156.224 136.855 158.847
V 159.496 138.644 157.997
S 160.208 137.94 154.312
D 160.128 135.251 151.612
I 161.799 134.141 148.372
S 160.504 132.033 145.452
Q 162.205 129.102 143.684
S 163.809 131.24 140.945
G 164.422 134.234 143.251
A 162.641 136.802 141.048
S 159.564 137.454 143.222
I 160.719 138.857 146.591
S 158.552 140.365 149.346
Y 159.169 141.775 152.835
T 157.131 142.958 155.813
G 156.153 146.654 155.622
S 158.201 147.702 158.675
V 161.437 146.104 157.37
K 160.777 146.893 153.677
G 163.959 148.322 152.121
R 166.048 147.62 155.253
F 166.879 143.895 154.781
T 168.343 141.986 151.816
I 167.515 138.307 151.205
S 169.703 136.282 148.809
R 169.362 132.618 147.793
D 172.368 130.56 146.637
N 171.327 127.496 144.603
A 175.007 126.666 143.92
K 175.631 125.754 147.594
N 171.881 125.542 148.567
T 172.397 128.215 151.266
L 169.993 131.055 152.147
Y 171.63 134.365 153.17
L 169.952 137.245 155.038
Q 171.79 140.59 155.224
M 170.545 142.987 157.923
N 171.421 146.699 157.668
S 170.193 149.693 159.722
L 169.385 147.596 162.804
K 166.851 148.814 165.382
P 166.446 148.059 169.142
E 162.869 146.816 168.413
D 163.765 144.054 165.892
T 165.136 141.603 168.502
A 163.568 138.138 168.069
V 164.112 134.421 167.476
Y 164.626 133.748 163.747
Y 163.215 130.719 161.891
C 164.519 129.604 158.483
A 161.249 128.048 157.26
R 160.489 125.835 154.243
C 157.22 125.53 152.295
P 155.889 121.924 152.246
A 154.981 121.54 148.55
P 157.123 121.724 145.366
F 156.379 123.868 142.279
T 153.674 125.936 143.988
R 152.962 129.523 145.078
D 151.088 129.142 148.409
C 152.613 128.359 151.822
F 151.197 127.539 155.291
D 153.967 128.058 157.869
V 152.506 130.442 160.479
T 151.64 127.478 162.742
S 152.933 127.813 166.32
T 151.513 124.343 167.153
T 154.776 122.385 166.649
Y 155.0 122.933 162.864
A 157.529 120.283 161.808
Y 159.078 122.145 158.823
R 161.028 124.892 160.638
G 164.486 124.891 162.229
Q 165.226 125.143 165.949
G 165.758 128.919 165.738
T 168.488 131.469 166.445
Q 168.575 134.501 168.775
V 169.112 138.144 167.761
T 169.298 140.674 170.617
V 169.909 144.445 170.489
X 0 0 0
X 0 0 0
X 0 0 0
X 0 0 0
X 0 0 0
X 0 0 0
X 0 0 0
X 0 0 0
X 0 0 0
X 0 0 0
X 0 0 0
X 0 0 0
X 0 0 0
X 0 0 0
