V 27.514 75.279 26.551
Q 23.882 75.782 25.566
L 22.651 78.41 23.093
A 19.03 79.505 22.997
E 17.996 81.295 19.813
T 14.715 83.184 19.52
G 13.117 85.537 16.98
G 13.377 85.727 13.238
G 10.661 84.403 10.987
L 8.828 85.982 8.072
A 9.026 89.639 7.085
Q 8.306 91.884 4.118
A 11.025 93.78 2.255
G 11.659 96.939 4.217
G 10.384 95.284 7.394
S 12.163 94.49 10.65
L 13.121 91.379 12.596
R 15.216 90.777 15.694
L 17.233 87.689 16.639
S 18.639 86.933 20.091
C 20.924 84.223 21.482
A 21.497 83.46 25.167
A 24.464 81.333 26.224
S 24.886 79.375 29.45
G 27.067 76.674 30.926
S 30.885 76.601 31.086
I 31.119 80.198 30.075
F 33.455 82.286 32.214
S 36.056 82.673 29.393
S 36.053 82.732 29.405
I 33.471 83.408 26.687
N 34.649 85.726 23.898
A 32.873 86.774 20.67
M 29.221 85.969 19.963
G 27.549 86.581 16.663
W 25.307 85.509 13.854
Y 26.148 83.67 10.663
R 23.618 83.006 7.927
Q 23.301 80.469 5.137
A 20.949 80.334 2.174
P 20.201 77.03 0.392
G 23.194 75.792 -1.587
K 25.225 78.911 -0.724
E 28.192 79.459 1.548
R 27.71 80.507 5.164
E 28.64 84.082 5.945
L 29.224 86.057 9.11
V 26.423 88.584 9.51
A 27.611 90.377 12.638
D 29.456 89.679 15.846
I 30.392 91.412 19.078
S 33.024 90.865 21.761
G 32.47 91.303 25.483
S 34.736 94.323 25.14
G 32.446 95.939 22.534
R 34.145 95.242 19.199
T 31.561 94.76 16.443
N 32.008 93.408 12.946
Y 29.442 93.437 10.169
A 29.189 91.92 6.728
D 29.356 94.749 4.21
S 25.818 94.136 2.903
V 24.141 94.68 6.293
K 25.891 97.877 7.454
G 23.441 100.707 7.944
R 20.615 98.138 8.274
F 21.487 95.599 11.003
T 22.749 96.415 14.495
I 24.182 93.958 16.99
S 24.245 94.435 20.751
R 25.38 92.425 23.737
D 24.633 92.187 27.433
N 27.546 90.617 29.278
A 25.475 90.131 32.465
K 23.261 87.578 30.641
N 25.802 86.4 28.042
T 23.288 87.4 25.39
V 23.5 88.963 21.958
S 20.767 90.547 19.873
L 20.687 91.419 16.187
Q 18.224 94.087 15.15
M 17.516 93.641 11.43
N 15.961 96.7 9.806
S 15.194 97.439 6.132
L 15.193 93.724 5.35
K 15.828 92.676 1.761
P 14.882 89.471 -0.089
E 18.633 88.719 -0.168
D 18.498 88.494 3.652
T 16.522 85.247 3.413
A 18.609 82.465 5.036
V 18.951 80.241 8.088
Y 20.689 82.315 10.741
Y 22.959 80.616 13.281
C 24.178 81.988 16.561
C 24.206 82.14 16.51
N 27.844 81.31 17.255
V 29.92 81.577 20.46
V 33.696 81.187 20.859
G 35.656 81.309 24.065
G 38.597 79.995 25.993
S 41.109 81.129 28.598
Y 44.232 80.015 26.661
Y 43.093 80.991 23.167
Y 40.219 82.99 21.771
D 38.287 80.141 20.207
E 39.182 77.039 22.206
Y 35.509 76.177 21.933
N 33.203 77.044 19.058
Y 29.494 76.369 19.524
W 26.649 76.838 17.043
G 22.948 77.318 17.576
Q 20.373 75.182 15.811
G 19.53 77.886 13.259
T 16.506 80.154 12.805
Q 14.843 80.65 9.44
V 14.46 84.212 8.217
T 12.372 84.734 5.074
V 11.85 88.145 3.475
S 9.239 88.085 0.736
S 9.835 90.075 -2.409
E 8.496 93.675 -2.493
P 10.301 97.07 -2.591
X 0 0 0
X 0 0 0
X 0 0 0
X 0 0 0
X 0 0 0
X 0 0 0
X 0 0 0
X 0 0 0
X 0 0 0
X 0 0 0
X 0 0 0
X 0 0 0
X 0 0 0
X 0 0 0
X 0 0 0
X 0 0 0
X 0 0 0
