L 18.688 56.907 33.044
V 22.275 56.079 34.009
E 23.857 57.435 37.196
T 27.533 58.135 37.846
G 29.617 60.284 40.184
G 29.208 58.125 43.274
G 32.055 56.754 45.367
L 33.734 56.767 48.769
V 34.239 60.052 50.603
Q 35.185 61.119 54.128
S 32.739 63.001 56.356
G 32.498 66.639 55.284
G 33.529 65.88 51.712
S 31.682 66.278 48.418
L 30.362 64.296 45.468
R 28.494 65.211 42.315
L 26.065 62.579 41.112
S 25.113 62.662 37.443
C 21.94 61.393 35.766
A 22.28 61.251 31.976
A 19.181 60.497 29.897
S 19.557 58.334 26.797
G 16.912 57.968 24.101
F 14.714 60.746 25.484
T 14.853 64.401 26.563
L 14.793 65.313 30.263
D 13.502 68.869 29.857
N 9.807 67.959 29.973
Y 10.243 65.528 32.869
N 9.953 65.832 36.623
I 13.24 64.475 37.953
G 14.091 63.198 41.418
W 17.037 61.77 43.331
F 16.162 59.051 45.853
R 17.693 56.943 48.641
Q 17.241 53.192 49.072
A 16.942 53.319 52.872
P 15.571 56.669 54.173
G 14.699 55.319 57.627
K 12.034 57.533 59.187
E 12.247 60.059 56.355
Y 9.98 59.718 53.317
G 10.182 60.653 49.649
G 13.082 61.903 47.574
V 16.293 63.613 48.616
S 15.975 66.311 45.957
S 15.945 66.327 45.982
C 13.612 66.931 43.041
I 13.168 69.429 40.218
S 10.011 70.208 38.258
S 9.84 69.88 34.476
S 8.614 73.372 33.605
D 8.444 75.479 36.772
G 11.179 74.99 37.551
S 10.684 74.635 41.294
T 12.876 72.368 43.411
Y 12.324 70.188 46.467
Y 14.852 69.25 49.133
A 14.362 66.857 52.03
D 14.845 68.577 55.387
S 17.923 66.492 56.228
V 19.773 67.8 53.152
K 18.139 71.197 52.669
G 21.239 73.353 53.128
R 23.784 70.898 51.761
F 22.5 69.443 48.488
T 21.852 71.168 45.175
I 20.044 69.64 42.212
S 20.49 71.235 38.788
R 19.647 70.643 35.141
D 22.06 70.576 32.207
N 19.613 70.746 29.299
A 22.343 70.917 26.65
K 23.98 67.752 27.995
N 20.591 66.166 28.698
T 21.881 65.495 32.215
V 20.816 66.184 35.804
Y 23.25 66.676 38.675
L 23.086 66.231 42.427
Q 25.795 68.316 44.073
M 26.359 66.769 47.506
N 28.237 68.938 50.016
N 28.984 68.461 53.723
L 28.338 64.724 53.533
K 27.684 62.814 56.761
P 27.962 59.073 57.505
E 24.151 59.049 57.688
D 24.069 59.918 53.973
T 25.629 56.56 53.108
D 23.257 54.777 50.739
V 22.453 53.742 47.186
Y 21.17 56.755 45.27
Y 19.122 56.525 42.097
C 17.555 58.952 39.634
A 13.919 58.668 38.515
A 11.76 60.582 36.042
T 8.047 61.077 35.425
K 6.633 63.279 32.67
Y 3.537 64.467 34.54
G 2.442 65.069 38.124
S 4.437 66.415 41.061
S 8.033 67.657 41.177
C 9.135 64.448 42.887
P 8.4 61.478 40.623
I 6.027 59.024 42.27
R 5.735 55.339 41.379
P 5.232 54.146 38.864
Y 8.159 55.998 37.298
D 8.329 56.508 33.53
Y 12.115 56.055 33.689
W 14.71 55.251 36.357
G 18.348 54.284 36.857
Q 20.221 51.426 38.519
G 21.615 53.7 41.219
T 25.074 54.488 42.564
Q 26.638 53.779 45.964
V 27.541 56.736 48.175
T 29.704 55.759 51.15
V 30.817 58.395 53.654
S 33.545 57.542 56.177
S 33.932 58.869 59.724
H 36.925 61.867 64.948
X 0 0 0
X 0 0 0
X 0 0 0
X 0 0 0
X 0 0 0
X 0 0 0
X 0 0 0
X 0 0 0
X 0 0 0
X 0 0 0
X 0 0 0
X 0 0 0
X 0 0 0
X 0 0 0
X 0 0 0
X 0 0 0
X 0 0 0
X 0 0 0
