S -69.162 -62.849 -13.099
Q -67.248 -60.403 -10.871
V -63.943 -58.943 -12.222
Q -64.357 -57.906 -15.945
L -63.123 -55.118 -18.263
V -65.813 -54.821 -21.011
E -64.933 -52.43 -23.875
S -67.376 -50.778 -26.292
G -67.64 -48.085 -28.989
G -65.738 -49.728 -31.869
G -67.048 -49.881 -35.423
L -66.393 -48.33 -38.832
V -65.21 -44.813 -39.68
Q -63.628 -43.048 -42.661
P -60.098 -41.505 -42.709
G -59.882 -38.294 -40.676
G -62.864 -39.333 -38.557
S -63.039 -40.123 -34.842
L -64.844 -42.191 -32.181
R -64.69 -42.914 -28.443
L -64.003 -46.233 -26.793
S -65.497 -47.17 -23.417
C -64.35 -49.535 -20.675
E -66.897 -50.498 -18.008
A -64.618 -51.713 -15.215
S -66.679 -54.158 -13.194
G -66.286 -56.387 -10.136
F -63.408 -54.549 -8.431
T -62.38 -51.009 -7.457
L -60.295 -49.32 -10.129
D -59.202 -46.411 -7.991
Y -56.039 -48.425 -7.367
Y -55.306 -49.971 -10.755
G -53.707 -48.247 -13.726
I -55.428 -49.016 -17.025
G -53.933 -49.473 -20.465
W -55.183 -49.524 -24.049
F -53.573 -51.918 -26.53
R -54.402 -52.836 -30.107
Q -53.855 -55.687 -32.529
P -53.868 -54.748 -36.258
P -54.645 -57.579 -38.753
G -51.676 -59.939 -39.057
K -49.6 -57.961 -36.556
E -48.514 -58.27 -32.925
R -50.398 -56.681 -30.039
E -49.468 -53.003 -29.898
A -49.25 -50.395 -27.117
V -51.639 -47.432 -27.544
S -52.191 -45.319 -24.428
Y -51.964 -45.979 -20.699
I -53.538 -43.983 -17.873
S -52.182 -44.458 -14.351
A -54.451 -44.562 -11.295
S -54.913 -40.885 -10.38
A -53.715 -39.5 -13.77
R -50.201 -38.055 -13.207
T -49.01 -40.508 -15.841
I -50.847 -40.243 -19.123
L -48.709 -41.974 -21.756
Y -49.398 -42.406 -25.485
A -47.626 -44.444 -28.178
D -45.861 -42.394 -30.888
S -48.429 -43.548 -33.515
V -51.345 -41.827 -31.728
K -49.71 -38.84 -29.994
G -51.743 -35.703 -30.709
R -54.718 -37.734 -31.952
F -55.901 -39.992 -29.101
T -56.848 -38.746 -25.62
I -57.245 -40.947 -22.526
S -59.384 -40.204 -19.468
R -60.931 -42.111 -16.569
D -63.796 -41.558 -14.167
N -62.806 -43.5 -11.06
A -66.121 -42.388 -9.529
K -68.138 -43.891 -12.411
N -65.595 -46.786 -12.745
A -64.882 -46.338 -16.483
V -61.863 -45.363 -18.607
Y -62.241 -43.654 -22.007
L -60.163 -43.24 -25.16
Q -61.181 -40.432 -27.532
M -59.844 -41.107 -31.015
N -59.401 -38.324 -33.569
S -58.033 -38.06 -37.113
L -58.51 -41.795 -37.658
K -56.111 -43.156 -40.29
R -56.368 -46.547 -41.985
E -53.318 -47.648 -40.013
D -55.495 -47.439 -36.887
T -57.494 -50.434 -38.118
A -57.119 -52.914 -35.255
V -58.83 -54.691 -32.366
Y -58.545 -52.357 -29.364
Y -58.139 -53.855 -25.862
C -58.467 -52.481 -22.328
A -56.336 -54.032 -19.597
R -55.526 -53.399 -15.92
R -51.924 -53.051 -14.834
R -51.047 -55.259 -11.883
F -50.879 -53.207 -8.661
S -47.267 -54.323 -7.987
A -45.724 -53.652 -11.444
S -42.123 -52.526 -10.814
S -41.199 -51.794 -14.424
V -41.06 -48.438 -16.188
N -42.252 -49.929 -19.429
R -45.885 -49.89 -18.28
W -46.979 -52.011 -21.237
L -45.227 -55.31 -20.493
A -48.303 -57.565 -20.886
D -47.042 -59.669 -18.0
D -47.795 -56.704 -15.792
Y -51.497 -56.962 -16.733
D -53.987 -59.232 -14.927
V -57.452 -58.546 -16.376
W -58.063 -58.264 -20.162
G -61.342 -57.349 -21.906
R -62.69 -58.873 -25.057
G -61.581 -55.934 -27.178
T -63.688 -53.963 -29.618
Q -62.685 -53.827 -33.299
V -62.127 -50.548 -35.086
A -61.96 -50.438 -38.88
V -61.273 -47.233 -40.792
S -62.38 -47.075 -44.449
S -64.529 -44.616 -46.454
X 0 0 0
X 0 0 0
X 0 0 0
X 0 0 0
X 0 0 0
X 0 0 0
X 0 0 0
X 0 0 0
X 0 0 0
X 0 0 0
X 0 0 0
X 0 0 0
