Q 13.702 -4.258 38.623
V 16.392 -2.42 40.604
Q 15.131 -0.247 43.457
L 17.108 2.625 44.985
Q 16.504 3.32 48.677
E 17.343 6.919 49.599
S 17.652 8.492 53.041
G 18.99 11.625 54.706
G 16.786 14.431 53.357
G 15.146 16.89 55.706
L 14.942 20.458 56.915
V 18.436 21.674 57.816
Q 19.971 25.044 58.64
A 21.787 27.005 55.944
G 25.554 26.539 55.927
G 25.528 23.245 57.829
S 25.888 19.819 56.231
L 23.982 16.705 55.206
R 24.84 13.248 53.887
L 22.588 11.387 51.444
S 22.88 7.601 51.179
C 21.464 5.527 48.314
A 21.671 1.725 48.457
A 20.811 -0.509 45.508
S 18.514 -3.494 46.021
G 17.303 -6.326 43.825
N 20.443 -6.197 41.656
I 22.189 -9.557 41.37
F 25.287 -7.941 39.84
D 27.165 -4.737 40.615
V 25.96 -1.312 39.487
D 27.927 0.304 36.655
I 27.593 4.035 37.405
M 25.651 5.812 40.152
G 24.909 9.478 40.667
W 22.584 12.103 42.084
Y 20.014 14.414 40.498
R 18.11 17.251 42.17
Q 14.788 18.778 41.086
A 14.273 22.388 42.124
P 10.647 23.56 42.49
G 9.511 24.989 39.171
K 12.747 24.009 37.392
E 13.886 20.973 35.434
R 16.137 18.22 36.742
E 19.868 18.855 37.141
L 22.797 16.452 37.422
V 24.387 16.974 40.836
A 27.264 14.494 40.534
S 28.152 10.975 39.427
I 30.792 8.383 40.289
T 32.142 5.393 38.365
D 32.622 1.93 39.861
G 36.373 2.56 39.618
G 36.138 5.849 41.503
S 36.018 8.531 38.781
T 33.734 11.343 39.948
D 32.167 14.163 37.938
Y 30.616 17.115 39.762
A 28.593 19.971 38.3
D 29.546 23.644 38.365
S 26.688 24.163 40.841
V 28.223 22.187 43.723
K 31.98 22.243 43.137
G 33.978 22.522 46.353
R 30.962 21.918 48.606
F 29.677 18.514 47.437
T 31.748 15.319 47.486
I 30.47 11.969 46.194
S 31.842 8.51 46.994
R 30.665 4.905 46.888
D 31.082 1.564 48.656
N 31.476 -1.233 46.116
A 30.761 -3.792 48.85
K 27.354 -2.297 49.693
N 26.675 -0.691 46.277
T 25.85 2.493 48.188
V 26.675 6.039 47.068
Y 27.075 8.934 49.496
L 26.534 12.604 48.617
Q 28.307 14.605 51.33
M 26.578 17.986 50.971
N 28.578 20.555 52.933
S 27.729 24.264 53.157
L 24.088 23.687 52.248
K 22.835 26.955 50.746
P 19.145 27.864 50.327
E 19.594 27.219 46.593
D 20.372 23.558 47.371
T 16.709 23.134 48.389
A 15.399 20.532 45.931
V 14.175 16.951 45.613
Y 17.361 14.877 45.358
Y 16.842 11.765 43.228
C 19.263 8.839 43.093
A 20.242 7.338 39.736
A 22.108 4.189 38.744
V 23.062 2.098 35.712
A 22.607 -1.676 36.008
Y 23.246 -4.204 33.228
P 21.871 -7.778 33.008
D 23.772 -11.047 33.452
I 24.945 -11.394 29.844
P 24.415 -7.717 28.958
T 23.677 -6.816 25.38
Y 23.843 -3.036 25.692
F 20.328 -2.589 24.265
D 17.324 -1.947 26.509
Y 13.968 -0.656 25.259
D 12.178 -1.236 28.588
S 14.337 0.682 31.085
D 17.423 1.721 29.038
N 19.561 0.298 31.88
F 18.774 3.456 33.882
Y 17.009 3.23 37.246
W 15.785 6.063 39.468
G 14.784 6.316 43.122
Q 11.824 7.627 45.08
G 13.66 10.841 45.959
T 14.205 12.707 49.23
Q 13.265 16.3 50.009
V 16.188 18.404 51.259
T 14.942 21.756 52.577
V 17.526 24.383 53.556
S 16.256 27.198 55.781
S 18.212 30.386 56.437
X 0 0 0
X 0 0 0
X 0 0 0
X 0 0 0
X 0 0 0
X 0 0 0
X 0 0 0
X 0 0 0
X 0 0 0
X 0 0 0
X 0 0 0
X 0 0 0
X 0 0 0
X 0 0 0
