D -271.044 -9.245 382.959
V -267.493 -7.847 382.878
Q -265.812 -5.458 385.311
L -263.143 -2.824 384.674
Q -260.703 -1.886 387.447
E -258.785 1.395 387.309
S -255.44 2.156 388.932
G -252.837 4.915 388.806
G -254.73 8.047 389.878
G -253.454 10.461 392.508
L -252.132 13.975 393.039
V -249.425 15.023 390.568
Q -247.533 18.297 390.294
T -248.44 20.364 387.246
G -246.045 19.629 384.413
G -245.629 16.074 385.709
S -246.428 12.732 384.119
L -248.861 10.02 385.192
T -249.834 6.618 383.796
L -253.218 5.032 384.507
S -254.216 1.403 384.005
C -257.498 -0.433 383.469
A -257.888 -4.204 383.835
T -260.675 -6.28 382.288
S -262.22 -9.215 384.145
G -263.524 -11.255 381.219
R -261.308 -13.39 379.015
S -262.612 -11.817 375.777
F -260.399 -8.742 375.734
S -259.467 -8.902 372.04
L -263.129 -8.249 371.2
Y -263.25 -5.011 373.206
A -262.603 -1.477 372.008
M -261.191 0.605 374.851
A -261.353 4.28 375.788
W -260.603 6.609 378.697
F -263.132 9.283 379.665
R -262.881 12.028 382.28
Q -265.416 14.018 384.298
A -264.099 17.289 385.676
P -265.906 18.491 388.813
G -268.971 20.442 387.781
K -268.855 19.37 384.122
E -270.295 16.502 382.113
R -268.271 13.455 381.09
E -265.862 14.036 378.199
F -263.88 11.948 375.735
V -260.16 11.78 376.553
A -258.831 8.889 374.46
G -259.936 5.799 372.575
V -258.298 2.743 371.042
S -259.423 -0.069 368.745
R -258.295 -3.697 368.753
R -255.675 -3.244 366.021
G -254.183 -0.301 367.949
N -255.78 2.629 366.116
T -255.517 5.583 368.488
A -257.912 8.524 368.792
Y -257.653 11.468 371.185
A -259.545 14.648 371.946
D -258.076 17.998 370.944
A -257.442 18.931 374.583
V -255.049 16.022 375.232
K -253.546 15.587 371.759
G -249.752 15.58 371.75
R -249.601 14.99 375.521
F -251.546 11.798 376.287
T -250.786 8.467 374.62
I -253.001 5.376 374.875
S -251.962 1.749 374.428
R -253.258 -1.721 375.246
D -251.881 -5.17 376.065
N -254.057 -8.045 374.859
A -252.161 -10.619 376.944
A -252.544 -8.739 380.239
N -256.167 -7.662 379.599
T -255.154 -4.08 380.388
V -255.142 -0.694 378.656
Y -252.624 2.004 379.583
L -252.909 5.792 379.335
Q -249.612 7.672 379.609
M -249.995 11.366 380.441
T -247.431 14.137 380.015
S -247.352 17.884 380.654
L -250.242 17.611 383.098
K -252.112 20.841 383.816
P -254.602 22.055 386.432
E -257.36 21.744 383.819
D -256.807 17.971 383.678
T -257.962 17.633 387.311
A -260.862 15.182 386.954
V -262.034 11.668 387.738
Y -260.787 9.312 385.022
F -262.959 6.424 383.843
C -262.343 3.329 381.732
A -264.828 2.147 379.109
A -265.071 -0.797 376.733
F -267.494 -2.253 374.206
R -267.496 -5.215 371.838
V -267.296 -4.121 368.195
A -266.977 -6.153 365.005
V -264.649 -3.706 363.212
T -261.005 -4.077 364.246
T -260.268 -0.408 363.414
Y -263.329 1.204 365.017
T -263.285 3.807 367.778
S -266.11 5.934 369.158
Q -266.033 9.592 370.179
Q -269.331 9.586 372.105
A -269.892 7.651 375.331
N -273.328 6.365 374.269
E -271.736 3.339 372.569
Y -269.798 2.091 375.681
N -271.555 -0.869 377.551
Y -268.953 -1.411 380.403
W -267.748 1.268 382.867
G -265.006 1.312 385.476
Q -265.184 2.48 389.067
G -263.267 5.705 388.402
T -260.038 7.216 389.723
Q -259.364 10.769 390.891
V -256.497 12.719 389.314
T -255.666 16.083 390.891
V -253.042 18.528 389.611
S -251.406 21.255 391.697
X 0 0 0
X 0 0 0
X 0 0 0
X 0 0 0
X 0 0 0
X 0 0 0
X 0 0 0
X 0 0 0
X 0 0 0
X 0 0 0
X 0 0 0
X 0 0 0
X 0 0 0
X 0 0 0
X 0 0 0
