Q 120.357 59.563 98.941
V 121.93 61.001 102.089
Q 124.145 58.222 103.453
L 126.459 58.459 106.472
Q 128.456 55.332 107.348
E 130.542 55.364 110.523
S 133.639 53.23 111.041
G 136.403 52.931 113.629
G 134.806 51.911 116.94
G 135.839 48.79 118.787
L 136.664 47.892 122.371
V 139.672 49.729 123.811
Q 141.359 49.787 127.205
P 140.918 52.839 129.453
G 143.504 55.428 128.495
G 143.865 54.186 124.928
S 143.204 56.111 121.739
L 140.594 55.565 119.036
R 139.884 57.221 115.68
L 136.353 57.427 114.281
S 135.648 57.975 110.588
C 132.51 59.002 108.715
A 132.068 58.349 104.995
A 129.423 60.731 103.653
S 127.507 60.337 100.404
G 124.561 61.829 98.57
F 125.245 65.478 99.408
T 127.86 68.179 98.919
F 130.02 67.656 102.003
S 131.455 71.18 101.872
N 128.141 73.0 102.374
Y 127.177 71.45 105.728
K 128.334 71.641 109.331
M 129.039 68.142 110.631
N 128.518 66.952 114.204
W 129.307 63.983 116.418
V 126.547 62.618 118.65
R 126.708 59.706 121.09
Q 124.216 57.713 123.16
A 125.456 56.184 126.401
P 123.787 52.877 127.373
G 120.798 53.887 129.491
K 120.849 57.596 128.598
G 119.686 59.533 125.556
L 121.496 61.15 122.66
E 123.947 63.879 123.625
W 126.001 66.159 121.405
V 129.773 65.626 121.381
S 131.38 68.015 118.893
D 130.782 69.979 115.7
I 132.891 71.56 112.961
S 132.122 74.262 110.409
Q 131.784 73.93 106.642
S 135.512 74.65 106.238
G 136.87 73.534 109.616
A 137.395 76.831 111.438
S 134.767 77.109 114.208
I 135.333 73.832 116.042
S 133.339 73.146 119.205
Y 133.379 70.393 121.833
T 131.39 69.41 124.883
G 132.965 70.031 128.266
S 133.544 66.342 128.975
V 135.82 65.849 125.93
K 137.824 69.085 125.652
G 141.55 68.406 125.556
R 140.952 64.754 124.605
F 138.858 64.613 121.424
T 139.652 66.482 118.208
I 137.21 66.632 115.303
S 138.455 67.146 111.755
R 136.911 66.94 108.293
D 138.25 66.447 104.767
N 136.025 68.185 102.223
A 138.196 66.843 99.388
K 137.114 63.247 100.099
N 133.898 63.677 102.153
T 135.084 62.249 105.465
L 134.566 63.428 109.044
Y 136.977 62.357 111.776
L 137.014 62.159 115.572
Q 140.346 61.32 117.209
M 139.523 60.158 120.743
N 142.62 60.379 122.948
S 143.006 59.07 126.508
L 139.6 57.425 126.677
K 137.879 56.778 130.011
P 135.128 54.259 130.856
E 132.344 56.864 130.782
D 133.05 57.44 127.067
T 131.387 54.11 126.206
A 128.501 54.829 123.836
V 127.243 54.498 120.278
Y 128.796 57.4 118.362
Y 126.74 58.785 115.471
C 127.938 61.06 112.666
A 125.174 63.651 112.634
R 124.68 66.198 109.867
C 122.38 69.14 110.4
P 119.7 69.567 107.785
A 120.353 72.817 105.937
P 123.495 73.963 104.121
F 125.155 77.359 104.539
T 123.683 77.768 108.039
R 125.075 78.073 111.563
D 122.188 76.342 113.377
C 121.682 72.595 113.786
F 118.865 70.57 115.4
D 120.444 67.135 115.047
V 120.291 65.435 118.463
T 116.578 64.602 118.471
S 115.5 61.495 120.364
T 112.869 61.209 117.643
T 114.103 59.531 114.471
Y 116.537 62.023 112.93
A 117.171 61.448 109.242
Y 120.61 62.956 108.545
R 122.816 60.811 110.755
G 124.383 57.392 110.477
Q 123.643 54.101 112.188
G 126.4 54.564 114.763
T 129.629 52.779 115.658
Q 129.924 51.09 119.047
V 132.808 52.299 121.225
T 133.499 50.31 124.398
V 135.987 51.355 127.07
X 0 0 0
X 0 0 0
X 0 0 0
X 0 0 0
X 0 0 0
X 0 0 0
X 0 0 0
X 0 0 0
X 0 0 0
X 0 0 0
X 0 0 0
X 0 0 0
X 0 0 0
X 0 0 0
