Q 123.917 110.95 169.089
V 125.705 114.003 167.691
Q 127.131 115.579 170.858
L 129.366 118.657 170.59
Q 130.554 119.314 174.155
E 133.012 122.215 174.089
S 135.243 123.47 176.899
G 137.384 126.458 177.799
G 136.164 130.002 178.204
G 135.489 132.097 181.249
L 136.668 135.51 182.437
V 139.802 137.152 181.031
Q 141.053 140.719 181.079
P 140.885 142.77 177.853
G 143.975 141.79 175.901
G 144.254 138.281 177.354
S 144.144 134.963 175.537
L 141.824 131.957 175.77
R 141.686 128.566 174.056
L 138.22 127.163 173.356
S 138.211 123.397 172.835
C 135.375 121.288 171.436
A 135.196 117.554 172.168
A 132.991 116.191 169.385
S 131.443 112.725 169.494
G 128.755 110.687 167.784
F 129.972 111.18 164.208
T 132.998 110.762 161.965
F 134.795 114.009 162.782
S 137.012 113.883 159.679
N 134.106 114.18 157.207
Y 132.447 117.401 158.407
K 133.478 121.038 158.086
M 133.48 122.411 161.62
N 132.548 125.98 162.528
W 132.576 128.461 165.396
V 129.643 130.786 166.06
R 128.916 133.158 168.918
Q 125.893 134.938 170.369
A 126.6 138.392 171.752
P 124.427 139.423 174.727
G 121.349 141.052 173.245
K 122.021 140.124 169.609
G 121.482 137.141 167.35
L 124.081 134.565 166.43
E 126.937 135.582 164.152
W 129.506 133.446 162.373
V 133.092 133.583 163.655
S 135.256 130.995 161.874
D 135.298 127.584 160.208
I 137.666 124.983 158.799
S 137.237 122.423 156.053
Q 137.426 118.679 156.61
S 140.748 118.596 154.739
G 142.457 120.308 157.663
A 143.764 123.452 155.944
S 141.007 125.599 154.473
I 140.188 128.35 156.945
S 137.936 131.407 156.947
Y 137.224 134.075 159.553
T 134.892 136.985 160.008
G 136.409 140.402 159.445
S 136.506 141.321 163.128
V 138.59 138.323 164.269
K 141.11 138.169 161.427
G 144.651 137.869 162.761
R 143.501 137.57 166.383
F 141.64 134.234 166.378
T 142.896 130.913 165.029
I 140.84 127.766 164.425
S 142.448 124.332 164.306
R 141.083 120.786 164.376
D 142.674 117.47 165.352
N 140.912 114.752 163.361
A 142.931 112.03 165.105
K 141.357 113.136 168.407
N 137.976 114.52 167.227
T 138.629 117.945 168.725
L 138.142 121.489 167.433
Y 140.089 124.406 168.901
L 139.848 128.191 168.76
Q 143.012 129.961 169.931
M 141.708 133.401 170.891
N 144.257 136.21 171.182
S 143.993 139.952 171.854
L 140.481 139.794 173.276
K 138.534 142.996 172.665
P 135.787 144.058 175.1
E 133.07 143.709 172.44
D 134.167 140.127 171.68
T 132.276 138.795 174.714
A 129.623 136.233 173.783
V 128.619 132.582 174.113
Y 130.783 130.59 171.696
Y 129.123 127.559 170.094
C 130.989 124.77 168.29
A 128.7 124.308 165.297
R 128.968 121.703 162.54
C 127.888 121.777 158.928
P 124.869 119.513 158.325
A 125.955 117.09 155.619
P 129.366 115.444 155.113
F 131.634 115.947 152.103
T 129.983 119.279 151.25
R 131.214 122.869 151.06
D 128.015 124.656 152.159
C 126.741 125.269 155.684
F 123.631 126.692 157.375
D 124.785 126.792 161.008
V 123.443 130.195 162.171
T 119.744 129.376 162.468
S 118.317 130.995 165.621
T 119.481 128.248 167.991
T 117.172 125.826 166.179
Y 120.263 124.14 164.73
A 120.631 120.596 166.028
Y 124.31 119.807 165.365
R 125.585 122.555 167.64
G 126.986 122.832 171.144
Q 125.543 124.414 174.258
G 128.078 127.246 174.342
T 130.816 128.614 176.587
Q 130.613 132.042 178.192
V 133.598 134.27 177.376
T 133.504 137.475 179.441
V 136.058 140.239 178.91
X 0 0 0
X 0 0 0
X 0 0 0
X 0 0 0
X 0 0 0
X 0 0 0
X 0 0 0
X 0 0 0
X 0 0 0
X 0 0 0
X 0 0 0
X 0 0 0
X 0 0 0
X 0 0 0
