Q 151.004 100.388 149.171
V 149.798 103.997 149.321
Q 151.833 105.917 151.902
L 152.111 109.664 152.522
Q 154.732 111.0 154.946
E 154.753 114.535 156.356
S 157.827 116.408 157.562
G 158.301 119.759 159.274
G 156.639 121.581 162.138
G 157.598 122.255 165.737
L 156.902 125.159 168.067
V 158.105 128.359 166.385
Q 157.75 132.102 166.982
P 154.611 133.892 165.733
G 155.083 135.714 162.447
G 157.848 133.41 161.202
S 158.071 131.06 158.238
L 157.998 127.273 157.945
R 158.224 124.666 155.184
L 156.277 121.4 155.122
S 157.241 118.46 152.925
C 155.042 115.558 151.826
A 156.63 112.404 150.403
A 154.404 110.086 148.367
S 154.995 106.413 147.628
G 152.883 103.667 146.079
F 151.191 105.408 143.132
T 151.778 107.668 140.135
F 152.268 111.216 141.397
S 151.48 113.068 138.148
N 147.872 111.827 137.849
Y 146.222 113.002 141.089
K 145.238 116.497 142.172
M 146.439 117.021 145.733
N 145.229 118.96 148.748
W 146.399 120.401 152.054
V 143.772 120.16 154.824
R 144.151 121.211 158.462
Q 142.384 120.155 161.656
A 142.321 122.532 164.618
P 142.309 121.216 168.21
G 138.739 121.178 169.48
K 137.31 121.823 165.995
G 136.629 119.833 162.849
L 138.673 119.573 159.684
E 138.878 122.521 157.301
W 140.26 122.721 153.768
V 143.362 124.87 153.256
S 144.604 124.655 149.669
D 145.053 122.529 146.562
I 147.284 122.112 143.514
S 146.303 120.306 140.303
Q 148.168 117.666 138.288
S 150.224 119.967 136.055
G 150.485 122.761 138.628
A 148.669 125.528 136.736
S 145.43 125.63 138.755
I 146.395 126.548 142.331
S 143.662 127.514 144.781
Y 143.59 128.604 148.419
T 141.109 129.302 151.182
G 140.372 132.987 151.781
S 141.811 132.883 155.299
V 145.169 131.7 153.884
K 145.246 133.787 150.685
G 148.594 135.394 149.843
R 150.469 133.791 152.761
F 150.792 130.138 151.623
T 152.663 128.667 148.656
I 151.821 125.126 147.527
S 154.071 123.476 144.946
R 154.802 119.969 143.709
D 157.696 118.093 142.108
N 156.678 115.207 139.851
A 160.237 114.045 139.146
K 161.34 114.376 142.778
N 157.902 112.975 143.81
T 157.106 115.426 146.599
L 154.743 118.194 147.72
Y 156.014 121.404 149.347
L 154.135 124.054 151.332
Q 155.858 127.339 152.259
M 154.096 129.273 155.05
N 155.343 132.786 155.821
S 153.725 135.462 158.035
L 151.888 133.05 160.323
K 149.273 133.773 163.003
P 148.48 132.157 166.382
E 145.197 130.832 164.904
D 147.043 128.453 162.542
T 148.075 125.972 165.265
A 146.666 122.712 163.907
V 147.428 119.236 162.592
Y 148.122 119.502 158.868
Y 147.522 116.743 156.309
C 148.546 116.269 152.677
A 145.622 114.455 151.045
R 145.119 112.805 147.659
C 141.922 112.904 145.629
P 140.653 109.34 145.074
A 140.192 109.424 141.299
P 142.771 110.26 138.605
F 142.294 112.436 135.501
T 139.352 114.322 137.01
R 138.519 117.588 138.76
D 136.02 116.558 141.455
C 137.234 115.721 144.971
F 134.381 114.647 147.245
D 135.64 113.186 150.518
V 138.871 115.085 151.188
T 137.574 116.982 154.237
S 135.984 114.029 156.021
T 136.407 112.225 159.329
T 137.633 108.792 158.165
Y 139.558 109.203 154.902
A 142.293 106.667 154.176
Y 144.234 108.399 151.363
R 145.968 110.932 153.625
G 149.021 110.764 155.862
Q 149.353 110.904 159.63
G 149.831 114.686 159.525
T 152.13 117.036 161.399
Q 151.587 119.285 164.417
V 152.198 123.009 163.877
T 151.948 125.156 167.012
V 152.253 128.934 166.746
X 0 0 0
X 0 0 0
X 0 0 0
X 0 0 0
X 0 0 0
X 0 0 0
X 0 0 0
X 0 0 0
X 0 0 0
X 0 0 0
X 0 0 0
X 0 0 0
X 0 0 0
X 0 0 0
