Q 74.094 29.69 -20.485
V 70.335 30.527 -20.283
Q 69.045 34.166 -20.199
L 65.491 35.523 -19.633
V 64.338 38.736 -21.414
E 61.33 40.689 -19.982
S 59.14 43.034 -22.134
G 55.645 44.585 -22.118
G 55.247 46.979 -19.175
G 53.377 50.3 -19.325
S 50.748 52.636 -17.775
V 47.18 51.158 -17.86
Q 44.035 52.736 -16.268
A 41.843 50.824 -13.7
G 39.722 47.996 -15.172
G 41.985 47.618 -18.226
S 44.203 44.792 -19.552
L 47.956 44.207 -20.244
R 49.943 41.126 -21.424
L 53.534 40.446 -20.255
S 56.142 38.421 -22.225
C 59.135 36.434 -20.878
A 61.46 35.147 -23.652
A 64.059 32.496 -22.689
S 67.192 31.872 -24.82
G 69.889 29.224 -24.28
N 70.504 25.453 -24.004
I 67.046 24.688 -22.435
H 66.423 20.902 -22.055
H 63.018 20.8 -20.238
I 61.294 23.552 -18.176
S 59.701 22.101 -14.991
Y 58.577 25.386 -13.323
L 57.497 28.885 -14.537
G 56.684 31.69 -12.059
W 55.843 35.427 -11.864
F 56.389 37.686 -8.798
R 55.702 41.407 -8.082
Q 58.093 43.632 -6.067
A 57.096 46.934 -4.391
P 59.83 49.671 -3.873
G 60.007 48.565 -0.198
K 59.313 44.772 -0.288
E 61.463 41.568 -0.612
R 59.854 38.857 -2.897
E 56.117 38.044 -3.332
G 54.13 35.408 -5.322
V 51.573 36.134 -8.076
A 51.393 33.078 -10.43
A 53.0 29.621 -10.946
L 52.958 26.765 -13.518
W 54.113 23.112 -13.202
T 54.593 21.513 -16.681
K 54.12 17.904 -15.38
D 50.371 18.343 -14.58
G 49.54 21.84 -15.897
N 48.126 23.063 -12.55
T 48.174 26.845 -11.985
Y 48.591 28.265 -8.447
Y 47.777 32.009 -8.048
A 47.792 34.624 -5.207
D 44.661 35.163 -3.003
S 43.984 38.646 -4.545
V 44.401 37.462 -8.197
K 42.159 34.272 -8.314
G 40.264 34.889 -11.613
R 42.271 37.819 -13.06
F 45.879 36.848 -14.03
T 46.614 33.677 -16.083
V 50.088 32.056 -16.523
S 51.054 30.117 -19.74
L 54.117 28.833 -21.714
D 54.741 28.422 -25.493
N 56.649 25.14 -26.179
A 58.104 25.884 -29.665
K 58.694 29.652 -29.04
N 60.261 29.061 -25.519
T 58.442 32.127 -24.043
G 56.413 32.495 -20.816
Y 53.235 34.635 -20.664
L 50.987 36.35 -18.041
Q 47.666 37.954 -19.091
M 46.334 40.571 -16.621
N 42.562 41.358 -16.765
S 40.417 44.053 -14.976
L 43.587 45.531 -13.32
K 43.073 47.36 -9.987
P 45.528 50.187 -8.932
E 46.546 48.088 -5.845
D 48.93 45.864 -7.938
T 51.329 48.679 -9.047
A 54.805 47.004 -8.777
L 57.965 45.691 -10.578
Y 57.076 42.288 -12.159
Y 59.707 39.491 -12.513
C 60.197 35.993 -14.094
A 61.555 32.623 -12.866
A 62.286 29.37 -14.764
A 63.63 25.985 -13.553
D 65.32 23.692 -16.131
T 66.105 19.945 -15.806
G 69.12 18.691 -17.792
S 70.019 15.21 -19.116
D 71.336 12.873 -16.326
T 71.36 14.81 -12.999
P 73.076 13.265 -9.864
L 71.139 11.264 -7.172
W 71.097 14.154 -4.622
D 72.517 17.138 -6.619
W 69.903 19.494 -8.163
V 69.916 21.078 -11.674
Y 69.69 24.852 -12.55
W 67.497 27.969 -11.892
Y 67.127 31.117 -14.067
W 65.764 34.613 -13.218
G 64.383 37.36 -15.495
Q 65.256 41.061 -15.926
G 62.312 43.081 -14.522
T 59.781 45.451 -16.149
Q 57.679 48.163 -14.389
V 53.851 47.788 -14.597
T 51.959 50.912 -13.381
V 48.162 50.8 -12.838
S 46.179 53.916 -11.709
X 0 0 0
X 0 0 0
X 0 0 0
X 0 0 0
X 0 0 0
X 0 0 0
X 0 0 0
X 0 0 0
X 0 0 0
X 0 0 0
X 0 0 0
X 0 0 0
X 0 0 0
X 0 0 0
X 0 0 0
X 0 0 0
