Q 105.576 124.056 92.109
V 107.545 123.462 95.316
Q 111.242 124.199 94.814
L 113.94 125.236 97.288
Q 116.939 127.07 95.828
E 119.627 128.033 98.325
S 122.729 130.192 97.984
G 125.128 132.432 99.889
G 127.703 129.698 100.421
G 131.343 129.641 99.466
M 134.868 129.239 100.745
V 135.711 130.809 104.118
Q 138.483 130.547 106.706
P 138.179 128.73 110.068
G 136.628 130.878 112.773
G 134.743 133.074 110.304
S 131.098 133.578 109.421
L 128.617 132.744 106.684
R 125.032 133.718 105.847
L 123.079 130.986 104.044
S 119.847 131.918 102.256
C 117.061 129.622 101.058
L 114.293 130.734 98.687
A 111.194 128.525 98.562
S 108.399 128.758 96.004
G 105.279 126.803 95.106
F 103.528 126.328 98.467
T 102.153 128.198 101.48
F 105.359 129.266 103.213
S 104.093 130.766 106.489
N 102.356 127.496 107.435
Y 105.238 124.993 107.501
A 108.289 124.88 109.745
M 111.709 124.683 108.107
T 114.919 122.733 108.659
W 118.608 122.931 107.858
V 120.17 119.475 107.435
R 123.808 118.991 106.459
Q 125.742 116.043 105.058
A 129.5 115.591 105.197
P 131.116 113.642 102.331
G 131.207 110.044 103.552
K 128.788 110.366 106.486
G 125.002 110.26 106.257
P 123.121 113.509 106.82
E 122.509 115.097 110.21
W 119.872 117.709 110.973
V 121.371 121.126 111.74
S 118.397 123.179 112.917
M 114.598 123.271 113.043
V 112.671 126.569 113.032
S 108.975 127.181 113.679
N 106.248 128.972 111.722
N 106.192 131.944 114.11
G 109.989 132.009 114.169
A 109.855 131.784 117.973
D 110.529 128.062 118.562
T 114.038 127.182 117.356
T 116.15 124.092 118.01
Y 119.773 123.248 117.175
T 122.028 120.209 117.414
D 123.912 119.447 120.632
S 127.226 120.522 119.032
V 126.288 123.871 117.435
K 124.665 125.8 120.284
G 125.882 129.387 120.598
R 127.607 129.342 117.202
F 124.501 129.334 114.971
T 121.41 131.514 114.585
I 118.482 130.379 112.411
S 115.7 132.736 111.323
R 113.184 133.358 108.551
D 111.459 136.243 106.775
N 107.85 135.635 105.735
A 107.642 138.559 103.287
K 109.922 137.113 100.601
N 109.171 133.592 101.926
T 112.844 133.034 102.687
L 115.032 131.296 105.264
Y 118.214 132.751 106.799
L 120.972 130.918 108.666
R 123.892 132.707 110.339
M 126.89 130.469 111.046
N 129.568 132.016 113.26
N 132.799 130.533 114.627
V 132.998 127.958 111.842
K 134.766 124.886 113.187
P 136.652 122.656 110.717
E 134.162 119.825 111.294
D 131.178 121.914 110.157
S 132.708 121.495 106.687
A 129.783 119.797 104.949
V 127.095 120.351 102.324
Y 124.149 122.207 103.845
Y 120.528 121.532 102.912
C 117.298 123.519 103.235
A 114.108 121.498 103.609
K 110.417 121.931 104.424
R 108.964 119.88 107.281
R 106.094 117.445 106.793
Y 103.962 119.244 109.39
G 103.907 122.792 110.684
G 105.5 121.595 113.915
I 109.069 121.077 115.102
W 108.991 118.373 117.806
T 106.032 116.308 116.555
G 107.968 113.524 114.885
Q 111.672 112.933 114.383
P 113.582 115.137 111.908
T 112.8 113.796 108.43
D 111.717 115.598 105.271
Y 109.769 114.822 102.099
D 110.922 117.329 99.466
Y 113.728 118.462 97.166
L 117.026 120.296 97.672
G 119.375 122.927 96.239
Q 123.141 123.191 96.893
G 125.752 123.693 99.615
T 129.398 124.763 99.9
V 132.29 123.354 101.927
T 135.123 124.784 104.041
X 0 0 0
X 0 0 0
X 0 0 0
X 0 0 0
X 0 0 0
X 0 0 0
X 0 0 0
X 0 0 0
X 0 0 0
X 0 0 0
X 0 0 0
X 0 0 0
X 0 0 0
X 0 0 0
X 0 0 0
X 0 0 0
X 0 0 0
X 0 0 0
X 0 0 0
