Q -27.887 7.113 -37.232
V -26.623 5.719 -33.934
Q -28.341 2.621 -32.569
L -28.019 0.362 -29.522
Q -30.002 -2.864 -29.963
E -30.412 -5.145 -26.944
S -31.328 -8.807 -27.33
G -31.393 -12.093 -25.451
G -34.159 -11.436 -22.92
G -36.904 -13.831 -21.913
L -38.16 -16.165 -19.198
V -35.554 -18.019 -17.13
Q -35.751 -20.26 -14.069
P -34.11 -18.943 -10.871
G -30.501 -20.014 -10.479
G -30.065 -20.242 -14.256
S -27.93 -18.224 -16.641
L -28.662 -15.871 -19.534
R -26.476 -13.766 -21.842
R -26.477 -13.766 -21.839
L -27.716 -10.338 -22.936
S -26.175 -8.728 -26.018
C -26.147 -5.111 -27.213
A -25.186 -4.403 -30.828
A -23.864 -0.875 -31.399
S -23.848 0.954 -34.731
G -23.338 4.505 -35.933
F -20.459 5.494 -33.634
T -16.97 4.397 -32.618
F -17.919 1.698 -30.108
S -14.357 1.189 -28.847
T -14.263 4.83 -27.684
Y -17.185 4.88 -25.221
A -17.394 3.32 -21.803
M -20.513 1.16 -21.738
S -23.121 0.401 -19.087
W -26.038 -1.897 -18.395
F -29.049 -0.489 -16.54
R -32.305 -2.165 -15.591
Q -35.839 -1.149 -14.621
A -37.837 -3.541 -12.415
P -41.662 -3.527 -12.29
G -42.842 -0.456 -10.419
K -39.313 0.712 -9.578
G -36.887 3.29 -10.931
L -33.892 2.901 -13.2
E -31.013 1.007 -11.586
W -27.401 0.988 -12.735
V -26.267 -2.612 -13.186
A -22.713 -2.523 -14.508
S -20.112 -0.479 -16.354
I -16.963 -1.223 -18.358
N -14.292 1.151 -19.633
S -13.083 1.827 -23.155
S -9.675 1.043 -24.658
G -9.157 -2.574 -23.607
G -12.166 -3.069 -21.339
G -10.037 -4.05 -18.352
I -12.044 -2.147 -15.714
Q -15.46 -3.485 -14.696
S -17.793 -2.109 -12.026
Y -20.972 -3.668 -10.645
A -23.835 -2.899 -8.32
D -23.75 -4.793 -5.035
S -26.962 -6.607 -5.977
V -25.193 -8.387 -8.863
K -21.494 -8.215 -7.967
G -20.725 -11.931 -7.798
R -23.18 -13.118 -10.443
F -23.185 -10.727 -13.432
T -20.259 -10.217 -15.809
I -20.013 -7.348 -18.278
S -17.767 -7.722 -21.315
R -17.282 -6.315 -24.793
D -16.099 -7.326 -28.251
N -14.78 -4.25 -30.045
A -14.3 -6.234 -33.266
K -18.036 -7.035 -33.228
N -19.084 -3.708 -31.638
T -21.038 -5.745 -29.104
L -21.594 -5.538 -25.346
Y -22.452 -8.556 -23.189
L -24.037 -9.051 -19.767
Q -23.658 -12.634 -18.52
M -26.205 -13.32 -15.766
N -25.644 -16.336 -13.513
S -27.403 -17.446 -10.321
L -30.424 -15.405 -11.374
E -33.06 -14.382 -8.833
P -36.625 -13.028 -9.094
E -35.28 -9.599 -8.114
D -33.389 -9.66 -11.432
T -36.744 -9.521 -13.253
A -36.568 -6.242 -15.174
V -36.182 -4.588 -18.541
Y -32.452 -4.378 -19.267
Y -31.061 -1.358 -21.113
C -27.674 -0.754 -22.73
A -26.148 2.719 -22.648
A -22.998 4.466 -23.856
A -21.391 6.695 -21.236
A -20.963 10.329 -22.244
W -17.674 12.213 -22.089
R -19.114 14.178 -19.158
V -18.997 11.283 -16.697
G -22.262 10.697 -14.865
T -24.4 11.182 -17.996
Y -25.114 9.097 -21.082
D -25.265 9.907 -24.793
Y -27.101 6.865 -26.187
R -29.392 4.185 -24.789
G -31.099 1.203 -26.373
Q -34.709 0.068 -26.3
G -34.038 -2.737 -23.81
T -34.907 -6.417 -23.545
Q -37.172 -8.013 -20.942
V -35.688 -10.554 -18.515
T -38.226 -12.427 -16.378
V -36.971 -14.704 -13.599
S -39.768 -17.006 -12.444
S -40.23 -20.725 -11.848
S -42.84 -22.752 -13.713
K -43.324 -24.83 -10.544
G -42.144 -23.811 -7.086
X 0 0 0
X 0 0 0
X 0 0 0
X 0 0 0
X 0 0 0
X 0 0 0
X 0 0 0
X 0 0 0
X 0 0 0
X 0 0 0
X 0 0 0
X 0 0 0
X 0 0 0
X 0 0 0
X 0 0 0
X 0 0 0
