E 19.287 60.52 15.834
V 17.058 63.008 17.748
Q 17.03 64.796 21.181
L 13.719 66.018 22.745
V 12.878 68.907 25.065
E 9.348 69.415 26.456
S 8.213 72.959 27.279
G 5.07 74.834 28.386
G 4.68 73.433 31.913
G 2.977 75.779 34.378
L 0.199 76.509 36.901
V -3.414 76.156 35.703
Q -6.679 76.826 37.583
P -9.222 73.867 37.399
G -11.004 74.109 34.069
G -8.076 76.013 32.543
S -6.044 75.265 29.367
L -2.336 74.857 28.608
R -0.293 74.009 25.494
L 2.856 71.889 25.729
S 5.557 71.611 23.048
C 7.905 68.746 22.278
E 10.835 70.144 20.285
A 13.357 67.965 18.513
S 17.03 68.47 17.66
G 18.554 66.329 14.89
Y 18.434 65.589 11.108
T 14.596 65.065 10.661
L 11.373 64.338 12.67
A 9.261 63.361 9.566
N 9.586 59.541 10.029
Y 9.068 59.614 13.854
A 5.942 58.875 15.887
I 5.643 61.134 18.926
G 3.766 60.124 22.047
W 2.935 62.143 25.149
F 3.069 60.415 28.5
R 2.575 61.663 32.044
Q 3.607 60.545 35.504
A 1.916 61.792 38.712
P 3.897 61.329 42.019
G 3.615 57.736 43.289
K 1.795 56.602 40.099
E 2.858 54.643 37.011
R 3.641 56.437 33.722
E 0.599 56.583 31.406
G 0.241 57.476 27.732
V -2.173 60.312 26.938
S -1.839 60.993 23.226
C 0.2 59.855 20.247
I 0.801 61.023 16.688
S 2.127 58.711 13.954
S 4.541 59.82 11.144
G 1.507 59.562 8.771
G -0.403 62.061 10.97
S -2.911 59.66 12.63
T -3.783 60.607 16.227
V -4.791 58.507 19.232
Y -6.009 59.577 22.666
S -6.469 57.808 25.985
E -10.062 57.617 27.243
S -9.332 60.094 30.082
V -8.204 62.903 27.695
K -10.175 62.097 24.471
D -12.755 64.95 24.792
R -10.146 67.534 25.919
F -6.659 67.173 24.341
T -5.403 67.718 20.778
I -2.021 66.457 19.531
S -0.551 68.081 16.376
R 2.792 68.277 14.551
D 4.808 70.732 12.469
N 7.666 68.813 10.763
A 9.112 72.136 9.365
K 9.52 73.503 12.944
K 10.181 69.846 14.142
I 7.615 70.452 16.957
V 4.763 68.386 18.367
Y 2.081 70.245 20.375
L -0.276 68.989 23.027
Q -3.209 71.377 23.49
M -4.743 70.463 26.9
N -8.178 71.869 27.618
S -10.362 71.66 30.753
L -7.542 70.538 33.076
Q -8.405 69.268 36.555
P -6.211 68.622 39.681
E -6.063 64.889 38.652
D -4.118 66.009 35.488
T -1.212 67.285 37.688
A 1.925 65.378 36.546
V 5.265 65.615 34.78
Y 4.475 65.349 31.049
Y 7.032 63.696 28.768
C 7.288 63.178 25.044
A 8.924 60.158 23.429
A 9.996 59.536 19.837
D 9.71 56.214 17.91
P 11.84 55.958 14.692
F 9.267 53.374 13.445
G 6.675 56.053 12.613
E 3.694 53.695 12.279
R 4.552 51.626 15.418
L 4.165 53.634 18.703
C 0.472 54.69 18.365
I -0.69 51.04 17.906
D 0.072 50.303 21.611
P 1.669 53.424 23.262
N 1.904 52.056 26.852
T 3.654 48.89 25.72
F 5.749 50.262 22.816
A 7.084 53.221 24.932
G 9.187 50.541 26.655
Y 11.206 50.009 23.424
L 12.156 53.722 23.096
E 15.528 55.304 23.895
T 14.419 58.894 22.931
W 12.661 60.781 25.732
G 12.535 64.361 26.88
Q 13.31 65.562 30.442
G 9.609 66.238 31.17
T 7.65 69.403 32.013
Q 5.557 69.85 35.212
V 1.852 70.652 34.779
T 0.157 71.767 38.044
V -3.612 72.156 38.255
S -4.613 73.679 41.584
S -7.235 76.239 42.624
L -6.096 79.677 44.056
X 0 0 0
X 0 0 0
X 0 0 0
X 0 0 0
X 0 0 0
X 0 0 0
X 0 0 0
X 0 0 0
X 0 0 0
X 0 0 0
X 0 0 0
