Q 18.761 -1.615 48.924
V 15.621 0.344 47.757
Q 12.983 -1.707 45.785
L 9.905 -0.236 43.935
Q 6.791 -2.225 42.747
E 3.91 -0.635 40.697
S 0.14 -1.506 40.77
G -3.327 -0.088 39.836
G -2.549 -0.026 36.059
G -4.946 -1.273 33.324
S -6.965 -0.45 30.137
V -9.742 2.261 30.29
Q -11.881 4.367 27.843
A -10.862 7.889 26.596
G -11.715 10.74 29.051
G -11.558 8.158 31.909
S -9.46 8.07 35.147
L -6.772 5.805 36.766
T -4.602 5.914 39.97
L -1.131 4.209 39.811
S 0.538 3.038 43.108
C 4.339 2.512 43.635
A 5.04 0.794 47.03
A 8.67 1.778 47.941
S 10.575 -0.426 50.492
G 14.06 -0.605 52.14
Y 14.854 3.155 52.545
A 17.766 4.414 54.74
N 16.805 8.036 53.759
S 13.054 8.37 52.826
N 13.579 12.097 51.853
T 14.414 11.063 48.209
C 12.955 12.387 44.876
M 10.494 9.907 43.247
G 8.958 10.304 39.735
W 6.825 8.583 37.028
F 8.145 7.836 33.468
R 6.116 6.469 30.471
Q 7.564 4.584 27.414
A 5.491 4.392 24.154
P 6.151 1.502 21.69
G 9.708 2.177 20.335
K 10.182 5.736 21.78
E 12.425 6.406 24.865
R 11.295 6.971 28.524
E 9.986 10.577 29.071
R 9.294 11.959 32.627
V 5.521 12.674 33.189
A 5.765 13.829 36.877
A 8.149 13.947 39.927
I 7.9 15.038 43.644
S 10.68 16.592 45.858
G 12.232 14.53 48.732
V 12.068 17.645 51.025
G 8.887 19.821 51.32
T 5.936 20.023 48.843
G 7.394 20.354 45.286
T 5.552 18.661 42.344
Y 6.942 18.987 38.737
Y 4.994 17.811 35.609
A 5.409 17.502 31.787
D 3.492 20.132 29.682
S 1.701 17.194 27.874
V 0.041 16.071 31.209
K 0.09 19.49 33.059
G -3.284 19.992 34.881
R -4.675 16.513 33.913
F -2.103 14.455 35.974
T -1.223 14.859 39.723
I 1.659 13.187 41.716
S 1.216 12.679 45.528
R 2.824 10.851 48.531
D 1.151 9.323 51.663
N 2.106 10.607 55.189
G 4.743 7.84 55.768
K 6.333 8.384 52.269
N 6.043 4.547 51.749
T 3.664 4.674 48.69
L 3.934 7.062 45.654
F 0.694 7.774 43.648
L -0.033 9.185 40.128
Q -3.616 10.618 39.93
M -4.406 10.349 36.144
N -7.552 12.271 34.932
S -8.887 13.124 31.393
L -6.888 10.198 29.834
K -6.299 10.732 26.043
P -5.202 8.054 23.492
E -1.657 9.649 23.438
D -1.269 8.762 27.208
T -1.239 5.017 26.152
A 2.253 3.79 27.298
M 4.193 1.523 29.766
Y 4.378 3.562 33.057
Y 7.44 3.111 35.385
C 7.875 4.586 38.932
C 7.874 4.576 38.938
A 11.512 5.732 39.567
A 13.543 7.089 42.557
A 16.716 9.293 42.705
P 19.844 8.181 44.659
E 18.981 7.84 48.424
G 19.271 11.391 49.916
R 18.861 13.261 46.557
A 15.733 15.421 47.281
W 15.839 17.459 43.985
C 14.463 15.755 40.8
S 16.351 15.085 37.493
R 14.417 15.627 34.179
D 16.406 12.889 32.28
P 15.856 9.222 33.367
S 19.704 8.804 33.72
G 19.435 10.691 37.093
Y 17.304 7.871 38.693
N 19.037 4.745 40.193
Y 16.02 2.626 41.387
W 13.192 1.575 38.958
G 10.019 -0.594 39.211
Q 9.235 -3.602 36.91
G 6.583 -1.405 35.134
T 2.757 -1.348 34.583
Q 0.773 -0.995 31.27
V -1.913 1.767 30.815
T -4.113 1.612 27.626
V -6.624 4.393 26.603
S -9.368 3.836 23.918
X 0 0 0
X 0 0 0
X 0 0 0
X 0 0 0
X 0 0 0
X 0 0 0
X 0 0 0
X 0 0 0
X 0 0 0
X 0 0 0
X 0 0 0
X 0 0 0
X 0 0 0
X 0 0 0
