Q -6.025 12.545 -13.336
V -7.536 14.706 -10.533
Q -9.986 13.577 -7.768
L -11.841 16.407 -5.881
Q -12.929 16.134 -2.168
E -15.206 18.921 -0.844
S -15.826 19.565 2.903
G -17.394 22.104 5.312
G -21.022 22.185 4.091
G -24.072 22.406 6.281
L -26.742 24.43 8.098
V -26.172 28.127 9.009
Q -28.369 31.025 10.179
P -28.983 34.142 8.071
G -26.047 36.591 8.519
G -23.794 33.657 9.45
S -20.487 32.433 7.943
L -19.411 29.025 6.541
R -16.032 27.832 5.131
L -16.027 25.226 2.318
S -12.789 23.49 1.283
C -11.753 21.414 -1.724
A -8.772 19.024 -1.726
A -7.447 18.197 -5.261
S -5.163 15.098 -5.566
G -3.413 13.693 -8.694
S 0.067 12.349 -9.721
G 1.879 15.763 -9.69
N 0.248 16.88 -12.997
S -0.239 20.695 -13.034
I -3.832 21.885 -12.313
N -5.223 24.953 -14.117
V -8.141 27.125 -12.784
M -10.122 25.752 -9.808
G -13.391 27.124 -8.515
W -16.76 26.791 -6.808
Y -20.198 26.485 -8.441
R -23.609 26.152 -6.805
Q -26.916 24.78 -8.068
A -30.116 25.757 -6.192
P -33.299 23.627 -6.652
G -34.806 23.997 -10.19
K -32.062 26.527 -11.14
P -29.008 26.094 -13.396
R -25.483 25.576 -11.962
E -23.748 29.014 -11.644
L -20.142 30.152 -10.978
V -19.53 31.475 -7.41
A -15.746 32.031 -7.486
E -12.636 30.723 -9.304
I -8.856 31.155 -8.86
T -5.912 30.443 -11.282
S -2.582 28.853 -10.141
S -1.045 32.406 -10.153
G -3.769 33.577 -7.682
T -6.007 35.551 -10.125
T -9.619 35.465 -8.735
N -13.082 35.983 -10.33
Y -16.421 36.338 -8.38
A -20.179 36.237 -9.192
D -21.801 39.706 -8.63
S -24.254 38.095 -6.111
V -21.314 37.171 -3.757
K -18.782 40.048 -4.29
G -17.653 41.441 -0.871
R -19.276 38.492 1.017
F -17.348 35.402 -0.287
S -13.557 35.141 -0.681
I -11.735 32.271 -2.438
S -8.058 31.393 -1.768
R -5.66 28.73 -3.182
D -2.649 26.945 -1.579
N -0.72 25.372 -4.573
A 1.551 23.537 -2.035
K -1.448 21.486 -0.697
N -3.696 21.882 -3.855
T -6.584 23.175 -1.678
V -9.136 25.92 -2.581
P -11.024 27.251 0.474
L -14.197 29.34 -0.009
Q -15.041 31.697 2.93
M -18.779 32.612 2.805
N -19.875 35.583 5.036
S -23.227 37.46 5.36
L -25.042 34.295 4.119
K -28.704 34.675 2.95
P -31.533 32.17 2.242
E -30.733 32.845 -1.525
D -27.262 31.216 -0.997
T -29.003 27.817 -0.268
A -27.73 25.304 -2.858
I -25.386 22.365 -3.469
Y -21.823 23.736 -3.846
Y -19.416 21.879 -6.225
C -15.633 22.183 -6.418
S -14.159 22.136 -9.991
A -10.7 21.756 -11.564
V -9.467 22.145 -15.168
L -6.556 20.042 -16.486
V -5.117 21.225 -19.809
R -4.062 18.521 -22.339
F -2.08 19.118 -25.572
G -1.686 22.881 -24.752
G -5.364 23.811 -25.492
L -7.643 20.838 -24.615
R -9.398 21.767 -21.304
R -10.964 18.89 -19.269
S -13.251 19.838 -16.295
Y -13.462 17.675 -13.118
W -16.26 18.049 -10.511
G -16.511 17.08 -6.808
Q -19.609 15.243 -5.469
G -21.161 18.504 -4.128
T -21.808 19.717 -0.521
Q -25.231 20.997 0.736
V -25.388 24.568 2.164
T -28.685 25.563 3.907
V -29.197 29.118 5.28
S -32.308 28.871 7.518
S -33.629 30.755 10.595
H -33.511 28.763 13.922
H -37.256 29.806 14.415
H -38.61 27.709 11.441
H -41.097 24.887 12.408
X 0 0 0
X 0 0 0
X 0 0 0
X 0 0 0
X 0 0 0
X 0 0 0
X 0 0 0
X 0 0 0
X 0 0 0
X 0 0 0
X 0 0 0
X 0 0 0
X 0 0 0
X 0 0 0
X 0 0 0
X 0 0 0
