Q -32.794 29.423 10.0
V -29.069 29.701 9.317
Q -27.633 30.134 5.82
L -24.097 29.277 4.743
V -21.553 30.809 2.362
E -18.603 28.722 1.161
T -15.336 30.217 -0.018
G -11.705 29.258 -0.505
G -11.889 27.087 -3.623
G -10.507 27.68 -7.092
L -7.935 26.006 -9.299
V -4.916 24.323 -7.737
Q -1.907 22.208 -8.717
A -2.116 18.432 -9.055
G -0.925 17.438 -5.585
G -1.136 20.728 -3.722
S -3.529 21.732 -0.972
L -6.126 24.267 0.025
R -8.467 25.026 2.923
L -12.183 25.617 2.38
S -13.808 28.032 4.822
C -17.553 27.73 5.464
A -19.062 30.895 6.929
A -22.314 30.719 8.885
S -24.836 33.55 9.12
G -26.334 32.515 12.482
S -25.573 30.432 15.557
I -23.391 27.387 14.926
F -23.717 25.924 18.42
S -26.524 23.381 18.975
L -25.894 22.206 15.376
N -24.913 18.609 16.08
A -23.728 17.608 12.601
M -21.849 19.94 10.287
G -20.919 18.239 7.037
W -19.038 18.886 3.811
F -20.495 17.255 0.68
R -19.146 17.312 -2.868
Q -20.798 16.811 -6.24
A -18.667 16.211 -9.306
P -20.13 16.561 -12.814
G -21.556 13.187 -13.74
K -21.741 12.01 -10.121
E -24.345 11.623 -7.41
R -24.334 13.889 -4.367
E -21.679 12.101 -2.294
F -20.414 12.492 1.256
V -17.037 13.926 2.254
A -16.776 14.565 5.964
T -18.785 15.399 9.055
I -17.799 16.895 12.391
N -19.54 16.709 15.785
R -20.857 19.735 17.644
S -17.664 19.933 19.73
G -15.418 17.935 17.422
G -13.739 14.735 18.534
R -16.16 12.575 16.55
T -15.277 12.805 12.852
Y -16.658 10.756 9.965
Y -14.877 10.502 6.603
A -15.592 8.68 3.363
D -13.063 6.092 2.223
S -12.049 8.265 -0.734
V -10.798 10.988 1.648
K -10.031 8.866 4.707
G -6.61 10.317 5.494
R -6.152 13.069 2.93
F -8.789 15.503 4.233
T -9.369 16.985 7.678
I -12.56 18.778 8.77
S -12.457 21.239 11.677
R -14.685 23.912 13.197
D -14.489 27.045 15.342
N -17.818 27.567 17.1
G -16.653 30.934 18.418
K -16.203 32.336 14.909
N -19.105 30.26 13.517
M -16.827 28.71 10.893
V -16.332 25.185 9.557
Y -13.059 24.37 7.819
L -12.117 21.618 5.362
Q -8.363 21.26 4.862
M -7.569 19.356 1.661
H -4.042 17.91 1.61
S -2.638 15.536 -1.042
L -5.164 16.374 -3.725
K -6.088 14.01 -6.548
P -7.437 14.994 -9.991
E -10.541 12.86 -9.369
D -11.473 15.293 -6.571
T -12.474 18.004 -9.053
A -15.969 18.837 -7.852
I -18.34 21.407 -6.386
Y -17.803 21.333 -2.616
Y -20.805 22.39 -0.513
C -21.106 23.061 3.215
A -24.271 21.752 4.866
A -25.991 22.27 8.185
G -27.555 19.078 9.494
T -29.723 17.644 12.237
G -27.244 15.24 13.801
W -29.074 12.107 12.691
S -27.127 9.76 10.365
P -24.546 12.303 9.163
Q -23.01 10.034 6.517
T -26.225 10.192 4.464
D -27.451 13.451 2.941
N -31.142 13.18 3.879
E -30.758 14.646 7.387
Y -29.303 18.005 6.287
N -32.084 20.565 5.885
Y -29.829 23.597 5.265
W -27.265 23.867 2.469
G -24.834 26.407 1.055
Q -23.887 27.774 -2.346
G -20.793 25.658 -3.021
T -17.307 26.324 -4.352
Q -15.572 24.84 -7.395
V -12.316 22.981 -6.751
T -10.434 22.052 -9.951
V -7.371 19.832 -9.499
S -5.624 19.785 -12.871
S -3.519 16.764 -13.788
H 0.024 16.919 -15.158
H -0.121 18.303 -18.703
H -2.782 16.57 -20.882
X 0 0 0
X 0 0 0
X 0 0 0
X 0 0 0
X 0 0 0
X 0 0 0
X 0 0 0
X 0 0 0
X 0 0 0
X 0 0 0
X 0 0 0
X 0 0 0
X 0 0 0
X 0 0 0
