E -33.985 59.947 44.828
V -34.431 60.991 41.198
Q -37.563 59.615 39.534
L -38.854 60.012 35.969
L -42.21 58.384 35.179
E -43.448 58.398 31.588
S -47.119 58.075 30.688
G -49.248 58.454 27.571
G -47.977 55.665 25.321
G -50.418 53.467 23.47
L -51.717 52.279 20.121
V -52.582 54.999 17.599
Q -53.374 55.086 13.897
P -51.076 56.763 11.356
G -51.814 60.474 11.354
G -53.112 60.377 14.929
S -51.937 62.396 17.912
L -50.509 61.437 21.295
R -49.312 63.448 24.3
L -46.629 61.982 26.557
S -45.961 63.167 30.102
C -42.931 62.826 32.377
A -43.477 63.313 36.111
A -40.169 64.265 37.74
S -39.16 64.373 41.402
G -36.073 64.058 43.566
F -34.243 67.015 42.002
T -34.744 70.714 41.313
F -36.588 70.357 38.01
R -36.149 73.975 36.881
G -32.346 73.706 37.085
Y -31.821 71.064 34.389
S -32.541 70.647 30.718
M -34.856 67.747 29.904
A -35.028 65.495 26.875
W -36.948 62.741 25.113
V -35.254 59.743 23.491
R -36.668 56.618 21.885
Q -35.689 53.117 20.774
A -37.492 51.591 17.807
P -37.784 47.777 17.781
G -34.424 46.205 17.003
K -32.777 49.621 16.56
G -30.482 51.828 18.602
L -31.48 54.646 20.919
E -32.427 57.813 19.031
W -32.519 61.323 20.464
V -35.827 63.132 19.893
S -35.815 66.55 21.569
T -34.251 68.629 24.342
I -35.678 71.641 26.194
S -33.681 74.174 28.214
P -34.212 74.561 32.0
I -36.936 77.243 31.828
G -38.007 76.425 28.264
T -36.277 79.311 26.485
Y -34.766 76.968 23.874
T -35.979 73.762 22.232
Y -33.989 71.363 20.052
Y -35.374 68.647 17.79
A -34.175 65.794 15.638
D -34.694 66.464 11.94
S -37.182 63.61 11.515
V -39.496 64.977 14.239
K -39.015 68.766 14.075
G -42.371 70.485 13.589
R -44.423 67.34 14.162
F -43.284 67.008 17.789
T -43.352 69.792 20.378
I -41.524 69.597 23.704
S -42.616 71.717 26.66
R -42.373 71.753 30.436
D -44.307 73.015 33.46
N -41.734 73.758 36.16
S -44.553 74.632 38.576
K -45.643 70.972 38.381
N -42.225 69.37 37.662
T -43.583 67.758 34.496
L -42.135 67.349 31.001
Y -44.396 66.962 27.963
L -43.988 65.769 24.378
Q -46.857 66.592 22.008
M -46.681 64.111 19.119
N -48.742 65.071 16.06
S -49.232 63.265 12.737
L -47.695 60.063 14.053
R -46.114 57.733 11.496
A -45.213 54.054 11.656
E -41.539 54.96 12.126
D -42.475 56.644 15.427
T -43.212 53.199 16.924
A -40.728 52.97 19.8
V -40.305 52.978 23.556
Y -40.086 56.648 24.542
Y -37.827 57.579 27.462
C -37.716 60.736 29.567
A -34.177 61.951 30.262
K -32.74 64.429 32.766
G -29.878 66.685 31.738
S -26.624 66.159 33.61
Y -23.835 68.508 34.665
S -21.532 65.553 35.382
R -18.556 65.024 33.09
G -18.928 62.124 30.669
T -22.63 62.142 29.755
P -25.331 64.582 28.614
F -27.925 62.774 30.766
D -27.578 60.974 34.089
Y -31.122 59.599 34.487
W -33.694 57.944 32.23
G -37.256 56.916 32.992
Q -38.801 53.47 32.793
G -40.143 54.21 29.307
T -43.552 54.119 27.663
L -44.397 52.127 24.542
V -45.938 53.863 21.522
T -47.226 51.747 18.628
V -48.391 53.349 15.373
S -50.249 51.092 12.932
X 0 0 0
X 0 0 0
X 0 0 0
X 0 0 0
X 0 0 0
X 0 0 0
X 0 0 0
X 0 0 0
X 0 0 0
X 0 0 0
X 0 0 0
X 0 0 0
X 0 0 0
X 0 0 0
X 0 0 0
X 0 0 0
X 0 0 0
X 0 0 0
X 0 0 0
X 0 0 0
X 0 0 0
