E -34.165 60.985 45.321
V -34.487 61.61 41.574
Q -37.527 60.132 39.849
L -39.027 60.647 36.391
L -42.399 59.064 35.61
E -43.622 59.019 32.018
S -47.277 58.639 31.074
G -49.397 59.079 27.958
G -48.185 56.329 25.634
G -50.484 53.912 23.873
L -51.992 52.894 20.548
V -52.863 55.574 17.996
Q -53.554 55.578 14.266
P -51.306 57.41 11.78
G -51.976 61.121 11.593
G -53.159 61.006 15.201
S -52.278 63.056 18.255
L -50.677 62.169 21.574
R -49.328 64.122 24.548
L -46.755 62.532 26.851
S -46.05 63.715 30.394
C -42.996 63.316 32.632
A -43.573 64.045 36.323
A -40.289 64.958 38.027
S -39.293 64.946 41.691
G -36.184 64.677 43.833
F -34.365 67.671 42.338
T -34.762 71.371 41.588
F -36.672 70.967 38.327
R -36.364 74.585 37.162
G -32.558 74.483 37.247
Y -32.008 71.784 34.613
S -32.68 71.264 30.948
M -34.902 68.29 30.129
A -35.169 66.02 27.11
W -37.133 63.304 25.338
V -35.431 60.29 23.755
R -36.864 57.146 22.201
Q -35.882 53.616 21.167
A -37.665 52.13 18.167
P -38.031 48.312 18.174
G -34.637 46.724 17.578
K -33.0 50.103 16.883
G -30.597 52.286 18.822
L -31.6 55.122 21.118
E -32.538 58.349 19.325
W -32.669 61.891 20.696
V -35.961 63.706 20.094
S -35.928 67.118 21.768
T -34.33 69.208 24.521
I -35.786 72.197 26.395
S -33.91 74.812 28.419
P -34.337 75.154 32.219
I -36.957 77.932 32.065
G -38.061 77.102 28.512
T -36.453 79.966 26.578
Y -34.899 77.614 24.009
T -36.141 74.413 22.388
Y -34.219 71.96 20.214
Y -35.533 69.16 18.024
A -34.334 66.328 15.847
D -34.938 66.923 12.147
S -37.467 64.107 11.678
V -39.752 65.485 14.414
K -39.346 69.288 14.282
G -42.643 71.036 13.617
R -44.604 67.859 14.351
F -43.529 67.574 18.005
T -43.61 70.383 20.566
I -41.726 70.148 23.853
S -42.779 72.289 26.808
R -42.462 72.374 30.578
D -44.362 73.607 33.641
N -41.908 74.411 36.434
S -44.87 75.222 38.69
K -45.788 71.522 38.479
N -42.31 70.004 37.9
T -43.678 68.423 34.718
L -42.259 68.049 31.205
Y -44.519 67.618 28.169
L -44.141 66.327 24.607
Q -47.071 67.155 22.31
M -46.821 64.712 19.389
N -48.896 65.658 16.339
S -49.383 63.824 13.026
L -47.876 60.554 14.226
R -46.18 58.233 11.739
A -45.271 54.551 11.793
E -41.607 55.366 12.436
D -42.655 57.079 15.686
T -43.487 53.772 17.406
A -40.907 53.438 20.18
V -40.434 53.488 23.926
Y -40.21 57.159 24.909
Y -38.048 58.323 27.831
C -37.74 61.7 29.501
A -34.215 62.626 30.577
K -32.803 65.049 33.132
G -30.013 67.339 31.992
S -26.772 66.818 33.878
Y -23.974 69.129 34.986
S -21.674 66.163 35.663
R -18.675 65.672 33.395
G -19.018 62.737 31.009
T -22.721 62.747 30.096
P -25.438 65.16 28.923
F -28.051 63.358 31.063
D -27.758 61.529 34.373
Y -31.313 60.171 34.794
W -33.878 58.534 32.509
G -37.42 57.479 33.339
Q -38.729 53.943 33.063
G -40.32 54.808 29.721
T -43.702 54.816 28.013
L -44.585 52.671 24.995
V -46.099 54.295 21.899
T -47.569 52.294 19.006
V -48.717 53.849 15.728
S -50.71 51.316 13.694
X 0 0 0
X 0 0 0
X 0 0 0
X 0 0 0
X 0 0 0
X 0 0 0
X 0 0 0
X 0 0 0
X 0 0 0
X 0 0 0
X 0 0 0
X 0 0 0
X 0 0 0
X 0 0 0
X 0 0 0
X 0 0 0
X 0 0 0
X 0 0 0
X 0 0 0
X 0 0 0
X 0 0 0
