E -26.085 43.511 15.3
V -24.936 44.751 18.71
Q -24.949 42.2 21.539
L -24.083 42.74 25.214
L -24.029 40.201 28.056
E -23.606 41.208 31.702
S -22.389 38.869 34.431
G -21.233 38.891 38.04
G -24.366 39.986 39.884
G -25.479 38.466 43.148
L -26.262 39.058 46.807
V -23.651 41.097 48.699
Q -23.318 41.876 52.392
P -23.227 45.602 53.261
G -19.747 47.002 52.699
G -18.525 44.13 50.531
S -16.952 44.183 47.09
L -18.119 42.88 43.721
R -16.82 42.909 40.143
L -19.159 42.957 37.142
S -18.319 41.952 33.577
C -19.738 42.541 30.111
A -18.911 40.694 26.888
A -19.573 42.744 23.753
S -19.813 41.679 20.113
G -21.282 42.799 16.811
F -19.31 46.051 16.575
T -15.779 47.416 16.778
F -15.141 47.547 20.523
R -12.141 49.884 20.229
G -14.069 52.636 18.449
Y -16.728 53.422 21.065
S -17.059 54.506 24.665
M -18.695 52.143 27.151
A -20.928 52.98 30.1
W -22.701 51.352 33.035
V -26.271 52.243 34.014
R -28.491 50.783 36.719
Q -32.196 50.431 37.532
A -33.092 50.913 41.188
P -36.348 49.322 42.431
G -39.229 51.308 40.974
K -36.967 53.651 38.98
G -35.815 53.883 35.37
L -32.126 54.256 34.512
E -29.39 56.062 36.445
W -26.043 56.743 34.788
V -23.211 55.142 36.787
S -19.922 55.548 34.897
T -18.408 56.021 31.439
I -14.999 55.1 29.991
S -13.326 56.48 26.865
P -12.572 54.174 23.888
I -9.036 53.342 25.099
G -9.608 54.234 28.758
T -8.016 57.694 28.759
Y -10.914 59.257 30.69
T -13.191 57.668 33.281
Y -16.311 59.432 34.548
Y -18.531 58.589 37.514
A -21.773 59.681 39.092
D -21.176 61.568 42.327
S -22.74 58.791 44.43
V -20.116 56.237 43.294
K -16.921 58.312 43.046
G -14.138 56.719 45.069
R -16.113 53.477 45.471
F -16.554 52.284 41.867
T -13.862 51.759 39.225
I -14.615 51.306 35.518
S -12.141 49.508 33.268
R -12.052 47.823 29.876
D -9.899 45.315 27.987
N -10.179 46.026 24.261
S -8.176 42.867 23.499
K -11.191 40.766 24.56
N -14.075 43.244 23.997
T -14.906 43.127 27.712
L -16.122 45.855 30.073
Y -15.545 45.682 33.83
L -17.048 47.411 36.865
Q -15.304 47.116 40.234
M -17.712 47.991 43.056
N -16.418 48.546 46.592
S -18.147 49.456 49.86
L -21.557 48.452 48.551
R -24.429 50.156 50.38
A -28.137 49.36 50.431
E -28.865 52.225 48.022
D -26.653 50.499 45.422
T -29.275 47.745 44.972
A -30.18 47.853 41.277
V -30.045 46.009 37.967
Y -26.747 47.011 36.358
Y -26.812 47.291 32.56
C -23.923 47.205 30.11
A -24.251 49.918 27.457
K -22.523 50.707 24.154
G -21.611 54.369 23.789
S -22.438 56.686 20.92
Y -21.265 60.069 19.657
S -24.683 61.141 18.346
R -26.505 64.1 19.857
G -28.604 63.41 22.944
T -27.667 59.698 23.025
P -24.588 58.943 25.152
F -25.454 55.291 24.448
D -27.692 53.616 21.868
Y -27.88 49.991 23.075
W -27.873 48.419 26.531
G -27.929 44.776 27.56
Q -30.188 42.552 29.629
G -28.522 43.459 32.929
T -27.448 41.517 36.002
L -29.1 41.944 39.395
V -27.086 43.148 42.4
T -28.685 43.369 45.855
V -27.181 44.483 49.17
S -28.54 42.786 52.282
S -29.788 44.819 55.238
X 0 0 0
X 0 0 0
X 0 0 0
X 0 0 0
X 0 0 0
X 0 0 0
X 0 0 0
X 0 0 0
X 0 0 0
X 0 0 0
X 0 0 0
X 0 0 0
X 0 0 0
X 0 0 0
X 0 0 0
X 0 0 0
X 0 0 0
X 0 0 0
X 0 0 0
X 0 0 0
