V 0.907 -25.099 -124.969
Q 3.139 -27.833 -126.447
L 3.553 -31.455 -125.292
Q 6.629 -32.505 -127.308
E 6.841 -36.31 -127.078
S 9.932 -38.479 -127.749
G 11.372 -41.959 -127.173
G 9.033 -44.139 -129.216
G 9.706 -46.101 -132.396
L 10.368 -49.755 -133.258
V 11.313 -52.215 -130.474
Q 12.071 -55.945 -130.39
A 9.701 -58.103 -128.242
G 10.779 -58.245 -124.561
G 12.753 -55.005 -124.836
S 12.477 -51.747 -122.906
L 11.618 -48.148 -123.91
R 11.591 -44.773 -122.142
L 9.086 -42.167 -123.272
S 9.47 -38.422 -122.668
C 6.972 -35.552 -122.895
A 8.525 -32.078 -122.504
A 5.677 -29.837 -121.321
S 5.707 -26.165 -122.377
G 3.321 -23.196 -122.321
F 1.759 -23.755 -118.851
T 2.679 -23.926 -115.15
F 3.84 -27.565 -115.122
D 3.579 -28.228 -111.326
D -0.097 -27.234 -110.95
Y -1.016 -29.718 -113.737
T -1.314 -33.513 -113.925
I 0.433 -35.701 -116.506
G -1.303 -37.903 -119.046
W 0.157 -40.878 -120.884
F -2.24 -42.722 -123.131
R -2.131 -45.245 -125.984
Q -4.394 -46.205 -128.899
A -3.818 -49.383 -130.918
P -5.26 -49.647 -134.509
G -9.051 -50.176 -134.505
K -9.186 -50.075 -130.665
E -10.299 -47.342 -128.243
R -7.634 -45.11 -126.669
E -6.819 -46.333 -123.158
G -5.107 -44.744 -120.138
V -1.575 -45.966 -119.331
S -0.153 -43.965 -116.396
L -0.983 -40.569 -114.778
I 1.393 -38.774 -112.391
S -0.059 -35.782 -110.522
S 2.243 -33.475 -108.566
S -0.271 -31.542 -106.339
L -1.415 -34.995 -105.075
G 0.696 -38.102 -104.308
S -1.474 -40.09 -106.739
T -0.203 -42.334 -109.578
Y -2.479 -44.393 -111.852
Y -1.229 -47.546 -113.578
A -3.339 -49.585 -116.025
D -3.732 -53.274 -115.067
S -2.427 -54.34 -118.519
V 0.91 -52.572 -117.785
K 1.354 -52.758 -113.952
G 4.662 -54.261 -112.747
R 6.246 -53.427 -116.112
I 5.91 -49.559 -116.079
T 7.205 -46.637 -113.962
I 6.076 -43.038 -114.505
S 8.155 -40.173 -113.087
R 8.148 -36.365 -112.968
D 10.962 -33.829 -113.391
N 9.863 -30.219 -112.796
A 13.504 -29.011 -113.29
K 13.145 -29.804 -117.041
N 9.253 -29.806 -117.08
T 9.207 -33.383 -118.377
V 7.556 -36.726 -117.645
Y 9.183 -40.104 -118.207
L 7.266 -43.306 -118.929
Q 9.647 -46.282 -118.717
M 8.15 -49.565 -120.044
N 10.269 -52.708 -119.55
S 9.584 -56.272 -120.886
L 7.476 -55.059 -123.858
K 4.995 -57.128 -125.863
P 3.497 -56.843 -129.392
E 0.166 -55.903 -127.625
D 1.797 -52.639 -126.437
T 1.931 -51.438 -130.105
A -0.099 -48.216 -130.261
V 0.076 -44.45 -130.757
Y 1.27 -43.101 -127.384
Y -0.329 -39.71 -126.632
C 0.725 -37.4 -123.796
A -2.146 -35.569 -122.093
A -2.049 -32.839 -119.39
G -5.026 -31.802 -117.258
R -5.317 -29.284 -114.399
D -8.14 -30.899 -112.359
A -7.427 -34.515 -113.408
D -7.076 -36.805 -110.375
P -5.383 -40.223 -110.968
T -7.257 -41.629 -107.94
I -10.678 -40.774 -109.49
F -9.469 -41.671 -113.023
A -8.894 -45.317 -111.89
I -12.712 -45.471 -111.29
L -14.146 -43.149 -114.011
R -11.447 -43.633 -116.707
S -13.197 -40.876 -118.601
E -10.336 -38.845 -120.298
Y -12.542 -35.774 -119.797
P -10.303 -33.618 -117.475
F -7.358 -33.451 -119.911
D -7.283 -29.932 -121.418
Y -4.031 -30.529 -123.365
W -3.047 -33.412 -125.677
G 0.098 -34.51 -127.506
Q 0.485 -35.406 -131.201
G 1.353 -39.03 -130.335
T 4.461 -41.189 -130.779
Q 4.22 -44.536 -132.57
V 5.617 -47.499 -130.57
X 0 0 0
X 0 0 0
X 0 0 0
X 0 0 0
X 0 0 0
X 0 0 0
X 0 0 0
X 0 0 0
X 0 0 0
X 0 0 0
X 0 0 0
X 0 0 0
X 0 0 0
X 0 0 0
X 0 0 0
X 0 0 0
