G -4.769 61.479 4.036
P -1.578 59.493 3.434
S -3.477 57.192 1.049
Q -5.401 59.919 -0.784
V -6.316 59.238 -4.409
Q -5.066 61.824 -6.902
L -5.165 61.85 -10.711
V -3.545 64.467 -12.953
E -3.719 64.645 -16.75
S -1.231 66.045 -19.249
G -0.325 65.952 -22.925
G -3.058 68.251 -24.221
G -2.719 71.291 -26.426
L -3.572 72.693 -29.854
V -2.764 70.567 -32.907
Q -4.307 70.756 -36.362
A -6.302 67.923 -37.913
G -4.604 64.693 -38.937
G -2.02 65.112 -36.172
S -1.403 63.059 -33.059
L -1.182 63.52 -29.298
R -0.285 61.372 -26.295
L -2.113 61.782 -22.986
S -0.815 60.652 -19.598
C -2.545 60.149 -16.245
A -0.264 60.124 -13.191
A -2.23 58.257 -10.522
S -1.489 58.389 -6.799
G -2.845 56.625 -3.728
F -3.828 53.38 -5.483
P -2.291 50.886 -7.939
V -3.439 51.357 -11.529
S -3.178 47.563 -11.888
S -5.843 47.048 -9.192
S -8.842 48.791 -10.793
T -9.961 49.706 -14.312
M -8.824 53.042 -15.743
T -11.071 54.944 -18.148
W -10.591 57.987 -20.382
Y -13.47 60.461 -20.673
R -13.917 63.618 -22.724
Q -16.397 66.479 -22.422
A -16.845 69.386 -24.807
P -18.209 72.625 -23.297
G -21.99 72.522 -23.03
K -22.324 68.775 -23.662
E -22.332 65.762 -21.363
R -19.151 63.755 -20.877
E -18.608 60.504 -22.769
W -16.131 57.684 -22.277
V -13.39 57.197 -24.866
A -11.438 54.101 -23.817
A -10.779 51.88 -20.819
I -8.268 49.17 -19.921
N -8.761 46.086 -17.751
S -7.252 45.642 -14.299
Y -5.385 42.565 -15.533
G -4.198 44.679 -18.476
Y -5.358 42.698 -21.524
Y -9.009 43.737 -22.022
T -9.27 47.064 -23.867
V -12.413 48.703 -25.256
Y -12.827 51.882 -27.308
A -15.782 54.043 -28.244
D -16.848 53.515 -31.847
S -15.979 57.135 -32.707
V -12.291 56.672 -31.785
K -11.643 52.96 -32.308
G -8.744 52.484 -34.702
R -7.485 56.029 -34.056
F -7.091 55.993 -30.253
T -4.954 53.581 -28.234
I -4.862 53.113 -24.453
S -1.994 51.473 -22.571
R -0.592 51.236 -19.055
D 2.807 51.386 -17.346
N 2.651 49.76 -13.909
A 6.219 50.81 -13.062
K 5.319 54.51 -13.172
N 1.651 53.92 -12.207
T 0.411 56.009 -15.14
V -2.094 55.512 -17.958
Y -1.444 56.464 -21.584
L -3.752 57.391 -24.463
Q -2.169 57.872 -27.898
M -4.752 59.425 -30.236
N -3.87 59.487 -33.939
S -5.731 61.086 -36.853
L -7.254 63.716 -34.568
K -10.544 64.982 -36.073
P -12.146 68.248 -34.884
E -14.925 66.172 -33.289
D -12.291 65.122 -30.722
T -12.013 68.676 -29.331
A -12.882 68.323 -25.639
V -11.439 68.238 -22.131
Y -10.071 64.747 -21.474
Y -10.159 63.1 -18.043
C -8.997 59.829 -16.534
N -11.266 58.008 -14.1
V -11.052 55.328 -11.41
K -13.91 54.088 -9.224
D -13.725 52.899 -5.609
T -15.576 49.594 -5.806
G -14.769 46.287 -4.103
Q -15.229 47.847 -0.677
M -18.806 46.945 0.261
R -20.032 50.538 -0.118
E -21.524 52.785 -2.771
S -18.864 53.219 -5.445
Y -17.246 56.662 -5.589
D -15.713 58.09 -8.764
Y -12.331 59.829 -8.629
W -11.599 62.491 -11.247
G -8.716 64.736 -12.222
Q -8.631 68.327 -13.403
G -8.41 67.2 -17.036
T -6.309 68.471 -19.936
Q -7.574 70.592 -22.822
V -7.258 69.07 -26.303
T -8.109 71.459 -29.148
V -7.848 70.195 -32.73
S -8.655 72.501 -35.65
A -9.322 71.477 -39.244
X 0 0 0
X 0 0 0
X 0 0 0
X 0 0 0
X 0 0 0
X 0 0 0
X 0 0 0
X 0 0 0
X 0 0 0
X 0 0 0
X 0 0 0
X 0 0 0
X 0 0 0
X 0 0 0
X 0 0 0
X 0 0 0
