S 39.441 38.944 25.845
Q 42.449 36.647 25.229
V 42.894 36.659 29.013
Q 44.157 33.291 30.239
L 45.678 31.58 33.245
V 47.907 28.649 32.351
E 49.916 26.187 34.437
S 53.463 24.897 33.765
G 56.59 23.415 35.362
G 55.161 19.952 35.899
G 57.402 16.939 35.49
L 58.28 13.329 36.26
V 60.582 12.886 39.234
Q 61.744 10.457 41.926
P 60.697 10.893 45.571
G 62.691 13.66 47.276
E 63.293 15.774 44.16
S 61.743 19.236 43.682
L 59.596 21.009 41.123
R 58.419 24.567 40.678
L 55.064 25.216 39.043
S 54.096 28.499 37.475
C 50.72 30.09 37.054
G 51.057 32.754 34.336
A 48.352 35.332 33.68
S 47.979 36.974 30.274
G 45.597 39.888 29.969
M 45.478 40.085 33.755
S 47.25 41.761 36.608
L 47.744 39.691 39.695
D 47.78 42.967 41.71
Y 44.083 42.445 42.309
Y 44.14 38.631 42.611
A 44.723 35.873 45.151
I 46.03 32.673 43.566
A 45.08 29.114 44.511
W 46.506 25.789 43.46
Y 44.49 22.623 43.284
R 45.282 19.078 42.349
Q 43.595 16.004 40.991
A 44.766 12.467 40.491
P 42.64 9.961 38.596
G 40.007 9.343 39.57
K 40.314 10.75 43.083
E 38.644 13.984 44.185
R 40.094 17.371 43.375
E 41.544 18.95 46.506
G 42.723 22.485 47.251
V 46.487 22.599 47.784
S 47.454 26.178 48.551
C 46.148 29.741 48.324
I 47.977 33.021 48.653
S 46.234 36.293 49.452
V 46.09 39.305 47.115
S 48.676 41.121 49.253
G 50.891 38.029 49.311
S 51.256 38.121 53.104
S 48.865 35.263 53.959
A 49.401 31.768 52.64
Q 47.223 28.733 53.306
Y 48.152 25.045 52.822
L 46.631 21.556 52.581
D 47.891 19.827 55.764
S 49.837 17.139 53.888
V 51.982 19.599 51.902
R 52.756 22.053 54.708
G 56.384 23.225 54.844
R 57.311 21.133 51.781
F 55.36 23.345 49.417
I 55.761 27.115 49.241
I 53.375 29.337 47.318
S 54.361 32.804 46.073
K 53.17 35.431 43.639
D 54.987 38.006 41.487
N 52.653 40.816 40.49
T 54.937 42.427 37.914
K 55.684 39.148 36.149
S 51.965 38.225 36.243
T 53.048 34.886 37.646
A 52.413 32.878 40.811
Y 54.44 29.865 41.907
L 54.148 26.607 43.792
Q 57.567 25.503 44.981
M 57.299 21.749 45.675
N 60.112 20.332 47.779
S 60.695 16.754 48.997
L 58.126 15.191 46.678
K 56.3 11.942 47.461
P 54.358 9.379 45.389
E 51.157 10.743 47.002
D 51.804 14.151 45.34
T 51.207 12.6 41.877
A 48.425 14.612 40.199
V 47.455 17.174 37.619
Y 47.848 20.618 39.203
Y 45.559 23.476 38.317
C 45.572 27.129 39.354
A 42.75 29.664 39.779
A 42.594 33.464 40.141
L 40.394 34.488 43.076
A 39.217 37.676 44.759
D 40.012 36.086 48.118
C 41.221 32.828 49.669
A 38.109 32.521 51.787
G 36.359 29.316 50.758
Y 38.905 28.45 48.045
A 39.061 24.771 49.063
S 35.31 24.276 48.384
L 35.166 25.927 44.935
T 33.938 23.548 42.256
F 36.061 24.424 39.207
D 35.405 21.786 36.548
F 39.152 21.408 35.86
D 38.762 17.834 34.62
S 36.641 18.948 31.687
W 38.027 22.328 30.546
G 41.231 22.61 32.553
Q 44.71 22.537 31.121
G 46.827 21.895 34.199
T 50.414 20.765 34.507
Q 51.184 17.146 35.283
V 53.244 16.075 38.289
A 54.267 12.457 38.85
V 56.557 11.005 41.481
S 57.7 7.408 41.081
S 60.949 5.637 41.956
A 62.934 3.205 39.801
H 61.796 -0.366 40.543
X 0 0 0
X 0 0 0
X 0 0 0
X 0 0 0
X 0 0 0
X 0 0 0
X 0 0 0
X 0 0 0
X 0 0 0
X 0 0 0
X 0 0 0
X 0 0 0
