Q 97.826 120.742 158.347
V 97.944 124.241 156.848
Q 96.055 126.475 159.295
L 97.308 130.03 158.595
Q 95.32 131.636 161.418
E 95.328 135.438 161.304
S 95.213 138.133 163.978
G 94.51 141.858 164.227
G 91.603 143.796 162.801
G 88.881 145.881 164.377
L 87.204 149.239 163.896
V 89.633 152.096 163.2
Q 88.781 155.66 162.219
P 89.885 156.804 158.74
G 93.554 157.74 158.741
G 94.505 155.403 161.596
S 96.856 152.434 161.7
L 96.634 148.669 162.111
R 98.967 145.671 162.093
L 97.886 142.228 160.879
S 99.685 138.992 161.743
C 99.598 135.48 160.29
A 100.134 132.49 162.593
A 101.502 129.907 160.169
S 101.941 126.267 161.148
G 102.168 122.819 159.606
F 104.791 123.777 157.007
T 108.129 125.552 156.611
F 107.534 129.307 156.486
S 110.907 130.063 154.869
N 110.381 127.938 151.736
Y 106.973 129.293 150.65
K 106.019 132.706 149.306
M 103.394 134.654 151.248
N 100.517 136.758 149.93
W 97.806 139.089 151.217
V 94.271 138.78 149.832
R 91.202 140.806 150.801
Q 87.514 140.463 149.918
A 85.406 143.617 149.846
P 81.705 143.207 150.727
G 79.89 142.359 147.512
K 83.093 141.993 145.464
G 85.527 139.214 144.627
L 88.888 138.366 146.131
E 91.834 140.593 145.232
W 95.577 140.389 145.823
V 97.021 143.0 148.186
S 100.743 142.314 148.547
D 103.273 139.485 148.457
I 106.836 138.997 149.681
S 109.479 136.552 148.474
Q 110.804 133.699 150.609
S 114.014 135.586 151.396
G 112.302 138.943 151.903
A 113.958 141.104 149.252
S 111.496 140.895 146.35
I 108.44 142.895 147.453
S 105.322 143.92 145.517
Y 102.056 145.638 146.431
T 98.861 146.616 144.678
G 98.54 150.184 143.45
S 95.835 151.056 145.975
V 98.154 150.18 148.892
K 101.584 151.075 147.473
G 103.238 153.619 149.762
R 100.823 153.184 152.688
F 100.954 149.479 153.581
T 104.136 147.471 154.102
I 104.762 143.717 154.082
S 106.994 141.925 156.573
R 107.731 138.36 157.642
D 109.669 136.891 160.575
N 111.06 133.632 159.203
A 112.412 132.709 162.648
K 108.924 133.075 164.177
N 106.924 131.648 161.223
T 104.701 134.717 160.959
L 103.815 137.432 158.45
Y 103.146 141.078 159.31
L 101.207 143.776 157.435
Q 101.652 147.212 159.016
M 98.739 149.289 157.698
N 99.269 153.063 157.786
S 96.843 155.861 156.87
L 93.911 153.558 156.187
K 91.012 154.526 153.918
P 87.311 153.593 154.06
E 87.995 151.74 150.791
D 90.098 149.245 152.792
T 87.104 147.807 154.685
A 87.287 144.113 153.78
V 88.071 140.658 155.142
Y 91.844 140.189 154.87
Y 92.938 136.622 154.105
C 96.534 135.463 154.552
A 97.272 133.434 151.418
R 100.012 130.943 150.53
C 100.431 129.307 147.131
P 101.303 125.606 147.378
A 104.384 125.42 145.191
P 107.609 125.81 147.207
F 110.968 126.875 145.781
T 109.018 128.442 142.895
R 108.894 131.939 141.433
D 105.292 131.399 140.313
C 102.497 131.758 142.892
F 99.371 130.136 141.465
D 95.677 130.036 142.4
V 95.86 132.767 145.021
T 92.823 135.06 145.334
S 90.623 132.143 144.218
T 87.405 130.694 145.617
T 87.241 127.163 147.049
Y 91.023 127.492 147.396
A 92.779 125.918 150.374
Y 96.093 126.947 151.971
R 94.451 130.223 153.002
G 93.272 131.459 156.37
Q 89.744 132.128 157.543
G 90.258 135.888 157.259
T 90.305 138.876 159.595
Q 87.889 141.801 159.376
V 89.414 145.288 159.159
T 86.606 147.864 159.232
V 87.502 151.494 158.55
X 0 0 0
X 0 0 0
X 0 0 0
X 0 0 0
X 0 0 0
X 0 0 0
X 0 0 0
X 0 0 0
X 0 0 0
X 0 0 0
X 0 0 0
X 0 0 0
X 0 0 0
X 0 0 0
