Q 8.804 -61.234 -64.224
V 11.578 -58.726 -65.054
Q 13.642 -58.7 -68.253
L 16.756 -56.599 -68.863
V 18.302 -57.093 -72.301
E 21.535 -55.409 -73.425
S 22.809 -54.687 -76.924
G 25.403 -52.503 -78.575
G 28.533 -54.367 -77.528
G 31.355 -55.12 -79.903
L 35.001 -54.529 -80.749
V 36.5 -51.123 -81.564
Q 39.932 -49.517 -81.841
A 41.469 -47.583 -78.98
G 40.075 -44.083 -79.348
G 36.787 -45.253 -80.836
S 33.324 -44.831 -79.383
L 30.488 -47.256 -78.633
R 26.838 -46.858 -77.599
L 25.309 -49.536 -75.382
S 21.574 -49.882 -74.827
C 19.361 -51.69 -72.31
A 15.702 -52.501 -73.022
A 13.433 -53.164 -70.022
S 10.11 -53.15 -71.855
G 9.429 -56.867 -71.442
S 9.124 -56.35 -67.689
I 5.765 -56.404 -65.985
F 7.159 -54.651 -62.903
S 7.819 -50.926 -62.945
I 11.435 -49.753 -63.398
N 12.698 -46.982 -61.096
A 16.403 -46.518 -61.792
M 18.671 -47.963 -64.427
G 22.417 -48.074 -64.641
W 25.536 -49.8 -65.842
Y 28.231 -51.934 -64.245
R 31.184 -53.73 -65.78
Q 33.46 -56.631 -64.856
A 36.893 -57.138 -66.352
P 38.158 -60.752 -66.45
G 38.863 -62.138 -62.98
K 38.172 -58.83 -61.15
Q 35.271 -57.221 -59.259
R 32.12 -55.816 -60.867
R 32.11 -55.819 -60.867
D 32.455 -51.998 -60.906
F 29.669 -49.412 -60.961
L 29.674 -46.932 -63.844
A 26.549 -44.751 -64.008
V 22.891 -44.542 -62.987
I 19.878 -42.538 -64.179
S 16.375 -42.084 -62.734
S 13.091 -41.629 -64.579
S 13.15 -37.9 -63.752
G 16.615 -37.627 -65.36
S 18.886 -37.54 -62.306
T 22.326 -39.063 -62.865
N 25.414 -40.177 -60.974
Y 28.708 -41.325 -62.466
A 31.599 -43.236 -61.001
D 34.778 -41.138 -60.949
S 36.759 -43.421 -63.302
V 34.403 -42.661 -66.2
K 33.048 -39.182 -65.355
G 33.448 -37.215 -68.564
R 33.989 -39.967 -71.151
F 30.811 -41.993 -70.573
T 27.311 -40.491 -70.715
I 24.072 -42.191 -69.557
S 20.654 -41.362 -71.053
R 17.077 -42.581 -70.772
D 13.993 -42.596 -72.943
N 11.154 -43.412 -70.519
A 8.637 -43.741 -73.367
K 10.633 -46.776 -74.543
N 11.869 -47.549 -70.963
T 15.426 -47.856 -72.329
A 18.802 -46.621 -71.104
Y 21.896 -45.898 -73.165
L 25.586 -45.636 -72.275
Q 27.642 -43.568 -74.749
M 31.281 -44.609 -74.239
N 33.831 -42.272 -75.821
S 37.629 -42.209 -76.102
L 37.933 -45.895 -75.287
K 41.072 -47.43 -73.748
V 42.019 -51.12 -73.622
E 41.324 -51.099 -69.887
D 37.648 -50.625 -70.83
T 37.622 -54.207 -72.119
A 35.057 -55.97 -69.954
V 31.588 -57.477 -69.886
Y 29.182 -54.558 -69.362
Y 26.069 -55.412 -67.339
C 22.748 -53.604 -67.297
A 21.014 -53.151 -63.927
A 17.653 -51.993 -62.609
H 16.037 -50.954 -59.356
V 12.703 -52.793 -59.558
A 9.66 -51.473 -57.708
G 9.257 -53.391 -54.472
F 12.827 -54.75 -54.498
D 15.037 -52.199 -52.695
E 17.775 -54.529 -51.462
Y 19.128 -55.989 -54.746
N 19.537 -55.055 -58.365
Y 18.017 -57.029 -61.172
W 20.694 -57.816 -63.764
G 21.023 -58.469 -67.473
Q 23.123 -61.281 -68.924
G 25.785 -58.782 -70.017
T 27.453 -57.736 -73.27
Q 31.122 -57.94 -74.263
V 33.11 -54.848 -75.219
T 36.629 -55.502 -76.463
V 39.039 -52.672 -77.175
S 41.972 -53.704 -79.381
X 0 0 0
X 0 0 0
X 0 0 0
X 0 0 0
X 0 0 0
X 0 0 0
X 0 0 0
X 0 0 0
X 0 0 0
X 0 0 0
X 0 0 0
X 0 0 0
X 0 0 0
X 0 0 0
X 0 0 0
X 0 0 0
X 0 0 0
X 0 0 0
X 0 0 0
X 0 0 0
X 0 0 0
X 0 0 0
