Q 52.519 50.237 82.481
V 55.371 52.438 83.713
Q 58.007 54.267 81.643
L 61.709 53.859 82.32
V 64.288 56.543 81.555
E 67.945 55.714 82.181
S 70.611 58.353 81.645
G 73.848 59.756 83.031
G 76.475 57.154 82.182
G 79.865 57.498 80.55
L 83.498 56.499 80.874
V 85.814 58.055 83.469
Q 89.206 57.671 85.135
A 89.891 56.49 88.672
G 88.628 58.838 91.347
G 86.052 60.248 88.94
S 82.516 61.452 89.54
L 79.276 61.004 87.588
R 75.53 61.552 87.972
L 72.83 58.986 87.201
S 69.146 59.629 86.564
S 69.146 59.629 86.563
C 65.958 57.58 86.374
A 62.236 58.275 86.367
A 58.953 56.483 85.711
S 55.37 57.448 84.946
G 52.096 55.859 84.14
S 50.281 53.366 86.319
M 52.376 53.944 89.432
F 52.319 53.75 93.227
S 52.78 56.368 95.93
D 54.896 54.461 98.406
N 57.604 52.808 96.25
V 61.362 52.167 95.901
M 63.658 52.971 92.991
G 67.34 52.248 92.521
W 70.208 50.872 90.482
Y 72.033 47.567 90.055
R 75.531 46.977 88.69
Q 76.686 44.018 86.63
A 80.387 43.204 86.28
P 80.841 41.358 82.957
G 80.374 37.624 83.371
K 79.401 38.005 87.021
Q 76.394 38.436 89.295
R 73.931 41.338 89.347
E 74.613 43.339 92.507
L 72.417 45.738 94.439
V 73.887 49.167 95.141
A 71.153 51.656 95.987
T 67.904 51.578 97.911
I 65.951 54.83 98.436
R 62.219 54.092 98.977
T 60.083 57.203 99.401
G 61.831 60.39 100.598
G 62.337 58.073 103.589
S 64.429 54.979 104.568
T 67.542 53.996 102.46
N 70.032 51.096 103.234
Y 72.747 51.35 100.797
D 76.222 48.422 100.072
S 79.988 48.522 100.709
V 80.144 51.423 98.326
K 78.754 52.848 101.577
G 79.22 56.627 101.387
R 80.761 56.399 97.888
F 77.485 57.345 96.051
T 74.267 58.852 97.346
I 70.706 58.487 96.124
S 68.226 61.249 95.375
R 64.528 61.37 96.157
D 62.095 64.042 95.012
N 59.258 63.209 97.35
A 56.341 65.303 95.792
K 58.276 64.905 92.514
N 58.794 61.359 91.175
T 62.332 60.853 89.759
V 65.653 59.488 90.984
Y 69.187 60.872 90.693
L 72.366 59.072 91.717
Q 75.39 61.232 92.587
M 78.376 58.983 91.852
N 81.581 60.555 93.203
S 85.108 59.237 93.801
L 84.838 56.505 91.186
K 86.866 53.394 91.967
P 88.514 51.325 89.215
E 87.019 47.916 89.911
D 83.449 49.217 89.828
T 83.254 49.017 86.032
A 79.935 47.353 85.208
V 76.569 47.81 83.48
Y 74.084 49.669 85.675
Y 70.329 49.067 85.54
C 67.476 51.172 86.897
R 64.802 49.247 88.81
H 61.418 50.41 90.292
T 59.448 47.952 92.532
I 57.399 48.09 95.729
P 59.151 46.673 98.85
V 57.641 43.201 98.406
P 59.388 40.417 96.473
S 58.74 38.482 93.264
T 55.914 40.828 92.299
P 54.767 41.758 88.812
Y 55.729 45.273 90.047
D 59.385 44.8 89.236
Y 60.42 47.093 86.336
W 63.903 47.222 84.841
G 65.575 50.169 83.172
Q 67.064 49.795 79.734
G 70.558 49.56 81.27
T 73.527 51.969 81.37
Q 77.257 51.337 81.063
V 80.031 52.457 83.413
T 83.678 52.088 82.39
V 86.865 53.091 84.221
S 90.1 54.057 82.454
S 93.628 54.896 83.593
X 0 0 0
X 0 0 0
X 0 0 0
X 0 0 0
X 0 0 0
X 0 0 0
X 0 0 0
X 0 0 0
X 0 0 0
X 0 0 0
X 0 0 0
X 0 0 0
X 0 0 0
X 0 0 0
X 0 0 0
X 0 0 0
X 0 0 0
X 0 0 0
X 0 0 0
X 0 0 0
X 0 0 0
