Q 87.004 -87.448 -18.873
V 87.325 -90.468 -16.499
Q 89.064 -93.822 -17.011
L 88.621 -97.057 -15.028
Q 91.907 -98.909 -14.419
E 91.508 -102.644 -13.743
S 94.071 -105.232 -12.608
G 94.254 -108.623 -10.972
G 92.662 -111.221 -13.223
G 94.114 -114.081 -15.189
L 94.308 -117.859 -15.418
V 94.592 -119.613 -12.049
Q 94.008 -123.132 -10.744
A 90.952 -123.92 -8.639
G 90.925 -123.186 -4.911
E 93.449 -120.33 -5.525
S 92.84 -116.663 -4.663
L 92.957 -113.45 -6.704
R 92.569 -109.714 -6.058
L 90.815 -107.21 -8.297
S 91.212 -103.434 -8.197
C 89.402 -100.682 -10.01
A 90.686 -97.138 -9.608
A 88.624 -94.269 -10.924
S 91.085 -91.876 -12.539
G 90.117 -88.491 -13.935
T 87.984 -85.494 -13.064
I 85.75 -86.965 -10.32
F 83.557 -84.47 -8.465
R 81.826 -87.204 -6.428
L 81.915 -91.017 -6.737
Y 78.792 -92.817 -5.641
D 78.724 -96.634 -6.055
M 81.49 -98.92 -7.361
G 81.15 -102.635 -7.99
W 81.999 -105.771 -9.934
Y 79.556 -107.394 -12.4
R 80.598 -110.758 -13.926
G 73.568 -115.63 -21.538
N 73.619 -111.914 -20.64
Q 76.82 -111.261 -18.701
R 75.76 -108.322 -16.464
E 75.136 -109.937 -13.024
L 76.082 -108.489 -9.621
V 79.02 -110.082 -7.77
A 80.096 -107.28 -5.378
S 79.208 -103.558 -4.998
I 80.206 -101.127 -2.239
T 78.919 -97.634 -1.512
S 81.027 -94.621 -0.542
G 79.824 -95.224 3.007
G 80.78 -98.904 3.209
S 77.483 -100.693 2.633
T 78.305 -103.861 0.692
K 76.232 -106.339 -1.351
Y 77.539 -109.608 -2.824
G 76.095 -112.003 -5.364
D 74.266 -115.089 -4.177
S 77.155 -117.395 -5.153
V 80.017 -115.059 -4.19
K 79.177 -114.381 -0.53
G 81.45 -116.174 1.919
R 84.445 -116.362 -0.429
F 84.849 -112.851 -1.889
T 85.53 -109.673 0.136
I 84.966 -106.132 -1.197
S 86.628 -102.992 0.167
R 86.883 -99.356 -0.821
D 89.55 -96.705 -0.367
N 87.71 -93.392 -0.761
A 91.027 -91.57 -0.432
K 92.308 -93.377 -3.53
N 88.977 -93.784 -5.44
T 89.883 -97.429 -5.841
V 87.902 -100.484 -4.883
Y 89.401 -103.951 -4.193
L 87.799 -107.403 -4.503
Q 89.546 -110.287 -2.681
M 88.446 -113.535 -4.37
S 89.274 -116.701 -2.421
S 88.62 -120.406 -3.014
L 87.962 -119.853 -6.717
K 86.051 -122.554 -8.605
P 85.721 -123.185 -12.359
E 82.127 -121.988 -12.068
D 83.575 -118.552 -11.279
T 85.139 -118.396 -14.764
A 83.828 -115.355 -16.649
V 84.714 -111.775 -17.486
Y 84.431 -109.325 -14.573
Y 83.438 -105.756 -15.504
C 83.937 -102.83 -13.122
N 81.335 -100.1 -12.696
A 81.291 -96.613 -11.134
E 78.521 -94.018 -10.68
Y 80.309 -90.677 -10.682
R 79.551 -87.033 -11.345
T 82.028 -84.793 -13.132
G 80.667 -81.544 -11.611
I 78.082 -79.842 -9.394
W 75.841 -78.985 -12.378
E 76.592 -82.112 -14.428
E 74.484 -85.236 -14.779
L 74.963 -88.582 -13.069
L 76.895 -91.124 -15.12
D 77.545 -94.844 -15.087
G 81.037 -95.775 -16.244
W 82.074 -99.35 -17.189
G 85.608 -100.661 -17.629
Q 87.188 -102.765 -20.367
G 86.807 -106.04 -18.461
T 89.061 -108.522 -16.641
Q 89.289 -112.173 -17.706
V 89.316 -114.942 -15.056
T 89.561 -118.647 -15.945
V 89.736 -121.147 -13.03
S 91.242 -124.552 -13.914
S 89.327 -127.673 -12.836
X 0 0 0
X 0 0 0
X 0 0 0
X 0 0 0
X 0 0 0
X 0 0 0
X 0 0 0
X 0 0 0
X 0 0 0
X 0 0 0
X 0 0 0
X 0 0 0
X 0 0 0
X 0 0 0
X 0 0 0
X 0 0 0
X 0 0 0
X 0 0 0
X 0 0 0
X 0 0 0
X 0 0 0
X 0 0 0
