Q 55.681 67.772 -37.273
V 52.734 65.86 -35.778
Q 52.255 66.688 -32.116
L 49.863 66.677 -29.153
Q 49.649 68.818 -26.025
E 47.642 68.222 -22.857
S 45.727 70.817 -20.835
G 42.999 71.111 -18.225
G 44.658 69.189 -15.397
G 45.341 70.403 -11.9
L 44.396 69.958 -8.259
V 40.927 68.737 -7.358
Q 39.563 66.8 -4.529
A 37.663 63.596 -4.144
G 34.207 63.85 -5.657
G 35.017 66.819 -7.895
S 35.371 67.056 -11.652
L 38.091 67.829 -14.192
R 37.866 68.349 -17.965
L 40.995 67.388 -19.902
S 41.779 68.644 -23.404
C 44.328 67.754 -26.077
A 45.009 69.672 -29.299
A 46.634 67.928 -32.265
S 48.518 69.096 -35.349
G 50.527 67.769 -38.275
R 47.744 66.048 -40.245
T 43.963 65.66 -40.416
F 42.664 65.084 -36.885
S 39.316 63.648 -38.06
E 40.994 60.679 -39.803
Y 42.528 58.943 -36.769
A 41.545 57.412 -33.46
M 42.588 59.053 -30.194
G 43.094 57.543 -26.761
W 43.792 58.551 -23.181
F 46.452 56.884 -21.033
R 47.559 57.611 -17.482
Q 50.506 56.672 -15.274
A 50.272 56.581 -11.499
P 53.631 57.251 -9.794
G 55.687 54.078 -9.593
K 53.163 51.935 -11.469
E 53.299 51.359 -15.225
R 51.265 53.413 -17.681
E 47.778 52.033 -18.306
F 44.932 52.733 -20.718
V 41.883 54.853 -19.898
A 39.697 55.47 -22.95
T 39.718 55.557 -26.743
I 37.551 57.341 -29.318
S 37.11 56.549 -33.001
W 37.739 59.106 -35.756
S 33.971 59.664 -35.836
G 33.223 59.704 -32.115
G 30.598 56.983 -32.56
S 32.341 54.052 -30.872
T 34.179 54.392 -27.558
Y 35.633 52.049 -24.959
Y 36.868 52.597 -21.404
T 38.907 50.811 -18.777
D 36.859 49.368 -15.932
S 38.362 51.483 -13.12
V 36.606 54.503 -14.7
K 33.533 52.905 -16.311
G 30.568 55.145 -15.474
R 32.58 58.138 -14.237
F 34.668 59.177 -17.256
T 33.47 60.312 -20.689
I 35.558 60.578 -23.873
S 34.345 62.857 -26.669
R 35.921 64.708 -29.58
D 35.405 67.891 -31.618
N 36.746 67.351 -35.142
A 35.814 70.916 -36.074
K 37.97 72.021 -33.121
N 40.788 69.494 -33.771
T 40.746 68.254 -30.179
V 39.485 65.417 -27.978
Y 38.389 65.711 -24.344
L 38.036 63.591 -21.208
Q 35.318 64.542 -18.724
M 36.164 63.114 -15.293
N 33.486 62.961 -12.59
S 33.604 61.597 -9.028
L 37.397 61.513 -8.835
K 39.092 59.173 -6.347
P 42.68 59.343 -4.949
D 43.489 56.352 -7.176
D 42.939 58.604 -10.214
T 46.16 60.536 -9.458
A 48.318 60.132 -12.55
V 50.035 61.937 -15.378
Y 47.537 61.761 -18.24
Y 48.951 61.162 -21.722
C 47.05 62.01 -24.889
A 47.766 59.751 -27.859
A 46.825 59.396 -31.536
A 46.354 56.152 -33.467
G 47.608 55.169 -36.914
L 46.149 54.18 -40.251
G 43.384 51.576 -40.154
T 42.991 51.647 -36.349
V 39.318 52.214 -35.546
V 39.746 51.693 -31.779
S 42.406 50.237 -29.501
E 43.175 49.896 -25.796
W 46.788 48.977 -26.609
D 49.674 51.415 -26.166
Y 51.555 49.878 -29.123
D 48.786 50.86 -31.578
Y 49.234 54.63 -31.042
D 52.099 56.225 -32.979
Y 52.218 59.706 -31.4
W 52.196 60.701 -27.723
G 51.82 63.971 -25.847
Q 53.915 65.059 -22.895
G 51.239 64.632 -20.208
T 49.358 66.84 -17.743
Q 49.371 66.293 -13.991
V 46.129 65.386 -12.222
T 46.127 65.191 -8.416
V 43.1 64.152 -6.363
S 43.655 64.398 -2.613
S 41.666 63.335 0.358
G 41.416 62.951 4.112
S 43.661 61.093 6.532
X 0 0 0
X 0 0 0
X 0 0 0
X 0 0 0
X 0 0 0
X 0 0 0
X 0 0 0
X 0 0 0
X 0 0 0
X 0 0 0
X 0 0 0
X 0 0 0
X 0 0 0
