V -39.894 -83.15 58.559
Q -37.226 -85.581 59.77
L -33.677 -86.165 58.634
Q -32.174 -89.619 59.026
E -28.632 -90.565 58.108
S -26.831 -93.572 56.687
G -23.235 -94.613 56.264
G -21.813 -93.913 59.705
G -19.44 -96.519 61.034
S -15.992 -97.528 62.188
V -13.153 -97.234 59.682
Q -9.382 -97.428 59.915
A -7.271 -94.372 59.117
G -7.02 -93.473 55.434
G -10.061 -95.498 54.366
S -13.179 -94.345 52.558
L -16.831 -94.013 53.495
R -20.047 -92.53 52.148
L -22.775 -90.807 54.171
S -26.274 -90.004 52.959
C -28.932 -87.672 54.431
V -32.473 -88.23 53.172
A -35.033 -85.455 53.347
S -38.4 -86.879 54.376
G -39.9 -83.464 53.855
S -43.543 -82.545 54.079
I -42.697 -79.574 51.846
F -40.089 -78.995 49.14
S -39.275 -75.549 50.572
I -35.695 -76.523 51.554
N -33.043 -74.466 49.758
A -29.922 -75.744 51.551
M -28.694 -78.852 53.374
D -25.672 -79.05 55.653
W -23.515 -81.59 57.459
Y -22.355 -80.916 61.041
R -20.093 -82.571 63.644
Q -19.402 -82.454 67.378
A -16.414 -83.992 68.997
P -17.256 -84.96 72.594
G -15.818 -81.958 74.435
K -15.591 -79.295 71.716
Q -18.073 -76.991 69.991
R -20.293 -78.263 67.165
E -18.894 -77.211 63.776
L -19.804 -77.08 60.069
V -18.532 -79.745 57.633
A -20.261 -79.533 54.271
G -23.273 -78.02 52.598
I -25.098 -77.764 49.299
T -27.686 -75.289 48.053
S -30.44 -75.066 45.462
G -28.08 -73.623 42.843
G -25.442 -76.259 43.444
S -22.927 -73.996 45.112
T -20.853 -76.356 47.244
N -19.053 -75.283 50.408
Y -16.884 -77.125 52.945
G -15.466 -76.684 56.438
D -12.137 -75.116 57.367
F -10.531 -78.511 58.028
V -11.551 -80.579 54.99
K -8.883 -80.226 52.32
G -10.658 -81.522 49.266
R -11.118 -84.882 50.966
F -14.913 -84.879 50.717
T -17.273 -84.471 47.787
I -20.876 -83.501 48.412
S -23.606 -84.343 45.912
R -27.367 -84.189 45.375
D -29.202 -87.099 43.811
N -32.246 -84.875 43.806
A -34.579 -87.561 42.464
K -33.897 -89.643 45.582
N -34.173 -86.6 47.892
T -30.75 -87.185 49.404
V -27.402 -85.443 49.806
Y -24.262 -87.548 49.928
L -20.984 -86.795 51.651
Q -18.296 -89.075 50.229
M -15.367 -89.527 52.584
D -11.703 -89.915 51.676
S -8.373 -89.83 53.558
L -9.82 -90.148 57.054
K -7.824 -89.262 60.165
P -8.667 -89.525 63.89
E -9.259 -85.779 64.102
D -12.347 -86.608 62.022
T -13.718 -88.781 64.839
A -16.924 -87.162 66.063
V -20.685 -87.583 66.002
Y -21.937 -86.316 62.633
Y -25.435 -84.849 62.165
C -27.084 -83.634 58.964
A -29.379 -80.639 58.752
A -31.809 -78.858 56.456
E -32.352 -75.137 55.844
V -35.843 -73.847 55.02
G -35.651 -70.543 53.193
G -32.136 -70.087 54.458
W -30.373 -66.827 53.7
G -26.8 -66.138 54.716
P -24.784 -68.255 57.128
P -26.292 -71.685 57.847
R -29.062 -71.438 60.445
P -30.449 -74.97 60.148
D -34.098 -75.686 60.806
Y -34.009 -79.479 61.217
W -31.438 -81.868 62.646
G -31.119 -85.637 62.595
H -30.41 -88.026 65.421
G -26.781 -88.008 64.327
T -24.51 -90.915 63.498
Q -21.059 -91.473 64.913
V -18.104 -92.026 62.615
T -14.884 -93.256 64.181
V -11.441 -93.492 62.603
S -8.487 -95.324 64.125
S -4.889 -94.533 63.13
G -2.845 -95.986 65.986
X 0 0 0
X 0 0 0
X 0 0 0
X 0 0 0
X 0 0 0
X 0 0 0
X 0 0 0
X 0 0 0
X 0 0 0
X 0 0 0
X 0 0 0
X 0 0 0
X 0 0 0
X 0 0 0
X 0 0 0
X 0 0 0
X 0 0 0
X 0 0 0
X 0 0 0
X 0 0 0
