V -1.022 -0.013 70.218
Q -2.461 3.249 71.548
L -5.957 4.705 71.08
Q -7.094 8.183 72.175
E -10.613 9.644 72.089
S -12.075 13.149 72.021
G -15.519 14.683 72.227
G -16.837 13.133 75.427
G -18.892 15.297 77.727
S -22.228 15.875 79.39
V -25.311 16.387 77.214
Q -29.019 16.796 78.008
A -31.644 14.289 76.904
G -32.486 14.401 73.191
G -29.204 16.098 72.474
S -26.65 15.326 69.827
L -22.849 14.819 70.148
R -19.743 13.382 68.408
L -16.912 11.125 69.586
S -13.681 10.635 67.691
C -10.921 8.054 68.099
V -7.577 8.672 66.385
A -5.327 5.655 65.807
S -2.006 6.553 67.456
G -0.506 3.226 66.524
S 2.501 1.838 64.751
I 0.294 -0.847 63.197
F -1.728 -0.239 60.042
S -2.916 -3.848 59.745
I -6.088 -3.124 61.709
N -9.056 -4.423 59.688
A -11.876 -3.561 62.11
M -12.572 -0.842 64.675
D -15.27 -0.866 67.341
W -16.985 1.487 69.824
Y -17.884 0.127 73.271
R -19.569 1.661 76.32
Q -19.968 0.916 80.032
R -19.023 -3.435 78.707
E -21.276 -3.563 75.64
L -20.819 -3.233 71.888
V -22.033 0.066 70.43
A -20.778 0.182 66.857
G -18.086 -1.187 64.6
I -16.578 -0.393 61.227
T -14.266 -2.53 59.091
S -11.605 -2.174 56.409
G -14.31 -2.625 53.747
G -16.696 -0.295 55.553
S -19.319 -2.778 56.738
T -20.971 -1.045 59.699
N -22.984 -2.581 62.535
Y -24.732 -1.011 65.515
G -25.717 -2.268 68.921
D -28.786 -4.412 69.389
F -30.958 -1.672 70.965
V -30.18 1.603 69.131
K -32.946 2.488 66.682
G -31.2 4.267 63.83
R -29.978 6.896 66.18
F -26.215 6.414 65.927
T -23.907 6.868 62.953
I -20.282 5.735 62.631
S -17.921 6.93 59.883
R -14.189 6.956 59.125
D -11.666 9.067 57.223
N -8.809 6.592 56.852
A -6.605 9.204 55.143
K -6.245 10.885 58.567
N -6.263 7.525 60.422
T -9.23 8.356 62.65
V -12.784 7.064 63.197
Y -15.707 9.204 64.212
L -18.788 8.187 65.951
Q -21.492 10.837 66.16
M -24.714 10.203 67.997
D -27.958 12.19 68.004
S -31.117 12.18 70.114
L -29.853 10.928 73.401
K -31.702 9.661 76.403
P -30.717 8.87 80.014
E -30.057 5.19 79.179
D -26.82 6.152 77.362
T -25.1 7.299 80.556
A -21.802 5.412 80.295
V -18.117 5.792 79.415
Y -17.7 5.003 75.661
Y -14.434 3.437 74.397
C -12.907 2.8 70.997
A -11.283 -0.54 70.195
A -9.293 -2.192 67.426
E -8.896 -5.768 66.249
V -5.912 -6.599 64.03
G -6.544 -9.631 61.844
G -10.018 -9.761 63.303
W -12.213 -12.507 61.931
G -15.784 -12.985 63.013
P -16.938 -11.665 66.372
P -14.826 -8.84 67.83
R -12.323 -9.718 70.557
P -10.346 -6.475 70.435
D -6.617 -6.425 71.1
Y -5.992 -2.74 71.847
W -8.269 -0.217 73.554
G -8.421 3.49 74.219
H -8.873 4.957 77.667
G -12.515 5.863 76.948
T -14.311 9.118 77.699
Q -17.739 9.421 79.383
V -21.021 10.689 77.974
T -23.722 11.478 80.561
V -27.382 12.34 79.948
S -29.71 14.142 82.379
S -33.464 14.391 81.769
G -34.172 16.787 84.645
X 0 0 0
X 0 0 0
X 0 0 0
X 0 0 0
X 0 0 0
X 0 0 0
X 0 0 0
X 0 0 0
X 0 0 0
X 0 0 0
X 0 0 0
X 0 0 0
X 0 0 0
X 0 0 0
X 0 0 0
X 0 0 0
X 0 0 0
X 0 0 0
X 0 0 0
X 0 0 0
X 0 0 0
X 0 0 0
X 0 0 0
X 0 0 0
X 0 0 0
