Q 26.467 36.482 50.14
L 26.797 34.952 53.593
Q 30.508 34.176 53.407
L 30.497 31.774 56.323
V 34.204 31.294 57.089
E 34.758 28.228 59.279
T 38.079 27.069 60.71
G 39.554 24.971 63.5
G 38.878 21.448 62.248
G 41.574 18.82 62.1
L 42.711 15.313 62.97
V 42.949 14.423 66.667
Q 43.315 11.243 68.688
A 40.645 9.526 70.776
G 40.263 11.76 73.832
G 41.767 14.959 72.431
S 40.178 18.372 72.081
L 39.394 20.799 69.279
R 38.023 24.328 68.915
L 35.881 25.145 65.873
S 35.528 28.881 65.218
C 32.834 30.115 62.828
V 32.853 33.733 61.639
A 29.869 34.743 59.5
S 31.464 36.752 56.688
G 28.197 38.695 56.641
W 26.542 23.645 64.099
F 25.545 20.575 62.076
R 27.579 17.497 61.177
Q 27.68 15.041 58.276
A 29.484 11.708 58.54
P 30.84 9.84 55.51
G 27.693 8.378 53.937
K 25.024 9.373 56.474
E 22.741 12.435 56.501
R 23.378 15.868 57.991
E 22.474 15.751 61.688
F 22.35 18.6 64.18
V 25.168 18.831 66.716
A 24.536 22.164 68.45
D 20.265 22.739 72.154
Y 22.648 19.768 72.078
A 22.469 16.408 70.338
D 22.13 13.386 72.608
S 25.472 12.083 71.289
V 27.459 15.195 72.289
K 25.673 16.446 75.411
G 28.254 16.941 78.157
R 31.319 16.799 75.88
F 30.749 19.639 73.386
T 30.129 23.321 73.919
I 28.243 25.075 71.092
S 29.139 28.496 69.732
R 25.873 30.335 69.258
N 25.545 33.791 70.765
N 22.906 36.494 71.006
D 23.323 39.743 69.047
K 26.918 40.001 67.813
N 28.6 37.291 69.843
T 30.162 34.28 68.215
V 30.863 32.701 71.603
Y 33.239 30.201 69.975
L 33.587 26.984 71.949
Q 35.03 23.498 71.483
M 34.923 19.686 71.644
N 36.461 17.87 74.616
N 36.8 14.084 74.938
L 36.564 13.371 71.215
I 35.801 9.823 70.064
P 35.812 7.958 66.717
E 32.042 8.536 66.403
D 32.596 12.29 65.882
T 34.789 12.038 62.75
A 32.786 13.955 60.133
V 32.495 17.234 58.221
Y 30.996 20.047 60.31
Y 28.943 22.778 58.639
C 27.796 26.11 60.046
A 24.279 27.503 59.716
A 22.391 30.601 60.86
G 29.165 26.968 55.685
Q 31.459 25.205 53.237
G 32.495 22.546 55.749
T 35.447 21.765 58.014
Q 36.717 18.221 58.537
V 37.129 16.92 62.097
T 38.563 13.401 62.302
V 39.372 11.386 65.423
S 41.575 8.304 65.166
S 40.828 5.279 67.34
X 0 0 0
X 0 0 0
X 0 0 0
X 0 0 0
X 0 0 0
X 0 0 0
X 0 0 0
X 0 0 0
X 0 0 0
X 0 0 0
X 0 0 0
X 0 0 0
X 0 0 0
X 0 0 0
X 0 0 0
X 0 0 0
X 0 0 0
X 0 0 0
X 0 0 0
X 0 0 0
X 0 0 0
X 0 0 0
X 0 0 0
X 0 0 0
X 0 0 0
X 0 0 0
X 0 0 0
X 0 0 0
X 0 0 0
X 0 0 0
X 0 0 0
X 0 0 0
X 0 0 0
X 0 0 0
X 0 0 0
X 0 0 0
X 0 0 0
X 0 0 0
X 0 0 0
X 0 0 0
X 0 0 0
X 0 0 0
X 0 0 0
X 0 0 0
X 0 0 0
X 0 0 0
X 0 0 0
X 0 0 0
X 0 0 0
X 0 0 0
