Q -2.308 -49.254 27.695
V -5.757 -49.469 29.444
Q -4.925 -51.428 32.713
L -6.716 -52.659 35.916
Q -4.74 -53.768 39.052
E -6.452 -55.569 41.972
S -5.16 -55.635 45.58
G -6.453 -56.74 48.996
G -6.828 -60.535 48.834
G -5.268 -62.993 51.335
L -6.077 -65.667 53.951
V -9.161 -65.039 56.125
E -11.306 -67.052 58.578
A -14.885 -68.163 57.727
G -17.378 -65.513 58.916
G -14.598 -62.917 58.413
S -14.305 -60.085 55.86
L -11.916 -58.222 53.558
R -12.188 -55.484 50.911
L -10.702 -55.818 47.402
S -9.823 -52.709 45.414
C -9.093 -52.295 41.717
L -7.221 -49.3 40.272
G -7.774 -48.186 36.646
S -4.984 -46.446 34.649
G -4.796 -45.324 30.984
L -8.619 -44.985 30.66
T -11.441 -42.531 31.494
F -12.602 -44.62 34.525
S -16.056 -42.905 34.801
R -16.921 -44.213 31.261
Y -16.542 -47.907 32.378
A -19.234 -49.894 34.179
M -17.27 -52.279 36.455
G -17.711 -55.82 37.71
W -16.086 -58.368 39.966
F -15.781 -61.998 38.805
R -14.072 -64.992 40.407
Q -12.675 -68.379 39.419
A -12.795 -71.04 42.142
P -10.248 -73.784 41.375
G -11.835 -76.436 39.045
K -14.829 -74.18 38.181
E -15.772 -71.729 35.393
R -15.169 -67.96 35.855
E -18.407 -66.611 37.46
F -20.145 -63.244 37.996
V -19.922 -61.764 41.532
A -21.021 -58.1 41.255
S -21.694 -55.23 38.776
I -22.077 -51.446 39.122
T -22.791 -48.646 36.606
R -20.354 -45.878 35.463
S -21.715 -43.411 38.103
G -21.907 -46.09 40.914
G -25.655 -46.883 40.408
S -27.784 -50.104 40.257
P -25.404 -52.56 41.962
N -26.279 -56.179 41.049
Y -25.005 -59.437 42.653
A -24.74 -63.17 42.059
D -27.422 -64.824 44.253
S -24.681 -66.688 46.273
V -23.238 -63.302 47.575
K -26.44 -61.169 48.003
G -26.446 -59.232 51.327
R -22.774 -60.266 52.101
F -20.785 -58.474 49.289
T -21.045 -54.732 48.406
I -19.622 -53.238 45.214
S -18.894 -49.515 45.236
R -16.601 -47.085 43.377
D -14.757 -43.78 43.769
N -14.323 -42.235 40.285
A -12.076 -39.388 41.65
K -9.614 -42.216 42.7
N -10.182 -44.367 39.566
T -11.057 -47.219 42.003
V -13.792 -49.9 42.351
Y -14.222 -51.863 45.624
L -15.672 -55.224 46.69
Q -16.473 -55.473 50.438
M -16.581 -59.25 51.098
S -18.279 -60.095 54.478
S -19.625 -63.256 56.185
L -17.04 -65.196 54.137
K -17.596 -68.925 53.417
P -15.258 -71.675 52.074
E -17.166 -71.581 48.71
D -15.83 -67.912 48.364
T -12.231 -69.234 47.949
A -11.226 -68.132 44.394
V -9.103 -65.802 42.297
Y -11.131 -62.496 42.155
Y -10.947 -60.38 38.977
C -11.851 -56.754 38.33
A -13.408 -56.042 34.845
G -14.433 -52.876 32.928
R -17.232 -52.542 30.313
G -16.789 -49.46 28.099
S -19.857 -50.418 25.997
V -21.483 -53.879 25.774
Y -18.657 -56.293 26.866
Y -16.333 -56.739 29.86
D -13.234 -56.269 27.614
V -10.558 -55.136 30.159
W -9.52 -57.411 33.081
G -7.147 -57.264 36.098
Q -4.646 -60.121 36.581
G -6.629 -61.231 39.71
T -6.012 -61.544 43.52
Q -6.303 -64.802 45.607
V -8.827 -65.111 48.468
T -8.533 -68.186 50.722
V -11.284 -68.649 53.346
S -10.024 -71.124 56.111
S -12.761 -73.425 57.572
X 0 0 0
X 0 0 0
X 0 0 0
X 0 0 0
X 0 0 0
X 0 0 0
X 0 0 0
X 0 0 0
X 0 0 0
X 0 0 0
X 0 0 0
X 0 0 0
X 0 0 0
X 0 0 0
X 0 0 0
X 0 0 0
X 0 0 0
X 0 0 0
X 0 0 0
X 0 0 0
X 0 0 0
X 0 0 0
X 0 0 0
