V -5.723 6.171 7.42
Q -7.88 9.275 8.205
L -10.416 10.57 10.83
Q -12.937 13.502 10.345
E -14.856 15.502 13.067
S -18.117 17.537 12.538
G -21.218 18.738 14.455
G -19.438 21.981 15.523
G -20.992 25.505 15.391
L -22.498 27.706 18.213
V -24.842 26.906 21.225
E -26.217 28.34 24.585
A -24.974 28.0 28.262
G -27.476 25.22 29.267
G -28.055 23.095 26.071
S -26.087 20.39 24.141
L -24.542 19.104 20.812
R -23.551 15.653 19.268
L -19.956 15.495 17.821
S -19.175 12.628 15.337
C -15.991 11.155 13.759
L -16.178 9.007 10.592
G -13.066 6.79 10.188
S -11.736 5.65 6.747
G -8.799 3.501 5.47
L -8.566 1.508 8.769
T -10.116 -1.523 10.579
F -12.058 0.962 12.839
S -13.028 -1.724 15.443
R -9.212 -2.338 16.063
Y -9.01 1.386 17.249
A -9.833 2.589 20.774
M -10.913 6.276 20.394
G -10.893 9.467 22.459
W -11.958 13.151 22.385
F -9.475 16.05 23.033
R -10.115 19.889 23.177
Q -7.599 22.836 22.855
A -9.03 25.944 24.659
P -7.053 28.795 22.933
G -3.901 29.44 25.114
K -4.108 26.006 26.938
E -2.942 22.303 26.594
R -4.834 19.871 24.27
E -6.443 18.349 27.451
F -8.386 15.037 27.86
V -12.238 14.901 27.448
A -13.329 11.2 27.047
S -11.971 7.76 25.875
I -13.662 4.437 24.836
T -12.309 0.962 23.966
R -12.402 -0.891 20.592
S -15.772 -2.679 21.221
G -17.332 0.386 22.967
G -16.482 -0.714 26.563
S -15.053 0.869 29.808
P -15.963 4.496 28.822
N -13.893 7.079 30.82
Y -14.203 10.921 31.196
A -12.114 13.843 32.583
D -13.594 14.89 36.027
S -14.66 18.344 34.633
V -17.365 16.619 32.414
K -18.698 13.452 34.288
G -22.539 13.146 34.554
R -22.736 15.691 31.634
F -20.993 14.109 28.529
T -21.539 10.569 27.038
I -18.939 8.868 24.686
S -20.281 6.042 22.423
R -19.531 4.322 19.045
D -21.116 2.223 16.227
N -18.378 -0.063 14.715
A -20.81 -0.969 11.851
K -20.963 2.806 10.918
N -17.097 3.298 11.226
T -18.064 6.304 13.511
V -17.687 7.436 17.215
Y -19.732 10.12 19.093
L -19.544 12.63 21.994
Q -23.06 13.398 23.468
M -22.643 16.771 25.366
S -24.98 18.378 28.073
S -25.149 21.452 30.463
L -22.577 23.239 28.165
K -20.79 25.794 30.499
P -18.973 28.86 29.065
E -15.63 27.089 30.025
D -16.343 24.36 27.329
T -15.052 26.931 24.674
A -12.327 24.818 22.9
V -11.494 23.183 19.463
Y -12.719 19.506 19.771
Y -10.545 16.603 18.44
C -11.064 12.869 17.737
A -8.117 10.442 18.317
G -7.75 6.717 17.412
R -5.435 4.372 19.41
G -4.479 1.466 17.105
S -1.354 0.632 19.126
V -0.509 2.047 22.628
Y -0.65 5.796 21.6
Y -3.206 8.168 19.99
D -1.287 8.157 16.642
V -4.173 9.139 14.226
W -6.137 12.476 14.623
G -8.652 14.62 12.665
Q -8.533 18.326 11.57
G -10.863 19.102 14.572
T -14.14 21.137 14.884
Q -14.863 24.617 16.471
V -17.46 24.763 19.364
T -18.279 28.104 21.188
V -20.762 28.381 24.162
X 0 0 0
X 0 0 0
X 0 0 0
X 0 0 0
X 0 0 0
X 0 0 0
X 0 0 0
X 0 0 0
X 0 0 0
X 0 0 0
X 0 0 0
X 0 0 0
X 0 0 0
X 0 0 0
X 0 0 0
X 0 0 0
X 0 0 0
X 0 0 0
X 0 0 0
X 0 0 0
X 0 0 0
X 0 0 0
X 0 0 0
X 0 0 0
X 0 0 0
X 0 0 0
