Q 30.341 19.277 24.37
V 31.705 16.154 22.59
Q 28.885 14.537 20.501
L 28.93 11.089 18.832
V 26.31 10.455 16.093
E 25.87 6.979 14.511
S 24.17 6.549 11.11
G 23.72 3.825 8.482
G 21.54 1.304 10.365
G 18.63 -0.482 8.652
L 17.11 -3.773 7.462
M 19.548 -6.079 5.557
Q 19.156 -9.631 4.162
A 21.644 -12.135 5.698
G 24.928 -12.431 3.714
G 24.964 -8.738 2.684
S 27.291 -5.969 3.927
L 26.545 -2.624 5.596
R 28.768 0.275 6.681
R 28.861 0.245 6.694
L 27.908 2.201 9.881
S 29.39 5.67 10.549
C 29.942 7.539 13.771
A 30.748 11.277 13.394
V 32.51 12.986 16.376
S 32.218 16.808 16.954
G 33.644 19.167 19.684
R 37.115 18.14 21.078
T 39.269 16.286 18.463
F 42.945 16.348 19.621
S 42.316 14.27 22.799
T 40.829 11.097 21.115
A 42.794 7.922 22.085
A 40.465 5.303 20.568
M 36.937 4.719 19.199
M 36.936 4.717 19.264
G 34.962 1.497 19.774
W 31.79 -0.129 18.459
F 29.481 -2.017 20.876
R 26.115 -3.701 20.278
Q 23.091 -4.675 22.38
A 20.193 -6.962 21.353
P 16.928 -6.626 23.388
G 17.144 -8.357 26.831
K 20.927 -9.0 26.317
E 24.03 -7.295 27.794
R 25.855 -4.733 25.625
E 28.998 -6.329 24.085
F 32.303 -5.106 22.668
V 32.577 -5.439 18.854
A 35.741 -3.527 17.797
A 38.169 -0.729 18.727
I 40.644 1.344 16.723
R 43.531 3.466 17.999
W 42.967 7.038 16.72
S 46.715 7.657 16.046
S 46.709 7.657 16.041
G 48.225 4.809 14.035
G 44.882 3.019 13.4
S 45.59 -0.529 14.801
A 42.291 -2.391 15.354
Y 41.139 -4.922 17.992
Y 38.152 -7.243 17.347
A 35.799 -9.41 19.417
D 36.242 -13.103 18.343
S 32.569 -13.265 17.114
V 33.201 -10.643 14.305
K 36.844 -11.487 13.256
G 37.159 -12.105 9.467
R 33.721 -10.443 9.014
F 33.681 -6.844 10.412
T 36.267 -4.113 9.727
I 36.712 -0.987 11.86
S 38.36 1.99 10.109
R 38.602 5.762 10.712
D 39.043 8.974 8.736
K 40.976 11.409 11.026
A 40.214 14.468 8.771
K 36.407 13.768 8.987
N 36.599 12.759 12.706
N 36.626 12.74 12.715
T 34.561 9.674 11.716
V 34.819 5.963 12.587
Y 33.238 3.258 10.363
L 32.168 -0.351 10.916
Q 32.015 -2.456 7.715
M 29.691 -5.341 8.617
M 29.691 -5.34 8.617
N 30.307 -8.114 6.013
S 28.531 -11.544 5.893
L 25.582 -10.297 8.06
K 23.957 -13.01 10.272
Y 20.563 -13.01 12.105
E 22.766 -12.941 15.292
D 24.148 -9.464 14.294
T 20.637 -7.916 14.812
A 21.19 -5.269 17.556
V 21.531 -1.554 18.347
Y 25.132 -0.567 17.425
Y 26.741 2.105 19.688
C 29.991 3.991 18.995
A 32.076 5.017 22.011
R 35.031 7.378 22.478
T 37.906 7.428 25.04
E 40.748 9.94 25.597
N 42.599 7.327 27.728
V 45.789 6.377 25.77
R 46.593 2.737 26.703
S 49.889 1.073 25.577
L 48.125 -2.342 25.247
L 45.487 -2.149 22.445
S 43.471 -5.065 24.023
D 42.698 -2.694 26.982
Y 40.066 -1.093 24.663
A 37.998 -4.378 24.796
T 37.31 -3.884 28.576
W 38.37 -0.344 29.778
W 38.365 -0.298 29.634
P 35.445 2.127 30.219
Y 34.533 4.703 27.501
D 33.418 8.185 28.724
Y 31.426 9.231 25.565
W 28.608 7.203 23.911
G 26.392 7.697 20.837
Q 22.566 7.167 20.791
G 22.922 3.9 18.753
T 21.719 2.854 15.26
Q 19.443 -0.231 14.753
V 20.693 -3.059 12.474
T 18.132 -5.804 11.644
V 19.256 -8.871 9.617
S 16.3 -10.861 8.116
S 16.6 -13.492 5.259
X 0 0 0
X 0 0 0
X 0 0 0
X 0 0 0
X 0 0 0
X 0 0 0
X 0 0 0
