Q -51.354 -18.687 76.507
V -53.787 -21.298 78.013
Q -54.391 -20.787 81.797
L -56.456 -22.963 84.215
V -57.795 -21.247 87.449
E -59.256 -23.484 90.256
S -61.593 -22.036 92.983
G -64.21 -23.212 95.554
G -61.588 -24.784 97.877
G -62.043 -24.395 101.668
L -63.386 -25.957 104.901
M -66.199 -28.617 105.233
Q -67.318 -30.89 108.149
A -67.03 -34.476 106.695
G -70.404 -35.633 105.234
G -71.173 -32.099 103.901
S -70.294 -31.174 100.239
L -67.969 -28.767 98.306
R -67.994 -27.681 94.588
L -64.698 -26.95 92.686
S -64.568 -24.712 89.532
C -61.657 -24.806 86.964
A -61.975 -21.877 84.458
V -60.058 -22.258 81.103
S -58.947 -19.262 78.906
G -57.057 -19.926 75.595
R -57.552 -22.095 72.444
T -60.879 -23.648 73.756
F -61.569 -25.359 70.344
S -58.64 -27.844 70.774
T -59.749 -29.149 74.284
A -60.101 -33.001 74.238
A -60.712 -33.685 77.99
M -60.433 -32.002 81.465
G -59.163 -33.966 84.538
W -59.086 -33.407 88.344
F -55.95 -34.587 90.29
R -55.363 -34.289 94.097
Q -52.132 -34.5 96.162
A -52.834 -35.443 99.843
P -50.259 -34.658 102.579
G -47.342 -37.186 102.349
K -48.789 -38.947 99.21
E -47.967 -38.793 95.43
R -50.647 -36.815 93.431
E -53.174 -39.406 92.089
F -55.942 -39.432 89.399
V -59.476 -38.301 90.574
A -61.822 -37.94 87.537
A -61.737 -36.959 83.803
I -64.575 -35.808 81.418
R -64.598 -35.77 77.548
W -65.347 -32.205 76.24
S -67.497 -33.593 73.335
G -69.995 -35.871 75.198
G -69.696 -35.359 79.016
S -69.028 -39.116 79.593
A -66.855 -39.075 82.809
Y -64.338 -41.653 84.205
Y -64.715 -41.527 88.012
A -61.642 -42.957 89.844
D -62.084 -45.994 92.136
S -61.98 -44.266 95.611
V -64.503 -41.455 94.644
K -66.923 -43.588 92.476
G -70.364 -42.89 94.092
R -69.48 -39.595 95.922
F -68.003 -36.963 93.475
T -69.556 -35.573 90.161
I -67.312 -34.09 87.329
S -69.322 -32.0 84.804
R -68.426 -29.208 82.307
D -70.207 -26.122 80.836
K -68.81 -25.71 77.242
A -70.2 -22.112 76.861
K -68.418 -21.072 80.164
N -65.188 -23.112 79.379
T -65.516 -24.377 83.011
V -65.168 -27.913 84.485
Y -66.735 -28.607 87.962
L -65.962 -31.235 90.69
Q -69.008 -31.831 93.0
M -67.626 -33.509 96.192
N -70.553 -35.161 98.095
S -70.054 -37.236 101.341
L -66.504 -35.785 101.941
K -64.164 -38.31 103.735
Y -61.068 -37.3 105.869
E -58.844 -38.789 103.032
D -60.265 -36.046 100.68
T -58.037 -33.429 102.503
A -55.586 -32.474 99.674
V -54.672 -29.845 97.012
Y -57.016 -30.387 93.988
Y -55.377 -29.673 90.559
C -57.48 -29.392 87.342
A -55.57 -30.442 84.155
R -56.296 -29.984 80.381
T -55.145 -32.199 77.426
E -55.629 -31.502 73.667
N -55.047 -35.295 73.023
V -58.344 -36.923 71.789
R -58.318 -40.613 72.959
S -61.053 -43.071 71.735
L -60.793 -45.241 74.893
L -62.083 -42.901 77.72
S -60.352 -44.914 80.553
D -56.971 -43.688 79.082
Y -57.44 -40.274 80.837
A -55.875 -41.746 84.035
T -52.773 -43.464 82.407
W -52.062 -40.542 80.004
P -50.35 -37.193 80.749
Y -51.84 -33.627 80.635
D -50.15 -30.698 78.741
Y -51.518 -27.797 80.975
W -51.94 -27.667 84.844
G -53.621 -25.154 87.24
Q -51.856 -23.824 90.411
G -54.365 -26.013 92.409
T -56.607 -25.26 95.468
Q -56.842 -26.602 99.085
V -59.847 -28.686 100.365
T -59.66 -29.432 104.165
V -62.335 -31.821 105.712
S -63.007 -30.903 109.425
S -65.59 -31.478 112.299
X 0 0 0
X 0 0 0
X 0 0 0
X 0 0 0
X 0 0 0
X 0 0 0
X 0 0 0
X 0 0 0
X 0 0 0
X 0 0 0
X 0 0 0
X 0 0 0
X 0 0 0
