E 19.459 60.785 15.743
V 17.063 63.188 17.577
Q 17.025 64.959 21.002
L 13.705 66.026 22.625
V 12.898 68.946 24.923
E 9.398 69.495 26.424
S 8.257 73.027 27.231
G 5.103 74.933 28.282
G 4.653 73.549 31.794
G 3.023 75.87 34.316
L 0.255 76.505 36.86
V -3.344 76.235 35.663
Q -6.555 76.9 37.627
P -9.061 73.91 37.391
G -10.84 74.158 34.038
G -8.0 76.13 32.46
S -5.999 75.383 29.289
L -2.282 74.968 28.548
R -0.256 74.088 25.426
L 2.893 71.977 25.659
S 5.596 71.691 22.989
C 7.938 68.835 22.197
E 10.807 70.276 20.178
A 13.312 68.105 18.397
S 16.971 68.624 17.433
G 18.345 66.408 14.642
T 14.448 65.148 10.472
L 11.304 64.392 12.576
A 9.18 63.418 9.465
N 9.568 59.629 9.945
Y 9.065 59.671 13.744
A 5.961 58.925 15.786
I 5.637 61.178 18.838
G 3.745 60.169 21.937
W 2.984 62.216 25.045
F 3.159 60.42 28.398
R 2.715 61.691 31.986
Q 3.711 60.606 35.475
A 1.899 61.785 38.624
P 3.66 61.463 42.048
G 3.536 57.833 43.23
K 1.797 56.626 40.049
E 3.007 54.705 36.981
R 3.688 56.451 33.657
E 0.683 56.626 31.346
G 0.307 57.543 27.661
V -2.107 60.397 26.934
S -1.866 61.118 23.214
C 0.175 59.945 20.179
I 0.81 61.126 16.592
S 2.132 58.777 13.87
S 4.565 59.853 11.089
G 1.593 59.598 8.674
G -0.326 62.149 10.802
S -2.857 59.811 12.523
T -3.729 60.747 16.123
V -4.786 58.621 19.141
Y -5.985 59.712 22.604
S -6.375 57.923 25.949
E -9.963 57.702 27.235
S -9.18 60.093 30.123
V -8.11 62.945 27.757
K -10.161 62.173 24.576
D -12.709 65.029 24.926
R -10.079 67.617 25.964
F -6.611 67.221 24.361
T -5.387 67.783 20.777
I -2.012 66.529 19.479
S -0.559 68.151 16.336
R 2.778 68.304 14.483
D 4.781 70.749 12.392
N 7.551 68.789 10.644
A 9.019 72.038 9.192
K 9.613 73.465 12.696
K 10.152 69.846 14.052
I 7.638 70.518 16.858
V 4.793 68.439 18.261
Y 2.134 70.319 20.282
L -0.222 69.039 22.982
Q -3.15 71.417 23.481
M -4.669 70.529 26.879
N -8.105 71.953 27.533
S -10.23 71.766 30.716
L -7.421 70.654 33.023
Q -8.303 69.308 36.487
P -6.156 68.698 39.642
E -5.968 64.985 38.641
D -3.991 66.058 35.488
T -1.1 67.365 37.697
A 1.942 65.407 36.468
V 5.31 65.697 34.683
Y 4.508 65.405 30.944
Y 7.122 63.775 28.654
C 7.322 63.222 24.903
A 8.929 60.161 23.299
A 10.021 59.556 19.698
D 9.718 56.253 17.784
P 11.858 55.982 14.6
F 9.286 53.412 13.332
G 6.737 56.125 12.524
E 3.753 53.791 12.205
R 4.529 51.679 15.346
L 4.138 53.703 18.626
C 0.457 54.757 18.331
I -0.693 51.121 17.862
D 0.052 50.389 21.559
P 1.642 53.5 23.199
N 1.932 52.116 26.761
T 3.687 48.937 25.605
F 5.736 50.321 22.718
A 7.109 53.278 24.8
G 9.246 50.633 26.552
Y 11.207 49.999 23.325
L 12.199 53.733 22.934
E 15.561 55.381 23.705
T 14.451 58.948 22.728
W 12.695 60.81 25.556
G 12.589 64.372 26.804
Q 13.385 65.662 30.328
G 9.677 66.289 31.128
T 7.695 69.477 31.942
Q 5.61 69.935 35.139
V 1.927 70.766 34.702
T 0.208 71.787 37.979
V -3.547 72.172 38.17
S -4.547 73.688 41.516
S -7.171 76.21 42.661
L -6.412 79.705 44.159
X 0 0 0
X 0 0 0
X 0 0 0
X 0 0 0
X 0 0 0
X 0 0 0
X 0 0 0
X 0 0 0
X 0 0 0
X 0 0 0
X 0 0 0
X 0 0 0
