E 10.825 22.928 -13.423
V 9.099 21.948 -16.673
Q 5.929 20.063 -17.587
L 6.068 17.716 -20.578
V 3.381 16.221 -22.824
E 3.951 13.784 -25.695
S 1.922 13.506 -28.887
G 2.148 11.894 -32.302
G 1.826 8.28 -31.205
G -0.488 5.777 -32.802
L -0.729 2.752 -35.064
V 1.548 2.139 -38.06
Q 2.529 -0.73 -40.333
A 5.936 -2.391 -40.19
G 8.492 -0.351 -42.102
G 6.414 2.787 -41.54
S 7.163 5.896 -39.548
L 5.887 8.16 -36.798
R 7.13 11.565 -35.679
L 6.667 11.957 -31.939
S 6.722 15.399 -30.369
C 7.047 16.524 -26.757
C 7.074 16.521 -26.756
A 6.053 20.042 -25.718
A 7.528 21.749 -22.649
S 6.222 24.593 -20.479
S 6.311 24.572 -20.422
G 8.244 26.002 -17.577
G 8.215 26.203 -17.589
R 11.906 27.045 -17.417
T 13.616 28.115 -20.637
F 13.525 25.086 -22.921
S 17.155 25.478 -24.014
D 18.196 24.94 -20.378
Y 17.3 21.235 -20.643
V 18.845 18.154 -22.161
M 15.944 16.19 -23.656
G 15.624 12.423 -23.89
W 13.271 9.748 -25.16
F 12.588 6.436 -23.41
R 10.223 3.553 -24.069
Q 8.57 0.813 -22.023
A 7.406 -2.354 -23.747
P 4.527 -4.084 -21.957
P 4.806 -4.631 -22.094
G 6.663 -6.864 -20.473
G 6.253 -5.849 -18.801
K 9.977 -5.026 -20.086
K 9.829 -5.091 -19.873
E 11.605 -2.248 -18.089
R 11.794 1.303 -19.394
T 14.836 1.674 -21.648
F 16.789 4.546 -23.171
V 16.07 5.533 -26.785
A 17.827 8.835 -27.525
R 18.923 12.145 -26.049
I 19.834 15.558 -27.435
G 21.891 18.391 -25.997
W 20.661 21.864 -25.146
S 21.216 23.313 -28.626
G 20.923 20.062 -30.596
D 24.433 19.605 -32.004
L 24.999 16.585 -29.719
T 22.711 13.589 -30.26
Y 22.971 10.035 -28.931
Y 21.027 6.871 -29.74
A 20.494 3.428 -28.277
D 21.987 0.692 -30.439
S 18.505 -0.726 -31.088
V 17.347 2.41 -32.955
K 20.558 3.944 -34.305
G 20.225 4.601 -38.029
R 16.409 4.428 -37.842
F 15.44 7.147 -35.34
T 16.425 10.82 -35.391
I 16.058 13.159 -32.414
S 15.778 16.908 -32.979
R 14.476 19.989 -31.202
D 13.028 23.438 -31.931
N 13.925 25.613 -28.955
A 11.792 28.441 -30.357
K 8.74 26.143 -30.094
N 9.721 24.423 -26.81
T 9.459 21.073 -28.596
V 11.651 17.991 -28.992
Y 10.94 15.477 -31.753
L 11.592 11.798 -32.409
Q 11.39 10.809 -36.079
M 10.906 7.023 -36.051
N 11.61 5.304 -39.375
S 11.589 1.639 -40.378
L 9.429 0.692 -37.414
K 9.285 -2.959 -36.368
P 6.852 -4.87 -34.134
E 9.409 -4.881 -31.309
D 9.282 -1.059 -31.361
T 5.754 -1.242 -29.911
A 5.814 0.476 -26.521
I 4.805 3.563 -24.58
Y 7.301 6.311 -25.422
Y 8.245 8.886 -22.783
C 9.999 12.216 -23.099
C 9.929 12.284 -23.099
A 12.243 13.47 -20.319
A 14.122 16.645 -19.433
D 17.168 17.415 -17.292
E 19.301 20.538 -16.968
R 22.38 18.273 -16.951
R 22.465 18.418 -16.68
W 23.108 14.644 -17.865
W 23.964 16.12 -19.298
G 19.003 7.332 -17.296
K 18.263 9.685 -14.4
F 16.106 12.54 -15.71
D 14.462 15.0 -13.329
Y 11.253 15.552 -15.33
W 9.082 13.114 -17.261
G 6.134 13.194 -19.621
Q 3.027 11.032 -19.486
G 3.835 8.707 -22.394
T 2.301 8.095 -25.797
Q 1.437 4.667 -27.179
V 3.174 3.435 -30.327
T 1.826 0.227 -31.859
V 3.495 -1.363 -34.889
S 1.583 -3.886 -36.977
S 3.392 -6.99 -38.198
X 0 0 0
X 0 0 0
X 0 0 0
X 0 0 0
X 0 0 0
X 0 0 0
X 0 0 0
X 0 0 0
X 0 0 0
X 0 0 0
X 0 0 0
X 0 0 0
X 0 0 0
