M -34.826 3.019 -27.199
E -32.625 6.091 -27.055
V -30.565 7.282 -29.976
Q -26.926 6.483 -29.28
L -23.592 6.6 -31.09
E -20.695 4.529 -29.675
E -17.112 5.088 -30.877
S -14.265 2.621 -30.565
G -10.761 2.015 -31.879
G -8.968 4.796 -30.011
G -5.624 4.266 -28.36
L -1.919 4.868 -28.717
V -0.471 4.939 -32.25
Q 3.035 5.416 -33.508
P 3.842 8.444 -35.686
G 3.395 7.661 -39.386
G 1.057 4.85 -38.427
S -2.568 4.424 -39.347
L -5.716 3.641 -37.391
R -9.382 2.816 -38.081
L -12.097 4.106 -35.771
S -15.638 2.699 -35.711
S -15.636 2.723 -35.733
C -18.958 4.311 -34.768
A -21.871 1.979 -34.006
A -25.322 3.554 -34.112
S -28.423 2.495 -32.189
G -31.96 3.828 -31.98
F -32.006 4.964 -35.632
N -30.826 3.801 -39.066
N -30.823 3.803 -39.065
I -27.742 5.572 -40.369
K -29.165 5.261 -43.896
D -31.689 7.918 -42.829
T -29.105 10.618 -42.211
Y -25.468 11.622 -42.573
I -22.786 10.513 -40.095
G -19.824 12.738 -39.306
W -16.563 12.746 -37.37
V -15.403 15.705 -35.262
R -12.137 15.896 -33.308
Q -11.02 18.033 -30.385
A -7.819 17.892 -28.493
P -7.584 18.723 -24.78
G -7.066 22.463 -24.51
K -8.071 23.164 -28.136
G -11.187 23.759 -30.23
E -13.356 21.34 -32.205
E -12.684 20.49 -35.831
W -15.116 18.731 -38.139
V -13.214 16.057 -40.089
A -15.574 14.24 -42.487
S -19.201 13.308 -43.181
I -20.836 10.517 -45.186
Y -24.347 9.689 -46.39
P -24.252 5.91 -45.858
T -26.988 5.06 -48.365
S -25.122 6.719 -51.291
G -21.531 6.754 -50.068
Y -21.387 10.501 -50.754
T -18.598 11.949 -48.652
R -17.402 15.424 -47.678
Y -14.015 16.102 -46.084
A -12.452 19.004 -44.278
D -9.741 20.527 -46.465
S -7.271 19.641 -43.706
V -7.61 15.842 -44.045
K -8.656 15.317 -47.674
G -6.649 12.407 -49.083
R -5.148 11.409 -45.718
F -8.381 10.339 -43.941
T -11.154 8.148 -45.405
I -14.704 7.949 -44.025
S -16.843 4.909 -44.835
A -19.941 3.091 -43.616
D -21.499 -0.366 -43.449
T -25.3 -0.041 -43.284
S -25.528 -3.813 -42.667
K -23.865 -3.156 -39.271
N -25.359 0.348 -38.762
T -21.756 1.453 -38.328
A -19.531 4.204 -39.718
Y -15.741 4.244 -39.877
L -12.834 6.678 -40.021
Q -9.571 5.475 -41.554
M -6.662 7.743 -40.605
N -3.309 7.396 -42.399
S 0.164 8.899 -41.886
L -0.724 9.918 -38.35
R 1.203 12.824 -36.807
A 1.379 14.464 -33.373
E -1.219 17.056 -34.467
D -3.799 14.264 -34.887
T -3.852 13.554 -31.136
A -7.432 14.323 -30.057
V -10.763 12.968 -28.906
Y -12.668 11.769 -31.965
Y -16.454 12.053 -31.755
C -18.89 10.584 -34.223
C -18.983 10.489 -34.065
A -22.129 12.486 -34.744
A -25.28 12.203 -36.828
G -27.65 14.757 -38.349
S -31.276 14.546 -37.289
I -33.566 12.323 -39.446
L -23.032 18.483 -43.117
E -21.187 20.407 -40.33
E -24.336 20.6 -38.112
F -25.09 17.576 -35.893
D -28.031 16.632 -33.683
Y -26.749 13.369 -32.085
W -23.317 12.841 -30.546
G -21.267 9.882 -29.363
Q -19.0 9.715 -26.323
G -15.682 10.161 -28.09
T -12.678 7.909 -28.398
L -9.199 9.168 -27.55
V -6.434 8.88 -30.161
T -2.882 9.589 -28.98
V 0.054 9.684 -31.386
S 3.28 8.647 -29.592
S 6.303 10.898 -29.274
D 8.453 11.271 -26.135
H 8.332 13.031 -22.742
X 0 0 0
X 0 0 0
X 0 0 0
X 0 0 0
X 0 0 0
X 0 0 0
X 0 0 0
X 0 0 0
X 0 0 0
X 0 0 0
X 0 0 0
X 0 0 0
X 0 0 0
X 0 0 0
X 0 0 0
X 0 0 0
