Q 212.567 169.403 142.83
V 209.986 171.723 141.288
Q 208.04 169.759 138.668
L 205.658 171.239 136.093
V 203.293 168.839 134.313
E 201.053 169.925 131.436
S 197.887 168.153 130.317
G 194.694 168.685 128.34
G 196.175 168.96 124.855
G 194.6 167.133 121.96
L 192.844 167.422 118.629
M 190.15 170.083 118.305
Q 188.062 171.572 115.519
A 188.45 175.259 114.733
G 186.073 177.436 116.737
G 186.03 175.187 119.805
S 187.498 175.704 123.258
L 190.037 173.712 125.261
R 191.327 174.087 128.827
L 194.991 173.186 129.278
S 196.073 172.418 132.84
C 199.55 172.697 134.353
A 200.214 171.251 137.806
V 203.182 172.339 139.927
S 204.713 170.125 142.613
G 207.514 170.852 145.057
R 208.047 174.479 146.052
T 204.812 176.463 146.399
F 205.424 179.571 148.518
S 208.192 180.864 146.234
T 205.958 180.928 143.139
A 205.894 184.514 141.861
A 204.149 184.028 138.51
M 203.042 181.337 136.072
G 203.318 181.782 132.314
W 202.04 179.929 129.263
F 204.142 179.833 126.089
R 203.629 178.013 122.799
Q 205.916 176.836 120.01
A 205.039 175.545 116.551
P 207.289 173.279 114.461
G 210.03 175.316 112.826
K 208.987 178.45 114.744
E 210.414 180.163 117.808
R 208.75 179.712 121.182
E 206.425 182.648 121.838
F 204.829 184.157 124.929
V 201.099 183.445 125.252
A 200.057 184.624 128.718
A 201.203 185.22 132.284
I 199.509 185.46 135.681
R 200.834 186.661 139.024
W 200.449 183.899 141.602
S 199.33 186.382 144.269
G 196.41 188.588 143.254
G 195.898 186.752 139.979
S 196.477 189.718 137.669
A 196.933 188.49 134.102
Y 198.9 189.754 131.103
Y 198.048 188.542 127.601
A 199.778 188.642 124.239
D 197.978 190.634 121.558
S 197.584 187.54 119.366
V 195.318 185.834 121.938
K 193.566 188.795 123.58
G 189.831 188.15 123.714
R 190.25 184.41 123.053
F 192.621 182.968 125.678
T 192.197 183.326 129.44
I 194.787 182.423 132.085
S 193.76 181.561 135.647
R 195.239 179.67 138.576
D 194.127 177.636 141.589
K 196.479 178.286 144.502
A 195.045 175.491 146.655
K 195.74 172.979 143.873
N 198.941 174.804 142.836
T 197.7 174.614 139.244
V 197.494 177.056 136.334
Y 194.81 176.806 133.648
L 194.71 178.236 130.12
Q 191.236 178.336 128.559
M 191.778 178.715 124.803
N 188.553 179.796 123.093
S 187.872 180.308 119.388
L 190.616 177.862 118.458
K 192.366 178.687 115.184
Y 194.597 176.635 112.915
E 197.376 179.066 113.866
D 197.063 177.845 117.476
T 198.389 174.373 116.599
A 201.577 174.069 118.651
V 203.143 172.625 121.789
Y 202.055 174.659 124.822
Y 204.487 174.827 127.746
C 203.987 176.262 131.223
A 206.789 178.001 133.108
R 207.144 179.11 136.723
T 209.071 182.103 138.049
E 209.902 183.018 141.64
N 211.079 186.537 140.716
V 208.427 188.964 141.96
R 208.217 191.943 139.595
S 206.203 195.07 140.352
L 205.402 195.561 136.656
L 203.275 192.697 135.347
S 204.389 193.179 131.735
D 207.93 192.242 132.794
Y 206.743 188.622 132.889
A 206.12 188.787 129.125
T 209.877 189.031 128.448
W 211.79 188.114 131.62
P 213.195 184.569 131.818
Y 211.602 181.642 133.626
D 213.681 179.205 135.671
Y 211.264 176.246 135.466
W 209.579 174.723 132.415
G 207.25 171.785 131.869
Q 207.373 169.152 129.154
G 204.579 170.781 127.144
T 201.397 169.428 125.588
Q 200.463 169.27 121.911
V 197.375 171.095 120.636
T 196.161 170.633 117.054
V 193.366 172.649 115.433
S 192.27 170.967 112.203
S 188.909 172.546 111.305
X 0 0 0
X 0 0 0
X 0 0 0
X 0 0 0
X 0 0 0
X 0 0 0
X 0 0 0
X 0 0 0
X 0 0 0
X 0 0 0
X 0 0 0
X 0 0 0
X 0 0 0
