Q -24.485 -3.031 -9.26
V -23.83 -6.153 -7.074
Q -23.957 -9.484 -8.945
L -23.261 -13.126 -7.962
V -22.912 -15.955 -10.559
E -22.432 -19.611 -9.466
S -21.065 -22.533 -11.522
G -19.998 -26.167 -10.908
G -23.295 -27.991 -10.328
G -24.802 -31.096 -11.938
L -25.22 -34.857 -11.562
V -22.75 -36.741 -9.412
Q -22.847 -40.135 -7.633
A -22.885 -40.619 -3.864
G -19.36 -40.522 -2.382
G -18.345 -38.07 -5.146
S -16.833 -34.567 -5.183
L -17.79 -31.223 -6.717
R -16.373 -27.747 -6.337
L -18.89 -24.948 -6.721
S -17.547 -21.52 -7.644
C -19.256 -18.219 -7.091
A -18.047 -15.252 -9.158
A -18.801 -11.917 -7.488
S -18.77 -8.438 -9.06
G -19.953 -4.851 -8.541
F -18.303 -4.32 -5.12
P -15.055 -4.471 -3.024
V -15.73 -8.152 -2.101
Y -12.512 -8.391 -0.002
A -14.35 -6.316 2.689
Y -17.194 -8.867 3.011
E -17.904 -12.192 4.657
M -19.344 -14.576 2.049
Y -21.97 -17.256 2.642
W -23.359 -20.441 1.034
Y -26.914 -21.723 1.351
R -28.858 -24.61 -0.231
Q -32.507 -25.151 -1.067
A -33.412 -28.823 -1.075
P -36.583 -29.812 -3.067
G -39.693 -29.434 -0.917
K -37.542 -27.857 1.872
E -36.896 -24.305 3.09
R -33.66 -22.395 2.15
E -30.982 -23.727 4.503
W -27.564 -22.335 5.562
V -24.391 -24.339 4.677
A -21.234 -22.218 5.214
A -19.565 -18.793 5.856
I -15.994 -17.423 5.319
S -14.166 -14.39 6.827
S -12.924 -11.469 4.708
S -9.373 -13.011 4.832
G -10.389 -16.661 5.252
T -9.029 -16.836 8.859
W -12.397 -18.056 10.364
A -14.64 -20.359 8.358
G -17.954 -21.689 9.728
Y -20.224 -24.58 8.735
A -23.654 -26.097 9.333
D -23.567 -29.079 11.764
S -24.82 -31.425 8.946
V -21.851 -30.343 6.702
K -18.91 -30.033 9.196
G -15.819 -31.888 7.984
R -17.411 -32.778 4.616
F -17.361 -29.402 2.831
T -14.484 -26.866 2.773
I -15.109 -23.186 1.993
S -12.29 -21.021 0.6
R -11.824 -17.739 -1.329
D -9.516 -15.996 -3.846
N -10.132 -12.263 -3.418
A -7.987 -11.392 -6.456
K -10.458 -13.39 -8.689
N -13.462 -12.066 -6.663
T -14.621 -15.625 -5.918
V -15.67 -17.862 -3.043
Y -15.77 -21.67 -3.475
L -17.548 -24.513 -1.784
Q -15.511 -27.727 -2.052
M -17.951 -30.602 -1.576
N -16.603 -34.046 -0.667
S -18.189 -37.296 0.635
L -21.457 -36.21 -0.982
K -24.648 -38.043 0.053
P -28.145 -38.066 -1.54
E -29.505 -35.572 1.041
D -26.966 -33.022 -0.336
T -29.21 -32.743 -3.466
A -30.253 -29.068 -3.581
V -29.985 -25.742 -5.48
Y -26.891 -24.116 -3.992
Y -27.023 -20.329 -3.685
C -24.116 -17.933 -3.161
N -24.851 -15.006 -0.807
V -23.485 -11.71 0.594
K -25.229 -9.602 3.238
D -24.487 -5.89 2.928
W -25.216 -4.252 6.29
G -24.518 -0.858 4.67
A -23.222 0.482 8.034
S -26.894 0.308 9.155
W -29.384 -1.531 11.45
A -30.36 -3.975 8.615
Y -28.935 -6.056 5.678
Y -29.837 -6.707 2.072
D -29.227 -10.327 1.157
Y -27.997 -10.435 -2.424
W -28.487 -13.845 -3.969
G -26.752 -15.73 -6.722
Q -28.629 -17.42 -9.574
G -28.543 -20.848 -7.846
T -26.6 -23.909 -9.122
Q -28.251 -27.349 -8.933
V -26.363 -30.255 -7.341
T -27.954 -33.736 -7.792
V -26.469 -36.732 -5.925
S -27.475 -40.251 -7.101
X 0 0 0
X 0 0 0
X 0 0 0
X 0 0 0
X 0 0 0
X 0 0 0
X 0 0 0
X 0 0 0
X 0 0 0
X 0 0 0
X 0 0 0
X 0 0 0
X 0 0 0
X 0 0 0
X 0 0 0
X 0 0 0
X 0 0 0
X 0 0 0
X 0 0 0
X 0 0 0
