Q 145.577 106.654 227.222
V 148.538 105.279 229.186
Q 148.899 102.224 231.455
L 150.863 102.568 234.715
V 152.245 99.448 236.448
E 154.084 99.829 239.778
S 156.55 97.406 241.357
G 159.12 97.186 244.158
G 156.9 97.323 247.267
G 157.523 95.12 250.306
L 158.665 94.905 253.936
M 161.698 96.941 255.049
Q 163.203 97.904 258.411
A 163.158 101.549 259.536
G 166.29 103.433 258.443
G 166.594 101.319 255.271
S 165.975 102.318 251.649
L 163.728 100.973 248.868
R 163.138 101.928 245.217
L 159.654 101.785 243.668
S 159.229 101.641 239.855
C 156.281 102.662 237.656
A 156.448 101.577 233.997
V 154.432 103.603 231.481
S 153.103 102.063 228.265
G 150.672 103.224 225.567
R 150.646 106.916 224.556
T 154.02 107.609 226.221
F 154.833 110.661 224.057
S 152.043 112.565 225.883
T 153.751 112.432 229.316
A 154.218 115.891 230.864
A 154.725 114.855 234.495
M 154.573 111.836 236.799
G 153.563 111.925 240.458
W 153.738 109.558 243.425
F 150.914 109.502 245.986
R 150.351 107.329 249.063
Q 147.329 106.149 251.043
A 147.749 104.84 254.596
P 144.915 102.73 256.167
G 142.117 105.053 257.334
K 143.817 108.156 255.889
E 143.168 110.23 252.748
R 145.42 109.974 249.682
E 148.469 112.239 250.095
F 150.841 113.717 247.492
V 154.475 112.52 247.829
A 156.573 113.683 244.84
A 156.265 114.82 241.207
I 158.765 115.034 238.343
R 158.526 116.917 235.064
W 159.2 114.613 232.116
S 161.171 117.285 230.256
G 164.166 118.473 232.309
G 163.501 116.178 235.29
S 162.875 118.898 237.902
A 161.263 117.475 241.042
Y 158.76 118.722 243.635
Y 158.331 117.085 247.054
A 155.834 117.116 249.916
D 157.368 118.447 253.157
S 156.934 115.03 254.839
V 159.473 113.374 252.486
K 161.72 116.284 251.393
G 165.371 115.346 251.988
R 164.525 111.635 252.37
F 162.839 110.604 249.107
T 164.221 111.113 245.583
I 162.164 110.926 242.383
S 163.901 110.156 239.069
R 162.847 109.103 235.575
D 164.358 107.198 232.651
K 162.888 108.668 229.447
A 164.169 105.845 227.202
K 162.511 103.185 229.408
N 159.381 105.289 230.155
T 159.873 104.506 233.863
V 159.708 106.706 236.985
Y 161.396 105.738 240.265
L 160.789 106.703 243.875
Q 163.912 106.187 245.99
M 162.619 105.939 249.569
N 165.603 106.57 251.876
S 165.583 106.775 255.702
L 162.314 104.793 255.924
K 160.074 105.541 258.92
Y 156.977 103.876 260.426
E 154.941 106.822 259.068
E 154.944 106.827 259.069
D 155.87 105.76 255.495
T 153.741 102.572 255.714
A 151.092 102.957 252.965
V 149.961 101.901 249.477
Y 151.963 103.961 246.946
Y 150.37 104.998 243.625
C 152.04 106.445 240.516
A 150.078 108.878 238.309
Q 150.622 110.415 234.862
T 149.361 113.625 233.265
H 149.759 115.215 229.839
Y 148.969 118.627 231.385
V 151.909 121.056 231.162
S 151.945 123.711 233.892
Y 154.573 126.472 233.891
L 154.611 126.015 237.667
L 156.023 122.752 239.031
S 154.165 123.099 242.355
D 150.82 122.702 240.536
Y 151.559 118.977 240.143
A 150.966 118.589 243.913
T 147.239 119.394 243.528
W 146.544 118.618 239.842
P 144.014 115.795 239.242
Y 146.078 113.405 237.099
D 144.927 111.479 234.007
Y 145.988 107.856 234.666
W 146.793 105.87 237.824
G 148.767 102.75 238.727
Q 147.354 99.817 240.732
G 149.284 100.689 243.912
T 152.138 98.912 245.714
Q 152.225 98.243 249.48
V 155.222 99.488 251.492
T 155.422 98.295 255.119
V 158.144 99.634 257.44
S 159.207 97.35 260.338
S 160.096 98.641 263.837
K 163.564 99.933 264.8
X 0 0 0
X 0 0 0
X 0 0 0
X 0 0 0
X 0 0 0
X 0 0 0
X 0 0 0
X 0 0 0
X 0 0 0
X 0 0 0
X 0 0 0
