Q 26.339 -12.022 -10.638
V 27.746 -13.902 -7.651
Q 25.153 -16.627 -6.996
L 25.938 -19.032 -4.161
V 24.495 -22.529 -4.573
E 24.422 -25.23 -1.889
S 24.598 -28.989 -2.519
G 25.218 -32.18 -0.566
G 22.042 -32.07 1.512
G 19.859 -35.077 2.068
L 18.123 -37.436 4.455
V 20.2 -39.36 6.991
Q 19.45 -41.291 10.118
P 20.626 -40.01 13.518
G 24.369 -40.297 14.01
G 25.265 -40.174 10.325
S 27.154 -37.593 8.311
L 26.589 -35.223 5.422
R 28.99 -32.925 3.595
L 27.393 -29.722 2.348
S 29.135 -27.747 -0.374
C 28.948 -24.094 -1.366
A 30.154 -22.661 -4.661
A 29.398 -19.665 -6.876
S 29.768 -20.357 -10.586
G 32.56 -18.231 -12.045
F 34.012 -16.934 -8.764
S 36.728 -17.897 -6.315
L 35.633 -17.933 -2.67
D 39.116 -17.772 -1.176
N 38.875 -13.994 -0.592
Y 35.416 -14.242 1.057
A 34.422 -15.036 4.574
I 32.11 -18.02 3.998
G 29.482 -19.074 6.504
W 26.557 -21.409 6.974
F 23.288 -20.635 8.725
R 20.14 -22.696 9.017
Q 16.403 -22.366 9.538
A 14.321 -25.101 11.147
P 10.542 -25.067 10.552
G 8.887 -22.124 12.265
K 12.124 -20.915 13.896
E 14.371 -17.916 13.359
R 17.511 -18.38 11.261
E 20.689 -19.18 13.198
G 24.363 -19.014 12.262
V 26.153 -22.367 12.372
S 29.739 -22.077 11.067
C 32.111 -19.58 9.473
I 35.599 -19.511 7.918
S 37.568 -16.287 7.649
S 38.802 -14.774 4.405
S 42.045 -13.503 5.987
D 43.432 -16.159 8.363
G 42.69 -19.77 9.152
S 40.157 -18.903 11.856
T 36.897 -20.796 11.976
Y 33.885 -20.225 14.211
Y 31.172 -22.633 15.3
T 27.943 -22.193 17.183
D 27.731 -23.883 20.577
S 25.433 -26.726 19.505
V 27.686 -27.94 16.641
E 31.187 -27.387 18.041
G 33.137 -30.636 17.757
R 30.644 -32.189 15.313
F 30.924 -29.815 12.333
T 33.991 -28.91 10.268
I 34.051 -26.076 7.715
S 36.917 -26.218 5.208
R 38.047 -25.076 1.757
D 38.676 -26.892 -1.519
N 40.421 -24.123 -3.41
A 40.847 -26.205 -6.582
K 37.039 -26.438 -6.836
N 36.388 -22.874 -5.587
T 34.283 -24.52 -2.896
V 33.671 -24.468 0.855
Y 32.475 -27.65 2.595
L 30.503 -28.093 5.81
Q 31.161 -31.572 7.21
M 28.299 -32.438 9.571
N 28.929 -35.464 11.798
S 26.838 -37.093 14.507
L 23.688 -35.509 13.118
K 20.7 -35.233 15.471
P 16.999 -34.706 14.675
D 17.416 -31.112 15.948
D 19.833 -30.462 13.046
T 16.938 -30.777 10.574
A 16.686 -27.429 8.755
V 17.239 -25.7 5.469
Y 20.961 -24.846 5.358
Y 22.158 -21.68 3.594
C 25.624 -20.629 2.408
A 26.709 -16.986 2.882
A 29.68 -14.961 1.638
D 31.2 -11.572 2.484
Y 34.203 -10.167 0.635
G 37.328 -9.632 2.718
S 35.78 -10.165 6.135
S 37.415 -11.862 9.118
W 34.195 -13.488 10.377
C 30.558 -13.925 9.376
T 27.905 -11.516 10.613
F 25.281 -13.336 8.469
N 23.088 -10.229 8.57
G 24.502 -7.69 6.122
M 26.785 -10.133 4.328
D 27.174 -9.562 0.59
Y 25.612 -12.814 -0.607
W 23.257 -15.567 0.594
G 22.473 -18.836 -1.13
Q 19.029 -20.262 -1.729
G 19.324 -23.216 0.649
T 19.389 -27.012 0.68
Q 17.327 -29.349 2.83
V 18.927 -31.448 5.556
T 16.657 -33.981 7.278
V 17.773 -36.134 10.205
S 15.207 -38.803 11.031
S 14.812 -42.517 11.742
X 0 0 0
X 0 0 0
X 0 0 0
X 0 0 0
X 0 0 0
X 0 0 0
X 0 0 0
X 0 0 0
X 0 0 0
X 0 0 0
X 0 0 0
X 0 0 0
X 0 0 0
X 0 0 0
X 0 0 0
X 0 0 0
X 0 0 0
