T 25.039 16.168 26.487
E 22.309 13.817 27.732
V 19.815 15.616 25.473
Q 18.63 13.361 22.65
L 16.358 14.244 19.74
V 15.421 11.195 17.639
E 13.582 11.703 14.348
S 11.507 8.929 12.796
G 8.969 8.463 10.041
G 11.101 9.035 6.956
G 11.17 6.87 3.882
L 10.697 6.685 0.126
V 7.421 8.004 -1.259
Q 5.883 8.81 -4.628
Q 5.912 8.818 -4.628
A 5.302 12.431 -5.593
G 1.902 13.513 -4.293
D 2.02 11.225 -1.253
S 2.086 12.207 2.417
L 4.434 11.412 5.279
L 4.464 11.434 5.268
R 4.377 12.233 8.991
R 4.376 12.229 8.989
L 7.725 12.726 10.713
S 8.046 12.591 14.495
C 10.769 13.617 16.914
A 11.078 12.019 20.351
A 12.876 14.392 22.718
S 14.504 13.349 25.974
G 16.929 14.826 28.447
L 15.507 18.344 28.401
T 12.63 20.37 29.83
F 10.675 20.087 26.589
S 7.979 22.672 27.317
R 10.67 25.398 27.522
R 10.634 25.419 27.498
Y 12.004 24.959 23.956
A 10.923 26.157 20.559
M 11.211 23.156 18.238
G 12.214 23.506 14.594
W 12.445 21.257 11.56
F 15.307 21.799 9.081
R 16.381 19.868 6.005
Q 19.532 19.323 3.967
A 19.898 17.785 0.57
P 23.339 16.644 -0.629
G 25.418 19.497 -1.993
N 23.191 22.19 -0.478
E 23.117 24.147 2.769
E 23.145 24.097 2.781
R 20.768 23.08 5.548
R 20.77 23.084 5.552
E 17.614 25.173 5.457
E 17.592 25.154 5.429
F 14.642 26.123 7.606
V 11.365 24.207 7.208
A 9.148 25.043 10.213
V 9.181 26.09 13.88
I 6.699 25.977 16.758
T 7.069 28.02 19.929
A 7.446 26.444 23.369
S 3.755 27.052 24.131
G 2.667 25.858 20.711
R 0.719 29.086 20.173
R 0.712 29.075 20.166
T 2.747 30.233 17.133
T 3.964 28.346 14.061
L 6.104 29.561 11.162
Y 6.666 27.8 7.841
A 9.142 28.255 5.031
D 7.479 29.688 1.937
S 8.173 26.408 0.083
V 6.035 24.307 2.464
K 3.389 26.752 3.743
G -0.055 25.272 3.143
R 1.407 21.779 2.659
F 3.251 20.979 5.894
T 1.899 21.242 9.458
I 4.029 21.347 12.623
S 2.635 20.394 16.032
R 3.872 19.34 19.448
D 2.688 17.117 22.298
N 4.052 18.476 25.589
A 2.716 15.424 27.476
K 4.669 12.932 25.327
N 7.689 15.183 24.587
T 7.224 14.844 20.827
V 7.168 17.105 17.776
A 5.463 16.165 14.504
L 5.87 17.362 10.928
Q 2.954 16.35 8.724
M 4.023 16.526 5.078
Q 1.526 16.532 2.215
S 1.725 16.743 -1.565
L 5.377 15.803 -1.565
K 7.625 16.726 -4.495
K 7.623 16.721 -4.496
P 11.141 15.726 -5.542
E 12.305 19.118 -4.323
D 11.358 17.902 -0.809
T 13.972 15.121 -0.859
A 16.405 15.7 2.008
V 17.568 14.591 5.41
Y 15.114 16.173 7.86
Y 16.422 17.29 11.242
C 14.571 18.315 14.381
A 16.239 20.881 16.635
A 15.577 22.576 19.983
D 15.978 26.28 20.873
Y 15.848 27.023 24.594
G 13.425 29.794 25.477
T 9.734 30.633 25.59
S 7.736 33.27 23.708
R 10.133 33.393 20.754
R 10.161 33.383 20.772
Y 10.986 31.579 17.537
T 13.653 31.901 14.858
R 14.591 30.564 11.443
R 18.291 30.872 12.302
R 18.289 30.867 12.298
Q 20.023 27.537 12.827
Q 20.038 27.541 12.823
S 22.786 29.107 14.94
E 20.255 29.584 17.734
Y 19.331 25.898 18.206
E 21.244 24.243 21.04
E 21.247 24.244 21.033
Y 20.363 20.617 20.232
W 20.021 18.644 17.008
G 18.827 15.202 16.039
Q 20.811 13.004 13.671
G 18.139 13.222 10.972
T 15.83 10.987 8.941
Q 15.934 10.586 5.17
V 12.932 11.52 3.037
T 13.132 10.68 -0.673
V 10.389 11.55 -3.17
S 10.332 9.821 -6.559
S 8.767 11.357 -9.654
A 5.115 10.688 -10.455
