T 71.794 -8.33 26.123
E 68.904 -10.416 27.437
V 66.473 -8.547 25.17
Q 65.351 -10.612 22.182
Q 65.354 -10.611 22.18
L 62.936 -9.687 19.39
V 62.189 -12.769 17.269
E 60.339 -12.21 13.998
S 58.462 -15.022 12.276
G 55.952 -15.599 9.507
G 57.931 -14.735 6.382
G 57.838 -16.715 3.184
L 57.648 -16.714 -0.586
V 54.165 -15.92 -1.867
Q 52.394 -14.996 -5.069
A 51.599 -11.372 -5.802
G 48.142 -10.708 -4.36
D 48.458 -13.148 -1.463
S 48.575 -12.185 2.199
S 48.531 -12.214 2.222
L 51.007 -12.974 5.006
R 50.984 -12.348 8.753
L 54.282 -11.57 10.457
S 54.781 -11.797 14.211
C 57.443 -10.649 16.642
A 57.875 -12.32 20.029
A 59.559 -9.936 22.468
S 61.313 -10.912 25.664
G 63.669 -9.385 28.15
L 62.094 -5.917 28.176
T 59.083 -4.197 29.726
F 57.079 -4.505 26.525
S 54.296 -2.072 27.402
R 56.865 0.742 27.739
R 56.855 0.747 27.729
Y 58.018 0.563 24.095
A 56.674 1.736 20.784
M 57.109 -1.148 18.347
G 57.957 -0.59 14.687
W 58.374 -2.664 11.572
F 61.096 -1.807 9.054
R 62.212 -3.53 5.871
Q 65.401 -3.788 3.842
A 65.887 -5.299 0.406
P 69.426 -6.044 -0.82
G 71.291 -2.989 -2.021
N 68.698 -0.636 -0.532
E 68.303 1.437 2.594
R 66.314 0.031 5.469
R 66.324 0.041 5.489
E 62.982 1.813 5.532
F 60.013 2.462 7.794
V 56.899 0.304 7.35
A 54.68 0.798 10.424
V 54.731 1.714 14.11
I 52.357 1.271 17.049
T 52.575 3.209 20.301
A 53.222 1.557 23.651
S 49.517 1.787 24.521
G 48.384 0.467 21.14
R 46.121 3.488 20.729
T 47.905 4.987 17.684
T 49.248 3.396 14.497
L 51.18 4.923 11.604
Y 51.903 3.391 8.182
A 54.288 4.2 5.349
D 52.442 5.599 2.33
S 53.383 2.521 0.291
V 51.592 0.095 2.64
K 48.782 2.229 4.1
G 45.477 0.491 3.514
R 47.131 -2.896 2.931
F 49.141 -3.559 6.092
T 47.801 -3.638 9.662
I 49.976 -3.421 12.809
S 48.778 -4.532 16.24
R 50.264 -5.571 19.563
D 49.368 -7.829 22.49
N 50.91 -6.451 25.687
A 49.865 -9.554 27.667
K 51.632 -11.961 25.271
N 54.493 -9.56 24.43
T 53.876 -9.84 20.709
V 53.594 -7.54 17.701
A 51.826 -8.522 14.472
L 52.01 -7.187 10.914
Q 49.164 -8.392 8.691
Q 49.164 -8.384 8.691
M 50.048 -7.901 5.024
Q 47.372 -8.008 2.319
Q 47.368 -8.002 2.319
S 47.596 -7.687 -1.472
L 51.341 -8.264 -1.514
K 53.405 -6.881 -4.412
P 56.918 -7.608 -5.712
E 57.934 -4.173 -4.367
D 57.246 -5.539 -0.85
T 60.072 -8.092 -1.099
A 62.588 -7.521 1.71
V 63.829 -8.71 5.075
Y 61.312 -7.384 7.625
Y 62.564 -6.271 11.034
C 60.71 -5.495 14.24
A 62.235 -2.883 16.542
A 61.548 -1.375 19.956
D 61.701 2.354 20.829
Y 61.704 3.044 24.567
G 58.997 5.543 25.495
T 55.224 5.878 25.886
S 52.852 8.347 24.194
R 55.156 8.86 21.197
R 55.111 8.865 21.175
Y 56.066 7.236 17.899
T 58.634 7.841 15.17
R 59.437 6.694 11.649
R 63.197 7.05 12.126
Q 65.21 3.857 12.486
S 68.01 5.591 14.408
E 65.634 6.113 17.35
Y 65.016 2.403 18.057
E 66.97 0.713 20.845
E 66.967 0.716 20.839
Y 66.495 -2.967 19.993
W 66.253 -4.867 16.71
G 65.259 -8.362 15.695
Q 67.259 -10.427 13.225
Q 67.27 -10.366 13.212
G 64.534 -10.326 10.579
T 62.282 -12.576 8.526
Q 62.382 -12.798 4.728
V 59.317 -11.911 2.652
T 59.563 -12.663 -1.073
V 56.69 -11.749 -3.407
S 56.937 -13.35 -6.84
S 55.556 -11.888 -10.049
A 55.922 -15.177 -11.933
A 52.433 -15.765 -13.333
X 0 0 0
X 0 0 0
X 0 0 0
