Q 21.993 138.651 48.344
V 24.984 139.017 46.011
Q 25.734 137.179 42.753
L 29.299 137.114 41.409
V 30.065 136.656 37.712
E 33.578 136.522 36.277
S 34.867 137.684 32.897
G 38.582 136.864 32.862
G 38.972 134.235 30.166
G 41.919 132.036 29.334
F 45.17 132.338 27.414
A 48.01 129.811 27.459
Q 51.071 132.051 27.639
A 53.65 131.126 30.301
G 55.11 134.561 31.025
G 52.865 137.384 29.846
S 49.694 139.23 30.848
L 46.053 138.433 31.608
R 43.223 140.392 33.239
L 40.14 139.22 35.144
S 36.873 140.959 36.022
C 34.029 140.291 38.451
A 30.627 142.002 38.426
A 28.745 142.0 41.737
S 25.11 142.862 42.42
G 23.845 144.618 45.535
S 23.604 148.263 46.536
T 26.186 148.075 49.363
F 29.168 146.969 47.262
R 31.346 149.815 48.563
F 31.193 148.482 52.148
R 32.36 144.936 51.353
A 35.777 143.389 50.826
M 36.389 141.483 47.599
G 38.92 138.794 46.813
W 40.101 136.053 44.485
F 40.638 132.396 45.413
R 42.005 129.456 43.467
Q 42.242 125.672 43.485
A 44.231 123.471 41.133
P 43.1 119.816 40.981
G 45.037 117.944 43.652
K 45.608 120.888 46.012
E 43.518 122.857 48.485
R 41.923 126.214 47.743
E 44.511 128.999 47.719
F 44.045 132.672 48.561
V 45.235 134.952 45.753
A 44.314 138.586 46.404
G 41.884 140.621 48.475
I 40.943 144.301 48.751
S 39.022 145.764 51.688
W 36.457 148.571 51.797
S 39.298 151.079 52.325
G 41.175 149.946 49.208
S 43.752 148.14 51.356
T 45.032 145.098 49.461
K 46.765 141.889 50.51
Y 48.296 139.122 48.399
T 49.728 135.675 48.985
D 53.481 135.126 49.049
S 53.14 132.887 45.974
V 52.364 135.883 43.742
K 53.432 138.995 45.654
G 54.48 141.762 43.277
R 52.945 139.957 40.278
F 49.171 140.434 40.601
T 47.39 143.726 41.306
I 43.793 143.726 42.577
S 41.732 146.911 42.259
R 38.086 147.888 42.63
D 35.637 150.397 41.16
N 32.709 151.225 43.444
A 30.838 152.939 40.592
K 30.415 149.791 38.47
N 30.533 147.271 41.365
T 33.526 145.498 39.821
V 36.844 144.114 41.057
H 39.815 143.334 38.816
L 42.877 141.075 39.048
Q 45.637 142.143 36.659
M 47.921 139.11 36.336
N 51.497 139.582 35.105
N 54.224 137.022 34.377
L 52.096 133.908 34.031
T 53.536 130.648 35.351
P 52.445 126.989 35.376
E 51.574 127.483 39.06
D 48.914 130.047 38.091
T 46.963 127.268 36.325
A 43.796 126.724 38.381
V 40.144 127.713 38.687
Y 39.9 131.352 39.816
Y 36.851 132.174 41.957
C 35.508 135.637 42.76
A 34.414 135.908 46.393
Q 32.695 138.649 48.388
S 32.684 139.04 52.168
R 29.812 140.665 54.041
A 32.474 142.283 56.244
I 34.404 145.406 55.294
E 37.697 143.487 55.594
A 38.63 139.838 55.062
D 41.875 137.867 55.196
D 41.18 134.189 54.407
S 38.405 131.798 53.387
R 36.745 132.094 56.811
G 35.714 135.68 56.048
Y 34.122 135.307 52.61
D 30.406 134.536 52.349
Y 29.501 134.753 48.639
W 31.351 132.876 45.899
G 31.251 132.95 42.115
Q 31.083 130.104 39.628
G 34.696 130.743 38.622
T 36.707 130.888 35.427
Q 39.573 128.778 34.085
V 43.027 130.252 33.481
T 45.647 127.91 32.011
V 49.131 128.532 30.623
S 51.597 126.344 28.724
S 55.188 126.793 27.519
H 57.263 129.255 25.479
X 0 0 0
X 0 0 0
X 0 0 0
X 0 0 0
X 0 0 0
X 0 0 0
X 0 0 0
X 0 0 0
X 0 0 0
X 0 0 0
X 0 0 0
X 0 0 0
X 0 0 0
X 0 0 0
X 0 0 0
X 0 0 0
X 0 0 0
