Q 8.371 114.03 54.134
V 4.649 113.305 53.776
Q 4.034 110.865 50.91
L 0.554 109.903 49.701
V 0.138 107.064 47.187
E -3.146 106.355 45.409
S -4.061 102.882 44.175
G -7.078 101.083 42.761
G -9.418 102.324 40.057
G -8.936 102.511 36.322
F -11.578 101.658 33.725
A -15.221 101.14 34.663
Q -18.59 100.864 32.944
A -21.575 103.154 33.46
G -23.218 101.934 36.653
G -20.172 99.934 37.726
S -18.085 100.469 40.831
L -14.488 101.19 41.802
R -12.646 101.42 45.125
L -9.737 103.828 45.588
S -7.275 103.662 48.479
C -4.483 105.93 49.699
A -1.486 104.903 51.81
A -0.076 107.827 53.803
S 3.165 107.985 55.777
G 3.658 109.79 59.083
S 2.957 108.975 62.721
T 0.047 111.379 63.388
F -2.268 110.164 60.618
R -5.198 109.691 63.011
F -5.143 113.404 63.955
R -5.31 114.748 60.386
A -8.094 115.235 57.865
M -8.024 113.183 54.664
G -9.773 114.162 51.452
W -10.285 113.067 47.865
F -10.161 115.473 44.92
R -10.646 114.925 41.198
Q -9.58 116.85 38.101
A -10.899 116.134 34.601
P -9.216 117.199 31.338
G -10.112 120.811 30.629
K -11.99 121.051 33.942
E -10.959 122.411 37.331
R -9.899 120.311 40.306
E -12.861 119.945 42.661
F -13.574 118.516 46.097
V -15.074 115.021 46.189
A -15.044 113.562 49.699
G -13.361 114.306 53.003
I -13.174 112.634 56.4
S -12.068 114.273 59.643
W -10.038 112.844 62.521
S -13.262 111.88 64.327
G -14.61 109.925 61.343
S -17.105 112.558 60.184
T -17.475 112.449 56.401
K -18.499 115.086 53.871
Y -19.228 114.715 50.16
T -19.794 117.082 47.266
D -23.281 117.325 45.794
S -22.653 115.188 42.703
V -21.456 112.123 44.667
K -23.754 112.038 47.715
G -25.229 108.554 48.004
R -22.783 107.065 45.476
F -19.348 107.658 47.036
T -18.31 106.62 50.549
I -15.053 107.692 52.208
S -13.562 105.77 55.13
R -10.253 105.599 56.977
D -8.288 102.887 58.78
N -6.036 104.591 61.33
A -4.305 101.276 62.08
K -2.969 100.977 58.51
N -2.683 104.736 57.778
T -5.026 104.412 54.794
V -8.14 106.191 53.546
H -10.531 104.551 51.085
L -13.122 105.922 48.656
Q -15.801 103.452 47.578
M -17.339 104.66 44.306
N -20.686 103.117 43.334
N -22.993 103.922 40.408
L -20.155 105.379 38.358
T -21.239 107.858 35.668
P -19.098 109.097 32.732
E -19.069 112.441 34.553
D -16.828 110.768 37.16
T -14.011 110.515 34.581
A -11.098 112.367 36.191
V -7.711 112.042 37.856
Y -8.47 111.403 41.53
Y -6.097 112.856 44.129
C -5.427 111.982 47.766
A -4.957 114.946 50.103
Q -3.936 115.359 53.741
S -4.29 118.41 55.98
R -2.372 119.485 59.057
A -5.728 120.27 60.698
I -8.029 117.673 62.234
E -10.836 118.886 59.948
A -10.88 120.452 56.483
D -13.538 120.987 53.817
D -11.866 123.237 51.206
S -8.908 122.83 48.867
R -7.059 125.656 50.641
G -7.087 123.637 53.879
Y -5.07 120.674 52.574
D -1.27 120.768 52.618
Y -0.033 117.438 51.201
W -1.151 115.874 47.923
G -0.658 112.644 46.035
Q 0.243 112.347 42.368
G -3.226 111.138 41.349
T -4.739 108.044 39.759
Q -6.781 107.786 36.566
V -10.47 106.829 36.544
T -12.36 106.409 33.259
V -16.063 105.518 33.152
S -17.377 104.32 29.798
S -20.77 105.512 28.586
H -21.946 102.111 27.315
H -23.395 99.123 29.19
H -25.984 100.685 31.528
X 0 0 0
X 0 0 0
X 0 0 0
X 0 0 0
X 0 0 0
X 0 0 0
X 0 0 0
X 0 0 0
X 0 0 0
X 0 0 0
X 0 0 0
X 0 0 0
X 0 0 0
X 0 0 0
X 0 0 0
