Q 22.125 137.485 48.018
V 24.569 139.027 45.519
Q 25.409 137.814 41.987
L 29.107 137.656 41.018
V 29.748 137.288 37.271
E 33.394 136.813 36.276
S 35.273 137.205 32.971
G 38.86 137.403 31.647
G 39.257 134.006 29.958
G 42.6 132.266 29.424
F 45.184 132.519 26.628
A 48.257 132.485 28.868
Q 51.673 131.545 27.504
A 54.594 131.916 29.927
G 55.432 135.588 30.583
G 52.021 136.692 29.274
S 49.276 138.817 30.844
L 45.539 138.503 31.57
R 42.984 140.794 33.187
L 40.115 139.225 35.13
S 36.977 141.26 35.882
C 34.036 140.574 38.22
A 30.744 142.494 38.286
A 28.638 142.257 41.458
S 24.977 143.075 42.175
G 23.756 144.835 45.342
S 23.708 148.402 46.67
T 26.466 148.177 49.324
F 29.421 147.002 47.18
R 31.607 149.827 48.537
F 31.383 148.518 52.129
R 32.381 144.987 51.113
A 35.695 143.182 50.809
M 36.217 141.579 47.384
G 38.712 138.793 46.708
W 40.074 136.437 44.065
F 40.776 132.742 44.75
R 42.032 129.946 42.499
Q 41.929 126.143 42.495
A 44.199 123.956 40.34
P 43.444 120.231 39.718
G 44.76 118.066 42.575
K 45.538 121.134 44.714
E 43.446 122.897 47.376
R 41.774 126.264 46.699
E 43.932 129.236 47.716
F 43.66 132.985 48.238
V 45.275 135.004 45.419
A 44.379 138.646 46.139
G 41.905 140.694 48.183
I 40.866 144.354 48.457
S 39.102 145.844 51.511
W 36.436 148.571 51.589
S 39.22 151.116 52.236
G 41.194 149.969 49.171
S 44.054 148.261 51.037
T 45.152 145.095 49.222
K 46.693 141.769 50.286
Y 48.309 139.181 47.991
T 49.547 135.621 48.386
D 53.372 135.29 48.378
S 53.552 133.377 45.057
V 51.698 136.18 43.27
K 53.346 139.347 44.719
G 54.854 141.824 42.246
R 52.919 140.421 39.277
F 49.195 140.564 40.119
T 47.314 143.784 40.985
I 43.772 143.814 42.437
S 41.646 146.973 42.125
R 38.012 148.104 42.432
D 35.647 150.631 40.842
N 32.923 151.169 43.472
A 31.045 153.324 40.942
K 30.455 150.254 38.727
N 30.41 147.479 41.377
T 33.39 145.81 39.677
V 36.731 144.424 40.836
H 39.646 143.682 38.477
L 42.7 141.444 38.778
Q 45.579 142.395 36.471
M 47.793 139.301 36.146
N 51.247 139.933 34.632
N 54.23 137.629 34.017
L 51.981 134.541 33.956
T 53.606 131.17 34.751
P 52.368 127.565 34.22
E 51.971 127.437 38.037
D 49.172 130.049 37.73
T 46.999 127.69 35.631
A 43.738 127.114 37.55
V 40.061 128.052 37.864
Y 39.921 131.592 39.317
Y 37.009 132.445 41.628
C 35.574 135.868 42.501
A 34.237 136.218 46.053
Q 32.507 138.852 48.198
S 32.452 139.147 51.976
R 29.708 140.748 54.054
A 32.581 142.28 56.07
I 34.507 145.404 55.059
E 37.786 143.457 55.403
A 38.698 139.773 54.883
D 41.897 137.653 54.794
D 40.903 133.933 54.598
S 38.291 131.933 52.627
R 36.377 131.746 55.933
G 35.708 135.493 55.541
Y 34.017 135.292 52.123
D 30.266 134.599 51.996
Y 29.46 134.821 48.261
W 31.292 133.154 45.362
G 31.291 133.194 41.558
Q 31.26 130.234 39.158
G 34.988 130.68 38.441
T 36.791 131.281 35.132
Q 39.548 129.077 33.667
V 43.077 130.431 33.142
T 45.97 128.435 31.663
X 0 0 0
X 0 0 0
X 0 0 0
X 0 0 0
X 0 0 0
X 0 0 0
X 0 0 0
X 0 0 0
X 0 0 0
X 0 0 0
X 0 0 0
X 0 0 0
X 0 0 0
X 0 0 0
X 0 0 0
X 0 0 0
X 0 0 0
X 0 0 0
X 0 0 0
X 0 0 0
X 0 0 0
