Q 0.38 -17.222 24.241
V 2.821 -20.119 23.805
Q 6.582 -19.706 23.355
L 8.849 -22.152 21.523
L 8.838 -22.177 21.505
Q 12.564 -22.371 22.33
E 15.054 -24.479 20.337
S 18.474 -25.815 21.226
G 21.12 -28.139 19.845
G 22.551 -26.418 16.761
G 26.213 -26.055 15.947
L 28.956 -26.775 13.423
V 29.894 -30.314 12.403
Q 32.002 -31.989 9.751
P 30.241 -34.005 7.034
G 29.156 -37.314 8.525
G 28.57 -35.814 11.978
S 25.431 -35.643 14.08
L 23.402 -33.118 16.072
R 20.33 -33.404 18.294
L 17.887 -30.5 18.194
S 15.36 -29.956 20.959
S 15.374 -30.001 21.017
C 12.407 -27.635 21.307
I 10.326 -26.928 24.423
A 6.921 -25.233 24.39
S 5.807 -23.244 27.426
G 3.212 -20.674 28.469
R -0.56 -21.068 28.394
T -1.719 -24.676 28.417
F -0.876 -26.133 25.046
N -2.168 -29.213 23.202
N -2.186 -29.203 23.2
P -1.234 -28.895 19.525
Y -2.168 -31.131 16.638
G 1.555 -31.779 16.074
M 5.034 -30.314 16.129
G 7.707 -30.288 13.504
W 10.921 -28.944 12.118
F 11.519 -26.618 9.203
R 14.713 -25.228 7.693
Q 15.72 -22.031 5.943
V 18.627 -20.819 3.849
P 19.233 -17.123 3.136
G 16.782 -15.614 0.672
K 14.468 -18.593 0.604
E 11.299 -19.552 2.438
R 11.173 -22.045 5.254
T 10.825 -25.596 4.023
F 9.416 -28.596 5.859
V 11.854 -31.136 7.208
S 9.953 -33.45 9.55
G 6.802 -33.575 11.632
I 5.222 -35.707 14.327
T 1.54 -35.892 15.28
W 0.963 -35.052 18.919
I -1.538 -37.747 19.892
G -0.31 -40.706 17.844
G 3.357 -39.892 17.435
T 3.141 -40.578 13.69
T 6.224 -39.28 11.852
Y 6.785 -37.654 8.462
Y 10.049 -36.852 6.702
V 10.972 -35.147 3.459
N 12.816 -37.302 0.946
S 16.176 -35.554 1.399
V 16.459 -36.595 5.084
K 14.83 -40.059 5.008
G 16.974 -42.63 6.78
R 19.191 -39.907 8.312
F 16.907 -37.844 10.595
T 14.533 -39.037 13.316
I 11.822 -36.991 15.069
S 10.27 -37.748 18.442
R 8.186 -36.009 21.073
D 7.405 -36.108 24.792
R 3.926 -34.917 25.799
A 4.864 -34.747 29.49
K 7.349 -31.944 28.799
N 5.812 -30.499 25.592
T 9.078 -31.145 23.778
T 9.135 -31.095 23.826
V 9.981 -32.227 20.268
Y 13.403 -33.538 19.192
L 15.25 -33.987 15.893
Q 18.172 -36.413 15.778
M 20.222 -35.463 12.706
N 22.727 -38.078 11.55
S 24.951 -38.416 8.48
L 24.962 -34.655 8.038
K 25.87 -33.173 4.639
P 26.977 -29.645 3.631
E 23.604 -29.214 1.886
D 21.866 -29.596 5.277
T 23.336 -26.233 6.328
A 20.418 -23.967 7.308
V 18.639 -22.317 10.194
Y 16.384 -24.968 11.667
Y 13.129 -23.893 13.07
C 10.728 -25.711 15.282
C 10.753 -25.617 15.448
A 7.011 -25.372 14.732
A 3.683 -26.119 16.395
D 0.494 -26.909 14.422
K -2.04 -25.466 16.845
D -5.241 -24.433 15.058
N -6.767 -24.103 11.609
T -5.495 -20.694 10.581
G -2.931 -22.269 8.254
Y -0.064 -20.726 10.22
N 2.025 -22.668 12.735
Y 3.583 -21.224 15.902
W 7.349 -20.933 15.584
G 10.496 -20.654 17.606
Q 13.444 -18.493 16.928
G 15.636 -20.942 14.978
T 18.975 -22.645 15.578
Q 21.851 -22.517 13.107
V 23.185 -25.798 11.723
T 26.415 -25.632 9.722
V 27.963 -28.632 7.994
S 31.319 -27.607 6.545
S 34.101 -29.8 5.176
S 34.103 -29.794 5.174
F 37.333 -28.522 6.73
G 39.7 -31.329 5.72
X 0 0 0
X 0 0 0
X 0 0 0
X 0 0 0
X 0 0 0
X 0 0 0
X 0 0 0
X 0 0 0
X 0 0 0
X 0 0 0
X 0 0 0
X 0 0 0
X 0 0 0
X 0 0 0
