Q 81.958 -10.239 -1.541
V 81.546 -7.059 -3.636
Q 81.345 -3.771 -1.738
L 79.259 -0.82 -2.885
Q 80.229 2.693 -1.937
E 79.334 6.239 -2.772
S 75.905 7.504 -2.181
G 74.506 9.441 0.681
G 72.147 12.376 0.738
G 71.515 14.643 -2.268
L 69.076 17.366 -3.188
V 66.329 16.47 -5.675
Q 67.898 17.023 -9.075
P 71.415 16.32 -7.792
G 73.827 13.553 -8.655
G 75.961 10.808 -7.142
S 78.536 8.344 -8.426
L 78.182 4.826 -7.059
R 81.173 2.514 -7.35
L 81.418 -1.292 -7.187
S 84.676 -2.939 -6.191
C 86.101 -6.123 -4.696
A 89.593 -5.672 -3.267
A 91.895 -8.409 -4.533
P 89.29 -10.031 -6.857
G 89.669 -9.068 -10.522
F 86.214 -8.206 -11.976
R 87.409 -8.024 -15.59
L 85.682 -11.322 -16.386
D 82.318 -10.67 -14.719
N 79.01 -9.257 -15.73
Y 78.242 -6.586 -13.149
V 74.701 -5.535 -12.302
I 73.243 -2.787 -10.14
G 70.026 -3.402 -8.226
W 68.157 -1.211 -5.778
F 65.566 -1.775 -3.084
R 63.326 0.978 -1.796
Q 61.45 0.956 1.517
A 59.117 -2.036 1.88
P 59.293 -2.787 -1.886
G 60.84 -5.52 -3.943
K 64.393 -5.327 -5.265
E 64.643 -4.18 -8.819
R 67.172 -3.964 -11.549
E 68.749 -0.63 -12.418
G 71.586 -1.231 -14.877
V 74.31 -3.693 -15.674
S 77.34 -3.999 -17.923
C 78.78 -6.982 -19.757
I 82.305 -8.204 -19.074
S 83.724 -6.632 -22.2
S 81.72 -3.411 -21.627
S 80.35 -3.842 -25.15
A 76.798 -3.724 -23.765
G 74.951 -1.691 -21.132
S 71.369 -2.066 -19.964
T 69.178 0.396 -18.106
Y 65.808 0.177 -16.438
Y 63.257 2.267 -18.282
A 62.605 4.506 -15.246
D 66.22 5.469 -15.391
S 67.181 5.724 -19.057
V 68.785 9.055 -19.904
K 69.778 9.878 -16.325
G 72.058 7.01 -15.265
R 75.276 5.844 -16.938
F 77.125 2.602 -16.065
T 80.749 2.086 -16.92
I 83.796 0.234 -15.821
S 87.483 0.32 -15.595
R 89.531 -2.836 -15.476
D 92.618 -1.023 -14.524
N 90.924 0.365 -11.518
A 88.865 -2.831 -11.204
K 85.736 -0.893 -10.561
N 82.264 -0.49 -12.037
T 80.652 2.843 -11.657
V 77.188 4.112 -11.84
Y 76.757 7.809 -12.505
L 73.363 9.066 -11.313
Q 72.208 12.411 -12.713
M 68.927 14.254 -12.16
N 68.091 12.166 -9.098
S 64.481 12.062 -7.964
L 62.847 11.153 -4.646
K 61.651 7.936 -6.271
P 65.318 6.917 -6.637
E 65.727 6.692 -2.856
D 66.762 3.12 -2.085
T 69.607 0.866 -1.006
A 71.71 0.197 -4.099
V 73.377 -3.163 -4.634
Y 76.166 -4.568 -6.735
Y 76.395 -8.152 -8.091
C 78.117 -10.321 -10.729
A 74.846 -10.805 -12.603
T 72.129 -8.812 -14.301
A 69.471 -11.323 -13.191
C 68.644 -11.001 -9.498
Y 67.828 -14.73 -9.283
S 71.482 -15.536 -10.122
S 72.799 -13.617 -7.097
Y 73.876 -15.662 -4.067
V 75.199 -12.873 -1.77
T 73.874 -9.32 -1.355
Y 76.096 -6.683 0.147
W 75.291 -4.209 2.809
G 74.363 -2.03 -0.131
Q 74.918 1.714 0.087
G 72.092 4.13 0.939
T 70.93 6.735 -1.618
Q 68.556 9.36 -0.265
V 67.122 12.103 -2.465
T 65.484 14.817 -0.408
V 65.473 18.509 0.431
S 66.052 17.978 4.161
S 69.833 18.416 3.878
G 76.666 -19.27 -0.398
R 78.769 -22.274 0.673
Y 78.025 -25.47 -1.33
P 79.564 -28.688 0.035
Y 80.521 -31.683 -2.118
D 80.456 -35.25 -0.806
V 80.362 -38.888 -1.917
P 83.846 -39.029 -3.431
D 86.345 -41.798 -2.775
Y 88.169 -44.738 -4.352
G 86.812 -47.23 -6.918
S 88.193 -49.792 -9.35
G 87.67 -49.237 -13.097
R 84.011 -49.928 -13.829
A 82.73 -48.944 -10.37
X 0 0 0
X 0 0 0
X 0 0 0
X 0 0 0
X 0 0 0
X 0 0 0
X 0 0 0
