Q 127.241 181.189 137.603
V 130.033 183.72 138.553
Q 129.778 187.475 139.459
L 132.859 189.783 139.016
V 133.163 193.35 140.503
E 136.372 195.37 139.722
S 137.634 198.6 141.45
G 140.817 200.755 141.856
G 140.871 202.412 138.373
G 140.399 206.231 138.359
L 142.485 209.042 136.718
V 146.27 209.688 137.371
Q 149.241 211.46 135.606
G 152.853 206.22 138.839
S 151.793 202.843 140.413
L 148.1 201.639 140.44
R 146.26 198.474 141.724
L 143.053 197.372 139.898
S 141.193 194.589 141.857
C 138.568 191.998 140.652
A 136.319 190.257 143.266
A 134.58 186.96 142.23
S 131.573 185.138 143.849
G 129.601 181.93 142.957
H 130.788 178.704 141.183
T 134.509 179.718 140.723
F 135.523 175.965 140.786
N 134.123 175.448 137.208
Y 136.019 178.661 136.103
P 139.593 178.179 137.286
I 141.082 181.092 135.196
M 140.519 184.87 135.548
G 141.668 187.076 132.646
W 142.32 190.84 132.335
F 141.388 192.419 128.963
R 141.43 196.129 127.832
Q 139.465 197.842 124.967
A 140.836 201.165 123.541
P 138.296 203.388 121.641
G 137.827 201.868 118.108
K 140.269 198.899 118.564
E 139.343 195.22 119.368
R 139.253 193.802 122.982
E 142.871 192.872 123.904
F 144.482 190.331 126.328
V 146.532 191.778 129.272
G 147.041 188.715 131.491
A 145.419 185.804 133.29
I 145.761 184.008 136.624
S 144.634 180.556 137.824
W 142.716 180.753 141.185
S 144.464 177.449 142.245
G 148.312 177.554 141.865
G 148.568 181.239 140.763
S 149.935 180.167 137.299
T 150.285 183.564 135.508
S 150.609 184.748 131.848
Y 151.043 188.282 130.345
A 150.764 189.98 126.937
D 154.217 191.2 125.641
S 153.123 194.921 125.898
V 152.675 194.702 129.762
K 155.41 191.998 130.364
D 157.781 193.335 133.145
R 155.358 196.271 133.947
F 151.923 194.942 135.158
T 151.684 192.064 137.721
I 148.478 190.026 138.446
S 147.799 187.898 141.55
R 144.867 186.863 143.832
D 143.794 185.715 147.352
N 141.326 182.725 147.482
A 140.161 183.861 151.013
K 138.383 187.031 149.652
N 137.834 185.426 146.143
T 139.75 188.445 144.683
V 142.213 188.946 141.731
Y 144.255 192.198 141.299
L 146.087 193.811 138.314
E 148.987 195.938 139.804
M 149.593 198.476 136.933
N 153.164 199.869 137.565
N 155.287 201.948 135.07
L 152.15 203.283 133.213
K 152.184 204.762 129.63
P 149.743 206.792 127.412
E 149.202 203.548 125.334
D 147.613 202.053 128.567
T 144.338 204.066 127.992
A 141.288 201.725 127.639
V 138.184 200.206 129.359
Y 139.877 197.387 131.433
Y 137.542 194.314 131.904
C 137.891 191.185 134.133
A 136.57 187.758 132.912
A 136.32 184.066 133.923
K 137.223 181.088 131.594
G 135.837 177.535 131.909
R 138.207 174.579 132.304
Y 137.813 173.297 128.659
S 136.994 176.666 127.024
G 140.111 177.034 124.758
G 143.201 179.33 124.634
L 143.854 182.063 127.302
Y 144.331 184.852 124.759
Y 140.872 184.838 123.057
P 138.114 186.917 124.732
T 135.252 184.869 123.164
N 136.439 181.869 125.293
Y 135.537 183.833 128.49
D 132.004 183.736 129.968
Y 131.616 186.129 132.963
W 132.655 189.747 132.21
G 133.052 192.522 134.854
Q 131.482 196.025 134.289
G 134.756 197.534 132.924
T 136.778 200.369 134.61
Q 137.819 203.263 132.257
V 141.516 204.283 132.882
T 143.124 207.447 131.302
V 146.706 208.812 131.95
X 0 0 0
X 0 0 0
X 0 0 0
X 0 0 0
X 0 0 0
X 0 0 0
X 0 0 0
X 0 0 0
X 0 0 0
X 0 0 0
X 0 0 0
X 0 0 0
X 0 0 0
X 0 0 0
X 0 0 0
X 0 0 0
X 0 0 0
X 0 0 0
X 0 0 0
