Q 7.258 20.349 21.08
V 4.294 22.22 19.436
K 1.107 20.269 18.621
L -1.591 21.823 16.391
E -5.215 21.094 17.449
E -7.953 20.932 14.76
S -11.709 21.536 15.359
G -14.552 20.863 12.927
G -15.082 18.434 10.07
G -17.367 15.459 9.517
L -20.388 14.993 7.306
V -21.918 17.938 5.442
Q -24.196 17.991 2.331
A -23.278 19.318 -1.157
G -23.799 23.098 -1.25
G -23.357 23.217 2.549
S -20.8 25.059 4.654
L -18.223 24.131 7.292
R -15.619 25.876 9.471
L -12.322 24.256 10.406
S -10.258 25.783 13.204
C -6.639 25.232 14.254
S -4.631 26.362 17.287
P -1.351 25.255 19.004
S -1.478 23.741 22.538
D 0.995 26.509 23.618
R -0.733 29.839 22.681
T 2.567 31.809 23.052
F 3.749 30.001 19.838
S 3.145 32.311 16.875
A 3.889 30.819 13.436
Y 5.078 33.067 10.584
A 2.746 31.114 8.21
M -0.36 28.93 8.722
G -1.717 26.606 6.055
W -4.35 24.078 5.028
F -3.641 20.934 3.008
R -6.037 18.162 1.959
Q -5.55 14.52 1.063
V -7.829 12.406 -1.162
P -6.886 8.64 -0.667
G -4.323 7.453 -3.235
R -3.101 11.071 -3.769
E -0.57 13.354 -2.074
R -1.482 15.874 0.656
E -2.228 18.858 -1.64
E -2.347 18.853 -1.65
F -2.191 22.61 -0.948
V -5.447 24.441 -0.176
A -4.66 27.785 1.466
T -2.014 29.922 3.185
I -1.947 33.026 5.391
R 0.711 35.012 7.235
D -0.142 38.449 8.764
S -2.06 40.349 5.996
D -4.715 39.927 3.237
A -1.862 40.21 0.612
S -0.28 37.097 2.216
I -3.449 35.052 1.421
Y -3.204 32.441 -1.397
Y -5.665 29.706 -2.476
T -5.542 26.8 -4.903
D -7.845 27.669 -7.925
S -10.293 24.799 -7.15
V -11.294 26.494 -3.796
K -11.138 30.237 -4.865
G -14.408 32.09 -4.253
R -15.736 29.297 -1.971
F -13.144 28.954 0.85
T -11.799 31.745 3.121
I -8.672 31.525 5.313
S -8.486 33.904 8.302
R -6.304 34.319 11.389
D -7.114 35.486 14.948
N -3.957 36.559 16.84
A -5.769 37.098 20.209
K -7.197 33.509 20.163
N -4.04 32.218 18.291
T -6.24 30.33 15.774
V -6.364 29.975 11.945
Y -9.736 29.275 10.258
L -10.849 27.663 7.01
Q -14.408 28.75 6.201
M -15.614 26.346 3.498
N -18.738 27.504 1.638
S -20.752 25.898 -1.249
L -19.03 22.541 -0.551
I -18.843 20.191 -3.524
P -18.393 16.338 -3.478
D -14.764 16.986 -4.701
D -14.003 18.781 -1.345
T -14.142 15.325 0.391
A -10.664 14.65 1.882
V -8.701 14.627 5.172
Y -7.82 18.278 5.928
Y -4.549 19.113 7.685
C -3.449 22.263 9.456
A 0.198 23.298 8.898
A 2.48 25.774 10.684
R 5.767 27.3 9.513
Q 7.671 28.808 12.511
Y 10.157 31.075 10.645
Y 10.291 33.684 7.82
S 10.184 32.648 4.145
G 11.648 34.67 1.234
R 8.736 33.367 -0.932
V 5.472 35.391 -1.045
Y 3.403 32.157 -0.423
S 4.36 28.862 1.307
T 2.691 26.135 -0.807
F 4.909 23.043 -0.27
R 4.603 20.507 2.605
E 8.431 20.726 3.017
E 7.975 24.494 3.772
Y 5.973 23.696 6.943
D 7.252 22.4 10.291
Y 4.254 21.346 12.407
W 1.106 19.509 11.404
G -2.37 18.725 12.655
Q -3.622 15.159 13.193
G -6.013 15.523 10.211
T -9.77 16.007 10.159
Q -12.053 14.053 7.8
V -14.511 16.104 5.69
T -17.229 14.072 3.829
V -19.501 15.947 1.373
S -22.866 14.023 0.848
S -24.192 13.301 -2.724
X 0 0 0
X 0 0 0
X 0 0 0
X 0 0 0
X 0 0 0
X 0 0 0
X 0 0 0
X 0 0 0
X 0 0 0
X 0 0 0
X 0 0 0
X 0 0 0
