Q -47.702 7.838 -4.754
V -45.708 4.678 -4.015
Q -47.904 1.583 -3.836
L -47.35 -1.846 -2.334
Q -50.164 -4.159 -3.436
E -50.661 -7.599 -1.906
S -52.555 -10.293 -3.754
G -53.27 -14.01 -3.633
G -55.253 -14.276 -0.409
G -58.458 -16.216 -0.038
L -60.191 -19.125 1.662
V -57.89 -22.16 1.825
Q -58.342 -25.545 3.468
A -56.081 -26.239 6.434
G -52.934 -28.208 5.67
G -52.615 -26.869 2.109
S -50.525 -24.146 0.492
L -51.015 -20.591 -0.792
R -48.744 -18.056 -2.494
L -49.04 -14.365 -1.624
S -47.429 -11.71 -3.804
C -46.557 -8.097 -3.089
T -45.91 -5.977 -6.174
T -44.591 -2.429 -5.89
S -45.183 0.549 -8.141
G -43.347 3.848 -8.087
L -40.446 2.498 -6.024
T -36.907 1.328 -6.754
F -37.665 -2.2 -5.563
S -33.977 -3.173 -5.422
N -33.29 -0.371 -2.894
Y -35.657 -1.882 -0.296
A -35.836 -4.742 2.134
F -39.289 -6.32 2.373
S -41.218 -7.97 5.201
W -44.534 -9.724 5.762
F -46.664 -8.928 8.807
R -50.096 -10.23 9.724
Q -52.987 -9.273 11.978
A -55.825 -11.552 13.05
R -50.121 -7.271 14.369
E -47.228 -9.746 14.268
F -44.07 -10.287 12.247
V -44.063 -13.145 9.719
G -40.809 -12.842 7.788
A -38.322 -10.507 6.186
I -35.765 -10.414 3.378
S -32.782 -8.06 3.263
W -32.454 -5.432 0.55
S -29.683 -7.516 -1.066
G -31.733 -10.717 -0.766
G -28.864 -12.342 1.137
R -30.568 -12.619 4.537
T -34.02 -13.873 5.505
D -35.61 -14.096 8.943
Y -38.833 -15.85 9.94
A -41.003 -15.622 13.036
D -40.948 -18.712 15.243
S -44.611 -19.473 14.501
V -43.936 -19.808 10.752
K -40.357 -21.147 10.624
G -40.174 -24.363 8.621
R -43.636 -23.768 7.105
F -43.413 -20.46 5.211
T -40.742 -19.281 2.793
I -40.009 -15.855 1.334
S -38.326 -14.711 -1.862
R -37.93 -11.638 -4.037
D -37.948 -11.176 -7.807
N -36.293 -7.828 -8.5
A -37.015 -8.095 -12.228
K -40.763 -8.24 -11.492
N -40.859 -5.815 -8.517
T -42.49 -8.662 -6.604
F -42.047 -10.048 -3.075
Y -43.506 -13.479 -2.235
L -44.715 -15.486 0.738
Q -45.061 -19.225 0.095
M -47.349 -20.596 2.803
N -47.326 -24.312 3.563
S -48.82 -26.474 6.306
L -51.536 -23.87 6.744
K -53.261 -23.924 10.126
E -53.875 -19.955 13.613
D -52.661 -18.576 10.272
T -55.948 -16.784 9.483
A -55.217 -13.041 9.314
V -54.805 -10.06 7.036
Y -51.276 -10.253 5.623
Y -49.394 -7.008 4.968
C -46.185 -6.358 3.086
A -43.877 -3.549 4.159
A -40.736 -1.94 2.718
D -37.584 -0.812 4.58
L -35.002 1.334 2.753
L -31.666 -0.524 2.5
G -32.852 -2.776 5.307
E -31.197 -5.878 6.712
G -34.413 -7.901 6.971
S -35.359 -7.224 10.586
R -38.727 -7.143 12.339
R -37.413 -4.216 14.433
S -36.722 -1.897 11.497
E -38.682 1.223 10.589
Y -40.786 0.515 7.501
E -41.297 3.421 5.111
Y -44.132 1.872 3.077
W -46.966 -0.551 3.808
G -49.488 -2.346 1.634
Q -53.233 -2.505 2.176
G -53.299 -6.198 3.135
T -54.775 -9.417 1.759
Q -57.082 -11.698 3.735
V -56.092 -15.323 4.331
T -58.687 -17.568 5.991
V -57.672 -21.154 6.773
X 0 0 0
X 0 0 0
X 0 0 0
X 0 0 0
X 0 0 0
X 0 0 0
X 0 0 0
X 0 0 0
X 0 0 0
X 0 0 0
X 0 0 0
X 0 0 0
X 0 0 0
X 0 0 0
X 0 0 0
X 0 0 0
X 0 0 0
X 0 0 0
X 0 0 0
X 0 0 0
X 0 0 0
X 0 0 0
X 0 0 0
X 0 0 0
