V 119.053 158.827 95.734
Q 117.911 161.262 93.041
L 115.468 164.172 93.129
V 112.832 164.895 90.474
E 110.775 168.098 90.335
S 107.944 169.14 88.032
G 105.016 171.542 87.971
V 101.655 182.395 86.422
Q 99.976 185.775 86.802
A 100.555 187.6 90.075
G 98.108 186.802 92.853
G 97.635 183.236 91.618
S 98.652 179.94 93.163
L 100.738 176.884 92.363
R 101.236 173.38 93.77
L 104.817 172.258 93.181
S 105.628 168.609 93.889
C 109.04 166.953 94.22
V 109.264 163.152 94.146
A 112.097 161.2 95.753
S 112.446 157.426 95.663
E 113.621 157.346 99.275
R 111.187 158.711 101.88
T 112.795 161.548 103.845
Y 112.494 165.205 104.877
M 113.468 166.953 101.626
A 112.97 170.716 101.892
W 112.518 173.538 99.379
F 115.136 176.048 98.254
R 114.852 178.895 95.753
Q 117.594 180.584 93.738
A 117.31 183.861 91.877
P 119.825 184.945 89.216
G 122.795 186.927 90.474
K 122.21 186.066 94.144
E 122.715 183.069 96.397
R 119.876 180.616 96.972
E 117.74 181.008 100.093
F 115.365 178.563 101.753
V 111.58 178.828 101.585
A 110.434 176.026 103.915
A 111.126 172.461 105.027
I 109.294 169.401 106.34
T 110.427 166.464 108.464
S 110.068 162.79 107.583
S 106.778 162.33 109.446
G 105.536 165.787 108.459
M 104.263 166.645 111.94
M 106.352 169.839 112.104
T 107.297 172.281 109.341
E 108.941 175.701 109.109
Y 108.513 178.408 106.475
A 110.775 181.248 105.415
P 109.925 184.457 107.316
S 108.838 186.14 104.08
V 106.1 183.52 103.542
K 104.696 183.094 107.05
G 101.16 181.727 106.885
R 101.199 181.676 103.069
F 103.08 178.568 101.889
T 102.277 175.162 103.384
I 103.924 171.776 102.848
S 102.293 168.343 102.877
R 103.488 164.855 101.978
D 101.981 161.7 100.502
N 102.611 158.476 102.402
A 101.917 156.307 99.325
K 104.08 157.845 96.59
N 106.307 159.575 99.176
T 106.51 163.09 97.741
V 106.282 166.661 99.006
Y 103.223 168.766 98.177
L 103.976 172.501 98.228
Q 100.955 174.71 97.555
M 101.666 178.398 96.977
N 98.366 180.228 97.384
S 98.394 184.029 96.996
L 101.58 184.338 94.976
K 103.616 187.502 95.583
P 104.711 188.981 92.274
E 108.506 189.415 92.618
D 109.105 185.931 94.061
T 110.191 184.547 90.68
A 113.099 182.123 91.045
V 114.176 178.545 90.372
Y 113.095 176.235 93.195
Y 115.257 173.301 94.287
C 114.137 170.288 96.312
A 117.079 168.692 98.112
A 117.763 166.644 101.221
D 120.386 164.913 103.335
L 120.394 161.531 105.046
R 120.807 162.805 108.626
Q 117.441 164.505 109.256
R 118.861 167.902 110.242
F 115.49 169.622 110.248
G 115.572 173.376 109.881
E 119.192 173.399 108.734
R 118.864 176.715 106.921
V 122.4 177.049 105.571
T 123.333 174.983 102.515
E 124.54 171.689 103.977
Y 122.236 169.507 101.879
D 123.898 166.956 99.606
Y 122.815 165.501 96.259
W 120.97 168.644 95.235
G 118.015 168.359 92.891
Q 117.656 170.095 89.547
G 114.546 172.173 90.261
T 112.06 173.747 87.888
Q 111.783 177.241 86.441
V 108.747 179.251 87.548
T 107.936 182.86 86.672
V 105.371 185.278 88.093
S 103.958 188.104 85.967
S 102.309 191.175 87.482
X 0 0 0
X 0 0 0
X 0 0 0
X 0 0 0
X 0 0 0
X 0 0 0
X 0 0 0
X 0 0 0
X 0 0 0
X 0 0 0
X 0 0 0
X 0 0 0
X 0 0 0
X 0 0 0
X 0 0 0
X 0 0 0
X 0 0 0
X 0 0 0
X 0 0 0
X 0 0 0
X 0 0 0
X 0 0 0
X 0 0 0
X 0 0 0
