V 28.51 2.73 22.6
Q 29.719 2.105 19.04
L 27.093 0.913 16.56
V 28.087 -0.385 13.083
E 25.109 -0.055 10.718
S 24.736 -1.814 7.337
G 22.12 -2.09 4.655
G 19.691 0.161 2.831
G 19.488 1.149 -0.795
L 16.994 1.423 -3.612
V 14.226 -1.132 -3.871
Q 11.002 -1.447 -5.887
A 7.557 -1.347 -4.147
G 6.742 -4.793 -2.668
G 10.448 -5.548 -2.227
S 12.464 -6.456 0.842
L 15.582 -5.09 2.55
R 17.478 -6.187 5.666
L 19.252 -3.693 7.942
S 21.83 -4.728 10.537
S 21.897 -4.751 10.467
C 23.484 -3.033 13.495
A 26.525 -4.615 15.208
A 27.557 -3.449 18.724
N 22.694 0.577 26.834
Y 20.902 -2.764 26.332
Y 17.6 -1.733 24.618
M 17.898 -1.654 20.737
G 15.64 0.335 18.433
W 15.363 1.218 14.772
F 14.209 4.741 13.926
R 13.519 6.406 10.584
Q 13.386 9.974 9.422
A 11.175 10.344 6.345
P 11.818 13.355 4.014
G 10.767 16.578 5.763
K 9.723 14.652 8.907
E 11.169 13.93 12.434
R 13.275 10.858 13.425
D 10.568 8.409 14.654
I 10.64 4.974 16.298
V 9.949 2.048 13.92
A 10.704 -1.055 16.028
A 12.41 -2.018 19.286
I 13.608 -5.193 21.021
S 14.712 -6.184 24.55
W 18.241 -7.506 25.402
S 16.858 -11.085 25.145
G 14.409 -10.768 22.198
G 11.154 -11.819 23.877
S 9.746 -8.286 23.9
T 9.203 -6.355 20.66
Y 7.543 -3.048 19.83
Y 6.441 -1.833 16.395
A 4.916 1.365 15.026
D 1.482 0.516 13.636
S 2.531 1.703 10.134
V 5.041 -1.214 9.87
K 3.181 -3.973 11.843
G 2.88 -7.167 9.798
R 5.602 -6.008 7.39
F 8.767 -5.368 9.433
T 10.391 -7.75 11.889
I 13.048 -6.798 14.431
S 15.324 -9.669 15.579
R 18.662 -10.203 17.366
D 21.605 -12.624 17.056
N 23.377 -12.579 20.454
A 26.425 -14.61 19.329
K 27.068 -11.861 16.679
N 26.017 -8.908 18.973
T 23.762 -7.797 16.096
V 20.155 -6.448 15.781
Y 18.363 -6.69 12.409
L 15.383 -5.035 10.808
Q 13.803 -7.244 8.155
M 11.698 -4.923 5.971
N 9.166 -6.744 3.795
S 6.283 -5.467 1.557
L 8.034 -2.133 1.223
K 5.982 0.848 0.18
P 7.077 4.27 -1.17
E 5.913 5.592 2.284
D 8.845 3.682 3.87
T 11.433 5.898 2.096
A 13.552 7.4 4.879
V 16.997 7.475 6.505
Y 17.041 4.588 9.012
Y 19.086 4.541 12.204
C 19.779 1.94 14.869
N 19.872 3.151 18.48
A 21.096 1.56 21.723
R 19.883 3.081 25.016
S 20.24 2.285 28.715
G 17.412 1.114 30.978
G 17.143 4.495 32.697
S 16.343 6.259 29.369
A 12.893 4.594 29.003
W 11.849 5.993 32.381
Q 12.743 9.66 31.824
G 9.924 12.207 31.98
D 6.29 11.81 32.952
F 4.863 9.062 30.754
G 2.062 6.602 31.196
S -0.228 5.741 34.096
W 0.56 5.912 37.812
G -0.496 3.993 40.898
Q -1.353 5.838 44.125
G 1.927 6.546 45.916
T 2.617 4.69 49.147
Q 4.919 5.833 51.92
V 7.713 3.459 52.944
T 9.6 4.525 56.095
V 12.618 2.578 57.264
S 13.517 3.34 60.892
S 17.083 2.971 62.226
H 17.847 -0.194 64.336
X 0 0 0
X 0 0 0
X 0 0 0
X 0 0 0
X 0 0 0
X 0 0 0
X 0 0 0
X 0 0 0
X 0 0 0
X 0 0 0
X 0 0 0
X 0 0 0
X 0 0 0
X 0 0 0
X 0 0 0
X 0 0 0
X 0 0 0
X 0 0 0
X 0 0 0
X 0 0 0
X 0 0 0
X 0 0 0
X 0 0 0
