V 76.802 55.162 13.226
Q 75.959 58.102 15.604
L 75.883 61.919 15.235
V 75.688 63.379 18.797
E 74.896 67.141 19.144
S 75.745 69.363 22.196
G 75.941 73.058 23.248
G 72.463 74.493 22.55
G 70.471 76.763 24.936
S 69.102 80.326 25.494
V 71.185 83.553 25.03
Q 70.655 87.35 24.596
A 70.797 88.956 21.068
G 74.487 89.893 20.36
G 75.849 86.92 22.395
S 77.782 83.736 21.527
L 76.959 79.934 21.494
R 79.103 76.92 20.311
L 77.381 73.713 19.005
S 79.457 70.476 18.691
C 78.768 67.215 16.742
A 80.672 63.973 17.616
A 80.605 61.567 14.557
S 81.19 57.848 15.349
G 81.385 55.183 12.621
V 81.422 57.475 9.521
P 84.256 56.874 7.019
S 86.644 59.852 6.525
S 87.454 59.2 2.796
S 86.045 62.6 1.762
R 83.402 63.124 4.438
V 81.376 66.377 4.361
M 79.718 67.494 7.64
G 77.443 70.521 8.18
W 74.597 72.15 10.166
F 70.942 72.773 9.105
R 68.276 74.556 11.236
Q 64.466 74.738 11.371
A 62.335 77.387 13.084
P 58.775 76.392 14.165
G 56.403 76.061 11.125
K 59.313 76.89 8.731
Q 61.326 74.745 6.207
R 64.664 73.2 7.334
E 67.402 75.429 5.751
F 71.162 74.909 5.262
V 73.468 76.913 7.61
A 77.12 75.852 7.017
A 79.324 72.887 5.864
I 83.006 71.704 5.901
S 84.759 69.133 3.696
W 86.591 66.939 6.306
T 88.847 65.921 3.345
S 90.693 69.313 3.677
G 88.906 71.834 5.911
N 87.183 74.005 3.228
V 84.086 75.849 4.493
Y 80.792 77.348 3.134
Y 78.017 79.468 4.736
A 74.469 80.639 3.967
D 74.51 84.46 3.307
S 72.324 85.015 6.45
V 75.143 83.551 8.636
K 78.308 84.539 6.63
G 80.517 86.868 8.737
R 78.79 85.864 12.034
F 79.196 82.003 12.329
T 82.431 79.909 12.065
I 82.384 76.096 11.354
T 85.486 74.034 12.343
R 86.59 70.367 12.433
D 88.767 68.538 14.979
N 89.883 65.581 12.814
A 91.444 63.428 15.627
K 88.265 63.8 17.835
N 85.81 63.26 14.884
T 83.989 66.359 16.24
M 82.767 69.429 14.247
Y 81.917 72.838 15.81
L 79.686 75.838 14.887
Q 80.765 78.936 16.852
M 77.671 81.268 16.618
D 78.595 84.956 17.309
S 76.621 88.27 17.041
L 73.4 86.189 17.466
K 69.96 87.598 16.418
P 66.395 86.466 17.317
E 66.026 85.13 13.69
D 68.719 82.468 14.554
T 66.198 80.853 17.032
A 65.74 77.229 15.759
V 66.456 73.481 16.222
Y 69.941 72.924 14.674
Y 70.575 69.451 13.162
C 74.014 67.939 12.364
N 74.545 66.123 9.016
A 77.311 63.939 7.474
R 77.317 62.818 3.844
R 79.614 61.639 1.02
I 78.895 61.994 -2.713
R 81.03 59.716 -4.971
F 79.895 59.693 -8.656
G 77.073 62.241 -8.096
V 75.626 59.346 -5.998
R 74.93 60.328 -2.378
V 76.481 57.217 -0.718
Y 75.438 58.032 2.901
D 73.475 60.737 4.738
Y 73.267 60.71 8.548
W 71.464 63.353 10.756
G 71.55 64.003 14.549
Q 68.343 64.439 16.607
G 68.68 68.297 16.759
T 69.543 70.747 19.619
Q 67.423 73.888 20.456
V 69.09 77.342 20.127
T 66.984 80.276 21.577
V 68.105 83.964 21.029
S 65.888 86.535 22.926
S 65.531 90.346 22.286
X 0 0 0
X 0 0 0
X 0 0 0
X 0 0 0
X 0 0 0
X 0 0 0
X 0 0 0
X 0 0 0
X 0 0 0
X 0 0 0
X 0 0 0
X 0 0 0
X 0 0 0
X 0 0 0
X 0 0 0
X 0 0 0
X 0 0 0
X 0 0 0
X 0 0 0
X 0 0 0
