Q 89.632 70.629 137.513
V 88.113 69.242 134.31
Q 86.78 65.782 135.133
L 86.439 63.471 132.13
Q 84.766 60.055 132.031
E 84.16 57.693 129.116
S 81.929 54.698 128.39
G 82.229 51.259 126.837
G 85.294 49.027 126.719
G 85.982 45.331 127.003
L 86.47 42.649 124.381
V 84.32 43.185 121.281
Q 84.221 41.27 118.01
P 85.498 43.02 114.844
G 82.464 44.525 113.111
G 80.088 45.226 116.007
S 79.207 48.851 116.663
L 79.619 50.379 120.114
R 78.787 53.799 121.522
L 81.4 56.054 123.156
S 79.808 58.65 125.44
C 82.18 61.182 127.023
A 80.706 61.986 130.444
A 82.091 65.494 130.969
S 81.103 68.117 133.536
G 82.527 71.049 135.479
F 82.872 73.34 132.455
T 80.824 75.162 129.83
F 80.347 72.604 127.058
S 79.331 75.145 124.385
N 82.661 77.039 124.457
Y 85.271 74.373 123.637
K 86.223 72.29 120.595
M 86.611 68.835 122.095
N 88.219 65.941 120.236
W 89.322 62.302 120.482
V 92.905 61.035 120.802
R 93.761 57.33 120.618
Q 96.933 55.579 121.805
A 97.802 52.271 120.153
P 100.117 49.771 121.903
G 103.507 50.381 120.331
K 102.505 53.685 118.723
G 102.363 57.311 119.816
L 99.246 59.372 120.381
E 97.323 60.414 117.277
W 94.27 62.548 116.558
V 90.97 60.875 115.656
S 88.252 63.456 114.922
D 86.675 66.673 116.206
I 83.525 68.784 116.349
S 83.319 72.559 116.766
Q 81.277 74.662 119.2
S 78.374 74.994 116.758
G 78.747 71.567 115.155
A 79.695 72.414 111.568
S 83.492 72.024 111.515
I 83.771 68.217 111.574
S 86.985 66.576 110.364
Y 88.408 63.057 110.48
T 91.7 61.199 110.317
G 92.552 60.235 106.713
S 92.408 56.483 107.44
V 88.951 56.483 109.081
K 87.202 58.846 106.637
G 83.449 58.245 106.765
R 83.548 55.094 108.903
F 83.341 57.01 112.208
T 80.621 59.386 113.401
I 81.117 62.124 116.007
S 78.298 64.074 117.655
R 77.977 66.376 120.664
D 75.075 67.017 123.044
N 74.969 70.705 123.966
A 72.147 70.382 126.511
K 73.423 67.332 128.427
N 77.142 68.36 128.071
T 78.452 65.059 126.667
L 80.275 63.933 123.525
Y 78.796 60.949 121.667
L 81.245 59.082 119.43
Q 79.939 56.174 117.345
M 82.236 53.472 115.973
N 81.176 51.727 112.765
S 82.924 49.128 110.557
L 85.503 48.156 113.163
K 88.981 46.857 112.33
P 91.283 44.824 114.624
E 94.247 47.174 114.095
D 92.197 50.254 115.07
T 91.901 49.287 118.746
A 93.561 51.705 121.181
V 92.867 53.707 124.343
Y 90.328 56.33 123.249
Y 91.066 59.431 125.329
C 88.332 62.052 125.403
A 90.357 65.255 125.102
R 89.664 68.987 124.955
C 91.464 71.779 123.134
P 92.667 74.311 125.72
A 91.628 77.755 124.529
P 88.068 78.987 123.887
F 86.733 80.446 120.624
T 89.656 79.312 118.464
R 90.849 76.321 116.447
D 94.484 75.583 117.431
C 94.953 72.316 119.321
F 98.097 70.795 120.856
D 96.812 67.581 122.447
V 98.704 65.163 120.172
T 101.866 65.585 122.278
S 102.529 62.512 124.422
T 104.372 64.416 127.196
T 101.387 64.366 129.594
Y 98.835 66.771 128.168
A 96.724 67.051 131.318
Y 93.337 67.817 129.722
R 92.766 64.392 128.161
G 90.403 61.8 129.584
Q 91.206 58.833 131.776
G 90.807 56.51 128.785
T 88.991 53.213 128.206
Q 90.521 50.3 126.305
V 88.125 49.013 123.638
T 89.684 45.735 122.492
V 88.632 44.873 118.94
X 0 0 0
X 0 0 0
X 0 0 0
X 0 0 0
X 0 0 0
X 0 0 0
X 0 0 0
X 0 0 0
X 0 0 0
X 0 0 0
X 0 0 0
X 0 0 0
X 0 0 0
X 0 0 0
