Q 152.158 106.347 149.585
V 151.091 109.99 149.381
Q 152.673 112.158 152.064
L 153.214 115.896 152.505
Q 155.66 117.434 154.988
E 155.576 121.149 155.805
S 158.304 123.159 157.507
G 158.271 126.616 159.075
G 157.45 127.765 162.584
G 156.898 130.682 164.882
L 157.126 132.869 166.495
V 157.747 135.958 164.37
Q 157.113 139.519 165.497
P 154.377 141.486 163.689
G 155.749 142.81 160.424
G 158.233 139.956 160.052
S 158.398 137.27 157.403
L 158.816 133.516 157.088
R 158.809 131.053 154.191
L 156.804 127.839 154.428
S 157.878 124.853 152.347
C 156.399 121.425 151.655
A 158.2 118.313 150.397
A 155.861 116.125 148.347
S 156.372 112.383 147.979
G 154.476 109.472 146.468
F 152.866 111.04 143.398
T 153.633 112.866 140.16
F 153.899 116.377 141.595
S 153.572 117.967 138.145
N 150.04 116.696 137.444
Y 148.273 118.222 140.469
K 147.075 121.624 141.603
M 148.377 122.48 145.071
N 146.776 124.584 147.801
W 147.624 126.122 151.148
V 145.049 125.787 153.925
R 145.086 127.077 157.493
Q 143.177 126.605 160.743
A 143.007 129.505 163.174
P 142.747 128.648 166.895
G 139.102 127.932 167.607
K 137.885 128.008 163.996
G 137.509 125.753 160.976
L 139.854 125.116 158.092
E 139.921 127.924 155.536
W 141.518 128.125 152.11
V 144.499 130.461 151.65
S 145.961 130.092 148.149
D 146.401 127.673 145.268
I 148.652 127.195 142.241
S 148.095 125.211 139.053
Q 150.185 122.453 137.464
S 152.581 124.636 135.473
G 152.396 127.6 137.862
A 150.567 130.074 135.625
S 147.199 130.33 137.369
I 147.534 131.667 140.917
S 144.785 132.671 143.329
Y 144.713 134.083 146.856
T 142.044 134.597 149.471
G 140.925 138.129 150.253
S 142.953 139.003 153.342
V 146.363 137.811 152.085
K 146.291 139.16 148.535
G 149.445 141.258 148.184
R 151.357 139.901 151.189
F 151.735 136.181 150.417
T 153.44 134.584 147.415
I 152.93 130.969 146.33
S 155.307 129.1 144.026
R 156.24 125.526 143.191
D 159.366 123.711 142.003
N 158.211 120.836 139.804
A 161.742 119.435 139.527
K 162.327 119.241 143.294
N 158.67 118.392 144.106
T 158.339 121.343 146.474
L 155.735 124.013 147.246
Y 156.516 127.379 148.841
L 154.522 130.11 150.564
Q 156.349 133.394 151.177
M 154.512 135.187 153.994
N 155.367 138.881 154.375
S 153.936 141.629 156.596
L 152.437 139.234 159.112
K 149.526 140.301 161.336
P 148.409 138.727 164.646
E 145.365 137.217 162.885
D 147.712 135.022 160.822
T 148.286 132.762 163.842
A 147.163 129.375 162.514
V 148.376 125.9 161.619
Y 149.09 125.883 157.878
Y 148.531 122.691 155.883
C 149.595 121.958 152.326
A 146.796 120.211 150.438
R 146.742 118.423 147.091
C 143.981 118.329 144.513
P 142.248 114.924 144.737
A 142.848 113.992 141.076
P 145.257 114.969 138.283
F 144.593 117.025 135.146
T 141.536 118.639 136.743
R 140.297 122.185 137.304
D 138.188 121.689 140.444
C 139.158 120.67 143.975
F 137.218 119.645 147.093
D 139.969 119.787 149.72
V 139.088 122.326 152.433
T 137.204 119.606 154.344
S 137.462 120.772 157.953
T 137.874 117.156 159.072
T 139.55 114.071 157.57
Y 140.788 114.946 154.117
A 143.324 112.365 153.021
Y 145.818 114.226 150.796
R 146.591 117.02 153.263
G 149.755 117.475 155.285
Q 149.933 117.479 159.063
G 150.629 121.207 159.309
T 153.155 123.575 160.824
Q 152.36 126.18 163.461
V 152.763 129.896 162.737
T 152.469 132.404 165.598
V 152.581 136.157 165.003
X 0 0 0
X 0 0 0
X 0 0 0
X 0 0 0
X 0 0 0
X 0 0 0
X 0 0 0
X 0 0 0
X 0 0 0
X 0 0 0
X 0 0 0
X 0 0 0
X 0 0 0
X 0 0 0
