Q 165.554 178.275 111.981
V 166.744 175.147 113.791
Q 168.988 174.307 110.828
L 172.651 173.987 111.821
Q 175.644 174.214 109.497
E 178.703 171.961 109.675
S 182.321 172.868 108.935
G 185.748 171.308 108.581
G 186.76 168.109 106.871
G 188.855 167.503 103.79
L 191.555 165.101 102.621
V 194.639 164.263 104.693
Q 197.113 161.407 104.747
P 196.625 158.855 107.541
G 197.933 160.097 110.866
G 196.746 163.664 110.303
S 194.675 165.809 112.65
L 191.457 167.707 111.921
R 189.02 169.935 113.811
L 185.428 169.212 112.733
S 183.418 172.14 114.053
C 179.61 172.266 114.138
A 178.03 175.719 113.787
A 174.904 175.181 115.861
S 172.243 177.879 115.599
G 168.54 178.491 116.059
F 168.266 176.859 119.487
T 169.773 176.865 122.976
F 172.859 174.753 122.333
S 173.564 174.368 126.049
N 170.239 172.632 126.683
Y 170.652 169.733 124.244
K 173.132 166.837 124.035
M 175.037 167.178 120.766
N 176.27 164.042 118.986
W 178.643 163.008 116.195
V 177.616 160.373 113.64
R 179.243 158.816 110.58
Q 178.021 157.547 107.196
A 180.602 155.196 105.715
P 180.01 154.356 102.03
G 177.803 151.309 101.666
K 177.095 151.341 105.401
G 174.243 152.524 107.582
L 174.817 155.554 109.775
E 176.809 154.613 112.866
W 177.28 156.395 116.171
V 180.67 157.973 116.924
S 180.506 159.886 120.205
D 178.21 161.753 122.575
I 178.628 164.78 124.837
S 176.28 165.9 127.594
Q 174.971 169.442 127.881
S 177.382 170.294 130.705
G 180.265 168.355 129.139
A 180.801 166.125 132.174
S 179.814 162.881 130.419
I 181.764 161.948 127.272
S 180.897 158.629 125.62
Y 182.763 157.127 122.659
T 182.587 154.301 120.129
G 184.693 151.238 120.865
S 186.157 150.947 117.377
V 187.552 154.494 117.52
K 187.663 154.904 121.311
G 190.65 156.863 122.584
R 191.787 158.183 119.198
F 189.993 161.554 119.36
T 188.513 164.027 121.843
I 185.148 165.835 121.743
S 184.713 169.408 122.983
R 181.754 171.784 123.246
D 181.956 175.548 123.828
N 178.565 176.901 124.882
A 179.686 180.536 124.676
K 180.778 180.117 121.062
N 177.604 178.018 120.643
T 179.502 175.51 118.482
L 180.719 171.925 118.857
Y 184.276 170.841 117.983
L 185.429 167.264 117.403
Q 189.205 167.062 116.957
M 190.275 163.8 115.302
N 193.91 162.688 115.063
S 195.813 159.492 114.247
L 193.261 158.581 111.595
K 192.999 155.174 109.925
P 191.626 154.032 106.557
E 188.394 152.877 108.212
D 187.812 156.425 109.51
T 186.777 157.655 106.033
A 183.077 158.533 106.138
V 180.613 161.408 106.04
Y 180.417 162.935 109.522
Y 177.268 164.725 110.73
C 176.94 166.652 114.007
A 173.505 165.393 115.019
R 171.507 166.958 117.851
C 169.396 164.964 120.263
P 165.621 165.401 119.906
A 164.455 166.743 123.283
P 166.192 168.952 125.871
F 167.071 167.939 129.425
T 166.727 164.292 128.39
R 169.231 161.516 129.052
D 167.77 159.273 126.343
C 168.718 160.116 122.751
F 166.373 158.406 120.317
D 166.508 158.667 116.521
V 170.304 158.995 116.499
T 171.932 157.442 113.424
S 168.462 157.122 111.899
T 167.806 157.966 108.27
T 165.88 161.157 107.502
Y 166.507 162.607 110.962
A 165.286 166.193 111.161
Y 167.912 167.809 113.397
R 171.004 166.199 111.861
G 173.468 168.502 110.15
Q 174.216 168.766 106.45
G 177.45 166.806 106.874
T 181.032 166.951 105.622
Q 183.039 164.455 103.552
V 186.26 163.72 105.455
T 188.301 161.267 103.367
V 191.661 159.803 104.426
S 194.058 158.278 101.897
S 197.75 158.191 101.028
X 0 0 0
X 0 0 0
X 0 0 0
X 0 0 0
X 0 0 0
X 0 0 0
X 0 0 0
X 0 0 0
X 0 0 0
X 0 0 0
X 0 0 0
X 0 0 0
