S 14.75 8.421 -8.985
E 13.059 10.877 -11.486
V 10.153 11.645 -9.04
Q 6.659 12.466 -10.481
L 3.105 13.036 -9.044
V 0.469 13.407 -11.873
E -3.138 14.157 -10.682
S -6.173 13.797 -13.061
G -9.951 12.996 -13.141
G -10.964 16.594 -12.23
G -13.779 18.445 -14.068
L -17.239 20.125 -13.838
V -20.03 18.414 -11.747
Q -23.571 19.471 -10.623
P -24.223 19.859 -6.842
G -24.51 16.35 -5.238
G -22.542 14.738 -8.141
S -19.471 12.416 -7.914
L -15.928 12.051 -9.425
R -12.852 9.786 -8.888
L -9.42 11.561 -8.899
S -6.196 9.643 -9.801
S -2.481 10.332 -9.09
A 0.191 8.32 -11.007
I 3.428 8.545 -8.898
S 6.983 7.778 -10.265
G 10.491 7.614 -8.674
F 9.378 6.253 -5.236
S 7.052 3.376 -4.109
I 3.741 4.525 -2.432
S 4.201 1.698 0.209
S 7.514 3.38 1.379
T 5.64 6.417 2.871
S 2.197 8.101 3.384
I 0.578 10.043 0.444
D -1.667 13.097 1.155
W -4.486 14.605 -0.934
V -4.655 18.425 -0.267
R -6.832 21.106 -1.991
Q -6.586 24.912 -2.595
A -10.012 26.698 -2.78
P -10.134 29.926 -4.892
G -8.065 32.663 -3.108
K -7.736 30.588 0.142
G -4.986 28.486 1.833
L -3.952 24.802 1.386
E -6.421 22.356 3.103
W -5.638 18.696 4.098
V -8.271 16.206 2.722
A -7.077 12.607 3.442
R -3.905 10.472 4.073
I -3.079 6.836 3.003
S -0.203 4.539 4.199
P -0.456 1.712 1.581
S 2.118 -0.384 3.598
S -0.649 -0.956 6.258
G -3.671 0.438 4.279
S -4.348 2.835 7.235
T -6.169 6.129 6.348
S -7.498 9.353 7.998
Y -9.83 12.135 6.685
A -10.362 15.86 7.448
D -13.659 16.316 9.448
S -14.947 18.417 6.439
V -14.928 15.306 4.078
K -15.692 12.411 6.573
G -18.506 10.15 5.191
R -18.341 11.566 1.596
F -14.67 10.997 0.471
T -12.687 7.677 0.225
I -8.854 7.481 -0.29
S -7.475 4.24 -1.891
A -4.391 2.898 -3.78
D -3.49 0.392 -6.56
T 0.001 -0.68 -5.28
S 0.751 -2.606 -8.567
K 0.228 0.649 -10.629
N 1.786 2.959 -7.923
T -1.423 5.141 -8.127
V -3.566 6.745 -5.319
Y -7.297 7.611 -5.848
L -9.885 9.849 -4.089
Q -13.596 8.865 -4.522
M -15.794 11.986 -3.936
N -19.636 11.923 -3.479
S -22.237 14.628 -2.516
L -20.015 17.437 -3.949
R -20.842 21.145 -3.198
A -19.267 24.691 -3.308
E -17.167 23.711 -0.183
D -15.283 21.09 -2.315
T -14.544 23.429 -5.326
A -10.679 23.551 -5.479
V -7.514 22.27 -7.248
Y -6.566 18.832 -5.74
Y -2.85 17.88 -5.225
T -1.102 14.679 -4.044
G 1.996 15.394 -1.882
R 4.577 13.587 0.3
V 5.15 15.345 3.693
A 8.928 15.876 4.325
K 10.745 13.168 6.411
A 11.569 15.563 9.335
L 7.814 16.481 9.732
N 6.068 13.03 9.358
S 6.048 12.705 13.23
R 3.457 15.595 13.285
S -0.174 15.089 12.014
P -1.007 16.136 8.398
S -3.667 18.691 9.614
F -0.821 20.434 11.589
V 1.834 20.218 8.78
V -0.657 21.769 6.241
N -2.131 24.487 8.596
T 1.354 25.59 9.897
Y 3.828 25.026 6.955
S 1.35 24.813 3.966
S 3.232 24.22 0.606
I 6.701 24.141 2.348
G 5.706 21.002 4.384
F 5.849 18.819 1.189
D 9.248 17.601 -0.196
Y 7.224 16.533 -3.322
R 3.752 17.669 -4.597
G 2.085 17.581 -8.076
Q 0.62 20.502 -10.132
G -2.903 19.166 -9.354
T -6.311 18.663 -11.082
L -9.253 21.159 -10.888
V -12.675 20.186 -9.38
T -15.526 22.742 -9.958
V -19.041 22.151 -8.433
S -21.875 23.913 -10.401
X 0 0 0
X 0 0 0
X 0 0 0
X 0 0 0
X 0 0 0
X 0 0 0
X 0 0 0
