G 300.277 310.846 418.879
G 301.936 312.242 422.016
S 302.631 309.982 424.998
Q 302.004 311.021 428.604
V 303.756 309.607 431.67
Q 302.975 309.595 435.39
L 304.46 308.441 438.687
Q 307.229 311.039 439.092
E 307.812 314.205 441.081
S 309.966 314.713 444.163
G 311.032 311.377 445.684
G 313.686 310.323 448.196
G 316.436 307.866 447.214
L 315.937 304.318 448.426
V 312.225 303.867 447.695
Q 310.549 301.755 445.039
P 309.207 303.31 441.841
G 307.163 302.007 438.922
G 307.007 304.623 436.183
S 303.848 304.348 434.086
L 303.343 305.245 430.416
R 299.918 306.826 429.941
L 299.876 306.643 426.138
S 297.549 308.856 424.102
C 296.202 305.541 422.824
V 298.607 304.799 419.948
A 296.234 305.56 417.042
S 299.073 304.137 414.926
G 298.161 303.274 411.357
T 298.042 300.345 408.944
V 298.297 296.593 409.638
F 302.02 296.824 408.988
S 302.823 296.06 412.64
I 305.311 293.892 414.575
N 307.601 296.887 414.331
D 306.167 297.858 417.72
I 309.454 298.724 419.443
S 309.14 301.141 422.363
I 311.849 302.384 424.67
N 312.953 304.756 427.397
H 315.313 307.729 427.23
L 316.93 309.755 430.004
G 318.014 313.392 429.787
W 320.767 315.22 431.672
Y 321.019 318.94 432.514
R 322.543 320.578 429.449
Q 323.916 317.189 428.321
A 322.4 315.329 425.363
P 319.522 313.029 426.27
G 320.747 309.431 426.358
K 319.035 306.081 425.91
E 318.384 303.708 428.805
R 316.584 300.662 427.4
E 314.555 299.425 424.437
L 311.954 296.666 424.049
V 311.575 294.685 420.82
A 308.26 293.428 419.39
A 308.039 290.289 421.516
I 310.727 289.558 424.06
T 314.21 291.04 423.707
A 315.462 293.674 426.128
D 318.704 295.654 426.228
G 319.936 298.304 428.635
T 322.836 300.718 428.933
S 325.636 298.826 430.688
A 325.629 301.611 433.285
Y 322.237 300.395 434.555
E 322.441 296.837 433.168
D 321.034 294.206 435.514
S 319.419 296.776 437.81
V 316.219 297.661 435.915
K 313.372 295.503 434.597
G 311.177 296.415 431.608
R 308.065 294.774 430.159
F 305.077 295.735 428.017
I 301.429 294.707 428.22
I 299.88 294.879 424.756
S 296.516 293.31 425.644
R 295.703 296.651 427.284
D 298.453 298.482 425.321
D 300.568 299.831 428.209
A 304.294 299.718 428.996
K 306.013 300.332 432.337
K 309.466 300.831 433.858
M 310.613 299.19 437.082
V 313.069 301.049 439.32
Y 314.946 298.982 441.912
L 318.466 299.274 443.335
Q 318.271 303.051 443.597
M 321.56 304.926 443.054
N 322.431 308.637 442.839
S 322.681 308.154 439.069
L 318.892 308.095 438.582
K 318.524 311.9 438.424
P 317.166 312.217 434.876
E 313.912 312.888 433.023
D 312.484 309.733 431.462
T 310.664 309.736 428.11
A 308.364 306.862 427.14
V 308.745 306.649 423.362
Y 309.324 304.311 420.426
Y 312.384 303.143 418.497
C 313.438 302.82 414.865
N 315.712 299.741 414.872
G 318.241 300.678 412.161
L 321.27 298.587 411.116
R 323.76 300.486 413.321
A 321.503 301.405 416.24
S 318.012 302.398 417.34
N 316.993 305.852 416.105
A 314.546 308.173 417.902
G 310.927 309.112 417.215
W 308.909 308.578 414.988
E 306.924 311.126 416.97
P 306.285 314.779 417.741
R 307.875 314.876 421.231
F 307.055 313.815 424.799
G 306.417 315.628 428.047
T 308.395 313.509 430.507
W 308.591 312.778 434.216
G 311.649 313.558 436.339
Q 313.053 311.481 439.208
G 315.77 313.48 440.98
T 317.092 311.816 444.141
Q 319.786 313.384 446.326
V 320.686 312.475 449.904
T 331.102 259.508 379.499
V 333.914 262.033 379.809
S 333.479 265.812 379.668
S 334.961 269.036 381.035
X 0 0 0
X 0 0 0
X 0 0 0
X 0 0 0
X 0 0 0
X 0 0 0
X 0 0 0
X 0 0 0
X 0 0 0
X 0 0 0
