Q 66.065 111.795 129.759
V 66.663 112.471 126.077
Q 63.237 112.686 124.455
L 62.498 113.842 120.901
Q 58.888 114.009 119.732
E 58.067 114.613 116.079
S 54.777 116.085 114.897
G 53.251 117.67 111.829
G 53.187 114.586 109.609
G 50.229 112.948 107.929
L 49.046 112.345 104.385
V 49.596 115.097 101.814
Q 49.043 115.201 98.085
P 52.057 115.084 95.743
G 53.452 118.58 95.349
G 52.13 119.793 98.707
S 53.895 120.978 101.831
L 54.333 119.777 105.408
R 56.03 121.38 108.401
L 57.631 118.696 110.55
S 58.419 119.808 114.084
C 60.69 118.122 116.607
A 60.248 118.964 120.284
A 63.444 118.173 122.183
S 63.678 117.671 125.932
G 66.245 116.395 128.396
F 69.346 117.963 126.857
T 70.761 121.372 125.995
F 69.268 121.722 122.522
S 71.676 124.425 121.34
N 74.799 122.37 122.143
Y 73.979 119.655 119.634
K 74.016 119.177 115.909
M 70.525 118.054 114.933
N 69.368 116.21 111.844
W 66.478 114.546 110.044
V 66.564 110.855 109.149
R 64.18 108.996 106.841
Q 62.978 105.388 106.999
A 61.337 104.528 103.697
P 58.732 101.724 103.71
G 60.679 98.524 103.12
K 64.061 100.287 103.119
G 66.631 101.261 105.719
L 67.171 104.55 107.476
E 68.597 107.396 105.422
W 69.842 110.791 106.533
V 67.879 113.785 105.248
S 69.269 116.973 106.693
D 71.912 118.343 109.068
I 71.759 121.596 110.994
S 74.585 122.701 113.265
Q 74.465 124.105 116.786
S 73.804 127.704 115.741
G 72.074 126.835 112.472
A 74.776 128.447 110.34
S 75.774 125.202 108.614
I 72.885 123.441 106.869
S 73.219 120.332 104.715
Y 70.784 118.084 102.86
T 70.732 114.82 101.032
G 70.52 115.734 97.368
S 67.03 114.273 97.004
V 65.604 117.144 99.098
K 67.737 120.172 98.209
G 65.621 123.115 97.117
R 62.526 121.39 98.512
F 63.146 120.819 102.233
T 64.284 123.614 104.549
I 65.577 122.767 108.026
S 65.749 125.328 110.81
R 66.252 125.526 114.558
D 64.722 127.453 117.4
N 67.199 127.211 120.263
A 64.844 129.416 122.289
K 61.946 126.938 122.147
N 64.32 123.967 121.622
T 62.577 122.862 118.439
L 63.691 121.572 115.038
Y 61.711 122.287 111.872
L 61.701 120.756 108.397
Q 59.551 122.563 105.824
M 58.712 120.17 102.981
N 57.806 121.766 99.648
S 57.151 119.989 96.346
L 56.588 116.728 98.206
K 56.988 113.666 95.986
P 55.727 110.081 96.388
E 59.298 108.972 97.134
D 59.235 111.249 100.205
T 56.66 108.948 101.824
A 58.433 107.491 104.855
V 58.779 107.68 108.619
Y 60.715 110.821 109.515
Y 62.888 110.77 112.626
C 64.317 113.829 114.29
A 67.71 112.743 115.558
R 70.292 114.373 117.767
C 73.833 113.361 117.042
P 75.445 111.803 120.054
A 77.819 114.304 121.658
P 77.751 118.076 122.143
F 80.209 120.592 120.698
T 81.329 118.149 117.986
R 81.038 118.118 114.206
D 81.018 114.344 113.77
C 77.559 112.839 114.11
F 78.171 109.089 114.03
D 75.407 106.516 114.201
V 72.461 108.838 113.519
T 71.058 106.562 110.794
S 71.746 103.43 112.829
T 69.036 100.854 113.42
T 69.032 101.238 117.219
Y 70.317 104.79 117.697
A 69.172 106.101 121.069
Y 69.023 109.882 120.563
R 66.368 109.635 117.883
G 62.632 110.171 118.036
Q 59.872 107.653 117.527
G 59.259 109.179 114.106
T 56.219 110.499 112.278
Q 54.679 108.959 109.176
V 54.629 111.316 106.187
T 52.669 109.875 103.264
V 52.592 111.602 99.897
X 0 0 0
X 0 0 0
X 0 0 0
X 0 0 0
X 0 0 0
X 0 0 0
X 0 0 0
X 0 0 0
X 0 0 0
X 0 0 0
X 0 0 0
X 0 0 0
X 0 0 0
X 0 0 0
