K -24.777 30.177 -25.082
A -22.473 27.524 -23.536
M -21.442 26.932 -19.894
H -17.962 26.667 -18.335
V -17.205 24.963 -15.004
A -14.004 25.304 -12.955
Q -13.517 24.912 -9.206
P -13.859 28.017 -7.025
A -10.594 27.577 -5.014
V -7.38 25.542 -5.484
V -4.274 25.589 -3.22
L -0.651 25.136 -4.329
A 2.402 24.82 -2.038
S 6.125 25.783 -2.338
S 6.425 23.078 -5.094
R 4.456 25.644 -7.187
G 2.12 23.065 -8.889
I -1.614 23.881 -9.175
A -4.172 21.705 -10.975
S -7.77 22.501 -11.971
F -10.314 21.304 -14.511
V -12.135 23.501 -17.063
C -15.384 21.736 -18.023
E -17.7 22.827 -20.876
Y -20.779 21.492 -22.706
A -19.819 20.439 -26.286
S -22.888 20.376 -28.606
P -20.645 19.035 -31.431
G -15.174 19.91 -32.773
K -11.937 21.933 -32.592
A -11.302 23.626 -29.228
T -9.033 26.385 -27.931
E -8.748 26.875 -24.158
V -6.896 29.954 -22.881
R -5.998 30.534 -19.197
V -6.314 34.217 -18.186
T -5.04 35.752 -14.926
V -7.036 38.754 -13.581
L -4.39 41.502 -13.168
R -5.624 44.731 -11.548
Q -5.564 46.625 -14.924
A -6.223 43.875 -17.529
D -6.251 40.098 -18.054
S -2.934 38.299 -18.696
Q -2.818 35.293 -21.064
V -0.981 32.744 -18.872
T -1.172 29.9 -21.432
E -3.228 28.539 -24.338
V -3.876 25.058 -25.729
C -5.728 23.743 -28.773
A -6.75 20.231 -29.745
A -9.319 18.149 -31.604
T -11.546 15.874 -29.456
Y -9.667 12.629 -28.621
M -6.216 14.157 -29.355
M -3.537 15.356 -26.924
G -3.303 19.109 -26.179
N -1.02 21.304 -28.301
E 0.379 24.068 -26.039
L 1.287 27.315 -27.816
T 2.621 28.439 -24.383
F 6.313 27.602 -23.661
L 5.936 24.88 -20.953
D 4.12 27.028 -18.284
D 0.963 24.845 -18.52
S 0.566 21.097 -19.143
I -2.61 19.031 -19.356
C -4.886 16.497 -21.015
T -8.357 16.423 -22.644
G -11.009 13.949 -21.428
T -14.124 14.413 -23.603
S -15.738 17.751 -22.605
S -13.022 18.867 -20.135
G -9.32 19.738 -19.964
N -7.183 18.835 -16.901
Q -4.697 21.734 -16.595
V -1.535 21.987 -14.469
N 0.299 25.284 -13.817
L 3.902 25.203 -12.532
T 6.447 27.784 -11.359
I 3.806 29.532 -9.178
Q 4.955 31.571 -6.153
G 3.013 33.376 -3.411
L 2.706 36.632 -5.455
R 1.197 34.63 -8.39
A -1.9 34.078 -6.161
M -4.959 35.305 -8.042
D -8.033 34.497 -10.124
T -7.267 32.224 -13.106
G -10.045 32.314 -15.773
L -10.18 29.783 -18.61
Y -11.717 30.965 -21.878
I -13.172 28.087 -23.947
C -13.621 28.527 -27.72
K -15.43 25.822 -29.767
V -14.109 26.97 -33.163
E -15.212 24.425 -35.833
L -17.533 23.125 -37.101
M -19.723 26.261 -36.834
Y -21.412 27.783 -34.987
P -18.476 29.346 -33.061
P -19.0 29.251 -29.259
P -17.272 31.368 -26.581
Y -17.46 30.617 -22.857
Y -15.864 32.454 -19.912
L -15.675 30.676 -16.532
G -16.031 32.294 -13.106
I -12.282 31.719 -12.653
G -10.405 29.507 -10.204
N -8.841 31.363 -7.238
G -5.337 29.872 -6.757
T -3.815 30.458 -3.291
Q -0.095 29.668 -3.334
I 1.316 29.033 0.121
Y 5.029 29.67 0.642
V 12.274 31.671 -30.655
I 9.511 30.977 -33.241
D 10.07 32.018 -36.899
X 0 0 0
X 0 0 0
X 0 0 0
X 0 0 0
X 0 0 0
X 0 0 0
X 0 0 0
X 0 0 0
X 0 0 0
X 0 0 0
X 0 0 0
X 0 0 0
X 0 0 0
X 0 0 0
X 0 0 0
X 0 0 0
X 0 0 0
X 0 0 0
X 0 0 0
X 0 0 0
X 0 0 0
X 0 0 0
