E -14.561 60.42 16.527
V -11.393 62.274 17.652
Q -11.337 66.052 18.293
L -8.642 68.521 19.434
V -9.696 71.892 20.949
E -6.997 74.542 21.473
S -7.083 77.613 23.756
G -4.785 80.1 25.528
G -3.705 82.037 22.401
G -3.727 85.842 22.111
L -1.428 88.899 22.085
I 1.546 89.388 24.442
Q 4.497 91.799 24.777
P 8.052 90.539 24.119
G 9.539 88.738 27.167
G 6.066 87.69 28.445
S 4.589 84.166 28.59
L 1.515 82.205 27.414
R 0.113 78.708 28.013
L -1.623 76.756 25.222
S -4.154 73.992 26.037
C -5.286 71.109 23.786
A -8.384 69.373 25.192
V -8.51 65.885 23.626
S -11.602 63.754 22.952
G -11.37 60.281 21.308
F -8.005 58.964 22.587
T -5.947 58.791 25.792
V -3.249 61.515 25.778
S -1.045 59.704 28.388
K -0.593 56.686 26.016
N -0.147 58.596 22.707
Y 2.521 60.788 21.122
M 1.593 64.417 20.487
S 3.391 67.458 19.041
W 3.096 71.263 19.092
V 3.692 72.671 15.588
R 3.6 76.312 14.43
Q 3.488 77.954 10.986
A 4.879 81.517 10.746
P 3.218 83.654 8.02
G 4.658 82.874 4.541
K 6.656 79.931 6.016
G 6.395 76.166 6.477
L 5.512 74.287 9.666
E 8.068 74.276 12.492
W 7.884 71.275 14.883
V 8.346 72.974 18.274
S 7.953 70.15 20.833
V 7.125 66.431 20.768
V 6.022 64.181 23.616
Y 6.18 60.439 22.912
S 3.825 57.72 24.216
G 6.295 56.783 27.01
G 6.78 60.4 28.191
S 10.085 61.351 26.474
K 10.075 64.999 25.286
T 12.098 66.814 22.611
Y 12.318 70.511 21.703
A 13.535 72.395 18.633
D 16.724 74.448 19.288
S 14.637 77.595 18.486
V 12.642 77.128 21.771
K 15.146 75.086 23.844
G 15.166 76.123 27.54
R 12.165 78.463 27.056
F 9.28 76.085 26.075
T 7.903 73.162 28.071
I 5.423 70.486 26.927
S 3.236 68.54 29.367
R 0.119 66.369 29.512
D -2.503 65.906 32.258
N -4.031 62.398 32.446
S -7.148 63.376 34.501
K -7.999 66.328 32.153
N -6.732 64.414 29.03
T -5.111 67.685 27.889
L -1.801 68.648 26.255
Y -0.096 71.883 27.448
L 2.66 74.123 26.046
Q 4.218 76.662 28.461
M 5.861 79.38 26.311
N 8.244 81.654 28.315
S 10.578 84.553 27.29
L 8.633 84.972 24.009
R 10.529 86.667 21.124
A 9.12 88.297 17.943
E 9.981 85.227 15.747
D 7.556 83.079 17.779
T 4.576 84.854 16.166
A 2.671 82.098 14.296
V -0.448 79.905 14.256
Y 0.171 77.117 16.837
Y -1.268 73.605 16.294
C -1.427 70.586 18.601
A -1.419 67.283 16.71
R -1.495 63.553 17.361
A 1.384 63.298 14.879
V 5.15 62.866 14.854
P 7.722 64.859 12.813
H 9.427 61.727 11.358
S 6.736 60.856 8.779
P 3.056 61.711 8.377
S 0.251 59.184 9.006
S -3.296 58.779 7.647
F -4.285 58.606 11.392
D -2.711 62.038 12.088
I -5.183 64.48 13.701
W -4.637 68.273 13.884
G -6.239 70.919 16.1
Q -8.009 73.897 14.447
G -4.986 76.075 15.427
T -4.804 79.202 17.595
M -3.151 82.522 16.665
V -0.279 83.682 18.943
T 1.037 87.246 18.379
V 3.998 88.558 20.438
X 0 0 0
X 0 0 0
X 0 0 0
X 0 0 0
X 0 0 0
X 0 0 0
X 0 0 0
X 0 0 0
X 0 0 0
X 0 0 0
X 0 0 0
X 0 0 0
X 0 0 0
X 0 0 0
X 0 0 0
X 0 0 0
X 0 0 0
X 0 0 0
X 0 0 0
X 0 0 0
X 0 0 0
X 0 0 0
X 0 0 0
