Q -12.389 -27.276 8.12
V -10.419 -24.182 7.03
Q -7.13 -23.272 8.699
L -5.253 -20.076 9.459
Q -1.501 -19.5 9.395
E -0.581 -16.153 10.947
S 2.906 -14.799 11.344
G 5.245 -11.85 11.519
G 4.578 -10.061 14.782
G 7.241 -8.783 17.118
S 8.587 -5.72 18.94
V 9.765 -2.278 17.806
Q 10.649 1.171 19.083
A 8.264 4.068 18.476
G 8.177 4.912 14.773
G 9.282 1.512 13.533
S 7.307 -0.951 11.437
L 6.24 -4.596 11.313
R 4.543 -6.73 8.656
L 1.812 -9.182 9.669
S 1.009 -12.189 7.498
C -2.072 -14.355 7.131
A -2.947 -17.227 4.833
A -6.052 -19.384 4.674
S -5.622 -23.03 3.757
G -8.868 -24.639 2.708
P -10.876 -25.599 -0.361
T -9.108 -23.76 -3.162
Y -12.416 -22.681 -4.659
S -13.298 -20.743 -1.473
S -12.823 -16.985 -1.259
Y -12.591 -15.028 1.986
F -13.008 -11.41 2.968
M -10.02 -11.041 5.283
A -9.496 -8.597 8.168
W -7.23 -7.868 11.111
F -8.697 -6.923 14.492
R -6.554 -5.952 17.48
Q -7.19 -6.279 21.214
A -5.526 -3.949 23.761
P -4.902 -5.339 27.309
G -8.31 -5.2 29.016
M -10.142 -3.442 26.151
E -12.207 -5.002 23.358
R -11.454 -6.22 19.831
E -11.633 -3.347 17.348
G -11.286 -3.473 13.577
V -8.003 -2.334 12.033
A -7.988 -3.132 8.285
A -9.771 -5.418 5.823
S -9.656 -6.421 2.181
S -11.793 -8.42 -0.226
Y -10.561 -11.615 -1.826
D -9.409 -9.902 -5.056
G -7.867 -6.849 -3.346
S -10.543 -4.793 -5.074
T -11.859 -3.242 -1.833
T -9.616 -2.286 1.06
L -10.895 -0.695 4.257
Y -9.159 0.995 7.217
A -10.36 2.11 10.653
D -9.895 5.67 11.953
S -6.955 4.718 14.175
V -4.975 3.797 11.02
K -4.742 7.324 9.534
G -3.172 5.993 6.354
R -0.296 4.423 8.29
F -1.181 0.742 7.63
T -1.491 -0.993 4.258
I -2.863 -4.345 3.201
S -1.113 -5.913 0.239
Q -2.077 -9.025 -1.707
G 0.099 -12.095 -1.271
N 1.707 -14.448 -3.773
A -1.014 -17.06 -3.271
K -4.794 -17.283 -3.413
N -6.033 -16.377 0.061
T -2.915 -14.887 1.665
K -2.202 -11.29 2.553
F 0.121 -9.003 4.512
L -0.686 -6.045 6.746
L 2.183 -3.544 6.862
L 2.283 -1.515 10.087
N 4.155 1.779 9.628
N 4.882 4.633 12.036
L 4.056 2.481 15.04
E 3.246 4.14 18.377
P 2.86 2.611 21.858
E -0.939 2.9 21.576
D -0.771 0.269 18.811
T 0.52 -2.408 21.187
A -1.87 -5.37 21.154
I -2.558 -8.892 19.86
Y -3.554 -8.767 16.187
Y -6.078 -11.35 15.034
C -6.645 -12.447 11.44
A -10.35 -12.938 10.657
L -11.975 -14.555 7.623
R -15.472 -14.258 6.151
R -16.544 -17.089 3.852
R -20.215 -16.038 3.639
G -21.067 -13.767 0.724
W -21.846 -10.102 1.253
S -23.754 -7.337 -0.487
N -21.821 -4.473 1.081
T -19.086 -3.877 3.599
S -20.978 -1.795 6.136
G -20.667 -4.606 8.658
W -16.943 -5.082 8.326
K -16.033 -3.652 11.767
Q -18.243 -6.107 13.77
P -16.674 -9.403 14.907
G -19.925 -11.184 14.023
W -19.328 -10.283 10.388
Y -16.694 -13.034 10.217
D -16.575 -16.817 10.433
Y -13.054 -18.054 11.341
W -10.558 -16.483 13.716
G -6.891 -16.883 14.504
Q -5.027 -16.987 17.758
G -3.387 -13.688 16.844
T 0.147 -12.442 17.243
Q 1.661 -9.921 19.656
V 2.799 -6.491 18.505
T 4.829 -4.496 20.992
V 6.222 -0.952 20.897
X 0 0 0
X 0 0 0
X 0 0 0
X 0 0 0
X 0 0 0
X 0 0 0
X 0 0 0
X 0 0 0
X 0 0 0
X 0 0 0
X 0 0 0
X 0 0 0
X 0 0 0
X 0 0 0
