Q 111.507 96.465 142.884
V 111.536 99.935 141.359
Q 111.975 102.498 144.111
L 113.01 106.141 143.991
Q 114.472 107.986 146.973
E 114.674 111.766 146.91
S 116.746 113.75 149.38
G 117.588 117.322 150.247
G 115.17 120.145 150.752
G 114.376 121.963 153.974
L 113.322 125.341 155.343
V 115.107 127.93 153.203
Q 114.448 131.667 153.188
P 113.284 133.311 149.945
G 116.058 133.783 147.434
G 117.936 130.855 148.926
S 119.06 127.658 147.193
L 118.665 123.887 147.393
R 119.595 120.72 145.536
L 117.253 117.725 145.431
S 118.985 114.418 144.701
C 116.794 111.576 143.406
A 118.481 108.164 143.491
A 116.807 105.335 141.595
S 117.174 101.655 142.411
G 115.517 98.687 140.783
F 115.881 99.192 137.051
T 118.225 100.419 134.313
F 118.523 104.162 134.82
S 119.672 104.984 131.297
N 116.584 103.72 129.489
Y 113.971 105.881 131.249
K 113.064 109.522 130.757
M 112.987 111.242 134.139
N 110.821 114.062 135.492
W 110.497 116.189 138.621
V 106.854 116.576 139.686
R 106.099 118.993 142.531
Q 102.874 119.339 144.531
A 102.193 122.596 146.366
P 99.988 122.498 149.49
G 96.316 122.734 148.619
K 96.662 122.163 144.868
G 96.869 119.187 142.553
L 100.054 117.677 141.217
E 102.224 119.966 139.101
W 104.994 119.03 136.692
V 108.29 120.845 137.098
S 110.93 119.607 134.715
D 111.95 116.666 132.565
I 115.267 115.33 131.287
S 115.566 112.788 128.496
Q 117.303 109.408 128.388
S 120.819 110.866 128.404
G 120.484 114.547 129.274
A 120.213 115.333 125.57
S 116.966 117.337 125.625
I 115.762 119.091 128.776
S 112.532 120.981 129.353
Y 111.029 123.066 132.149
T 107.668 124.324 133.294
G 107.412 128.05 132.691
S 107.38 129.099 136.337
V 110.756 127.468 137.095
K 112.392 128.322 133.779
G 115.668 130.161 134.187
R 115.881 129.297 137.896
F 116.26 125.528 138.328
T 118.481 123.089 136.502
I 118.202 119.311 136.216
S 121.202 117.032 135.71
R 121.327 113.27 135.195
D 124.255 111.042 136.162
N 123.786 107.461 134.972
A 127.1 106.386 136.509
K 126.063 107.091 140.091
N 122.442 106.323 139.088
T 120.815 109.578 140.175
L 119.542 112.971 139.031
Y 119.736 116.371 140.707
L 117.383 119.357 140.617
Q 119.524 122.353 141.568
M 117.143 125.135 142.609
N 118.341 128.719 143.025
S 116.494 131.976 143.777
L 113.618 130.133 145.429
K 110.351 132.069 145.68
P 107.696 131.868 148.427
E 105.569 129.79 146.02
D 108.182 127.083 145.363
T 107.16 125.504 148.673
A 105.944 122.033 147.736
V 106.709 118.347 147.957
Y 109.02 117.26 145.125
Y 108.475 113.743 143.803
C 110.975 112.503 141.224
A 108.876 110.609 138.715
R 109.938 108.134 136.063
C 108.024 107.633 132.862
P 106.464 104.156 132.845
A 108.04 102.78 129.658
P 111.678 102.578 128.552
F 113.036 103.594 125.153
T 110.217 106.073 124.47
R 109.463 109.793 124.719
D 105.957 109.997 126.249
C 104.658 109.56 129.78
F 101.555 110.232 131.868
D 102.994 110.657 135.368
V 101.32 113.667 136.983
T 98.408 111.503 138.027
S 95.981 112.844 140.61
T 96.446 110.278 143.37
T 98.432 107.123 142.563
Y 101.297 106.566 140.157
A 103.411 103.522 140.83
Y 106.822 104.724 139.593
R 107.388 107.917 141.546
G 109.2 108.391 144.809
Q 107.963 109.736 148.129
G 108.811 113.416 148.249
T 111.005 115.915 150.096
Q 108.836 118.732 151.41
V 110.679 121.894 150.387
T 109.308 124.757 152.477
V 109.977 128.428 151.728
S 108.66 131.255 153.905
S 109.898 134.281 155.823
X 0 0 0
X 0 0 0
X 0 0 0
X 0 0 0
X 0 0 0
X 0 0 0
X 0 0 0
X 0 0 0
X 0 0 0
X 0 0 0
X 0 0 0
X 0 0 0
