M 119.389 175.822 111.207
A 117.816 172.646 112.558
S 115.809 170.297 110.3
N 112.499 171.453 111.882
N 112.652 174.15 109.146
T 111.831 171.486 106.542
A 109.027 170.029 108.676
S 107.38 173.435 109.148
I 107.872 174.175 105.442
A 106.13 170.922 104.533
Q 103.317 171.699 106.992
A 102.712 175.091 105.378
R 102.881 173.419 101.963
K 100.161 171.011 103.178
L 98.009 173.628 104.992
V 97.004 175.706 101.948
E 95.611 172.847 99.77
Q 91.901 172.69 98.918
L 89.55 170.4 100.865
K 86.117 169.237 99.666
M 83.435 168.305 102.145
E 83.57 164.746 103.487
A 79.953 164.305 102.34
N 81.007 164.909 98.729
I 83.921 162.46 98.929
D 81.613 159.822 100.4
R 79.072 160.445 97.657
I 81.793 160.066 94.999
K 83.005 156.781 96.449
V 79.542 155.241 96.737
S 78.577 156.518 93.273
K 81.668 154.73 91.911
A 80.921 151.529 93.83
A 77.316 151.471 92.584
A 78.56 152.379 89.072
D 80.672 149.197 89.024
L 78.528 146.74 91.064
M 77.676 144.547 88.042
A 81.284 144.466 86.743
Y 82.781 143.047 89.958
C 82.955 139.213 90.057
E 83.631 139.089 93.805
A 80.598 141.194 94.626
H 78.327 139.749 91.902
A 79.366 136.147 91.119
K 79.191 135.287 87.405
E 77.85 131.777 86.682
D 80.198 128.811 86.831
P 80.213 128.412 83.029
L 82.416 131.528 82.752
L 84.754 131.334 85.751
T 88.27 130.233 84.708
P 88.98 128.969 88.242
V 86.539 126.096 87.988
P 84.878 125.316 84.65
A 95.491 118.54 75.921
S 97.822 119.196 72.952
E 100.798 121.142 71.532
N 101.978 124.007 73.841
P 99.746 122.866 76.73
F 101.686 119.587 76.864
R 104.99 121.501 76.613
E 103.77 123.644 79.524
K 103.205 120.487 81.594
K 106.667 119.238 80.498
F 108.326 122.452 81.679
F 106.344 122.286 84.937
C 107.716 118.757 85.539
A 111.314 119.867 84.823
I 110.781 122.638 87.383
L 109.374 120.101 89.844
X 0 0 0
X 0 0 0
X 0 0 0
X 0 0 0
X 0 0 0
X 0 0 0
X 0 0 0
X 0 0 0
X 0 0 0
X 0 0 0
X 0 0 0
X 0 0 0
X 0 0 0
X 0 0 0
X 0 0 0
X 0 0 0
X 0 0 0
X 0 0 0
X 0 0 0
X 0 0 0
X 0 0 0
X 0 0 0
X 0 0 0
X 0 0 0
X 0 0 0
X 0 0 0
X 0 0 0
X 0 0 0
X 0 0 0
X 0 0 0
X 0 0 0
X 0 0 0
X 0 0 0
X 0 0 0
X 0 0 0
X 0 0 0
X 0 0 0
X 0 0 0
X 0 0 0
X 0 0 0
X 0 0 0
X 0 0 0
X 0 0 0
X 0 0 0
X 0 0 0
X 0 0 0
X 0 0 0
X 0 0 0
X 0 0 0
X 0 0 0
X 0 0 0
X 0 0 0
X 0 0 0
X 0 0 0
X 0 0 0
X 0 0 0
X 0 0 0
X 0 0 0
X 0 0 0
X 0 0 0
X 0 0 0
X 0 0 0
X 0 0 0
X 0 0 0
X 0 0 0
X 0 0 0
X 0 0 0
X 0 0 0
X 0 0 0
