Q 98.101 162.115 115.866
V 99.85 159.871 118.415
Q 101.582 162.255 120.832
L 103.129 162.089 124.332
Q 103.405 165.335 126.321
E 106.076 164.785 128.952
S 105.618 167.713 131.33
G 107.284 167.52 134.787
G 111.042 167.939 134.665
G 113.197 170.607 136.262
L 116.156 171.365 138.532
V 116.766 169.963 142.021
Q 119.538 169.695 144.572
P 120.844 166.194 145.323
G 118.475 164.177 147.465
G 115.587 166.127 145.956
S 112.426 164.713 144.448
L 110.503 165.242 141.229
R 107.391 163.69 139.661
L 107.456 163.377 135.866
S 104.082 163.29 134.076
C 103.214 162.23 130.517
A 99.835 163.044 128.988
A 99.084 160.585 126.168
S 96.792 161.402 123.243
G 95.625 159.806 120.012
F 95.644 156.149 121.05
T 93.734 153.65 123.202
F 96.056 154.119 126.18
S 94.817 151.084 128.162
N 95.996 148.706 125.398
Y 99.686 149.684 125.418
K 102.654 148.786 127.562
M 104.64 151.906 128.427
N 108.185 152.878 129.379
W 110.324 155.774 130.554
V 113.651 156.352 128.77
R 116.425 158.827 129.568
Q 119.564 160.216 127.949
A 122.393 161.657 130.03
P 124.372 164.306 128.115
G 126.863 162.723 125.75
K 125.482 159.206 126.344
G 123.033 157.334 124.186
L 119.51 156.51 125.316
E 118.927 154.123 128.237
W 115.839 152.351 129.601
V 114.648 153.323 133.078
S 111.39 151.518 133.865
D 108.337 149.711 132.477
I 104.62 149.281 133.248
S 102.115 146.825 131.738
Q 98.552 147.679 130.667
S 97.063 147.552 134.166
G 100.115 147.685 136.437
A 100.187 143.883 136.582
S 103.936 144.257 136.114
I 106.546 146.905 136.866
S 110.293 146.739 136.177
Y 113.257 149.009 136.732
T 116.9 149.426 135.903
G 119.106 148.369 138.801
S 120.429 151.892 139.22
V 116.903 153.004 140.139
K 115.089 150.132 141.781
G 114.258 151.832 145.068
R 114.684 155.443 143.978
F 111.988 155.86 141.31
T 108.514 154.424 140.973
I 106.172 154.393 137.96
S 102.447 154.887 138.24
R 99.701 154.867 135.61
D 96.075 156.065 135.336
N 94.123 154.562 132.391
A 91.14 156.763 133.269
K 92.883 160.005 132.248
N 95.753 158.721 130.043
T 98.62 159.862 132.257
L 101.911 158.076 132.97
Y 104.018 158.999 135.987
L 107.523 158.591 137.38
Q 107.789 159.549 141.046
M 111.517 160.134 141.743
N 112.317 160.156 145.46
S 116.093 160.215 146.007
L 117.696 162.019 143.089
K 121.433 161.971 142.482
P 123.724 163.92 140.097
E 124.003 160.973 137.681
D 120.237 161.279 137.114
T 120.88 164.502 135.17
A 119.304 163.548 131.858
V 116.54 164.201 129.36
Y 113.653 161.841 130.167
Y 111.349 160.504 127.423
C 108.021 158.783 127.763
A 107.919 155.957 125.281
R 105.149 153.626 124.101
C 105.538 150.068 122.863
P 104.86 149.736 119.104
A 101.866 147.412 119.138
P 98.976 146.88 121.598
F 98.237 143.646 123.456
T 101.898 142.53 123.177
R 104.83 142.45 125.567
D 108.009 142.652 123.458
C 109.043 146.298 124.025
F 111.159 146.584 120.841
D 112.85 149.79 119.623
V 111.898 152.088 122.516
T 115.548 153.161 122.982
S 116.208 153.653 119.235
T 117.922 156.839 118.043
T 114.821 157.759 116.041
Y 111.556 156.279 117.224
A 108.012 157.383 116.41
Y 106.031 156.678 119.585
R 108.188 158.632 122.018
G 107.726 162.134 123.36
Q 109.855 165.24 123.11
G 110.876 164.695 126.739
T 111.877 166.969 129.618
Q 115.339 167.581 131.079
V 115.961 166.84 134.766
T 118.961 168.545 136.38
V 120.407 167.462 139.723
S 122.79 170.256 140.681
X 0 0 0
X 0 0 0
X 0 0 0
X 0 0 0
X 0 0 0
X 0 0 0
X 0 0 0
X 0 0 0
X 0 0 0
X 0 0 0
X 0 0 0
X 0 0 0
X 0 0 0
