S -49.99 -19.111 31.352
Q -51.24 -18.966 34.955
Q -51.186 -18.891 34.933
V -48.736 -19.349 37.783
Q -49.15 -19.519 41.536
L -46.04 -18.96 43.666
Q -46.745 -20.319 47.155
E -44.359 -18.84 49.73
S -43.886 -20.475 53.123
G -41.387 -21.251 55.883
G -41.189 -17.89 57.61
G -41.341 -17.663 61.363
L -40.362 -15.942 64.577
V -36.86 -16.935 65.75
Q -34.057 -15.697 67.997
P -30.76 -14.278 66.685
G -28.512 -17.101 65.528
G -31.469 -19.31 64.559
S -32.409 -20.778 61.168
S -32.413 -20.724 61.161
L -35.407 -20.877 58.816
R -35.944 -22.473 55.403
R -35.938 -22.476 55.404
L -38.236 -20.582 53.052
S -40.033 -22.415 50.257
S -40.058 -22.388 50.261
C -41.146 -20.961 46.906
A -43.436 -23.63 45.416
A -44.574 -22.915 41.853
S -47.654 -24.487 40.298
G -49.79 -23.797 37.279
S -50.377 -24.196 33.56
F -47.187 -22.46 32.474
F -44.336 -20.499 34.013
E -40.631 -19.816 33.489
F -38.87 -21.304 36.519
G -35.32 -21.04 35.135
T -34.61 -17.957 37.285
V -36.041 -17.661 40.796
G -35.372 -14.676 43.044
W -35.989 -14.24 46.741
F -36.789 -10.633 47.643
R -37.404 -8.976 50.955
Q -38.857 -5.697 52.176
A -37.841 -4.549 55.658
P -39.741 -1.9 57.655
G -39.346 1.487 56.005
K -37.114 0.114 53.235
Q -37.413 -0.632 49.504
R -37.701 -4.195 48.312
E -34.319 -5.754 47.535
L -33.167 -8.904 45.785
V -31.701 -11.177 48.488
S -30.715 -14.205 46.429
R -31.173 -15.58 42.913
I -30.689 -18.95 41.238
T -30.525 -19.354 37.45
G -30.197 -22.722 35.854
N -28.86 -25.29 38.273
D -25.884 -23.435 39.672
H -25.58 -19.726 38.861
R -26.305 -18.146 42.225
Y -26.356 -14.608 43.61
Y -26.424 -13.414 47.222
A -26.737 -9.838 48.429
D -23.653 -8.734 50.372
S -25.575 -8.614 53.668
V -26.426 -12.351 53.448
K -23.346 -13.835 51.703
G -22.215 -16.965 53.528
R -25.344 -17.104 55.704
F -28.061 -17.902 53.132
T -28.168 -20.769 50.619
I -30.555 -20.974 47.668
S -31.371 -24.384 46.19
R -33.8 -26.346 44.022
D -35.997 -29.248 45.057
N -34.878 -32.31 43.097
D -38.383 -33.454 42.065
E -40.719 -30.421 42.095
T -40.823 -26.84 40.797
T -39.813 -25.479 44.206
V -36.84 -23.353 45.298
Y -35.619 -23.085 48.907
L -33.848 -20.31 50.806
Q -31.967 -21.763 53.773
M -31.322 -18.872 56.171
D -28.697 -19.559 58.852
S -27.1 -17.336 61.505
L -30.142 -15.053 61.415
K -29.825 -11.408 62.555
P -32.431 -8.833 63.64
E -31.721 -6.954 60.388
D -33.05 -9.988 58.455
T -36.567 -9.214 59.758
A -38.768 -8.536 56.71
I -41.521 -9.932 54.56
Y -39.933 -12.202 51.956
H -41.32 -12.795 48.465
C -40.213 -14.982 45.612
N -40.517 -14.083 41.96
I -39.631 -15.199 38.433
L -38.682 -13.406 35.234
E -41.219 -12.271 32.644
G -39.205 -11.434 29.554
Q -36.385 -9.045 30.485
R -37.812 -8.076 33.889
W -38.995 -9.513 37.173
S -42.68 -10.425 36.93
N -45.491 -8.394 38.508
Y -46.634 -11.392 40.598
W -45.904 -10.286 44.202
G -48.054 -12.641 46.238
Q -48.523 -12.597 49.97
G -44.998 -13.55 50.943
T -43.884 -15.067 54.212
Q -42.955 -13.133 57.345
V -39.513 -13.477 58.946
T -39.018 -11.939 62.383
V -35.683 -12.274 64.192
S -35.88 -11.357 67.902
X 0 0 0
X 0 0 0
X 0 0 0
X 0 0 0
X 0 0 0
X 0 0 0
X 0 0 0
X 0 0 0
X 0 0 0
X 0 0 0
X 0 0 0
X 0 0 0
X 0 0 0
X 0 0 0
X 0 0 0
X 0 0 0
X 0 0 0
X 0 0 0
X 0 0 0
