Q 72.373 -77.13 30.054
V 72.668 -73.282 30.103
Q 69.323 -71.435 29.886
L 68.447 -67.821 29.0
Q 65.232 -66.154 30.205
E 64.187 -63.239 28.031
S 61.232 -61.222 29.242
G 59.654 -57.871 28.479
G 59.351 -55.865 25.253
G 56.03 -55.069 23.644
L 54.417 -52.336 21.522
V 54.543 -48.578 22.262
Q 53.739 -45.226 20.551
A 56.772 -43.128 19.489
G 58.432 -41.381 22.44
G 57.301 -44.179 24.775
S 59.512 -46.536 26.755
L 59.892 -50.305 27.188
R 62.125 -52.598 29.29
L 63.871 -55.92 28.587
S 65.313 -58.516 30.98
C 67.615 -61.491 30.384
A 68.343 -64.026 33.155
A 71.296 -66.385 32.747
S 71.391 -69.728 34.534
G 73.58 -72.811 34.154
S 77.3 -71.956 34.727
D 79.849 -69.425 36.04
F 78.755 -66.033 34.657
S 81.423 -64.192 36.684
S 83.878 -62.47 34.266
S 81.203 -62.797 31.554
T 79.767 -60.531 28.869
M 76.012 -59.702 28.794
G 73.881 -57.481 26.598
W 71.451 -57.145 23.7
Y 71.632 -57.146 19.862
R 68.729 -56.238 17.527
Q 67.676 -57.335 14.018
A 64.881 -55.727 11.924
P 63.293 -58.141 9.364
G 65.497 -58.515 6.263
K 68.192 -56.171 7.741
Q 71.553 -56.942 9.408
R 72.01 -57.709 13.124
E 73.481 -54.788 15.091
F 74.638 -54.654 18.716
V 72.57 -52.326 20.949
A 74.162 -52.288 24.426
I 76.483 -54.826 26.05
S 78.294 -55.167 29.437
S 81.724 -56.63 29.067
E 83.215 -56.891 32.581
G 85.94 -54.355 31.617
S 83.554 -51.778 30.105
T 79.942 -51.477 29.001
S 79.424 -50.388 25.383
Y 76.592 -48.455 23.61
A 75.628 -48.072 19.919
G 75.441 -44.63 18.283
S 71.652 -44.62 17.693
V 70.814 -45.566 21.32
K 73.158 -43.085 23.089
G 71.434 -41.638 26.189
R 68.01 -43.079 25.228
F 68.896 -46.695 26.18
T 70.509 -47.782 29.448
I 71.96 -51.166 30.274
S 72.061 -52.205 33.947
R 73.358 -55.358 35.574
D 72.428 -57.215 38.75
N 75.633 -59.294 39.074
A 73.976 -61.168 42.022
K 71.004 -62.537 39.993
N 73.025 -63.008 36.683
T 70.51 -60.625 35.131
V 70.902 -57.759 32.664
Y 68.262 -55.106 31.974
L 67.75 -52.782 29.035
Q 65.818 -49.6 29.767
M 64.83 -48.184 26.374
N 63.367 -44.662 26.672
S 62.504 -42.215 23.821
L 61.539 -45.022 21.391
E 61.599 -44.171 17.67
P 59.962 -46.382 14.988
E 63.374 -47.363 13.585
D 64.078 -49.118 16.93
T 61.486 -51.784 15.866
A 63.275 -55.162 15.792
V 63.51 -58.546 17.451
Y 65.953 -58.032 20.362
Y 68.253 -60.994 21.232
C 70.157 -61.088 24.558
N 73.803 -62.145 24.227
V 75.665 -63.858 27.096
V 79.301 -64.933 26.637
D 80.979 -67.084 29.337
R 84.439 -68.729 29.302
W 83.02 -71.703 27.285
Y 80.48 -70.53 24.658
D 78.425 -67.608 23.471
Y 74.667 -67.878 24.008
W 71.743 -66.145 22.261
G 68.19 -65.647 23.49
Q 65.077 -66.647 21.557
G 64.428 -62.972 20.868
T 61.886 -60.439 22.048
Q 59.862 -58.253 19.678
V 59.97 -54.484 20.195
T 57.637 -52.593 17.872
V 57.288 -48.806 17.903
S 54.195 -47.211 16.291
A 53.831 -43.72 14.819
G 50.826 -41.718 13.568
R 47.049 -41.086 14.005
A 45.36 -43.482 16.496
G 41.881 -42.797 15.053
E 39.739 -42.943 18.231
Q 36.418 -41.226 17.246
X 0 0 0
X 0 0 0
X 0 0 0
X 0 0 0
X 0 0 0
X 0 0 0
X 0 0 0
X 0 0 0
X 0 0 0
X 0 0 0
X 0 0 0
X 0 0 0
X 0 0 0
X 0 0 0
X 0 0 0
X 0 0 0
X 0 0 0
X 0 0 0
X 0 0 0
X 0 0 0
