Q 15.22 -5.717 -44.876
V 12.638 -6.949 -47.394
Q 11.723 -3.883 -49.456
L 9.27 -3.726 -52.368
Q 9.423 -0.443 -54.293
E 6.766 0.416 -56.885
S 7.247 2.844 -59.775
G 5.125 4.357 -62.53
G 1.671 5.799 -61.927
G 0.497 9.299 -62.728
L -2.263 11.068 -64.615
V -3.452 9.834 -68.01
Q -6.626 10.38 -70.011
P -9.196 7.551 -69.923
G -8.576 4.969 -72.623
G -4.786 5.257 -72.54
S -2.18 2.775 -71.363
L 0.404 2.747 -68.586
R 3.081 0.308 -67.417
L 4.29 0.073 -63.824
S 6.953 -1.988 -62.102
C 7.853 -3.516 -58.744
A 11.449 -4.039 -57.608
A 11.838 -6.333 -54.599
S 14.97 -7.038 -52.578
G 16.101 -8.713 -49.379
F 14.948 -12.186 -50.44
T 15.212 -14.763 -53.222
F 12.768 -13.294 -55.74
S 12.849 -16.402 -57.949
N 10.939 -18.734 -55.615
Y 7.899 -16.731 -54.492
K 4.373 -16.518 -55.878
M 3.598 -12.799 -56.281
N 0.669 -10.638 -57.355
W -0.75 -7.104 -57.071
V -3.419 -5.451 -54.93
R -5.429 -2.338 -55.761
Q -7.275 -0.01 -53.407
A -9.889 2.44 -54.633
P -10.338 5.655 -52.614
G -12.999 4.973 -50.014
K -13.204 1.251 -50.801
G -11.668 -1.93 -49.458
L -8.641 -3.594 -50.984
E -9.174 -5.607 -54.157
W -7.334 -8.247 -56.186
V -6.196 -8.116 -59.817
S -3.477 -10.578 -60.847
D -1.052 -13.311 -59.772
I 2.288 -14.812 -60.849
S 3.543 -18.299 -60.009
Q 7.162 -19.122 -59.159
S 7.808 -19.641 -62.894
G 5.029 -18.029 -64.949
A 2.639 -21.001 -65.081
S -0.594 -19.783 -63.461
I -1.521 -16.237 -64.497
S -4.808 -15.669 -62.675
Y -6.716 -12.45 -63.339
T -9.761 -10.767 -61.866
G -12.819 -10.973 -64.098
S -13.082 -7.181 -63.984
V -9.644 -6.988 -65.663
K -9.508 -10.439 -67.278
G -7.868 -10.425 -70.695
R -7.109 -6.689 -70.514
F -4.037 -6.232 -68.294
T -0.724 -7.96 -69.018
I 1.491 -9.058 -66.124
S 4.985 -10.544 -66.299
R 8.2 -10.707 -64.302
D 11.939 -11.303 -64.577
N 13.536 -13.465 -61.888
A 17.062 -12.554 -63.023
K 16.588 -8.816 -62.433
N 14.243 -9.544 -59.481
T 11.489 -7.384 -60.977
L 7.774 -7.741 -61.695
Y 5.846 -5.643 -64.226
L 2.138 -4.949 -64.711
Q 0.983 -3.16 -67.87
M -2.541 -1.727 -68.008
N -3.956 -1.36 -71.511
S -7.386 0.169 -72.177
L -7.506 1.975 -68.843
K -11.049 2.713 -67.659
P -12.318 5.588 -65.475
E -13.231 3.01 -62.798
D -9.601 1.914 -62.276
T -8.54 5.13 -60.501
A -6.847 3.722 -57.397
V -3.571 3.153 -55.549
Y -1.779 -0.068 -56.483
Y 0.462 -2.093 -54.161
C 2.901 -4.874 -55.063
A 2.241 -7.683 -52.585
R 3.775 -11.144 -52.316
C 2.654 -14.368 -50.697
P 4.494 -15.147 -47.436
A 4.877 -18.906 -47.81
P 7.893 -20.005 -49.889
F 7.214 -22.796 -52.391
T 3.454 -22.793 -51.835
R 0.163 -21.934 -53.533
D -1.623 -20.376 -50.531
C -1.74 -16.593 -50.189
F -3.251 -14.117 -47.725
D -2.147 -10.714 -49.014
V -5.402 -8.719 -48.978
T -5.663 -7.313 -45.447
S -6.804 -4.288 -43.447
T -3.471 -2.557 -44.276
T -1.264 -4.433 -41.796
Y 0.398 -6.82 -44.271
A 4.161 -6.265 -44.166
Y 5.247 -7.87 -47.456
R 3.693 -5.001 -49.421
G 5.291 -1.626 -50.109
Q 3.744 1.769 -50.729
G 1.922 1.634 -54.054
T 1.551 4.109 -56.894
Q -1.431 6.342 -57.66
V -3.27 6.135 -60.994
T -6.251 8.244 -62.081
V -8.063 9.303 -65.256
S -8.689 12.685 -66.846
S -11.956 14.356 -67.85
X 0 0 0
X 0 0 0
X 0 0 0
X 0 0 0
X 0 0 0
X 0 0 0
X 0 0 0
X 0 0 0
X 0 0 0
X 0 0 0
X 0 0 0
X 0 0 0
