Q -53.807 7.122 -23.635
V -51.757 5.144 -26.166
Q -53.053 4.236 -29.621
L -51.579 2.254 -32.527
V -52.216 2.074 -36.28
E -50.567 -0.373 -38.689
S -50.136 -0.101 -42.467
G -48.371 -1.838 -45.352
G -49.915 -5.3 -45.397
G -50.817 -7.276 -48.506
L -49.987 -10.175 -50.825
V -46.466 -11.368 -51.634
Q -44.853 -14.146 -53.691
A -42.094 -16.381 -52.307
G -39.089 -14.154 -51.657
G -39.359 -10.391 -51.978
S -39.779 -7.671 -49.37
L -42.313 -5.951 -47.109
R -41.971 -2.888 -44.904
L -44.723 -2.539 -42.3
S -45.258 0.699 -40.356
C -46.93 1.629 -37.077
A -48.319 5.0 -35.966
V -48.284 5.994 -32.284
S -50.567 8.318 -30.268
G -47.886 10.41 -28.542
A -46.609 7.534 -26.421
G -42.942 7.702 -25.461
A -40.399 5.507 -23.669
H -42.03 2.172 -24.487
R -40.563 -1.09 -25.749
V -42.27 -2.151 -28.967
G -42.512 -5.513 -30.696
W -44.459 -7.149 -33.513
F -46.918 -10.039 -33.22
R -48.213 -12.214 -36.045
R -51.264 -14.436 -36.31
A -50.287 -17.771 -37.855
P -53.155 -20.27 -38.376
G -51.337 -23.032 -36.456
K -50.366 -21.262 -33.294
E -51.232 -17.497 -33.556
R -50.376 -14.534 -31.293
E -46.641 -15.125 -31.097
F -43.634 -12.838 -30.624
V -41.81 -11.702 -33.759
A -39.492 -8.721 -33.2
A -38.624 -6.163 -30.503
I -37.277 -2.617 -30.38
G -36.137 -0.386 -27.546
A -37.419 3.188 -27.187
S -33.865 4.414 -27.755
G -33.665 2.175 -30.815
G -31.25 -0.234 -29.165
M -31.757 -3.538 -27.361
T -33.295 -5.191 -30.391
N -34.69 -8.693 -30.195
Y -36.072 -11.084 -32.817
L -36.943 -14.755 -33.335
D -34.414 -17.459 -34.164
S -36.567 -18.767 -37.013
V -36.593 -15.212 -38.338
K -33.124 -14.226 -37.167
G -31.632 -12.16 -39.988
R -34.596 -11.964 -42.359
F -36.527 -9.275 -40.505
T -35.052 -5.997 -39.295
I -36.809 -3.579 -36.954
S -36.115 0.136 -36.483
R -37.951 3.307 -35.481
D -38.152 7.057 -35.995
N -39.137 8.773 -32.739
A -38.844 12.118 -34.504
K -41.407 10.961 -37.058
N -43.294 9.046 -34.354
T -43.468 5.729 -36.205
I -41.886 2.274 -36.217
Y -40.958 0.178 -39.239
L -40.5 -3.562 -39.732
Q -38.432 -4.611 -42.743
M -39.258 -8.121 -43.972
N -36.981 -9.974 -46.402
S -36.899 -13.476 -47.908
L -40.483 -14.309 -47.022
K -41.713 -17.869 -46.548
P -45.134 -19.613 -46.759
Q -44.775 -20.044 -42.99
D -44.67 -16.274 -42.507
T -48.187 -15.77 -43.87
A -49.973 -14.052 -40.972
V -51.776 -10.994 -39.647
Y -49.152 -8.697 -38.143
Y -50.07 -6.753 -35.0
C -48.171 -3.836 -33.473
A -47.895 -3.505 -29.68
A -46.757 -0.969 -27.062
R -45.404 -2.045 -23.66
D -46.228 -0.002 -20.587
I -43.358 1.304 -18.461
E -44.552 -0.339 -15.225
T -45.877 -3.674 -16.445
A -44.302 -5.245 -19.493
E -47.473 -6.859 -20.778
Y -48.062 -4.874 -23.975
I -51.381 -3.388 -22.863
Y -51.71 -0.853 -25.697
W -52.378 -2.585 -29.046
G -53.403 -1.969 -32.668
Q -55.865 -3.63 -35.068
G -53.218 -5.299 -37.244
T -52.946 -6.123 -40.948
Q -52.577 -9.081 -43.27
V -49.595 -10.703 -44.981
T -49.925 -13.662 -47.368
V -47.067 -15.757 -48.788
S -47.736 -18.218 -51.631
S -45.381 -20.57 -53.467
X 0 0 0
X 0 0 0
X 0 0 0
X 0 0 0
X 0 0 0
X 0 0 0
X 0 0 0
X 0 0 0
X 0 0 0
X 0 0 0
X 0 0 0
X 0 0 0
X 0 0 0
X 0 0 0
X 0 0 0
X 0 0 0
X 0 0 0
X 0 0 0
X 0 0 0
X 0 0 0
X 0 0 0
X 0 0 0
X 0 0 0
