Q 104.991 194.937 143.465
V 102.353 194.265 146.123
Q 100.693 197.507 147.246
L 100.339 196.354 150.834
Q 98.716 198.916 153.129
E 99.155 199.133 156.893
S 97.739 201.428 159.561
G 97.248 201.601 163.322
G 100.4 203.322 164.557
G 100.781 205.826 167.357
L 102.243 206.302 170.829
V 99.988 204.02 172.852
Q 100.357 203.863 176.628
A 101.554 200.875 178.628
G 98.842 198.464 179.734
G 96.443 199.542 176.975
S 95.199 198.054 173.717
L 95.802 198.972 170.082
R 94.331 197.623 166.843
L 96.709 197.463 163.879
S 95.08 196.895 160.498
C 96.501 195.715 157.191
A 94.878 195.681 153.76
A 96.034 193.679 150.756
S 96.764 195.135 147.327
G 93.113 195.579 146.335
N 92.992 192.306 144.391
I 90.44 189.509 144.689
F 92.561 186.466 143.888
A 94.329 185.103 146.956
Y 96.688 185.574 149.872
Y 97.586 182.494 151.876
I 99.571 183.543 154.972
M 99.222 187.036 156.421
G 100.688 188.175 159.697
W 102.713 190.677 161.673
Y 106.419 190.758 162.54
R 108.147 192.964 165.112
Q 111.522 194.689 165.261
A 113.073 196.566 168.178
P 115.699 199.269 167.698
G 118.955 197.299 167.478
K 117.329 193.904 166.864
E 116.196 191.853 163.888
R 112.663 191.42 162.587
E 110.958 188.933 164.913
L 107.703 187.109 164.248
V 104.571 188.17 166.115
A 101.81 186.164 164.463
T 100.586 184.532 161.252
I 97.238 183.281 159.969
D 96.357 181.221 156.897
I 93.152 181.003 154.871
G 92.104 177.954 156.899
G 92.183 179.722 160.258
N 95.192 177.703 161.464
T 96.603 180.674 163.354
N 100.057 180.882 164.921
Y 101.588 183.227 167.497
A 104.984 183.945 168.983
D 105.576 182.725 172.527
S 105.935 186.327 173.719
V 102.37 187.132 172.588
K 100.474 183.878 173.184
G 97.028 184.714 174.538
R 97.92 188.423 174.765
F 97.713 189.542 171.12
T 94.968 188.463 168.726
I 95.253 188.129 164.948
S 92.32 187.723 162.572
R 91.72 187.508 158.83
D 88.795 188.991 156.909
N 88.578 187.051 153.65
A 85.871 189.213 152.052
K 88.459 191.952 151.46
N 91.736 190.103 152.209
N 92.445 192.19 155.312
V 93.973 191.351 158.688
Y 93.593 192.875 162.136
L 95.78 192.493 165.217
Q 94.448 193.579 168.614
M 97.183 194.383 171.159
N 95.577 193.67 174.521
S 97.461 193.872 177.826
L 100.175 195.812 176.016
K 103.578 195.779 177.703
P 106.13 198.615 177.653
E 108.594 196.109 176.165
D 106.242 195.568 173.199
T 107.358 198.976 171.895
A 108.631 198.246 168.394
V 108.186 198.735 164.659
Y 105.691 196.201 163.324
Y 105.652 195.079 159.693
C 102.691 193.518 157.924
A 103.835 190.457 155.988
V 101.887 188.585 153.32
Q 102.691 185.556 151.215
A 101.168 183.305 148.56
V 101.407 179.484 148.433
P 103.085 178.409 151.684
I 105.983 176.451 150.141
R 107.827 178.512 147.511
Y 106.683 181.905 148.763
R 108.88 184.992 148.588
R 107.815 186.925 151.666
Y 106.884 190.528 150.902
W 107.115 193.377 153.405
G 105.518 196.803 153.659
Q 106.367 199.765 155.859
G 105.023 198.881 159.31
T 104.118 201.278 162.091
Q 105.654 202.191 165.435
V 103.803 200.885 168.499
T 104.552 202.336 171.931
X 0 0 0
X 0 0 0
X 0 0 0
X 0 0 0
X 0 0 0
X 0 0 0
X 0 0 0
X 0 0 0
X 0 0 0
X 0 0 0
X 0 0 0
X 0 0 0
X 0 0 0
X 0 0 0
X 0 0 0
X 0 0 0
X 0 0 0
X 0 0 0
X 0 0 0
X 0 0 0
X 0 0 0
X 0 0 0
X 0 0 0
X 0 0 0
X 0 0 0
