I 14.683 31.702 10.333
F 12.4 29.249 12.115
P 9.341 29.713 14.302
K 9.833 29.27 18.073
Q 10.141 25.607 19.082
Y 9.045 24.16 22.447
P 10.094 20.638 23.48
I 8.449 17.848 25.429
I 9.402 14.216 25.867
N 7.258 11.502 27.372
F 10.42 9.569 28.303
T 10.786 10.15 32.029
T 8.062 12.802 32.047
A 7.163 14.264 35.426
G 4.496 16.586 36.743
A 7.196 19.279 36.669
T 8.408 18.648 33.127
V 4.863 18.696 31.747
Q 4.031 21.866 33.715
S 7.181 23.585 32.378
Y 6.282 22.474 28.871
T 2.754 23.886 28.984
N 3.887 27.156 30.558
F 6.513 27.569 27.831
I 3.866 26.938 25.165
R 1.632 29.66 26.648
A 4.592 32.059 26.816
V 5.152 31.727 23.062
R 1.477 31.791 22.075
G 1.019 35.307 23.414
R 2.978 38.125 25.022
L 0.411 38.721 27.738
T 0.114 42.4 26.829
T -3.622 41.919 26.153
G -5.287 40.656 29.345
A -9.046 40.958 29.882
D -10.686 40.17 33.229
V -7.282 38.74 34.242
R -7.315 36.198 31.351
H -4.688 36.601 28.567
E -5.936 37.071 24.998
I -4.185 35.477 22.035
P -2.95 37.735 19.181
V -5.533 39.056 16.746
L -5.331 37.17 13.451
P -6.107 40.312 11.432
N -2.832 41.903 10.386
R -0.712 39.381 12.287
V 2.529 39.05 10.258
G 3.21 35.597 8.863
L 6.559 35.354 10.693
P 4.597 35.536 13.987
I 1.708 33.245 13.058
N 2.876 29.814 14.31
Q 4.893 28.06 16.996
R 6.334 24.539 16.866
F 6.087 21.766 19.438
I 8.68 19.005 19.075
L 7.467 15.837 20.826
V 9.788 12.911 21.57
E 9.094 9.58 23.235
L 10.705 6.546 24.821
S 10.919 4.892 21.404
N 13.299 7.733 20.383
H 10.891 9.019 17.728
A 10.075 12.703 17.233
E 7.37 14.681 15.48
L 6.876 18.438 15.404
S 3.377 19.871 15.712
V 2.588 23.314 14.339
T 0.252 25.481 16.418
L -1.591 28.59 15.232
A -0.918 31.357 17.784
L -4.345 32.921 17.149
D -6.196 29.913 18.592
V -3.474 27.65 20.137
T -4.658 24.827 17.864
N -2.712 22.221 15.894
A -2.699 22.932 12.145
Y -0.361 20.154 11.019
V 2.862 18.388 11.806
V 6.191 17.221 10.453
G 7.644 13.732 10.694
Y 11.067 13.316 9.123
R 10.896 14.439 5.493
A 7.08 14.746 5.31
G 4.601 17.364 6.511
N 0.846 16.868 7.017
S -1.768 19.616 7.352
A -5.408 19.798 8.31
Y -7.694 21.066 5.544
F -7.535 24.898 5.782
F -10.711 26.848 6.483
H -10.027 29.562 3.914
P -7.663 30.757 1.197
D -5.59 32.942 3.542
N -4.97 30.059 5.947
Q -4.028 27.862 2.966
E -1.35 30.402 2.006
D -0.274 30.738 5.65
A 0.565 27.068 6.136
E 2.963 27.105 3.17
A 5.317 28.991 5.523
I 5.632 25.936 7.802
T 8.317 23.274 7.354
H 9.463 24.931 4.145
L 12.421 22.581 3.558
F 10.394 19.375 4.019
T 10.487 17.115 0.952
D 6.782 16.111 0.782
V 6.796 16.261 0.626
Q 3.601 17.902 1.856
N 0.046 16.564 2.244
R -3.186 18.416 3.056
Y -5.903 16.121 4.448
T -9.539 16.138 3.384
F -10.579 16.837 7.0
A -10.065 19.768 9.32
F -8.978 19.297 12.909
G -12.398 19.718 14.523
G -13.287 16.962 16.987
N -16.52 15.896 15.255
Y -14.719 14.65 12.153
D -11.671 13.296 13.98
R -13.969 11.26 16.239
L -15.741 9.982 13.127
E -12.407 8.968 11.639
Q -11.069 7.467 14.86
L -14.24 5.467 15.446
A -14.48 6.785 19.007
G -15.724 9.839 20.841
N -13.407 11.822 23.093
L -15.088 10.272 26.135
R -13.734 6.854 25.056
E -10.145 7.841 24.178
N -7.696 7.688 27.049
I -5.329 10.576 27.71
E -2.108 10.576 29.683
L 1.614 10.071 29.166
G 1.144 6.542 27.826
