L 20.843 -1.924 36.855
Q 22.719 -1.482 40.141
L 21.979 0.759 43.116
A 24.781 1.904 45.415
E 24.351 3.37 48.888
S 26.905 5.663 50.483
G 27.282 7.85 53.531
G 26.802 5.403 56.386
G 29.177 5.394 59.319
L 29.469 6.107 63.033
V 27.904 8.963 64.973
Q 26.788 9.492 68.534
A 23.252 10.05 69.76
G 21.812 13.326 68.522
G 24.146 13.397 65.522
S 23.275 13.466 61.844
L 24.19 11.67 58.616
N 23.242 12.033 54.972
L 22.955 8.877 52.873
S 22.947 8.863 49.092
C 21.734 6.292 46.578
I 23.132 6.401 43.033
A 21.971 4.175 40.216
S 24.47 2.92 37.646
R 22.012 3.988 34.945
R 19.003 6.264 34.629
T 15.849 4.383 33.668
L 12.796 6.495 32.986
S 10.202 3.924 34.108
T 10.795 4.219 37.858
S 7.73 4.985 40.016
F 9.189 5.157 43.531
M 12.594 5.238 45.204
A 12.742 4.133 48.82
W 14.98 3.725 51.854
F 14.663 0.675 54.118
R 16.628 -0.448 57.155
Q 17.28 -3.826 58.741
V 18.797 -4.997 62.009
P 19.684 -8.668 62.665
G 16.672 -10.862 63.384
K 14.068 -8.3 62.289
E 12.351 -7.805 58.965
R 13.327 -4.881 56.769
E 11.576 -1.703 57.883
F 10.269 1.02 55.56
V 12.088 4.287 56.242
A 11.197 6.711 53.439
A 10.029 6.857 49.837
L 9.95 9.398 47.029
R 7.319 9.373 44.27
S 9.096 9.815 40.926
S 6.24 11.626 39.148
D 6.178 14.654 41.46
G 8.685 14.24 44.281
R 6.166 13.62 47.066
P 7.973 12.257 50.167
Y 6.739 9.531 52.532
Y 8.19 8.423 55.879
G 8.012 5.413 58.15
D 6.483 5.628 61.606
S 9.714 5.675 63.604
V 11.233 8.604 61.666
K 9.236 11.263 63.421
G 9.953 14.299 61.303
R 13.67 13.643 61.826
F 14.646 12.586 58.284
T 14.248 14.13 54.843
V 14.29 12.132 51.603
S 15.031 14.115 48.469
R 16.155 14.023 44.856
D 18.613 16.142 42.899
N 19.251 17.011 39.286
A 20.822 13.807 37.984
T 20.68 10.711 42.971
V 18.351 10.212 45.97
Y 19.387 11.33 49.466
L 18.26 10.601 53.025
Q 19.078 13.363 55.506
M 19.026 11.813 58.995
N 19.004 14.127 62.031
S 18.649 13.646 65.8
L 19.843 10.063 65.538
K 19.001 7.659 68.376
P 20.754 4.333 69.096
E 17.542 2.662 67.902
D 18.449 3.905 64.394
T 21.501 1.619 64.159
A 20.893 -0.674 61.185
I 21.916 -1.483 57.651
Y 20.169 1.018 55.363
Y 19.169 0.023 51.823
C 18.014 1.894 48.763
C 17.894 1.99 48.859
A 15.335 0.317 46.607
L 13.492 0.949 43.375
N 9.896 0.266 42.276
R 8.569 0.293 38.681
G 5.17 0.393 37.029
Y 3.176 1.54 40.058
S -0.209 2.991 39.1
G -2.665 4.704 41.435
T -2.968 7.229 44.258
G -1.102 5.305 46.988
Y 2.509 4.237 47.445
P 4.525 1.029 47.877
S 5.903 0.771 51.41
K 6.75 -2.919 51.922
Q 10.007 -4.672 51.097
Y 8.269 -7.124 48.757
E 6.958 -4.237 46.596
Y 10.47 -3.125 45.572
N 12.417 -5.366 43.234
D 15.789 -3.596 42.853
W 18.059 -3.229 45.9
G 21.466 -1.872 46.782
Q 23.786 -3.853 49.033
G 23.175 -1.547 51.994
T 25.32 0.791 54.054
Q 25.791 0.387 57.797
Q 25.869 0.402 57.793
V 24.665 3.121 60.176
T 25.869 2.934 63.774
V 24.691 5.413 66.421
S 26.782 5.637 69.583
S 25.64 5.946 73.215
X 0 0 0
X 0 0 0
X 0 0 0
X 0 0 0
X 0 0 0
X 0 0 0
X 0 0 0
X 0 0 0
X 0 0 0
X 0 0 0
X 0 0 0
X 0 0 0
X 0 0 0
X 0 0 0
