Q 12.843 32.003 -7.679
V 11.045 28.893 -6.406
Q 8.435 26.823 -8.235
L 7.265 23.283 -8.943
V 5.441 21.912 -11.998
E 3.953 18.424 -12.322
S 3.857 16.117 -15.341
G 3.039 12.512 -16.197
G -0.705 12.888 -16.737
G -2.678 11.769 -19.754
L -4.906 8.928 -20.95
V -5.041 5.346 -19.671
Q -7.557 2.486 -19.452
A -9.121 0.252 -16.778
G -6.504 -1.242 -14.464
G -3.737 0.795 -16.062
S -0.806 2.656 -14.525
L 0.507 6.214 -14.417
R 3.664 7.92 -13.131
L 3.2 11.522 -12.035
S 6.251 13.675 -11.297
C 6.171 16.833 -9.159
A 9.369 18.502 -10.369
A 10.43 20.918 -7.624
S 12.75 23.858 -8.296
G 14.541 26.366 -6.091
F 14.575 24.195 -2.953
P 15.633 20.665 -1.952
V 12.735 18.246 -1.502
A 14.369 16.186 1.256
Y 12.699 17.092 4.553
K 9.589 18.626 2.976
T 5.948 17.54 3.053
M 4.29 17.151 -0.351
W 0.521 16.87 -0.736
W -1.385 15.447 -3.693
Y -4.851 16.866 -4.353
R -7.248 16.137 -7.198
Q -10.173 18.088 -8.642
A -12.823 16.423 -10.795
P -15.092 18.673 -12.916
G -17.496 20.483 -10.599
K -17.005 18.492 -7.393
E -14.924 19.286 -4.314
R -11.13 19.397 -4.241
E -10.077 16.047 -2.762
W -6.893 15.151 -0.896
V -5.183 12.151 -2.493
A -1.788 11.375 -0.959
A 0.915 12.913 1.209
I 4.549 12.294 2.126
E 5.743 13.869 5.369
S 8.96 15.678 6.256
Y 9.656 13.139 9.021
G 8.264 9.985 10.553
I 8.559 6.235 10.959
K 5.515 6.066 8.67
W 5.915 8.926 6.202
T 3.403 7.806 3.539
R -0.224 8.944 3.764
R -0.225 8.911 3.778
Y -3.119 8.113 1.453
A -6.865 8.61 1.321
D -9.286 5.708 1.675
S -10.443 6.071 -1.935
V -6.882 5.618 -3.253
K -5.194 3.499 -0.572
G -3.472 0.335 -1.762
R -3.41 1.549 -5.375
F -1.245 4.672 -4.959
T 2.394 5.069 -3.918
I 4.182 8.384 -3.322
S 7.972 8.418 -3.729
R 10.746 10.975 -3.21
D 13.514 11.077 -5.82
N 16.421 12.972 -4.256
A 18.804 12.725 -7.223
K 16.251 14.34 -9.55
N 14.837 16.484 -6.697
T 11.264 15.463 -7.496
V 8.322 13.577 -5.993
Y 6.585 10.746 -7.85
L 3.065 9.341 -7.493
Q 2.446 5.77 -8.678
M -1.219 5.3 -9.617
N -2.058 1.655 -10.371
S -5.254 -0.275 -11.148
L -7.026 2.916 -12.158
K -10.801 3.365 -12.263
P -12.904 5.819 -14.309
E -14.17 7.246 -11.004
D -10.761 8.681 -10.057
T -9.989 10.788 -13.13
A -9.38 14.472 -12.429
V -6.75 17.221 -12.356
Y -3.915 16.347 -9.969
Y -2.0 18.975 -7.979
C 1.079 18.833 -5.751
I 1.461 21.415 -2.973
V 4.402 22.173 -0.673
W 5.076 24.669 2.108
V 8.494 26.336 2.196
G 7.929 29.734 3.811
A 4.645 30.009 1.898
Q 2.165 27.838 0.026
Y 3.499 26.884 -3.417
H 1.044 25.456 -5.945
G 1.441 23.309 -9.002
Q -0.389 24.161 -12.202
G -1.888 20.658 -12.279
T -2.025 17.729 -14.666
Q -4.94 16.02 -16.404
V -5.509 12.305 -15.764
T -8.444 10.68 -17.579
V -8.879 6.904 -17.358
S -11.465 5.284 -19.612
A -13.449 2.075 -19.891
G -15.265 0.169 -22.605
R -14.499 -1.215 -26.032
A -12.971 0.363 -29.127
X 0 0 0
X 0 0 0
X 0 0 0
X 0 0 0
X 0 0 0
X 0 0 0
X 0 0 0
X 0 0 0
X 0 0 0
X 0 0 0
X 0 0 0
X 0 0 0
X 0 0 0
X 0 0 0
X 0 0 0
X 0 0 0
X 0 0 0
X 0 0 0
X 0 0 0
X 0 0 0
