Q 117.138 58.868 97.868
V 119.41 60.18 100.621
Q 121.705 57.372 101.749
L 124.503 57.344 104.32
Q 126.591 54.213 104.869
E 129.067 54.167 107.736
S 132.175 51.987 107.324
G 135.116 51.16 109.587
G 134.627 50.344 113.221
G 134.95 47.124 115.15
L 136.663 45.91 118.287
V 139.858 47.757 119.239
Q 142.123 47.985 122.273
P 142.173 50.974 124.634
G 144.583 53.507 123.205
G 143.975 52.011 119.759
S 143.009 53.682 116.511
L 140.112 53.511 114.06
R 139.036 55.399 110.945
L 135.303 55.53 110.276
S 134.134 56.305 106.747
C 130.802 57.652 105.486
A 129.97 56.924 101.844
A 127.178 59.339 100.945
S 124.896 59.155 97.925
G 121.744 60.75 96.583
F 122.518 64.403 97.306
T 125.033 67.12 96.492
F 127.556 66.231 99.18
S 129.511 69.511 99.063
N 126.361 71.564 99.73
Y 125.673 70.125 103.181
K 127.255 70.33 106.605
M 128.019 66.869 107.957
N 128.089 65.524 111.506
W 129.273 62.534 113.483
V 126.782 61.467 116.157
R 127.042 58.523 118.535
Q 124.781 56.495 120.81
A 126.509 54.806 123.729
P 124.839 51.681 125.176
G 122.052 52.942 127.413
K 122.433 56.653 126.703
G 120.804 58.787 124.02
L 122.29 60.179 120.836
E 124.928 62.868 121.22
W 126.896 65.102 118.88
V 130.581 64.257 118.394
S 131.898 66.428 115.57
D 130.746 68.508 112.598
I 132.465 69.899 109.495
S 131.246 72.676 107.231
Q 130.698 72.472 103.466
S 134.23 73.386 102.379
G 135.873 71.71 105.363
A 137.5 74.761 106.943
S 135.218 75.122 109.975
I 135.29 72.227 112.456
S 133.969 71.574 115.963
Y 134.126 68.726 118.483
T 132.446 67.646 121.652
G 134.924 68.399 124.404
S 135.564 64.81 125.486
V 137.062 63.97 122.061
K 138.969 67.177 121.309
G 142.594 66.41 120.534
R 141.847 62.724 119.891
F 139.439 62.726 116.931
T 139.892 64.245 113.484
I 137.009 64.858 111.103
S 137.541 65.291 107.381
R 135.511 65.178 104.192
D 136.398 64.354 100.601
N 134.014 66.422 98.506
A 135.144 64.695 95.306
K 134.632 61.195 96.716
N 131.467 62.096 98.691
T 133.013 60.693 101.859
L 133.173 61.717 105.508
Y 135.958 60.534 107.811
L 136.525 60.268 111.551
Q 140.064 59.436 112.634
M 139.828 58.03 116.165
N 143.147 58.164 118.007
S 143.875 56.861 121.514
L 140.433 55.426 122.141
K 139.094 55.108 125.708
P 136.37 52.477 126.693
E 133.91 55.373 127.125
D 134.021 55.665 123.321
T 132.108 52.397 122.866
A 129.084 53.52 120.867
V 127.234 53.127 117.613
Y 128.601 55.963 115.485
Y 126.256 57.63 113.014
C 127.026 59.92 110.121
A 124.398 62.654 110.051
R 123.649 65.273 107.423
C 122.369 68.709 108.283
P 118.761 68.794 107.043
A 119.153 71.706 104.619
P 121.936 72.908 102.317
F 123.679 76.281 102.577
T 122.662 76.708 106.225
R 124.676 77.534 109.314
D 122.125 76.038 111.713
C 121.856 72.254 112.001
F 118.637 71.119 113.641
D 117.628 67.663 114.779
V 120.643 65.535 113.811
T 120.676 64.029 117.323
S 116.918 63.386 117.259
T 115.712 59.833 117.776
T 114.192 59.405 114.315
Y 116.22 61.863 112.18
A 115.856 60.902 108.489
Y 119.244 61.998 107.084
R 121.328 59.715 109.269
G 123.036 56.418 108.56
Q 122.456 53.112 110.294
G 125.7 53.205 112.25
T 128.912 51.313 112.91
Q 129.467 49.734 116.309
V 132.783 50.789 117.841
T 133.833 48.672 120.82
V 136.827 49.583 122.967
X 0 0 0
X 0 0 0
X 0 0 0
X 0 0 0
X 0 0 0
X 0 0 0
X 0 0 0
X 0 0 0
X 0 0 0
X 0 0 0
X 0 0 0
X 0 0 0
X 0 0 0
X 0 0 0
