Q 23.155 -9.191 3.357
V 19.716 -7.535 3.331
Q 17.058 -8.415 5.918
L 13.439 -8.054 4.799
Q 10.173 -8.115 6.742
E 6.705 -7.695 5.229
S 3.74 -6.295 7.127
G 0.3 -4.85 6.497
G -1.553 -7.93 5.312
G -4.821 -9.152 6.726
L -8.502 -9.567 5.994
V -10.152 -7.27 3.443
Q -13.468 -7.149 1.595
A -13.518 -7.489 -2.178
G -13.122 -4.115 -3.842
G -11.198 -2.8 -0.834
S -7.647 -1.491 -0.541
S -7.648 -1.484 -0.536
L -4.545 -2.364 1.479
R -1.003 -1.006 1.86
L 1.78 -3.52 2.405
S 5.167 -2.59 3.838
C 8.57 -4.064 3.065
T 11.022 -2.998 5.785
A 14.641 -3.502 4.741
S 17.849 -3.412 6.764
G 21.487 -4.103 6.02
R 23.451 -3.422 2.832
T 20.856 -1.307 1.018
F 22.176 1.036 -1.689
S 20.58 3.285 -4.277
N 21.136 0.438 -6.819
T 19.361 -2.183 -4.709
V 16.133 -3.346 -6.348
M 13.173 -4.382 -4.172
G 10.566 -6.67 -5.721
W 7.074 -7.547 -4.517
F 5.828 -11.089 -5.259
R 2.925 -13.257 -4.124
Q 2.246 -16.978 -3.921
A -0.807 -18.923 -2.916
P 0.387 -22.174 -1.282
G 0.993 -24.906 -3.836
K 0.798 -22.377 -6.712
E 3.576 -20.738 -8.695
R 5.316 -17.597 -7.481
E 3.892 -14.468 -9.141
F 5.917 -11.314 -9.805
L 4.041 -8.084 -9.032
A 6.387 -5.061 -9.153
H 9.914 -3.862 -8.546
I 11.574 -0.55 -7.835
L 14.975 0.907 -7.093
W 15.591 1.3 -3.359
S 16.347 4.924 -4.275
G 12.75 5.175 -5.519
G 12.881 5.251 -9.33
L 12.216 2.845 -12.208
A 9.034 1.306 -10.82
Y 8.081 -1.671 -12.993
Y 4.788 -3.576 -12.972
A 3.378 -6.896 -14.09
D 0.347 -6.741 -16.42
S -1.622 -8.644 -13.778
V -1.477 -5.526 -11.575
K -0.67 -2.462 -13.686
G -3.053 0.319 -12.712
R -4.225 -1.361 -9.483
F -0.991 -1.687 -7.49
T 1.593 0.997 -6.837
I 5.114 0.34 -5.563
S 7.007 3.195 -3.941
R 9.851 4.033 -1.578
D 9.112 5.974 1.577
N 11.244 9.082 1.27
A 11.914 9.098 5.051
K 11.868 5.454 6.247
N 13.513 2.185 5.214
I 10.25 1.008 3.635
V 8.979 0.091 0.168
Y 5.182 0.092 -0.056
L 2.83 -1.891 -2.22
Q -0.449 0.015 -2.442
M -3.157 -2.439 -3.535
N -6.499 -1.184 -4.87
S -9.691 -2.852 -6.123
L -8.764 -6.158 -4.569
K -10.459 -9.326 -5.801
P -10.702 -12.768 -4.191
E -8.17 -13.899 -6.802
D -5.643 -11.63 -5.041
T -5.604 -13.884 -1.946
A -2.072 -15.114 -1.277
V 1.028 -14.666 0.828
Y 2.86 -11.552 -0.376
Y 6.662 -11.467 -0.2
C 9.243 -8.781 -0.762
A 12.714 -9.593 -2.039
A 15.912 -7.741 -2.859
R 18.477 -7.954 -5.645
D 21.157 -5.808 -7.288
F 20.236 -3.664 -10.271
G 21.696 -5.004 -13.472
F 21.881 -8.013 -15.764
G 22.591 -11.345 -14.107
N 21.578 -10.431 -10.543
N 19.088 -12.561 -8.667
Y 16.655 -12.026 -5.825
D 18.995 -13.372 -3.135
Y 17.166 -12.019 -0.074
W 13.546 -12.688 0.883
G 11.073 -11.758 3.584
Q 8.888 -14.224 5.404
G 5.591 -13.091 3.836
T 2.383 -11.424 5.015
Q -1.017 -13.029 4.412
V -3.679 -11.277 2.301
T -7.285 -12.585 2.207
V -10.033 -10.984 0.11
S -13.664 -11.808 0.88
S -16.018 -12.721 -1.934
X 0 0 0
X 0 0 0
X 0 0 0
X 0 0 0
X 0 0 0
X 0 0 0
X 0 0 0
X 0 0 0
X 0 0 0
X 0 0 0
X 0 0 0
X 0 0 0
X 0 0 0
X 0 0 0
X 0 0 0
X 0 0 0
X 0 0 0
X 0 0 0
X 0 0 0
