Q -26.316 -22.537 -41.562
V -24.077 -20.349 -39.396
Q -20.644 -19.196 -40.587
L -18.02 -18.669 -37.867
Q -14.508 -17.165 -37.914
E -12.172 -16.778 -34.928
S -9.615 -13.969 -34.76
G -7.291 -12.341 -32.241
G -4.899 -15.245 -31.668
G -1.146 -15.152 -31.796
L 1.952 -14.901 -29.632
V 1.489 -13.923 -26.0
Q 3.742 -13.744 -22.95
A 2.94 -15.769 -19.857
G 0.94 -13.63 -17.479
G -0.509 -11.655 -20.367
S -4.126 -11.461 -21.457
L -5.837 -11.789 -24.824
R -9.351 -11.231 -26.209
L -10.443 -13.591 -28.983
S -13.307 -12.795 -31.329
C -15.87 -15.19 -32.791
T -17.568 -13.458 -35.715
A -20.79 -15.179 -36.704
S -23.116 -14.723 -39.677
G -26.131 -16.54 -41.003
R -28.989 -18.042 -38.989
T -28.132 -16.55 -35.605
F -31.134 -16.209 -33.293
S -31.517 -15.231 -29.662
N -31.604 -18.991 -28.915
T -28.349 -19.791 -30.736
V -25.711 -20.94 -28.222
M -22.119 -19.969 -29.054
G -19.38 -22.114 -27.531
W -15.653 -21.534 -27.141
F -13.325 -24.552 -27.211
R -9.616 -25.217 -27.517
Q -7.431 -28.135 -28.586
A -3.787 -28.551 -27.573
P -1.7 -30.971 -29.658
G -2.124 -34.545 -28.47
K -5.013 -33.702 -26.125
E -8.772 -33.971 -26.546
R -10.766 -30.886 -27.488
E -11.677 -28.983 -24.313
F -14.884 -27.041 -23.707
L -14.293 -23.574 -22.229
A -17.559 -21.584 -22.162
H -20.858 -20.993 -23.925
I -23.392 -18.164 -24.057
L -26.631 -17.264 -25.796
W -26.164 -15.163 -28.918
S -28.523 -12.707 -27.196
G -25.966 -12.471 -24.361
G -27.375 -14.349 -21.357
L -26.748 -17.645 -19.587
A -22.941 -17.602 -19.798
Y -21.682 -21.03 -18.692
Y -18.072 -21.911 -17.835
A -15.908 -24.971 -17.49
D -14.502 -25.214 -13.972
S -10.922 -25.228 -15.302
V -11.353 -21.604 -16.445
K -14.207 -20.028 -14.484
G -12.965 -16.692 -13.125
R -10.029 -16.407 -15.557
F -11.909 -16.501 -18.9
T -15.001 -14.427 -19.719
I -17.391 -15.027 -22.605
S -19.524 -12.108 -23.782
R -21.585 -10.793 -26.702
D -20.726 -7.465 -28.293
N -23.865 -5.383 -27.872
A -23.269 -3.752 -31.283
K -21.426 -6.287 -33.481
N -21.941 -9.907 -34.501
I -19.107 -11.037 -32.217
V -18.818 -13.279 -29.164
Y -15.571 -12.628 -27.279
L -13.412 -14.825 -25.097
Q -11.449 -12.634 -22.68
M -8.472 -14.627 -21.367
N -6.474 -13.366 -18.39
S -3.203 -14.437 -16.728
L -2.302 -16.769 -19.565
K 0.025 -19.711 -18.939
P 2.006 -21.901 -21.349
E -0.628 -24.576 -20.704
D -3.134 -22.298 -22.463
T -1.301 -22.87 -25.746
A -3.782 -24.362 -28.204
V -5.928 -23.753 -31.251
Y -9.079 -21.971 -30.058
Y -12.382 -22.662 -31.833
C -15.842 -21.19 -31.601
A -18.965 -23.155 -32.543
A -22.746 -22.765 -32.666
R -25.691 -24.954 -31.649
D -29.352 -24.624 -30.765
F -30.428 -23.968 -27.206
G -32.206 -27.006 -25.782
F -31.668 -30.668 -24.922
F -31.688 -30.677 -24.921
G -30.478 -32.929 -27.712
N -28.504 -30.353 -29.703
N -24.888 -30.601 -30.819
Y -22.418 -27.976 -31.985
D -23.065 -28.328 -35.725
Y -21.032 -25.33 -36.999
W -17.388 -24.613 -36.209
G -14.864 -21.973 -37.141
Q -11.508 -23.026 -38.484
G -9.629 -22.002 -35.35
T -7.064 -19.45 -34.265
Q -3.711 -20.384 -32.765
V -2.81 -19.086 -29.309
T 0.792 -19.66 -28.182
V 1.816 -18.588 -24.687
S 5.544 -18.126 -24.118
S 7.181 -18.995 -20.816
H 8.697 -16.177 -18.798
H 12.483 -16.364 -18.688
H 13.021 -15.496 -14.974
H 16.385 -13.845 -15.618
H 16.549 -12.388 -12.073
H 15.464 -15.621 -10.348
X 0 0 0
X 0 0 0
X 0 0 0
X 0 0 0
X 0 0 0
X 0 0 0
X 0 0 0
X 0 0 0
X 0 0 0
X 0 0 0
X 0 0 0
X 0 0 0
X 0 0 0
