Q -4.077 41.105 24.979
V -3.222 37.729 23.419
Q 0.188 37.376 21.767
L 0.803 34.654 19.17
Q 4.237 33.924 17.695
E 4.628 31.15 15.122
S 7.704 29.022 14.515
G 8.761 25.788 12.839
G 8.392 26.549 9.139
G 11.205 26.427 6.628
L 12.398 24.665 3.495
V 11.574 21.022 2.761
Q 11.297 18.692 -0.237
P 7.932 17.345 -1.459
G 6.902 14.354 0.639
G 8.484 15.43 3.927
S 6.83 16.31 7.207
L 7.23 19.051 9.798
R 5.243 20.576 12.642
L 4.44 24.213 13.342
S 4.064 25.486 16.902
C 2.174 28.627 17.884
A 2.788 30.087 21.35
A -0.243 31.788 22.868
S 0.204 34.381 25.61
G -3.16 35.323 27.066
I -6.467 34.179 28.511
I -7.95 31.602 26.116
F -10.881 29.456 27.238
S -11.46 25.849 26.26
S -14.403 26.996 24.115
H -12.326 29.56 22.176
V -11.725 28.696 18.522
M -7.991 28.324 17.903
G -6.662 27.35 14.507
W -4.137 27.634 11.7
Y -4.862 29.61 8.52
R -2.851 29.815 5.319
Q -2.254 32.51 2.708
A -0.68 31.84 -0.66
P 1.227 34.779 -2.195
G -1.57 36.953 -3.555
K -4.5 34.608 -2.988
Q -6.93 35.131 -0.124
R -6.469 33.382 3.21
E -8.127 30.007 3.774
L -8.804 27.921 6.866
V -6.378 25.037 7.396
A -7.291 23.669 10.81
S -9.304 24.569 13.902
F -9.698 23.053 17.373
S -12.433 23.933 19.878
G -12.555 22.106 23.206
D -16.337 21.742 22.883
T -16.757 21.292 19.101
G -13.667 19.197 18.332
A -11.183 19.634 15.506
K -12.002 20.682 11.942
Y -9.753 20.308 8.902
A -9.832 21.559 5.336
D -10.528 19.098 2.541
S -7.015 19.544 1.128
V -5.499 18.396 4.459
K -7.976 15.716 5.55
G -5.568 12.921 6.47
R -2.284 14.817 6.162
F -2.343 17.48 8.899
I -2.941 16.91 12.624
I -3.824 19.799 14.955
R -3.475 19.561 18.731
R -3.187 22.098 21.553
E -1.174 21.675 24.766
N -2.648 23.744 27.613
A -0.4 24.971 30.41
K -0.665 27.493 33.246
N 0.388 30.142 30.72
M 1.737 30.153 27.15
V -0.643 27.655 25.56
T 1.02 25.821 22.672
L -0.698 24.838 19.41
Y 0.967 22.176 17.257
L 0.044 21.584 13.61
Q 1.95 18.561 12.296
M 1.895 18.591 8.491
N 2.67 15.13 7.082
S 3.306 14.23 3.425
L 3.861 17.773 2.206
K 2.92 18.706 -1.357
P 4.258 21.653 -3.393
E 0.666 22.912 -3.715
D 0.818 23.754 0.025
T 3.714 26.224 -0.37
A 2.57 29.404 1.383
A 2.57 31.31 4.687
Y 0.886 29.889 7.785
Y -0.697 32.059 10.467
C -1.956 31.363 13.972
H -5.483 32.46 14.852
V -7.576 32.729 18.032
D -11.289 33.607 18.024
R -12.417 34.54 21.54
F -16.162 34.575 20.847
G -15.767 37.014 17.961
T -12.569 38.982 18.518
E -9.851 37.558 16.277
Y -6.12 37.585 17.07
W -3.562 36.81 14.376
G 0.174 36.191 14.458
Q 3.198 37.262 12.454
G 3.147 34.032 10.402
T 5.881 31.731 9.156
Q 6.817 30.566 5.673
V 6.491 26.992 4.395
T 8.139 26.494 0.985
V 7.995 22.997 -0.53
S 9.781 22.472 -3.848
S 12.483 20.334 -5.441
X 0 0 0
X 0 0 0
X 0 0 0
X 0 0 0
X 0 0 0
X 0 0 0
X 0 0 0
X 0 0 0
X 0 0 0
X 0 0 0
X 0 0 0
X 0 0 0
X 0 0 0
X 0 0 0
X 0 0 0
X 0 0 0
X 0 0 0
X 0 0 0
X 0 0 0
X 0 0 0
X 0 0 0
X 0 0 0
X 0 0 0
