Q 35.025 26.024 37.089
V 36.101 22.42 36.517
Q 34.371 20.756 33.56
L 34.397 17.217 32.162
V 32.811 16.824 28.717
E 31.996 13.253 27.711
S 31.551 12.068 24.135
G 31.373 8.861 22.144
G 28.248 6.914 23.133
G 25.615 5.414 20.88
L 24.151 2.144 19.655
V 26.426 -0.727 18.618
Q 25.805 -4.349 17.643
P 27.393 -7.136 19.737
G 31.035 -7.149 18.673
G 31.376 -3.478 17.747
S 33.883 -0.922 18.978
L 33.519 2.468 20.662
R 35.854 5.283 21.714
L 34.633 7.506 24.547
S 36.405 10.804 25.208
C 36.633 12.993 28.313
A 37.48 16.685 27.842
A 39.114 18.145 30.956
S 39.347 21.89 31.581
G 40.01 23.857 34.757
F 42.823 21.924 36.464
T 46.228 20.337 35.923
F 45.411 17.312 33.774
K 48.938 15.865 33.807
N 48.677 15.498 37.6
A 45.224 13.947 37.998
D 43.69 10.476 38.179
M 40.988 9.609 35.636
N 38.41 6.885 36.261
W 35.542 5.329 34.311
Y 32.283 3.947 35.715
R 29.226 2.425 34.049
Q 25.722 2.329 35.533
V 23.015 -0.045 34.323
P 19.555 1.501 34.952
G 18.552 -0.148 38.226
Q 21.983 -0.838 39.767
G 24.839 1.203 41.171
L 27.955 2.364 39.38
E 30.52 -0.291 38.474
W 34.188 0.672 38.323
V 35.286 0.032 34.737
T 38.916 1.159 34.587
S 41.365 3.811 35.748
I 44.628 5.413 34.64
Y 46.762 7.398 37.084
S 49.189 10.248 36.455
D 51.96 7.618 36.481
G 50.456 6.167 33.291
R 49.622 2.865 34.992
T 46.399 1.329 33.679
V 44.136 -0.895 35.792
Y 41.17 -2.718 34.263
A 38.3 -4.669 35.767
D 38.224 -8.409 35.138
S 34.878 -8.055 33.337
V 36.499 -5.996 30.548
K 40.025 -7.425 30.679
G 41.702 -7.358 27.276
R 38.673 -5.72 25.632
F 38.878 -2.128 26.913
T 41.82 0.271 26.797
V 42.368 3.698 28.372
S 44.344 6.455 26.654
R 45.724 9.655 28.177
D 46.52 12.536 25.807
N 48.102 14.907 28.312
P 48.72 17.863 25.923
K 45.113 17.604 24.717
S 43.912 16.784 28.271
T 41.717 13.966 26.974
V 40.84 10.582 28.477
S 40.033 8.055 25.748
L 38.41 4.687 26.5
Q 38.759 2.354 23.506
M 35.863 -0.049 24.095
N 36.445 -2.998 21.758
S 34.521 -6.259 21.267
L 31.4 -5.16 23.119
K 28.854 -7.509 24.699
P 25.209 -6.934 25.699
E 26.354 -6.851 29.345
D 28.232 -3.583 28.662
T 25.017 -1.584 28.195
G 24.788 1.433 30.478
V 25.703 5.054 31.058
Y 29.465 5.595 31.311
Y 30.987 8.326 33.496
C 34.523 9.726 33.497
M 35.601 11.5 36.677
A 38.714 13.32 37.895
G 39.523 13.468 41.585
S 41.79 13.981 44.58
K 45.41 15.108 45.082
S 44.285 18.418 46.668
G 42.632 17.406 49.95
H 39.651 19.729 50.508
E 38.641 19.093 46.882
L 35.902 17.001 45.315
D 35.951 14.41 42.564
H 34.598 16.174 39.479
W 32.412 14.015 37.238
G 31.234 14.118 33.641
Q 27.712 14.223 32.249
G 27.655 10.595 31.101
T 27.107 8.928 27.738
Q 24.566 6.187 27.057
V 25.989 2.986 25.55
T 23.638 0.307 24.194
V 24.643 -3.117 22.844
S 21.904 -5.55 21.798
S 20.48 -7.288 18.742
X 0 0 0
X 0 0 0
X 0 0 0
X 0 0 0
X 0 0 0
X 0 0 0
X 0 0 0
X 0 0 0
X 0 0 0
X 0 0 0
X 0 0 0
X 0 0 0
X 0 0 0
X 0 0 0
X 0 0 0
X 0 0 0
X 0 0 0
X 0 0 0
X 0 0 0
X 0 0 0
X 0 0 0
X 0 0 0
