V -2.176 -8.404 58.84
Q -1.697 -11.069 61.512
L -1.689 -14.793 62.232
V -3.13 -16.053 65.529
E -2.634 -19.622 66.786
S -4.82 -21.386 69.341
G -5.203 -24.845 70.87
G -2.219 -25.562 73.151
L -0.825 -29.491 78.563
V -1.718 -33.02 77.483
Q -0.139 -36.4 78.137
P 0.902 -39.37 75.901
G -1.549 -40.868 73.452
G -3.849 -37.872 73.546
S -4.865 -35.635 70.691
L -4.629 -31.872 70.325
R -5.816 -29.505 67.633
L -4.069 -26.258 66.727
S -5.603 -23.509 64.641
C -4.003 -20.625 62.782
A -6.486 -17.864 61.98
A -5.487 -14.815 59.995
S -6.637 -11.206 60.07
G -6.016 -8.404 57.614
F -5.699 -10.601 54.553
T -7.123 -13.631 52.806
L -5.284 -16.898 53.142
D -6.519 -18.587 49.975
Y -3.386 -17.712 47.99
Y -0.947 -18.52 50.806
A 0.812 -21.69 51.765
I 0.707 -22.291 55.51
G 3.402 -24.192 57.32
W 3.716 -25.266 60.916
F 7.136 -25.192 62.528
R 8.036 -26.144 66.061
Q 10.929 -25.51 68.384
A 11.761 -27.381 71.538
P 14.193 -25.955 74.109
G 17.807 -26.649 73.208
K 16.912 -27.913 69.694
E 16.74 -26.37 66.255
R 13.525 -25.011 64.845
E 12.034 -27.767 62.687
G 9.325 -27.967 60.055
V 6.209 -29.924 61.021
S 3.695 -29.791 58.184
C 2.56 -27.576 55.342
I -0.571 -27.032 53.268
S -0.184 -25.376 49.871
S -2.592 -22.903 48.32
S -3.892 -25.818 46.237
G -4.836 -27.697 49.415
G -2.121 -30.334 49.103
S -0.625 -31.673 52.334
T 3.061 -32.265 53.044
H 4.64 -33.633 56.194
F 8.224 -32.741 57.027
A 9.151 -34.466 60.298
D 9.492 -38.211 60.0
S 7.841 -38.391 63.483
V 4.539 -36.87 62.583
K 4.166 -38.719 59.265
R 0.218 -39.376 63.204
F -0.506 -35.73 62.142
T -2.972 -34.216 59.673
I -3.288 -30.688 58.262
S -6.322 -28.953 56.745
R -7.536 -25.489 55.786
D -10.898 -23.699 55.869
N -10.58 -20.866 53.391
A -14.116 -19.822 54.362
K -13.08 -19.264 57.981
N -9.608 -18.061 56.885
T -8.031 -20.634 59.192
V -5.743 -23.669 59.051
Y -5.831 -26.628 61.442
L -3.14 -29.067 62.508
Q -4.432 -32.288 64.092
M -1.914 -34.002 66.375
N -2.652 -37.565 67.469
S -0.707 -40.129 69.513
L 1.142 -37.348 71.332
I 4.559 -38.147 72.772
P 6.859 -36.164 75.109
E 9.203 -35.497 72.174
D 6.332 -33.446 70.675
T 6.677 -30.812 73.42
A 7.554 -27.527 71.724
V 6.404 -24.052 70.777
Y 4.361 -24.371 67.592
Y 4.277 -21.635 64.947
C 2.166 -21.163 61.859
A 3.688 -19.217 58.989
A 2.294 -17.979 55.672
Q 3.963 -17.46 52.343
S 2.593 -16.564 48.928
G 4.247 -18.982 46.544
S 3.198 -20.894 43.452
Y 0.024 -23.0 43.585
Y 1.666 -26.265 44.744
W 4.589 -24.725 46.701
C 5.076 -25.846 50.303
G 8.565 -25.179 51.638
S 10.159 -26.966 54.598
D 12.631 -24.13 55.336
W 11.264 -21.568 57.777
H 13.497 -18.781 56.381
E 11.315 -18.562 53.237
Y 8.043 -17.634 54.998
E 6.933 -13.977 55.205
Y 4.255 -14.004 57.9
W 4.462 -15.561 61.339
G 2.037 -16.236 64.141
Q 2.655 -15.535 67.815
G 3.485 -19.18 68.727
T 1.593 -21.465 71.15
Q 3.197 -23.901 73.58
V 2.253 -27.578 73.472
T 3.531 -29.599 76.443
V 3.402 -33.395 76.713
X 0 0 0
X 0 0 0
X 0 0 0
X 0 0 0
X 0 0 0
X 0 0 0
X 0 0 0
X 0 0 0
X 0 0 0
X 0 0 0
X 0 0 0
X 0 0 0
X 0 0 0
X 0 0 0
X 0 0 0
X 0 0 0
X 0 0 0
X 0 0 0
X 0 0 0
