S -59.424 49.616 40.608
Q -61.87 51.917 42.401
L -64.504 53.663 40.305
Q -63.873 57.39 39.921
L -64.593 60.261 37.52
V -62.807 63.568 38.173
E -63.591 66.708 36.195
S -61.016 69.478 36.223
G -59.902 72.477 34.208
G -62.732 74.874 35.018
G -62.351 78.479 36.04
T -63.446 82.039 35.358
V -62.918 83.406 31.846
Q -64.263 86.339 29.809
P -66.663 86.186 26.856
G -64.836 84.884 23.806
G -62.329 83.016 25.969
T -61.212 79.403 25.973
L -61.113 76.551 28.495
R -60.173 72.887 28.172
L -61.927 70.58 30.636
S -60.582 67.159 31.584
C -62.489 64.061 32.692
A -60.133 61.468 34.206
A -61.604 57.97 34.547
S -60.523 55.339 37.092
G -61.806 51.818 37.65
F -63.023 51.315 34.085
T -61.67 51.624 30.563
L -62.743 54.001 27.805
D -62.342 51.012 25.476
E -65.904 50.169 26.537
Y -67.383 53.382 27.974
A -68.85 56.42 26.29
I -68.295 59.756 28.043
G -70.76 62.635 27.852
W -70.353 66.172 29.155
F -73.183 67.95 30.958
R -73.658 71.358 32.504
Q -76.019 72.825 35.079
A -76.393 76.576 35.543
P -77.874 77.785 38.852
G -81.636 77.348 38.692
K -81.913 75.534 35.348
E -82.021 71.876 34.378
R -78.999 69.804 33.445
E -78.34 69.819 29.717
G -76.219 67.599 27.527
V -73.25 69.182 25.783
S -71.363 66.499 23.867
C -70.588 62.796 23.989
I -67.84 60.551 22.622
S -68.546 56.839 22.463
S -66.254 53.872 23.082
S -65.535 53.784 19.348
A -65.177 57.62 19.322
S -68.556 58.314 17.718
I -69.106 62.018 18.484
S -72.198 64.174 18.983
Y -72.821 67.811 19.994
A -75.747 69.852 21.222
D -76.758 72.418 18.612
S -75.926 75.425 20.821
V -72.297 74.218 21.008
K -71.453 73.004 17.486
G -68.459 74.749 15.971
R -67.473 76.051 19.432
F -66.68 72.956 21.525
T -64.634 69.909 20.542
I -64.739 66.652 22.491
S -61.722 64.35 22.278
R -60.114 61.456 24.071
D -56.778 59.956 25.17
N -57.42 56.268 25.863
A -53.834 55.831 27.079
K -54.563 58.425 29.778
N -58.131 57.112 30.227
T -59.187 60.776 29.924
V -61.762 62.691 27.868
Y -61.358 66.404 27.081
L -63.777 69.199 26.179
T -62.035 72.113 24.498
M -64.373 75.117 24.636
N -63.83 78.204 22.452
S -65.909 81.354 22.044
L -67.322 81.042 25.539
K -70.494 83.036 26.184
P -72.147 84.069 29.449
E -74.764 81.397 28.714
D -72.069 78.68 29.0
T -71.69 79.458 32.719
G -72.327 76.536 35.042
V -70.939 73.431 36.686
Y -69.755 70.935 34.055
Y -69.98 67.176 34.661
C -68.828 64.115 32.768
A -70.794 60.86 32.922
R -70.011 57.385 31.61
A -72.358 55.124 29.652
F -71.588 51.554 28.614
L -70.381 51.365 24.978
A -72.656 53.964 23.397
C -73.603 57.609 23.782
G -77.06 58.635 24.87
P -78.956 61.392 23.08
V -78.081 65.035 23.582
A -81.544 65.562 25.104
G -83.933 63.067 26.631
W -81.253 60.648 27.835
G -82.109 57.95 30.356
T -80.36 55.935 33.061
E -77.666 54.837 30.585
Y -75.455 57.44 32.282
D -74.813 55.437 35.45
Y -71.904 57.304 37.046
W -70.583 60.858 37.019
G -68.183 63.191 38.788
Q -68.542 66.053 41.243
G -68.186 68.565 38.397
T -65.994 71.572 37.63
Q -67.113 75.197 37.682
V -67.099 77.258 34.471
T -67.785 80.994 34.783
V -67.911 83.29 31.747
S -68.262 86.942 32.735
S -67.003 90.383 31.745
X 0 0 0
X 0 0 0
X 0 0 0
X 0 0 0
X 0 0 0
X 0 0 0
X 0 0 0
X 0 0 0
X 0 0 0
X 0 0 0
X 0 0 0
X 0 0 0
X 0 0 0
X 0 0 0
