G -89.346 49.733 49.906
S -86.562 52.05 51.061
Q -87.216 52.364 54.816
V -87.356 48.787 56.097
Q -88.257 47.329 59.484
L -88.004 43.7 60.642
V -89.214 42.557 64.061
E -88.688 38.917 65.047
S -90.487 37.058 67.817
G -91.177 33.479 68.879
G -87.932 32.659 70.669
G -87.965 30.798 73.938
L -86.519 28.171 76.228
V -87.194 24.636 74.997
Q -86.084 21.151 75.99
P -84.265 18.837 73.568
G -86.666 17.513 70.982
G -88.939 20.504 71.472
S -90.381 22.98 69.033
L -90.512 26.739 68.462
R -92.003 28.936 65.751
L -90.178 32.149 64.846
S -91.887 34.992 63.027
C -90.668 38.28 61.591
A -93.082 41.142 60.902
A -91.804 43.227 57.979
S -92.853 46.805 57.245
G -91.864 49.391 54.635
F -91.574 46.96 51.7
T -93.423 44.025 50.128
L -91.952 40.948 51.831
G -93.203 38.56 49.143
S -91.104 40.344 46.508
R -87.72 39.711 48.143
Y -85.279 36.951 48.998
M -85.147 36.67 52.83
S -82.751 34.631 55.066
W -83.042 33.207 58.625
V -79.611 33.459 60.308
R -78.364 32.435 63.725
Q -75.415 33.307 65.939
A -74.162 31.489 69.022
P -72.22 33.552 71.585
G -68.731 34.402 70.352
E -69.232 32.763 66.953
G -69.852 33.756 63.377
F -73.223 33.814 61.664
E -74.701 30.558 60.365
W -77.169 30.641 57.473
V -80.28 28.691 58.496
S -82.612 29.027 55.5
S -83.857 31.333 52.749
I -87.144 31.834 50.918
E -87.598 33.185 47.385
P -90.218 35.657 46.119
S -91.829 32.594 44.515
G -92.234 30.97 47.917
T -89.635 28.249 47.369
A -87.652 27.684 50.579
W -84.055 26.426 50.759
D -82.527 24.865 53.856
G -79.148 25.18 55.433
D -77.761 22.169 57.25
S -79.438 23.067 60.547
A -82.882 23.366 58.903
K -82.828 20.229 56.76
G -85.552 17.809 57.768
R -86.381 19.924 60.816
F -87.215 23.587 60.071
T -89.939 24.829 57.708
T -89.533 28.348 56.305
S -92.751 30.0 55.1
R -94.363 33.391 54.5
D -97.746 35.062 54.791
D -97.74 37.54 51.905
A -100.83 39.469 52.993
K -99.523 39.839 56.541
N -95.979 40.693 55.356
T -94.633 38.098 57.813
L -91.949 35.408 57.564
Y -91.9 32.205 59.606
L -89.471 29.54 60.777
Q -91.19 26.489 62.24
M -88.546 24.625 64.235
S -88.787 21.053 65.44
N -86.589 18.477 67.175
L -84.484 21.287 68.627
Q -81.136 20.355 70.182
P -78.668 22.213 72.441
E -76.447 23.08 69.469
D -79.363 25.094 68.038
T -79.02 27.647 70.844
G -78.294 31.204 69.776
V -79.84 34.429 68.536
Y -81.945 34.032 65.402
Y -82.285 36.863 62.897
C -84.427 37.522 59.895
A -82.205 39.182 57.302
T -82.731 40.367 53.757
G -81.016 38.556 50.898
Y -80.401 34.958 49.861
R -78.064 32.745 51.944
T -77.235 35.756 54.12
D -74.563 35.077 56.753
T -72.697 38.402 57.139
R -73.729 42.011 57.702
I -73.581 43.583 54.237
P -74.15 47.287 53.462
G -77.699 47.692 52.214
G -78.886 44.543 53.999
S -81.467 44.868 56.763
W -81.729 42.782 59.919
G -84.248 42.335 62.672
Q -83.198 42.676 66.277
G -83.031 38.902 66.774
T -84.874 36.519 69.067
Q -83.21 34.183 71.552
V -83.497 30.401 71.125
T -82.233 28.294 74.02
V -82.362 24.486 74.03
S -81.452 22.968 77.388
S -82.568 20.068 79.577
X 0 0 0
X 0 0 0
X 0 0 0
X 0 0 0
X 0 0 0
X 0 0 0
X 0 0 0
X 0 0 0
X 0 0 0
X 0 0 0
X 0 0 0
X 0 0 0
X 0 0 0
X 0 0 0
X 0 0 0
X 0 0 0
X 0 0 0
X 0 0 0
