Q -7.902 37.951 55.402
V -9.314 41.504 55.332
Q -7.961 44.938 54.376
L -8.8 48.092 56.342
Q -8.756 51.782 55.412
E -9.382 54.593 57.897
S -10.642 58.022 56.929
G -12.185 61.068 58.575
G -9.285 62.351 60.671
G -8.579 66.045 60.926
L -8.177 69.163 63.026
V -10.883 69.867 65.618
Q -11.227 72.442 68.38
A -11.431 71.197 71.964
G -14.999 70.277 72.857
G -15.827 69.561 69.221
S -16.621 66.194 67.702
L -15.388 64.041 64.849
R -16.482 60.788 63.206
L -13.876 58.336 61.948
S -14.722 55.452 59.665
C -12.93 52.292 58.602
A -13.912 50.475 55.417
A -13.324 46.807 54.7
S -12.076 45.422 51.405
G -11.45 41.834 50.362
Q -14.448 40.724 52.425
T -16.89 42.342 54.855
F -16.233 42.635 58.601
S -18.802 39.903 59.337
G -17.303 37.469 61.841
Y -14.413 39.84 62.674
V -13.812 41.823 65.847
T -12.964 45.386 64.809
G -11.177 47.62 67.292
W -10.035 51.232 67.169
F -6.597 52.026 68.585
R -4.676 55.269 68.954
Q -1.0 56.159 69.262
A -0.059 59.596 70.594
P 3.429 61.032 69.978
G 5.966 59.307 72.21
K 3.618 56.59 73.514
E 2.48 53.094 72.756
R -0.552 52.053 70.763
E -3.546 52.173 73.114
F -6.945 50.496 72.814
V -9.959 52.789 72.29
A -13.084 50.741 71.462
L -14.176 47.494 69.832
I -17.305 45.939 68.338
A -17.983 42.521 66.832
W -21.247 42.934 64.9
S -23.672 45.673 63.932
G -25.704 46.63 66.973
G -23.631 44.151 68.949
R -21.418 43.904 72.017
L -19.473 47.142 72.543
Y -16.496 47.893 74.762
Y -14.669 51.163 75.461
A -11.433 52.165 77.126
D -11.963 54.015 80.41
S -10.495 57.234 78.979
V -13.22 57.562 76.296
Q -16.263 56.034 78.026
G -19.259 58.327 77.648
R -17.599 60.403 74.91
F -16.922 57.956 72.052
T -19.448 55.723 70.283
I -18.419 52.768 68.124
S -20.859 51.225 65.66
R -21.043 49.169 62.489
D -23.459 49.391 59.584
N -25.908 46.559 58.992
A -23.981 45.492 55.882
E -20.865 45.02 58.091
T -18.696 46.961 55.61
T -17.871 49.989 57.799
V -16.849 50.595 61.413
Y -17.492 54.095 62.773
L -15.98 55.881 65.759
Q -18.028 58.937 66.742
M -15.807 61.043 69.023
N -17.568 63.687 71.125
S -16.253 66.199 73.679
L -12.766 65.976 72.236
K -9.797 66.948 74.414
P -6.214 67.85 73.433
E -4.928 64.562 74.866
D -7.145 62.746 72.368
T -4.594 63.816 69.735
A -3.084 60.74 68.088
V -2.906 58.677 64.956
Y -6.006 56.468 65.111
Y -5.969 52.933 63.679
C -8.7 50.398 63.028
A -7.78 46.742 63.439
A -9.492 43.398 62.823
K -9.087 39.904 64.25
R -10.494 36.432 64.512
G -10.888 35.087 68.029
G -12.667 36.984 70.767
A -13.361 40.533 71.942
V -9.847 41.334 73.147
T -8.261 44.745 73.717
A -4.544 43.854 73.412
A -3.162 45.347 70.184
E -0.719 42.457 69.72
W -3.63 40.03 69.37
Y -5.128 41.831 66.339
D -4.379 40.328 62.942
Y -4.919 43.166 60.446
W -4.32 46.908 60.614
G -5.255 49.965 58.614
Q -2.698 52.64 57.853
G -4.05 55.181 60.322
T -5.68 58.613 60.267
Q -4.396 61.625 62.187
V -6.607 63.373 64.744
T -5.413 66.643 66.275
V -7.401 68.493 68.941
S -6.562 72.153 69.514
S -7.051 73.804 72.88
X 0 0 0
X 0 0 0
X 0 0 0
X 0 0 0
X 0 0 0
X 0 0 0
X 0 0 0
X 0 0 0
X 0 0 0
X 0 0 0
X 0 0 0
X 0 0 0
X 0 0 0
X 0 0 0
X 0 0 0
X 0 0 0
X 0 0 0
