Q 29.215 -17.762 1.515
V 29.189 -16.805 -2.176
Q 26.064 -15.604 -3.997
L 25.371 -16.118 -7.714
V 22.863 -14.241 -9.888
E 22.064 -15.084 -13.516
T 20.958 -12.595 -16.171
G 20.464 -12.644 -19.921
G 17.817 -15.254 -20.685
G 15.198 -14.451 -23.269
L 13.669 -15.37 -26.605
V 15.944 -15.807 -29.631
Q 15.826 -17.488 -33.037
A 17.573 -20.659 -34.16
G 21.141 -20.03 -35.313
D 21.83 -16.653 -33.701
S 23.974 -16.043 -30.612
L 23.301 -15.185 -26.979
T 25.319 -14.473 -23.852
L 24.391 -15.315 -20.263
S 25.936 -13.492 -17.303
C 26.641 -14.943 -13.855
A 27.444 -12.255 -11.285
A 29.178 -13.326 -8.075
T 29.23 -11.618 -4.682
T 35.666 -13.595 -3.958
L 35.801 -16.401 -6.581
D 39.434 -17.399 -5.938
Y 40.07 -21.165 -6.084
Y 36.458 -21.64 -7.191
A 35.067 -23.375 -10.265
L 32.002 -21.975 -12.01
G 29.808 -24.31 -14.026
W 26.673 -24.05 -16.135
F 23.841 -26.591 -16.281
R 20.689 -26.983 -18.386
Q 17.282 -28.203 -17.26
V 14.255 -28.837 -19.473
P 11.073 -29.196 -17.348
G 10.845 -32.976 -17.318
N 14.24 -34.608 -17.774
K 17.188 -34.465 -15.39
R 19.35 -31.361 -15.152
E 22.316 -31.848 -17.494
F 25.784 -30.301 -17.557
V 26.737 -27.521 -19.973
A 30.25 -26.376 -19.231
A 32.617 -25.166 -16.527
I 35.849 -23.244 -15.874
N 38.018 -22.772 -12.764
W 38.273 -18.953 -12.907
L 41.857 -18.836 -11.597
G 43.324 -21.442 -14.028
G 41.12 -20.57 -17.07
S 40.843 -24.399 -17.555
T 37.617 -25.143 -19.508
Y 35.492 -28.226 -20.02
Y 32.411 -28.443 -22.216
A 29.814 -31.159 -22.606
D 29.692 -32.819 -26.008
S 26.236 -31.293 -26.56
V 27.777 -27.792 -26.692
R 31.462 -28.352 -27.542
G 32.516 -25.994 -30.316
R 29.265 -24.009 -30.022
F 29.273 -22.664 -26.451
T 32.296 -20.768 -25.128
L 33.104 -19.708 -21.582
S 34.639 -16.331 -20.791
R 35.468 -14.437 -17.614
D 35.689 -10.776 -16.631
N 37.664 -9.772 -13.54
S 36.812 -6.077 -13.918
K 33.329 -6.875 -12.558
S 33.877 -10.426 -11.2
T 31.429 -11.863 -13.731
L 31.182 -15.005 -15.854
Y 29.807 -15.177 -19.399
L 28.487 -18.198 -21.284
N 28.454 -17.365 -25.01
M 25.961 -19.703 -26.683
N 26.561 -19.659 -30.447
N 24.567 -21.386 -33.201
L 21.594 -22.043 -30.945
I 19.275 -24.931 -31.806
P 15.768 -25.764 -30.539
D 17.257 -28.39 -28.194
D 19.024 -25.641 -26.222
T 15.691 -24.325 -24.878
A 15.988 -24.84 -21.107
V 16.578 -23.148 -17.763
Y 20.296 -22.397 -17.412
Y 21.809 -22.435 -13.924
C 25.226 -21.245 -12.758
A 26.906 -22.949 -9.801
A 30.191 -22.87 -7.89
D 32.45 -25.426 -6.215
F 35.493 -24.783 -4.018
S 38.737 -26.76 -4.242
I 42.334 -25.712 -3.6
A 43.446 -27.598 -6.72
Y 41.518 -25.437 -9.187
S 44.532 -23.148 -9.699
G 46.353 -23.636 -12.983
T 45.576 -26.15 -15.726
Y 43.479 -28.388 -13.44
P 40.044 -29.229 -14.922
P 36.909 -28.109 -13.062
A 34.248 -30.469 -11.774
Y 31.563 -31.77 -14.126
A 29.043 -33.303 -11.7
E 26.003 -31.612 -10.189
Y 26.79 -32.868 -6.681
D 30.293 -31.342 -6.708
Y 28.848 -27.832 -7.057
D 27.484 -26.559 -3.743
Y 26.37 -22.958 -4.361
W 23.641 -22.269 -6.918
G 21.678 -19.485 -8.558
Q 18.078 -19.113 -9.642
G 18.761 -19.556 -13.362
T 17.353 -17.949 -16.492
Q 15.166 -19.384 -19.231
V 16.413 -19.639 -22.817
T 13.851 -20.313 -25.547
V 14.793 -20.75 -29.211
S 12.24 -20.267 -32.0
S 12.166 -21.871 -35.459
X 0 0 0
X 0 0 0
X 0 0 0
X 0 0 0
X 0 0 0
X 0 0 0
X 0 0 0
X 0 0 0
X 0 0 0
X 0 0 0
X 0 0 0
X 0 0 0
