Q -2.459 52.489 280.004
V -5.053 49.704 280.193
Q -8.209 48.783 282.113
L -11.419 46.752 281.894
V -15.107 47.696 281.935
E -18.161 45.549 282.693
S -21.867 45.914 281.946
P -34.942 33.091 289.874
G -35.057 30.908 286.765
G -34.379 34.0 284.671
S -32.049 35.339 281.982
L -29.06 37.661 282.352
R -26.292 38.666 279.934
L -22.922 39.944 281.16
S -20.225 41.607 279.071
C -16.692 42.888 279.616
A -14.686 45.169 277.333
A -10.943 45.826 277.304
S -9.359 49.128 276.319
G -6.053 50.974 276.193
S -2.852 50.165 274.338
I -3.423 46.425 273.934
F -1.028 44.189 271.991
S -3.112 40.994 271.695
I -5.231 39.238 274.346
Y -4.773 35.546 275.125
A -7.717 34.377 277.24
M -10.695 36.078 278.865
G -12.959 34.638 281.517
W -15.493 35.327 284.222
Y -14.745 34.677 287.895
R -17.075 34.506 290.886
Q -16.405 34.851 294.62
Q -13.228 32.454 297.901
R -13.292 32.945 294.127
E -13.835 30.104 291.655
L -13.862 29.896 287.872
V -17.227 29.97 286.114
A -16.226 30.238 282.439
A -13.05 30.815 280.423
I -12.886 31.47 276.668
S -9.661 31.384 274.644
S -8.712 33.438 271.588
Y -9.564 30.459 269.337
G -12.984 29.672 270.821
S -11.945 27.111 273.445
T -14.264 27.065 276.46
N -13.962 25.678 279.984
Y -16.906 25.834 282.393
A -17.269 24.807 286.009
D -19.747 22.022 286.739
S -22.008 24.451 288.613
V -23.081 26.388 285.503
K -22.478 23.777 282.788
G -25.171 23.899 280.115
R -27.082 26.972 281.285
F -24.152 29.408 280.984
T -22.771 30.353 277.565
I -19.501 32.274 277.192
S -18.656 33.943 273.878
R -16.116 36.454 272.641
D -15.497 38.978 269.861
N -11.827 39.694 269.19
A -12.328 42.696 266.89
K -13.96 44.519 269.826
N -12.006 42.802 272.653
T -15.257 41.968 274.449
V -16.331 38.773 276.222
Y -19.991 37.827 276.697
L -21.614 35.631 279.358
Q -25.212 34.565 278.691
M -26.688 33.328 281.989
N -30.028 31.495 281.946
S -32.029 29.499 284.504
L -30.335 30.744 287.675
E -26.374 29.394 294.555
D -25.045 31.575 291.726
T -25.592 34.889 293.561
A -22.147 36.447 294.098
V -19.714 38.976 292.605
Y -18.954 38.21 288.944
Y -15.417 39.325 288.082
C -13.929 39.763 284.606
N -10.449 38.352 283.98
A -8.377 38.906 280.841
D -4.77 37.926 280.091
I -3.803 41.073 278.186
A -0.325 41.466 276.712
T 1.066 44.983 276.591
M 3.893 45.934 274.249
T 6.283 46.167 277.226
A 5.156 42.808 278.731
V 4.453 40.356 275.907
G 2.434 37.325 276.966
G 1.709 37.985 280.618
F -0.218 39.68 283.416
D -3.883 39.064 284.221
Y -6.345 41.948 284.469
W -9.51 42.462 286.504
G -12.446 44.827 286.829
Q -14.594 45.885 289.776
G -17.257 43.174 289.569
T -21.02 43.525 289.16
Q -23.931 41.954 291.027
X 0 0 0
X 0 0 0
X 0 0 0
X 0 0 0
X 0 0 0
X 0 0 0
X 0 0 0
X 0 0 0
X 0 0 0
X 0 0 0
X 0 0 0
X 0 0 0
X 0 0 0
X 0 0 0
X 0 0 0
X 0 0 0
X 0 0 0
X 0 0 0
X 0 0 0
X 0 0 0
X 0 0 0
X 0 0 0
X 0 0 0
X 0 0 0
X 0 0 0
X 0 0 0
X 0 0 0
X 0 0 0
X 0 0 0
X 0 0 0
X 0 0 0
X 0 0 0
X 0 0 0
X 0 0 0
X 0 0 0
X 0 0 0
