V 139.749 141.219 128.139
Q 142.958 139.244 127.59
L 146.134 139.209 125.485
V 146.828 137.694 122.056
E 150.367 136.777 120.982
S 151.701 135.568 117.63
G 155.071 134.516 116.257
G 157.884 132.314 117.495
G 159.652 129.058 116.805
L 163.213 127.727 116.586
V 166.009 129.578 114.775
Q 169.767 129.041 115.026
A 172.387 131.801 115.12
G 172.227 134.488 112.454
G 168.46 134.318 112.002
S 165.322 136.342 112.677
L 161.846 135.981 114.169
R 159.562 138.986 114.623
L 157.826 138.997 118.022
S 154.485 140.714 117.515
C 151.728 141.394 120.045
A 148.31 143.052 119.745
V 145.756 144.551 122.135
S 142.108 143.914 121.281
G 140.968 146.404 123.913
R 140.027 149.989 123.108
T 142.268 151.454 125.841
F 145.308 151.428 123.527
S 145.268 155.241 123.605
T 146.298 155.443 127.275
Y 148.225 152.149 127.616
G 151.981 152.012 127.157
M 154.076 149.099 125.944
A 156.881 147.167 127.633
W 158.778 143.92 127.103
F 160.343 141.306 129.388
R 162.206 138.016 128.945
Q 162.553 135.174 131.461
A 162.164 131.433 130.925
P 162.821 129.733 134.32
G 160.642 131.972 136.468
K 163.519 134.447 136.687
E 162.886 138.052 137.673
R 161.627 139.959 134.651
D 164.261 142.236 133.112
F 163.328 145.294 131.065
V 163.712 144.981 127.289
A 162.046 147.909 125.509
T 159.283 150.47 125.923
I 157.49 153.24 124.029
T 156.27 156.543 125.442
R 152.61 157.522 125.262
S 153.039 160.297 122.687
G 155.535 158.327 120.593
E 158.412 160.727 119.886
T 160.864 159.057 122.292
T 161.909 155.396 122.22
L 163.653 153.766 125.189
Y 165.456 150.415 125.109
A 167.551 148.261 127.4
D 171.303 148.515 126.882
S 171.77 144.858 125.916
V 169.085 144.844 123.215
K 170.25 148.147 121.719
G 171.4 147.97 118.108
R 169.448 144.832 117.169
F 166.012 145.004 118.782
T 163.551 147.519 117.349
I 159.974 148.347 118.328
S 157.15 150.114 116.523
R 153.605 151.289 117.214
D 150.563 150.239 115.178
N 147.095 151.795 115.053
A 145.374 149.74 112.332
K 145.142 146.704 114.634
N 147.038 147.994 117.714
T 149.655 145.296 117.021
V 152.874 146.538 118.595
Y 155.789 144.957 116.728
L 159.24 143.966 117.965
Q 162.02 142.791 115.649
M 164.315 140.156 117.17
N 167.633 139.361 115.484
S 171.168 138.13 116.219
L 170.182 134.864 117.879
K 172.254 133.806 120.891
I 172.148 131.043 123.491
E 170.676 133.31 126.175
D 167.826 134.224 123.802
T 166.214 130.854 124.667
A 163.712 132.325 127.106
V 160.002 132.961 127.537
Y 158.967 136.32 126.083
Y 156.356 138.477 127.84
C 154.139 141.173 126.283
A 153.783 143.556 129.209
V 151.463 146.57 129.005
R 151.527 149.769 131.06
R 148.602 151.262 132.99
D 146.839 154.581 132.328
S 148.922 157.081 130.395
S 151.635 159.119 132.11
W 154.398 161.218 130.533
G 157.613 159.467 131.496
Y 159.723 156.323 131.507
S 158.828 153.127 133.38
R 161.613 150.582 133.929
D 160.272 148.591 136.89
L 157.87 145.714 137.544
F 155.779 147.775 139.972
E 152.602 147.774 137.864
Y 151.504 145.805 134.8
D 148.069 144.725 133.602
Y 148.428 141.33 131.902
W 151.147 138.706 131.513
G 151.426 137.019 128.131
Q 152.46 133.538 127.065
G 155.057 134.224 124.373
T 157.471 131.913 122.603
Q 161.069 130.777 123.012
V 163.72 129.944 120.412
T 166.059 126.959 120.771
V 169.571 127.143 119.295
S 171.659 124.012 118.738
X 0 0 0
X 0 0 0
X 0 0 0
X 0 0 0
X 0 0 0
X 0 0 0
X 0 0 0
X 0 0 0
X 0 0 0
X 0 0 0
X 0 0 0
X 0 0 0
X 0 0 0
X 0 0 0
X 0 0 0
X 0 0 0
