V 122.966 120.849 131.244
Q 121.906 120.175 134.829
L 124.039 122.056 137.347
V 123.738 119.302 139.977
E 126.305 116.53 139.471
S 126.068 113.171 141.23
G 126.886 109.506 140.736
G 125.072 106.218 141.057
G 124.158 104.344 144.205
L 124.305 100.638 145.025
V 122.703 98.74 147.936
Q 125.063 100.818 150.081
A 122.671 103.737 149.491
G 119.629 101.551 150.214
G 119.224 100.259 146.665
S 120.418 100.242 143.082
L 119.804 103.439 141.107
T 120.426 104.635 137.564
L 122.952 107.373 136.848
T 121.803 111.001 137.144
C 123.655 113.1 134.565
A 122.866 115.179 131.489
A 124.891 115.939 128.362
S 124.985 119.471 126.936
G 125.352 119.964 123.194
R 123.748 121.403 120.097
T 122.903 117.966 118.679
F 123.368 114.309 119.569
S 125.511 113.692 116.452
S 127.49 116.927 116.843
E 130.888 115.357 116.138
T 132.712 112.018 116.165
M 135.827 112.649 118.259
D 137.346 111.746 121.626
M 138.831 114.373 123.949
G 138.237 116.162 127.231
W 139.107 119.109 129.438
F 139.508 119.852 133.151
R 136.037 118.54 134.074
Q 136.691 118.651 137.81
A 136.344 115.123 139.185
P 135.064 114.163 142.644
G 137.496 115.27 145.325
K 140.252 117.848 145.147
E 142.102 116.013 142.373
R 140.841 116.706 138.846
E 141.049 113.991 136.193
F 139.471 113.021 132.876
V 136.38 111.093 133.966
A 135.546 110.161 130.359
A 137.195 111.084 127.05
D 134.521 109.413 124.898
S 132.624 112.69 124.184
W 129.761 110.716 122.56
N 128.244 107.227 122.427
D 131.212 104.866 122.893
G 133.922 107.242 121.725
S 137.114 105.701 123.098
T 138.043 103.952 126.345
Y 140.125 106.173 128.632
Y 141.932 105.188 131.834
A 142.364 107.686 134.672
D 143.446 107.421 138.296
S 140.19 108.982 139.509
V 138.142 106.63 137.305
K 139.842 103.223 137.26
G 138.459 99.822 136.293
R 136.436 99.9 139.51
F 134.322 102.639 137.873
T 132.717 102.261 134.456
I 134.163 104.552 131.783
S 131.411 105.501 129.336
R 129.574 108.668 128.297
D 126.317 108.834 126.327
S 125.013 112.039 124.742
A 121.736 110.48 123.563
K 118.653 112.253 124.96
N 120.998 114.395 127.105
T 120.807 111.765 129.845
L 122.87 108.935 131.325
Y 121.394 105.5 132.041
L 124.283 103.004 131.919
Q 124.997 101.255 135.209
M 128.345 102.173 136.761
N 129.592 99.2 138.834
S 128.868 96.803 141.707
L 130.938 98.321 144.506
K 130.907 97.34 148.195
P 129.574 99.089 151.331
E 131.602 101.935 152.864
D 132.63 103.553 149.583
T 131.99 106.638 147.45
A 130.341 106.831 144.023
V 130.294 110.246 142.326
Y 130.264 110.813 138.561
Y 130.637 114.073 136.661
C 127.615 115.224 134.635
A 128.643 117.365 131.656
A 129.427 117.187 127.948
E 130.989 119.278 125.203
T 129.119 121.363 122.633
Y 129.398 121.479 118.828
S 132.418 123.301 117.397
I 135.438 122.518 115.242
Y 137.836 124.047 117.77
E 139.032 122.106 120.804
K 137.842 122.455 124.418
D 134.279 123.072 123.293
D 131.979 124.756 125.805
S 128.411 126.017 125.62
W 128.182 129.785 125.109
G 125.256 132.161 125.509
Y 123.218 130.588 128.313
W 125.78 128.5 130.224
G 128.429 129.22 132.836
Q 131.867 127.689 133.216
G 131.913 124.828 135.7
T 129.082 123.244 137.643
Q 127.999 122.778 141.24
V 129.745 119.965 143.121
T 127.461 117.48 144.88
V 127.878 113.971 146.285
S 125.45 111.153 147.034
X 0 0 0
X 0 0 0
X 0 0 0
X 0 0 0
X 0 0 0
X 0 0 0
X 0 0 0
X 0 0 0
X 0 0 0
X 0 0 0
X 0 0 0
X 0 0 0
X 0 0 0
X 0 0 0
X 0 0 0
X 0 0 0
X 0 0 0
