S -14.069 16.954 -48.806
S -15.793 19.981 -47.282
Q -18.781 18.288 -45.584
V -16.956 18.741 -42.256
Q -14.514 21.64 -41.934
L -11.831 21.685 -39.221
V -9.696 24.703 -38.312
E -6.827 24.223 -35.846
S -5.054 26.817 -33.746
G -2.93 26.992 -30.613
G 0.371 25.516 -31.779
G 3.735 27.127 -31.312
S 7.169 26.937 -29.751
V 7.781 26.065 -26.106
Q 10.638 24.857 -23.927
A 10.763 21.306 -22.59
G 8.433 21.017 -19.611
G 6.041 23.725 -20.806
S 2.459 23.364 -21.968
L 0.3 24.214 -24.973
R -3.402 23.921 -25.785
L -4.482 23.095 -29.331
S -7.989 23.96 -30.511
C -9.947 22.563 -33.448
C -9.95 22.562 -33.445
A -13.208 24.23 -34.473
A -15.652 22.141 -36.512
S -18.294 23.404 -38.933
G -20.478 21.939 -41.661
S -22.107 18.521 -41.218
I -21.235 18.454 -37.536
S -24.108 16.23 -36.36
S -22.591 13.374 -38.407
I -19.265 13.456 -36.519
T -18.852 10.261 -34.497
Y -15.188 10.528 -33.638
L -12.5 13.188 -33.213
G -8.809 12.349 -33.49
W -5.537 14.156 -32.888
F -2.72 12.915 -35.15
R 0.843 14.151 -35.325
Q 3.567 13.821 -37.932
A 7.207 14.795 -37.97
P 8.718 15.01 -41.473
G 9.61 11.586 -42.851
K 7.804 9.728 -40.046
E 4.424 8.062 -39.642
R 1.314 10.184 -39.127
E 0.481 8.622 -35.763
G -2.505 8.84 -33.466
V -2.119 10.93 -30.326
A -5.571 10.999 -28.759
A -9.208 10.481 -29.644
L -12.714 11.152 -28.334
I -15.995 9.372 -29.113
T -18.704 12.003 -29.422
V -21.71 9.941 -28.266
N -20.316 9.454 -24.751
G -17.054 11.407 -24.431
H -14.908 8.284 -24.069
T -11.253 9.004 -24.77
Y -8.18 7.124 -25.952
Y -4.519 8.081 -25.587
A -1.255 6.868 -27.056
D 1.055 5.352 -24.443
S 3.634 8.087 -25.056
V 1.258 10.892 -23.975
K -0.782 9.238 -21.207
G -0.89 11.43 -18.119
R 0.396 14.467 -20.047
F -2.185 15.108 -22.782
T -5.943 15.508 -22.403
V -8.504 15.633 -25.219
S -11.888 17.198 -24.523
L -14.923 18.51 -26.381
D -17.014 21.667 -25.956
N -20.251 20.759 -27.734
A -21.592 24.309 -27.377
K -18.663 25.708 -29.382
N -18.239 22.499 -31.431
T -14.568 22.685 -30.537
V -12.241 19.859 -29.536
Y -9.115 20.572 -27.483
L -5.753 18.929 -26.871
Q -4.155 20.117 -23.626
M -0.448 19.2 -23.823
N 1.442 19.341 -20.516
S 5.026 18.412 -19.613
L 6.056 18.747 -23.247
K 9.292 17.159 -24.42
P 11.312 17.475 -27.655
E 9.888 14.108 -28.756
D 6.473 15.817 -29.044
T 7.705 18.14 -31.82
A 5.481 17.596 -34.857
L 2.755 18.956 -37.089
Y -0.477 18.146 -35.237
Y -3.669 17.442 -37.19
C -7.194 17.302 -35.949
C -7.248 17.418 -35.976
A -9.455 14.915 -37.801
A -13.152 14.046 -37.741
A -14.934 10.85 -38.734
A -18.55 9.847 -39.237
W -18.269 6.03 -39.591
G -17.994 5.251 -35.873
Y -14.682 4.901 -34.022
A -11.429 2.976 -34.296
W -8.417 2.954 -31.986
P -5.519 3.071 -32.704
L -6.021 5.844 -35.241
H -5.169 5.13 -38.881
Q -4.947 7.97 -41.394
D -6.152 5.709 -44.243
D -9.654 5.569 -42.804
Y -11.845 8.287 -44.299
W -11.212 11.443 -42.26
Y -11.967 15.115 -42.58
W -8.688 16.909 -41.881
G -7.627 20.212 -40.433
Q -4.732 22.096 -41.99
G -2.23 21.193 -39.266
T -0.539 23.246 -36.545
Q 3.142 23.036 -35.69
V 4.356 22.249 -32.169
T 8.073 22.798 -31.561
V 9.5 21.781 -28.18
S 13.086 22.834 -27.484
A 15.349 21.055 -24.995
X 0 0 0
X 0 0 0
X 0 0 0
X 0 0 0
X 0 0 0
X 0 0 0
X 0 0 0
X 0 0 0
X 0 0 0
X 0 0 0
X 0 0 0
