E 228.207 162.819 306.047
V 230.99 164.951 304.57
Q 233.822 164.831 307.104
L 237.526 165.656 306.786
V 239.969 163.936 309.157
E 243.659 164.854 309.302
S 246.453 162.871 310.937
G 250.233 162.821 311.252
G 251.069 165.837 313.431
G 253.381 165.963 316.406
L 256.906 166.858 317.435
V 259.449 167.138 314.615
Q 263.111 168.151 314.648
P 264.448 171.186 312.749
G 265.602 170.378 309.231
G 263.684 167.091 309.044
S 260.76 165.88 306.961
L 257.194 165.187 308.081
R 254.335 163.679 306.088
L 250.73 164.69 306.809
S 247.471 163.05 305.76
C 243.985 164.228 304.803
A 242.088 160.916 304.721
A 238.687 162.044 303.427
S 235.293 160.383 303.779
G 231.907 161.207 302.287
F 233.275 162.559 298.988
T 235.963 161.873 296.396
F 238.633 164.089 294.84
D 237.727 163.334 291.208
D 235.531 166.448 290.916
Y 236.601 168.741 293.794
A 239.482 171.116 294.495
M 241.262 170.592 297.818
S 243.362 173.098 299.76
W 245.844 173.115 302.629
V 245.82 176.094 305.038
R 248.009 176.762 308.096
Q 247.324 178.674 311.312
A 249.991 180.346 313.414
P 249.458 180.847 317.174
G 249.802 184.618 316.739
K 248.603 185.058 313.153
G 245.592 184.223 311.022
L 244.907 181.508 308.492
E 247.641 181.423 305.842
W 246.909 179.532 302.629
I 249.529 176.896 301.793
G 248.379 175.253 298.603
R 245.776 173.695 296.353
M 245.347 170.361 294.547
Y 243.057 170.328 291.517
N 241.057 167.388 290.181
N 243.288 166.942 287.102
G 246.437 166.726 289.242
R 247.377 170.41 288.998
T 249.215 171.805 292.025
S 249.559 175.416 293.099
Y 251.362 176.649 296.2
N 252.065 179.734 298.275
P 254.972 181.472 296.451
S 256.677 182.198 299.793
L 256.304 178.496 300.676
K 256.9 176.638 297.368
S 260.409 175.447 298.301
L 259.327 173.104 301.112
V 255.773 171.768 300.57
T 254.409 169.038 298.295
I 250.721 168.139 297.87
S 249.864 164.759 296.336
R 246.818 162.508 296.099
D 246.02 158.827 296.549
N 242.688 158.384 294.756
S 242.645 154.631 295.478
K 242.595 155.469 299.202
N 240.734 158.815 298.563
T 243.301 160.642 300.71
L 245.424 163.763 300.344
Y 249.118 163.877 301.268
L 251.359 166.752 302.384
Q 255.089 165.917 302.433
M 256.675 168.902 304.214
N 260.451 169.296 304.52
S 262.86 171.548 306.47
L 260.466 172.531 309.253
R 261.781 175.594 311.101
A 260.505 177.545 314.133
E 257.839 179.501 312.223
D 256.503 176.266 310.666
T 254.815 175.431 314.003
A 251.158 175.535 312.948
T 247.786 173.812 313.135
Y 247.313 172.494 309.604
Y 243.763 172.394 308.231
C 242.73 170.503 305.092
A 239.627 171.921 303.428
R 237.533 171.562 300.286
D 237.283 174.507 297.912
N 233.837 175.901 297.083
L 233.683 176.27 293.302
G 229.889 175.931 293.311
Y 227.109 178.103 294.702
R 228.086 180.525 297.474
P 225.139 181.908 299.499
S 227.082 185.046 300.51
E 230.593 186.5 300.544
N 233.048 184.081 302.167
L 236.458 185.287 303.344
Y 238.031 181.852 302.788
G 235.784 180.18 300.191
M 235.579 176.792 301.928
D 232.345 174.809 302.138
V 233.64 172.123 304.536
W 236.651 172.279 306.87
G 238.825 169.762 308.665
Q 239.655 169.486 312.347
G 243.335 170.118 311.544
T 246.466 168.549 313.043
T 249.003 170.417 315.166
V 252.73 170.445 314.363
T 255.335 172.003 316.663
V 259.058 172.564 316.07
S 261.412 172.949 319.041
S 264.43 171.314 320.698
S 262.605 168.206 321.946
X 0 0 0
X 0 0 0
X 0 0 0
X 0 0 0
X 0 0 0
X 0 0 0
X 0 0 0
X 0 0 0
X 0 0 0
X 0 0 0
X 0 0 0
X 0 0 0
X 0 0 0
X 0 0 0
X 0 0 0
