V 275.791 243.634 196.144
Q 278.746 241.717 197.563
L 280.143 239.701 200.452
V 283.918 240.023 200.727
E 286.619 238.312 202.761
S 289.42 240.087 204.616
G 292.804 238.809 205.779
G 293.548 235.096 205.786
G 296.467 232.938 206.845
L 299.539 234.093 204.946
V 301.434 232.812 207.952
Q 305.043 231.894 208.715
A 303.85 229.505 211.455
G 300.75 228.81 213.516
G 298.982 232.147 213.29
S 296.311 233.485 215.642
L 294.817 235.484 212.796
R 291.752 237.707 212.435
L 289.676 236.727 209.418
S 286.998 239.298 208.627
C 284.026 239.486 206.287
A 282.03 242.487 205.086
A 278.524 242.784 203.595
S 278.057 246.414 202.544
G 275.355 245.669 199.956
L 272.712 244.797 202.562
T 272.202 244.917 206.313
F 274.011 242.418 208.522
S 271.668 241.35 211.329
K 269.158 239.91 208.839
Y 271.061 236.671 208.214
A 273.371 234.328 210.092
M 277.099 234.283 209.398
G 279.402 231.348 208.813
W 282.994 230.547 207.936
F 283.469 227.403 205.843
R 286.56 225.839 204.304
Q 287.7 224.151 201.106
A 290.931 222.225 201.633
P 293.883 221.953 199.229
G 293.083 218.24 199.002
K 289.453 218.179 200.152
E 286.257 220.098 199.413
R 283.83 222.569 200.989
K 283.265 222.02 204.718
F 281.315 223.85 207.404
V 283.6 225.228 210.109
A 281.857 227.825 212.284
T 278.544 229.66 212.373
I 276.894 232.437 214.383
S 273.212 233.37 214.658
W 271.315 236.128 212.849
S 271.504 238.356 215.942
G 274.888 237.07 217.1
D 273.219 235.539 220.151
S 275.137 232.248 220.15
A 277.507 230.355 217.872
F 278.687 226.818 217.243
Y 281.397 225.026 215.283
A 282.239 221.684 213.745
D 283.33 218.822 216.0
S 287.027 219.686 215.472
V 287.57 223.46 215.202
K 285.388 224.207 218.24
G 288.415 223.924 220.529
R 290.666 226.218 218.488
F 288.406 228.926 217.004
T 286.484 232.029 218.005
I 283.584 233.535 216.054
S 281.859 236.878 216.64
R 279.873 239.272 214.476
D 279.201 242.983 214.744
N 275.577 243.092 213.609
A 276.27 246.762 212.925
R 278.956 247.894 210.448
N 278.382 244.772 208.36
T 281.345 242.772 209.704
V 281.762 239.218 210.992
Y 285.065 238.259 212.619
L 286.696 234.891 213.171
Q 289.758 234.491 215.38
M 291.537 231.454 213.917
N 294.199 230.386 216.412
S 296.563 227.417 216.756
L 296.978 226.912 213.023
K 297.66 223.315 212.02
P 298.821 221.902 208.666
E 295.402 220.39 207.898
D 293.363 223.617 208.135
T 295.399 225.231 205.31
A 292.157 225.799 203.438
V 290.382 228.617 201.626
Y 287.692 229.931 203.98
Y 284.577 231.373 202.366
C 282.478 233.676 204.543
A 278.76 233.233 203.899
A 275.627 235.035 205.065
D 272.512 232.869 204.969
R 269.165 232.53 206.71
G 270.248 229.082 207.927
M 273.562 228.267 209.561
G 276.372 225.938 208.523
Y 276.698 223.283 205.808
G 274.349 224.416 203.082
D 274.834 223.44 199.46
F 273.048 226.751 198.898
M 273.732 229.999 200.73
D 271.808 233.255 200.475
Y 275.228 234.754 199.762
W 278.698 233.22 199.645
G 282.286 234.42 199.849
Q 285.193 234.463 197.443
G 287.299 232.803 200.138
T 290.399 234.1 201.888
S 293.103 231.471 202.235
V 294.593 230.279 205.523
T 297.649 228.199 204.589
A 298.698 227.152 208.08
S 302.47 226.75 208.308
S 304.9 225.048 210.673
X 0 0 0
X 0 0 0
X 0 0 0
X 0 0 0
X 0 0 0
X 0 0 0
X 0 0 0
X 0 0 0
X 0 0 0
X 0 0 0
X 0 0 0
X 0 0 0
X 0 0 0
X 0 0 0
X 0 0 0
X 0 0 0
X 0 0 0
X 0 0 0
X 0 0 0
X 0 0 0
