Q 171.619 184.817 295.521
V 174.687 182.567 295.616
Q 174.791 180.419 298.764
L 177.334 177.695 299.541
V 177.029 175.129 302.336
E 179.39 172.429 303.619
S 178.217 169.15 305.143
G 180.183 166.344 306.767
G 183.155 166.045 309.073
G 183.501 165.402 312.779
L 185.837 163.416 315.015
V 187.184 160.054 313.83
Q 189.986 157.682 314.769
A 193.082 157.09 312.658
G 192.629 155.135 309.44
G 189.055 156.289 308.842
S 187.463 157.936 305.826
L 185.306 161.021 305.338
R 183.107 162.527 302.628
L 182.504 166.283 302.617
S 179.817 167.859 300.434
C 180.006 171.424 299.093
A 176.587 172.459 297.766
A 176.183 175.703 295.813
S 172.887 177.392 294.931
G 172.454 180.242 292.466
F 175.145 179.142 289.994
P 176.184 175.808 288.447
V 179.408 174.224 289.653
Y 180.487 173.842 286.017
R 182.75 176.901 285.988
D 186.411 177.893 286.242
R 187.522 176.656 289.644
M 186.429 175.461 293.08
A 188.896 175.714 295.97
W 189.281 174.019 299.35
Y 191.427 175.407 302.159
R 192.433 174.098 305.578
Q 192.69 176.1 308.808
A 194.352 174.562 311.847
P 194.018 175.949 315.395
G 196.886 178.372 315.883
K 198.446 177.616 312.483
E 198.79 179.526 309.226
R 196.266 179.155 306.413
E 197.458 177.541 303.185
W 195.907 176.497 299.887
V 195.016 172.806 299.841
A 193.006 171.694 296.82
A 191.368 173.042 293.683
I 189.234 171.514 290.933
Y 189.038 173.028 287.449
S 186.797 172.401 284.448
A 189.533 173.336 281.943
G 193.22 172.619 281.5
Q 194.589 170.472 284.299
Q 191.795 168.492 285.938
T 192.747 169.076 289.584
R 195.554 170.513 291.689
Y 196.452 169.517 295.237
A 198.796 170.495 298.03
D 201.999 168.496 298.384
S 200.802 167.137 301.746
V 197.452 165.784 300.466
K 198.418 164.065 297.201
G 197.772 160.347 296.784
R 195.205 159.895 299.582
F 192.448 162.385 298.706
T 189.999 162.629 295.798
I 187.251 164.95 294.58
S 184.325 164.805 292.163
R 181.574 167.152 291.01
D 178.04 166.707 289.678
N 176.258 169.436 287.718
A 172.911 167.613 287.519
K 172.367 167.764 291.289
N 174.843 170.683 291.492
T 177.112 169.511 294.318
V 180.775 168.606 294.874
Y 181.824 165.48 296.785
L 185.168 165.506 298.593
Q 186.453 162.084 299.679
M 189.385 161.477 302.032
N 190.772 158.021 302.823
S 193.352 156.886 305.393
L 193.22 160.021 307.521
K 196.244 161.228 309.49
P 196.482 163.258 312.717
E 197.956 166.183 310.756
D 194.607 166.554 308.94
T 192.833 167.769 312.105
A 191.609 171.219 311.032
V 188.618 173.096 309.61
Y 187.729 172.636 305.933
Y 186.641 175.662 303.876
C 184.968 175.628 300.45
N 185.632 178.705 298.313
V 184.616 180.088 294.916
K 185.644 183.191 292.974
D 183.827 185.668 290.735
V 184.803 188.766 288.747
G 183.019 192.111 288.946
H 182.396 194.875 286.443
H 185.554 196.841 287.347
Y 187.891 193.801 287.338
E 187.324 193.399 291.085
Y 187.405 189.868 292.488
Y 184.768 188.643 294.949
D 185.602 185.443 296.837
Y 182.562 183.604 298.182
W 183.77 181.957 301.397
G 182.318 178.821 302.937
Q 181.391 178.058 306.525
G 183.631 174.99 306.726
T 183.527 171.915 308.942
Q 185.832 170.638 311.68
V 187.619 167.332 311.024
T 189.59 165.734 313.866
V 191.726 162.602 313.481
S 192.762 160.743 316.636
A 195.742 158.381 316.605
X 0 0 0
X 0 0 0
X 0 0 0
X 0 0 0
X 0 0 0
X 0 0 0
X 0 0 0
X 0 0 0
X 0 0 0
X 0 0 0
X 0 0 0
X 0 0 0
X 0 0 0
X 0 0 0
X 0 0 0
X 0 0 0
X 0 0 0
X 0 0 0
X 0 0 0
