A 16.183 38.806 -2.833
E 17.207 36.172 -5.38
V 15.132 37.663 -8.235
Q 14.896 41.368 -9.12
L 12.077 42.874 -11.204
Q 12.331 46.093 -13.24
A 9.038 47.59 -14.425
S 8.554 50.433 -16.905
G 6.335 51.697 -19.713
G 3.749 53.787 -17.88
G 2.552 57.09 -19.242
L -0.331 59.447 -19.952
V -2.547 58.811 -22.997
Q -6.027 59.731 -24.184
A -8.894 57.259 -24.353
G -8.312 54.794 -27.17
G -4.535 55.185 -26.973
S -1.938 52.494 -26.41
L 0.866 51.729 -23.967
R 3.286 48.837 -23.436
L 4.375 47.821 -19.938
S 7.562 45.791 -19.478
C 8.774 43.722 -16.51
A 12.394 42.553 -16.812
A 13.474 39.754 -14.462
S 17.075 39.351 -13.292
G 18.948 36.84 -11.135
R 17.916 33.174 -10.849
T 15.041 33.524 -13.314
D 14.742 29.729 -13.772
S 12.846 29.454 -10.483
T 10.083 31.719 -11.817
Q 6.792 29.888 -12.352
H 4.353 32.747 -13.043
M 4.615 36.451 -13.777
A 1.532 38.567 -13.153
W 0.409 42.177 -13.37
F -1.744 43.748 -10.654
R -3.206 47.262 -10.638
Q -4.607 49.637 -8.0
A -6.91 52.525 -8.929
P -7.615 55.465 -6.569
G -9.59 54.372 -3.52
K -9.999 50.804 -4.806
E -8.464 47.432 -4.003
R -5.565 45.825 -5.862
E -7.008 43.741 -8.704
F -5.472 41.019 -10.857
V -5.002 42.046 -14.508
T -3.028 39.405 -16.418
A -0.466 36.645 -15.962
I 1.659 34.214 -17.978
Q 3.235 30.831 -17.289
W 7.023 31.213 -17.372
R 7.406 27.783 -19.065
G 4.184 26.679 -20.749
G 3.364 30.208 -21.888
G -0.312 30.02 -21.002
T -1.867 33.427 -20.43
S -4.698 34.64 -18.214
Y -6.653 37.896 -18.145
T -9.356 39.552 -16.101
D -12.603 39.959 -18.045
S -12.444 43.764 -18.317
V -9.145 43.679 -20.272
K -9.759 40.709 -22.588
G -9.001 41.546 -26.22
R -7.463 44.916 -25.352
F -4.503 43.664 -23.284
T -1.98 41.083 -24.495
I 0.811 39.645 -22.331
S 3.73 37.886 -24.022
R 7.217 36.508 -23.418
D 9.822 35.075 -25.768
N 10.979 31.916 -23.953
A 14.57 33.027 -24.607
K 14.229 36.41 -22.862
N 13.551 37.328 -19.233
T 11.38 40.352 -20.136
V 7.578 40.125 -20.32
Y 5.478 42.683 -22.195
L 1.911 43.868 -21.629
E 0.44 45.471 -24.759
M -2.333 47.848 -23.708
N -4.626 48.897 -26.576
S -7.955 50.754 -26.613
L -7.244 52.192 -23.175
K -10.222 53.336 -21.09
P -10.436 55.604 -18.02
E -11.164 52.486 -15.944
D -7.591 51.382 -16.731
T -6.108 54.415 -14.948
A -4.187 52.887 -12.037
V -0.747 52.035 -10.67
Y 0.411 48.77 -12.269
Y 2.568 46.216 -10.417
C 4.373 43.181 -11.844
A 5.116 40.172 -9.632
T 6.697 36.71 -9.872
N 6.399 33.518 -7.812
T 8.224 30.194 -7.419
R 5.59 27.596 -6.454
W 4.475 25.584 -9.456
T 0.805 25.641 -10.424
Y -0.795 25.273 -13.829
F -3.222 28.17 -13.368
S -1.667 31.53 -12.544
P -2.653 32.672 -9.028
T -4.769 35.824 -8.84
V -4.059 37.072 -5.288
P -0.948 39.066 -4.256
D -0.083 36.761 -1.334
R 0.782 33.925 -3.728
Y 3.552 35.968 -5.404
D 7.003 36.35 -3.865
Y 8.832 39.099 -5.808
W 7.58 42.555 -6.786
G 8.72 45.39 -9.036
Q 8.183 49.112 -8.554
G 4.815 50.456 -9.685
T 4.329 52.167 -13.054
Q 1.615 54.837 -13.297
V -0.941 54.648 -16.127
T -3.331 57.574 -16.736
V -6.019 57.65 -19.458
S -7.302 61.197 -20.085
S -8.629 62.974 -23.209
A -7.669 66.543 -24.246
A -6.11 67.213 -20.845
A -2.563 66.118 -21.668
L -2.456 69.216 -23.884
E -1.555 71.102 -20.7
H 0.887 68.316 -19.781
H 2.718 68.657 -23.105
H 3.853 72.083 -21.873
X 0 0 0
X 0 0 0
X 0 0 0
X 0 0 0
X 0 0 0
