A -22.057 43.661 -2.576
E -20.975 41.008 -5.078
V -22.99 42.496 -7.969
Q -23.142 46.171 -8.972
L -25.882 47.628 -11.188
Q -25.509 50.8 -13.271
A -28.786 52.329 -14.484
S -29.39 55.205 -16.905
G -31.657 56.496 -19.675
G -34.286 58.543 -17.84
G -35.574 61.822 -19.202
L -38.506 64.124 -19.954
V -40.616 63.453 -23.066
Q -44.095 64.244 -24.345
A -46.929 61.721 -24.41
G -46.282 59.248 -27.204
G -42.521 59.76 -26.98
S -39.853 57.137 -26.418
L -37.018 56.451 -23.98
R -34.553 53.609 -23.383
L -33.481 52.591 -19.885
S -30.251 50.625 -19.454
C -28.995 48.497 -16.549
A -25.389 47.265 -16.8
A -24.401 44.508 -14.367
S -20.847 44.219 -13.043
G -19.073 41.896 -10.635
R -20.193 38.284 -10.131
T -22.755 38.415 -12.93
D -22.631 34.599 -13.041
S -24.931 34.285 -10.017
T -27.577 36.54 -11.574
Q -30.794 34.657 -12.332
H -33.308 37.451 -13.034
M -33.079 41.181 -13.723
A -36.201 43.292 -13.182
W -37.375 46.903 -13.353
F -39.575 48.493 -10.67
R -41.164 51.955 -10.655
Q -42.626 54.279 -8.001
A -44.958 57.153 -8.922
P -45.674 60.068 -6.521
G -47.789 58.907 -3.586
K -48.001 55.346 -4.922
E -46.443 52.006 -4.048
R -43.512 50.413 -5.867
E -44.85 48.515 -8.885
F -43.302 45.722 -10.931
V -42.721 46.701 -14.58
T -40.724 44.047 -16.454
A -38.111 41.341 -15.969
I -35.825 39.032 -17.966
Q -34.139 35.686 -17.287
W -30.359 36.11 -17.2
R -29.673 32.782 -18.93
G -32.594 31.712 -21.081
G -33.868 35.233 -21.829
G -37.602 34.789 -21.137
T -39.359 38.114 -20.505
S -42.251 39.29 -18.314
Y -44.357 42.457 -18.27
T -47.102 44.057 -16.219
D -50.36 44.532 -18.123
S -50.126 48.337 -18.346
V -46.867 48.218 -20.358
K -47.455 45.183 -22.602
G -46.723 46.042 -26.226
R -45.249 49.451 -25.384
F -42.25 48.277 -23.314
T -39.693 45.698 -24.482
I -36.846 44.34 -22.324
S -33.86 42.687 -24.005
R -30.307 41.45 -23.428
D -27.648 40.218 -25.822
N -26.349 37.091 -24.083
A -22.656 38.005 -24.362
K -22.694 41.372 -22.566
N -24.074 42.133 -19.112
T -26.185 45.178 -20.062
V -29.987 44.926 -20.291
Y -32.141 47.494 -22.11
L -35.771 48.539 -21.563
E -37.225 50.175 -24.679
M -40.193 52.408 -23.746
N -42.452 53.514 -26.615
S -45.812 55.328 -26.603
L -45.113 56.735 -23.152
K -48.149 57.871 -21.145
P -48.46 60.231 -18.15
E -49.124 57.159 -15.979
D -45.562 55.992 -16.734
T -44.067 59.01 -14.937
A -42.139 57.493 -12.02
V -38.688 56.69 -10.656
Y -37.425 53.473 -12.273
Y -35.168 50.98 -10.456
C -33.365 47.944 -11.891
A -32.672 44.947 -9.641
T -31.089 41.481 -9.778
N -31.421 38.299 -7.714
T -29.499 35.044 -7.221
R -32.082 32.328 -6.437
W -33.015 30.318 -9.51
T -36.678 30.386 -10.491
Y -38.262 30.007 -13.902
F -40.733 32.861 -13.41
S -39.188 36.208 -12.528
P -40.351 37.334 -9.062
T -42.529 40.446 -8.95
V -41.976 41.626 -5.354
P -38.969 43.769 -4.325
D -38.011 41.519 -1.393
R -37.06 38.676 -3.768
Y -34.316 40.774 -5.38
D -30.914 41.18 -3.75
Y -29.057 43.911 -5.687
W -30.365 47.327 -6.761
G -29.306 50.15 -9.075
Q -29.699 53.919 -8.837
G -33.151 55.304 -9.562
T -33.73 56.82 -13.009
Q -36.41 59.512 -13.293
V -38.903 59.28 -16.174
T -41.355 62.152 -16.728
V -44.045 62.286 -19.429
S -45.243 65.898 -19.735
S -48.035 67.481 -21.795
A -46.313 70.225 -23.823
A -44.3 71.318 -20.79
A -40.769 70.342 -21.851
L -40.663 73.628 -23.798
E -39.93 75.55 -20.594
H -37.178 73.063 -19.719
H -35.685 73.379 -23.212
H -35.479 77.143 -22.722
H -33.895 76.986 -19.242
X 0 0 0
X 0 0 0
X 0 0 0
X 0 0 0
