Q 7.364 -44.875 -20.82
V 6.226 -41.319 -21.515
Q 9.168 -38.947 -21.954
L 9.206 -35.142 -22.106
Q 12.516 -33.305 -22.549
E 12.68 -29.514 -22.649
S 15.499 -27.483 -24.179
G 16.286 -24.016 -25.476
G 16.309 -22.222 -22.138
G 19.064 -20.061 -20.787
L 20.189 -16.508 -20.118
V 18.782 -13.488 -21.959
Q 18.33 -9.796 -21.246
P 15.009 -8.049 -20.58
G 13.075 -7.688 -23.811
G 15.003 -10.447 -25.552
S 13.564 -13.592 -27.077
L 13.792 -17.336 -26.518
R 12.355 -20.409 -28.234
L 11.652 -23.345 -25.927
S 11.256 -26.851 -27.348
C 9.881 -30.008 -25.725
A 10.498 -33.418 -27.312
A 7.731 -35.926 -26.549
S 8.06 -39.704 -26.803
G 6.262 -42.801 -25.585
F 2.68 -41.767 -26.362
T 0.478 -40.575 -29.227
F 1.317 -36.863 -28.95
S -1.461 -36.068 -31.419
N -4.291 -37.104 -29.072
Y -3.473 -34.87 -26.089
Y -3.601 -31.245 -25.122
M -0.131 -30.018 -24.16
S 0.778 -27.233 -21.757
W 3.62 -25.168 -20.33
V 3.969 -24.595 -16.579
R 6.612 -22.406 -14.94
Q 8.028 -21.926 -11.448
A 9.722 -18.656 -10.518
P 12.373 -18.633 -7.776
G 10.759 -19.119 -4.385
E 7.235 -19.504 -5.784
G 4.946 -22.318 -6.877
R 4.414 -23.898 -10.272
R 4.405 -23.899 -10.267
E 2.115 -21.679 -12.35
W 0.28 -22.511 -15.564
V 1.475 -20.586 -18.634
S -0.255 -21.883 -21.768
S -2.104 -24.818 -23.296
I -2.68 -25.992 -26.866
N -5.386 -28.32 -28.163
R -4.72 -31.512 -30.11
D -4.274 -30.075 -33.619
G -3.043 -26.651 -32.484
S -6.063 -24.686 -33.706
N -6.933 -23.344 -30.223
T -4.428 -21.821 -27.799
Y -4.768 -20.705 -24.179
Y -2.585 -18.252 -22.276
A -2.237 -16.877 -18.785
D -3.002 -13.17 -18.981
S 0.524 -12.261 -17.837
V 2.069 -13.762 -21.001
K -0.714 -13.0 -23.484
G 0.577 -11.048 -26.466
R 4.2 -11.989 -25.745
F 4.362 -15.8 -25.778
T 3.01 -18.15 -28.438
I 2.499 -21.869 -27.873
A 2.736 -24.224 -30.839
R 3.162 -27.907 -31.628
D 4.531 -30.134 -34.397
N 2.383 -33.278 -34.43
V 4.601 -35.031 -36.988
K 7.795 -34.599 -34.951
N 5.907 -34.793 -31.62
T 7.369 -31.553 -30.272
L 5.88 -28.717 -28.227
Y 7.185 -25.156 -28.36
L 6.94 -21.905 -26.409
L 8.068 -18.872 -28.433
M 8.864 -16.082 -25.972
D 9.124 -12.459 -27.095
S 9.565 -9.317 -24.997
L 10.818 -11.284 -22.01
K 10.615 -9.608 -18.6
S 12.552 -10.142 -15.384
D 9.41 -11.667 -13.857
D 9.469 -14.321 -16.601
T 12.522 -15.847 -14.893
A 11.601 -19.416 -13.982
V 11.997 -23.1 -14.788
Y 9.619 -23.884 -17.667
Y 7.98 -27.31 -17.663
C 6.432 -29.161 -20.58
T 3.408 -31.164 -19.44
K 1.013 -33.665 -21.016
G -2.667 -32.76 -20.758
S -4.772 -29.662 -20.227
N -5.472 -29.658 -16.469
W -3.769 -30.373 -13.161
P -2.705 -33.012 -12.271
Y -1.019 -33.322 -15.653
D -0.366 -36.861 -16.839
N 3.383 -36.276 -17.245
W 5.931 -33.521 -16.683
G 9.254 -32.808 -18.308
Q 12.182 -31.823 -16.118
G 12.159 -28.154 -17.092
T 14.73 -25.84 -18.627
Q 15.986 -22.725 -16.863
V 14.995 -19.334 -18.279
T 16.891 -16.41 -16.713
V 15.945 -12.901 -17.853
S 18.492 -10.474 -16.413
S 20.603 -7.487 -17.423
H 23.425 -8.302 -14.985
H 24.486 -11.866 -15.821
H 26.98 -12.837 -18.526
X 0 0 0
X 0 0 0
X 0 0 0
X 0 0 0
X 0 0 0
X 0 0 0
X 0 0 0
X 0 0 0
X 0 0 0
X 0 0 0
X 0 0 0
X 0 0 0
X 0 0 0
X 0 0 0
X 0 0 0
X 0 0 0
X 0 0 0
X 0 0 0
X 0 0 0
