Q 132.005 142.551 192.396
V 133.239 138.95 192.925
Q 134.862 137.667 196.153
L 136.945 134.491 195.982
Q 137.35 131.968 198.792
E 139.931 129.164 198.499
S 140.087 125.861 200.4
G 141.801 122.414 200.539
G 145.492 123.381 200.878
G 148.069 121.781 203.216
L 150.758 119.159 203.593
V 151.099 116.109 201.358
Q 153.761 113.473 200.616
P 155.611 112.957 197.245
G 153.374 111.024 194.803
G 150.283 112.026 196.799
S 147.107 113.842 195.792
L 145.418 117.025 197.013
R 142.197 118.846 196.03
L 141.877 122.626 196.045
S 138.594 124.491 195.611
C 137.617 128.089 194.949
T 134.138 129.424 195.721
A 133.252 132.606 193.837
S 130.423 134.874 195.053
V 138.455 131.391 186.321
G 141.8 129.736 187.07
W 144.509 128.675 189.45
Y 147.964 130.206 189.671
R 150.867 129.422 191.99
Q 153.893 131.237 193.375
I 156.972 129.384 194.685
S 159.456 131.132 197.093
G 161.682 133.528 195.093
K 159.85 132.776 191.832
E 157.266 134.606 189.724
R 153.546 133.762 189.804
E 152.797 131.068 187.139
L 149.499 129.815 185.558
V 148.602 126.267 186.683
A 145.228 125.786 185.004
R 142.243 127.841 183.813
I 138.693 127.153 182.678
T 140.454 124.292 179.712
D 144.107 125.288 179.574
Y 146.997 123.832 181.614
S 150.704 124.456 182.181
D 153.093 121.842 180.676
S 154.533 121.071 184.162
V 151.107 119.844 185.403
K 149.653 118.19 182.228
G 148.23 114.678 182.884
R 148.682 115.206 186.629
F 146.341 118.093 187.515
T 142.695 118.432 186.374
I 140.528 121.588 186.692
T 136.683 121.501 186.692
R 133.977 124.168 186.919
D 130.408 124.061 188.218
N 128.658 127.228 186.94
T 125.551 126.443 189.083
K 127.533 126.915 192.301
N 130.347 129.141 190.854
T 133.027 126.731 192.035
V 136.363 125.798 190.454
Y 137.96 122.641 191.803
L 141.586 121.753 191.09
Q 142.482 118.097 191.497
M 146.244 117.676 191.889
N 147.665 114.146 191.542
S 151.259 112.78 191.474
L 152.56 115.714 193.542
K 156.259 116.582 193.635
R 158.533 118.823 195.758
G 158.564 121.333 192.836
D 154.805 121.815 193.217
T 155.372 123.387 196.746
A 153.81 126.852 196.484
V 151.127 129.322 197.513
Y 148.187 128.582 195.184
Y 145.828 131.427 194.237
C 142.386 131.386 192.654
N 141.627 134.048 190.041
A 138.426 135.212 188.299
E 137.971 137.666 185.41
H 141.175 140.363 187.498
I 140.159 139.328 191.046
W 142.46 137.186 193.239
G 141.908 135.003 196.32
Q 144.094 135.239 199.44
G 146.234 132.201 198.571
T 146.423 128.706 200.038
Q 149.715 126.952 200.932
V 150.579 123.579 199.332
T 153.655 121.818 200.762
V 154.858 118.571 199.219
X 0 0 0
X 0 0 0
X 0 0 0
X 0 0 0
X 0 0 0
X 0 0 0
X 0 0 0
X 0 0 0
X 0 0 0
X 0 0 0
X 0 0 0
X 0 0 0
X 0 0 0
X 0 0 0
X 0 0 0
X 0 0 0
X 0 0 0
X 0 0 0
X 0 0 0
X 0 0 0
X 0 0 0
X 0 0 0
X 0 0 0
X 0 0 0
X 0 0 0
X 0 0 0
X 0 0 0
X 0 0 0
X 0 0 0
X 0 0 0
X 0 0 0
X 0 0 0
X 0 0 0
X 0 0 0
X 0 0 0
X 0 0 0
X 0 0 0
X 0 0 0
X 0 0 0
X 0 0 0
X 0 0 0
X 0 0 0
X 0 0 0
X 0 0 0
