V 111.525 135.314 97.28
Q 111.499 138.425 95.092
L 113.309 138.243 91.753
Q 114.518 140.98 89.37
E 115.853 140.2 85.886
S 118.485 142.4 84.132
G 120.528 142.204 80.876
G 117.857 141.931 78.154
G 117.483 144.189 75.093
L 117.753 144.474 71.307
V 120.591 142.438 69.773
Q 121.995 141.356 66.439
A 121.626 137.802 65.117
G 124.786 135.859 66.059
A 125.355 138.255 68.979
S 125.674 137.553 72.712
L 123.701 138.566 75.798
R 124.165 138.07 79.568
L 120.94 137.855 81.515
S 121.13 138.096 85.283
C 118.513 137.626 87.964
A 118.957 138.927 91.478
A 117.147 136.817 94.099
F 117.294 126.241 93.026
M 116.919 128.421 89.883
G 115.452 128.109 86.391
W 115.345 130.353 83.359
F 112.243 130.152 81.238
R 111.052 132.156 78.274
Q 107.755 133.278 76.771
A 107.434 134.314 73.117
P 104.486 136.678 72.287
G 102.353 133.881 70.729
Q 102.822 131.145 73.34
E 103.061 129.981 76.969
R 106.217 129.093 78.991
E 109.208 127.372 77.343
F 111.977 125.769 79.457
V 115.442 127.301 78.761
A 117.881 126.28 81.468
A 118.087 125.297 85.13
I 120.659 124.919 87.885
T 122.729 122.054 85.011
Y 120.271 121.278 82.226
Y 119.344 123.073 78.974
A 116.604 122.64 76.353
D 117.381 121.289 72.827
S 116.639 124.655 71.104
A 119.259 126.46 73.246
K 121.913 123.789 74.143
G 125.588 124.624 73.409
R 124.629 128.256 72.724
F 123.536 129.147 76.276
T 125.139 128.649 79.74
I 123.486 128.95 83.2
S 125.564 129.86 86.244
R 125.041 131.235 89.703
D 126.821 133.119 92.426
S 125.478 132.006 95.803
A 127.378 134.805 97.562
K 125.816 137.486 95.314
N 122.438 135.649 95.328
T 122.341 135.862 91.511
V 121.645 133.407 88.672
Y 123.061 134.266 85.236
L 122.16 133.12 81.74
Q 124.952 133.662 79.226
M 123.426 133.632 75.764
N 125.683 133.409 72.665
S 125.148 133.038 68.866
L 121.585 134.326 69.159
K 118.808 133.581 66.684
P 115.599 135.571 65.815
E 113.769 132.592 67.426
D 115.25 133.443 70.825
T 113.022 136.64 70.858
A 111.004 136.336 74.037
V 110.481 137.657 77.544
Y 113.007 135.726 79.666
Y 111.777 135.001 83.169
C 113.767 133.838 86.158
A 112.225 131.433 88.698
A 113.035 129.982 92.18
T 111.81 126.619 93.721
Y 108.533 132.129 92.663
W 108.6 134.11 89.353
G 110.339 137.234 88.195
Q 108.536 139.723 86.001
G 110.797 138.859 83.043
T 113.284 140.776 80.879
Q 112.625 141.403 77.167
V 115.142 139.9 74.716
T 114.694 140.768 71.041
V 117.015 139.238 68.456
S 117.02 140.438 64.858
X 0 0 0
X 0 0 0
X 0 0 0
X 0 0 0
X 0 0 0
X 0 0 0
X 0 0 0
X 0 0 0
X 0 0 0
X 0 0 0
X 0 0 0
X 0 0 0
X 0 0 0
X 0 0 0
X 0 0 0
X 0 0 0
X 0 0 0
X 0 0 0
X 0 0 0
X 0 0 0
X 0 0 0
X 0 0 0
X 0 0 0
X 0 0 0
X 0 0 0
X 0 0 0
X 0 0 0
X 0 0 0
X 0 0 0
X 0 0 0
X 0 0 0
X 0 0 0
X 0 0 0
X 0 0 0
X 0 0 0
X 0 0 0
X 0 0 0
X 0 0 0
X 0 0 0
X 0 0 0
X 0 0 0
X 0 0 0
X 0 0 0
X 0 0 0
X 0 0 0
