G -16.103 40.664 51.25
Q -14.033 41.024 54.423
V -16.127 44.101 55.353
Q -19.915 44.175 54.917
L -22.065 47.317 54.746
V -25.858 47.557 55.141
E -27.46 50.98 54.701
S -30.817 51.984 56.148
G -33.029 55.003 56.712
G -34.003 55.882 53.154
G -37.48 57.163 52.469
L -39.702 59.89 51.076
V -39.073 63.453 52.249
Q -40.572 66.798 51.269
A -38.309 69.382 49.633
G -36.534 71.393 52.302
G -36.775 68.585 54.855
S -34.05 66.458 56.421
L -33.205 62.762 56.432
R -30.462 60.821 58.218
L -29.092 57.663 56.588
S -27.28 54.972 58.601
C -24.995 52.112 57.671
A -23.87 49.161 59.781
A -20.354 47.881 59.092
S -19.459 44.27 59.858
G -16.302 42.212 59.655
R -12.707 43.491 59.703
T -13.922 47.014 60.38
F -10.625 48.24 61.798
S -9.38 47.727 58.206
T -11.203 50.799 57.117
Y -9.178 53.944 56.269
A -12.163 55.894 54.915
M -15.945 55.782 54.724
G -17.92 57.403 51.934
W -21.406 57.926 50.567
F -22.241 57.771 46.867
R -25.538 58.042 45.054
Q -27.049 56.97 41.755
A -30.141 58.575 40.29
P -32.147 56.899 37.499
G -30.319 56.951 34.181
K -27.211 58.643 35.602
E -23.853 57.36 36.811
R -22.969 56.689 40.435
E -21.547 59.88 41.909
F -19.587 60.976 44.951
V -21.499 62.531 47.855
S -19.364 62.582 51.004
A -16.43 60.908 52.787
C -14.425 60.971 55.988
S -11.265 59.345 57.214
W -11.583 56.543 59.762
W -11.481 56.532 59.761
S -10.523 59.087 62.419
G -13.366 61.352 61.284
G -10.879 64.257 61.151
I -10.811 64.86 57.381
T -14.03 65.356 55.402
R -14.921 65.749 51.738
Y -18.237 66.718 50.133
A -19.507 67.044 46.593
D -20.021 70.692 45.666
S -23.754 69.999 45.265
V -24.126 69.039 48.946
K -21.467 71.195 50.685
G -23.005 72.709 53.814
R -26.268 70.744 53.52
F -25.015 67.195 54.215
T -22.835 65.983 57.089
I -21.124 62.585 57.241
S -20.203 61.131 60.609
R -19.352 57.755 62.064
D -19.654 56.018 65.418
N -16.727 53.654 65.957
A -18.204 52.26 69.164
K -21.121 50.945 67.093
N -19.336 50.5 63.738
T -21.971 52.697 62.088
V -21.695 55.449 59.47
Y -24.217 58.278 59.041
L -25.228 60.85 56.444
Q -27.293 63.766 57.733
M -29.047 65.306 54.701
N -30.53 68.772 55.19
S -32.395 71.221 52.954
L -33.188 68.382 50.574
K -34.006 69.068 46.925
P -35.641 66.858 44.277
E -32.215 66.582 42.583
D -31.122 64.628 45.681
T -33.456 61.751 44.75
A -31.254 58.675 44.26
V -30.18 55.354 45.666
Y -27.538 56.151 48.279
Y -24.637 53.751 48.842
C -22.139 53.679 51.686
A -18.633 52.438 50.905
S -15.376 51.761 52.737
A -11.725 51.966 51.664
A -9.196 49.46 53.029
S -6.105 51.417 51.941
S -4.895 54.86 52.977
A -5.432 58.008 50.928
A -2.009 59.134 49.692
Y -3.537 62.547 48.919
S -6.769 64.099 50.098
G -8.341 64.003 46.643
A -8.45 60.202 46.678
Y -11.776 60.232 48.536
Y -13.751 61.4 45.471
Y -13.084 58.311 43.325
T -15.308 55.232 43.314
S -12.235 53.104 42.502
Y -10.685 54.126 45.848
Y -13.384 52.241 47.792
D -13.245 48.482 48.253
Y -16.54 47.488 49.904
W -20.055 48.627 49.077
G -23.491 48.412 50.594
Q -26.592 47.516 48.619
G -28.051 51.019 48.764
T -31.069 52.731 50.282
Q -33.583 54.808 48.346
V -34.076 58.521 49.008
T -36.969 60.275 47.258
V -37.474 64.022 47.655
S -40.893 65.298 46.64
S -41.496 68.78 45.325
X 0 0 0
X 0 0 0
X 0 0 0
X 0 0 0
X 0 0 0
X 0 0 0
X 0 0 0
X 0 0 0
X 0 0 0
X 0 0 0
