Q 155.877 179.387 157.078
V 154.986 181.02 153.752
Q 151.219 181.154 153.219
L 150.336 181.473 149.538
V 146.946 182.354 148.035
E 145.924 182.095 144.375
S 142.937 183.728 142.667
G 142.075 182.374 139.244
G 139.742 180.342 137.073
G 137.175 181.223 134.454
L 138.296 179.651 131.169
V 136.928 181.328 128.046
Q 137.379 180.456 124.377
A 135.548 183.5 122.945
G 138.79 185.211 121.978
G 140.537 183.855 125.056
S 141.862 185.864 127.999
L 142.359 185.253 131.726
R 144.218 186.777 134.661
L 145.43 184.791 137.669
S 146.915 186.334 140.799
C 149.207 184.945 143.48
G 149.879 186.604 146.834
A 152.356 185.635 149.542
S 152.392 186.25 153.285
G 154.108 184.945 156.388
T 157.752 184.739 157.459
F 160.374 185.914 154.94
F 162.373 189.018 154.009
R 162.64 188.815 150.203
I 160.906 187.019 147.341
N 163.712 186.581 144.819
D 161.557 185.12 142.023
M 157.89 184.361 141.363
G 156.832 181.774 138.798
W 153.696 180.309 137.248
Y 153.576 176.565 136.556
R 151.156 174.196 134.816
Q 150.264 170.622 135.751
A 147.775 168.61 133.693
S 146.323 165.169 134.398
G 148.977 162.778 133.122
K 151.505 165.506 132.288
Q 154.63 166.973 133.872
R 154.571 170.423 135.454
E 156.124 173.138 133.294
L 157.03 176.812 133.683
V 154.695 179.235 131.908
A 157.008 182.166 132.704
S 158.853 183.693 135.632
I 159.735 187.202 136.786
T 162.58 188.435 138.993
R 162.646 191.275 141.51
G 164.071 193.559 138.821
G 161.044 192.789 136.653
T 163.116 190.616 134.286
T 160.756 187.989 132.867
D 161.689 184.782 131.042
Y 158.931 183.12 129.002
A 158.58 179.52 127.827
D 158.971 178.078 124.336
S 155.601 176.51 123.488
V 153.894 179.8 124.431
K 155.437 183.282 124.277
G 154.698 186.836 123.171
R 151.2 186.912 124.723
F 152.358 187.208 128.357
T 151.409 189.967 130.806
I 152.938 188.71 134.051
S 153.436 191.713 136.355
R 154.918 191.821 139.856
D 153.821 194.188 142.632
N 156.741 194.314 145.066
A 154.848 196.677 147.388
K 152.735 193.644 148.343
N 154.965 190.839 146.974
T 152.225 189.584 144.652
V 152.046 188.659 140.977
Y 149.388 188.841 138.257
L 149.464 186.861 134.999
Q 147.348 188.147 132.095
M 147.373 185.352 129.493
N 145.458 185.567 126.208
S 144.639 183.267 123.269
L 143.354 180.458 125.468
K 143.06 176.962 123.986
P 142.019 173.51 125.277
E 145.608 172.433 126.024
D 146.053 175.526 128.223
T 143.369 173.962 130.476
A 145.291 172.62 133.474
V 146.237 173.405 137.088
Y 148.18 176.653 137.517
Y 150.733 176.592 140.34
C 152.609 179.516 141.885
K 156.262 179.321 142.941
A 158.181 181.628 145.272
N 161.908 181.527 146.051
R 162.811 183.401 149.239
N 165.631 184.319 151.59
W 168.796 183.783 149.492
G 167.145 181.467 147.001
R 168.213 178.045 148.236
E 166.717 174.733 147.157
W 164.732 174.523 150.416
D 163.231 177.972 149.741
D 160.862 177.18 146.854
Y 157.282 177.521 148.117
W 154.421 176.18 146.0
G 150.752 177.081 145.949
Q 147.775 174.747 146.029
G 147.202 175.295 142.298
T 144.102 176.588 140.516
Q 142.334 174.28 138.074
V 140.623 176.217 135.277
T 136.966 175.188 135.023
V 135.006 174.482 131.837
S 131.32 174.659 130.959
S 129.173 171.936 129.392
X 0 0 0
X 0 0 0
X 0 0 0
X 0 0 0
X 0 0 0
X 0 0 0
X 0 0 0
X 0 0 0
X 0 0 0
X 0 0 0
X 0 0 0
X 0 0 0
X 0 0 0
X 0 0 0
X 0 0 0
X 0 0 0
X 0 0 0
X 0 0 0
X 0 0 0
X 0 0 0
X 0 0 0
