L 65.274 -14.669 26.421
G 61.557 -13.957 26.271
S 59.157 -11.17 25.334
M 59.52 -7.616 26.648
G 55.906 -6.84 27.544
Q 53.782 -9.502 29.154
V 51.107 -11.309 27.173
Q 47.785 -9.492 26.877
L 44.366 -11.086 26.44
Q 42.071 -9.059 24.179
E 38.402 -10.062 24.473
S 35.564 -9.288 22.087
G 31.987 -10.279 21.352
G 30.075 -9.085 24.403
G 26.707 -7.646 23.521
L 22.998 -7.333 24.188
V 20.651 -10.208 23.418
Q 17.088 -11.323 23.993
A 16.465 -14.375 26.156
G 16.852 -17.434 23.93
G 19.248 -15.741 21.518
S 22.9 -16.441 20.833
L 26.164 -14.604 21.424
N 29.833 -15.23 20.717
L 32.977 -14.46 22.696
S 36.554 -14.467 21.453
C 39.873 -13.712 23.062
V 43.257 -13.368 21.362
A 46.539 -13.487 23.268
S 49.421 -11.328 22.097
G 52.726 -13.046 21.408
S 53.245 -16.731 20.71
S 53.035 -18.248 24.184
H 51.902 -21.811 24.838
F 49.331 -22.052 27.639
N 48.472 -25.102 29.721
S 44.873 -23.954 30.211
M 42.435 -21.363 28.917
G 39.066 -20.553 30.424
W 36.088 -18.227 30.531
Y 34.893 -16.823 33.848
R 31.898 -14.626 34.55
Q 30.932 -12.296 37.363
A 27.707 -10.48 38.031
P 27.854 -7.414 40.318
G 28.24 -8.429 43.957
K 28.786 -12.075 42.998
Q 31.918 -14.197 43.02
R 33.759 -14.697 39.755
D 32.812 -18.163 38.547
L 34.195 -20.553 35.953
V 32.01 -21.024 32.87
A 34.218 -23.272 30.732
D 37.884 -24.145 30.447
I 39.92 -26.135 27.963
S 43.291 -27.796 28.209
N 45.902 -27.56 25.482
N 45.979 -27.573 25.494
D 44.816 -30.919 24.023
G 41.057 -30.289 23.844
V 39.808 -31.562 27.204
T 36.914 -29.29 28.201
N 35.025 -28.71 31.458
N 35.044 -28.699 31.474
Y 31.787 -26.767 31.792
A 29.806 -25.413 34.701
D 26.627 -27.435 35.215
S 24.455 -24.394 34.428
V 25.876 -23.923 30.891
K 26.5 -27.48 29.668
D 24.808 -28.245 26.319
R 24.367 -24.484 25.825
F 27.955 -23.175 25.786
T 30.901 -24.503 23.812
I 34.546 -23.522 24.245
S 37.269 -24.03 21.654
T 40.78 -22.832 20.875
N 42.898 -22.1 17.837
N 46.437 -22.32 19.207
A 47.738 -21.232 15.793
K 46.046 -17.864 16.444
N 46.558 -18.062 20.244
N 46.566 -18.043 20.238
A 42.798 -17.607 20.403
V 40.011 -19.059 22.536
Y 36.297 -18.946 21.813
L 32.949 -19.346 23.547
Q 29.745 -20.049 21.614
M 26.702 -19.227 23.746
N 23.315 -20.698 22.81
N 19.851 -20.293 24.34
L 20.914 -17.446 26.579
K 18.955 -16.849 29.788
P 18.782 -13.709 31.961
E 20.866 -15.546 34.585
D 23.682 -15.533 32.012
T 23.999 -11.738 32.339
A 27.498 -10.974 33.646
V 30.913 -9.65 32.751
Y 32.811 -12.456 31.025
Y 36.563 -12.72 31.608
C 39.033 -14.774 29.626
N 41.915 -16.458 31.444
A 45.124 -18.123 30.273
V 47.561 -20.03 32.496
A 51.132 -21.153 31.786
V 53.335 -23.057 34.237
A 57.125 -22.797 34.666
G 57.54 -23.714 38.313
R 55.357 -20.731 39.153
A 51.885 -20.512 37.633
F 51.52 -17.459 35.379
S 47.882 -16.385 35.077
Y 46.655 -13.721 32.644
W 43.233 -12.108 32.363
G 41.346 -10.237 29.681
Q 39.708 -6.872 30.236
G 36.224 -8.375 30.484
T 33.189 -8.025 28.24
Q 29.577 -7.8 29.373
V 26.816 -10.116 28.154
T 23.366 -8.601 28.729
V 20.373 -10.931 28.333
S 17.016 -9.175 28.458
S 13.572 -10.683 28.81
A 11.69 -11.525 25.626
A 8.05 -10.952 24.577
X 0 0 0
X 0 0 0
X 0 0 0
X 0 0 0
X 0 0 0
X 0 0 0
X 0 0 0
X 0 0 0
X 0 0 0
X 0 0 0
X 0 0 0
X 0 0 0
X 0 0 0
