S 132.534 133.86 130.817
Q 136.06 133.573 129.43
V 136.217 137.313 128.636
Q 134.458 140.384 130.036
L 133.456 143.394 127.935
V 133.818 146.826 129.55
E 131.906 149.865 128.284
S 132.984 153.441 128.962
G 132.853 156.974 127.61
G 129.124 157.51 128.076
G 127.866 160.842 129.316
S 125.706 163.887 128.672
V 126.416 166.102 125.657
Q 124.486 168.806 123.822
A 122.725 168.147 120.528
G 124.924 168.332 117.448
G 128.124 167.715 119.419
S 130.631 164.88 119.549
L 131.309 162.076 122.01
R 133.57 159.014 122.065
L 132.963 155.479 123.337
S 135.334 152.599 124.044
C 134.586 148.896 124.504
A 137.405 146.81 125.982
A 137.549 143.017 125.655
S 139.68 141.612 128.477
G 140.886 138.106 127.667
N 141.356 136.005 124.545
I 139.67 137.402 121.426
A 141.413 135.132 118.921
D 138.172 133.378 117.915
I 136.091 136.582 117.872
Y 134.855 137.29 114.342
Y 132.106 139.915 114.741
L 131.791 142.71 117.276
G 129.643 145.811 117.157
W 127.175 148.051 118.949
F 123.467 148.483 119.645
R 120.792 151.015 120.528
Q 118.162 150.304 123.173
A 115.53 152.655 124.589
P 112.292 151.894 126.453
G 109.42 151.049 124.138
K 111.471 149.228 121.492
E 113.584 146.112 121.004
R 117.307 145.932 120.301
E 118.439 146.635 116.738
G 121.947 146.612 115.33
V 123.55 149.977 114.588
A 127.166 149.234 113.65
A 129.579 146.314 113.473
L 132.948 145.36 112.031
I 134.961 142.283 111.083
T 138.099 141.713 113.146
Y 139.852 139.78 110.367
N 139.512 142.437 107.66
G 137.889 145.579 109.062
R 134.953 146.073 106.678
T 132.563 148.227 108.727
Y 129.013 147.089 108.06
Y 126.528 149.84 108.925
A 122.79 150.465 109.147
D 120.862 152.499 106.581
S 119.407 154.697 109.331
V 122.912 155.678 110.497
K 124.862 155.104 107.287
G 127.429 157.779 106.484
R 127.503 159.143 110.049
F 128.975 156.619 112.493
T 132.757 156.274 112.76
V 133.726 152.79 113.958
S 137.409 151.883 114.246
L 139.323 149.046 115.897
D 142.76 149.253 117.517
N 144.509 145.931 118.107
A 147.162 147.599 120.281
K 144.669 148.07 123.131
N 142.343 145.206 122.066
T 139.348 147.534 121.943
V 136.946 149.349 119.609
Y 136.116 153.059 119.381
L 132.908 154.835 118.346
Q 132.59 158.472 117.237
M 129.543 160.768 117.062
N 129.123 163.958 115.032
S 125.958 166.084 114.753
L 123.752 164.1 117.119
K 119.98 163.773 116.735
P 117.377 163.733 119.533
E 116.506 160.041 119.146
D 120.101 158.961 119.873
T 119.229 158.813 123.591
A 119.385 155.072 124.322
L 121.511 152.435 126.034
Y 124.639 151.522 124.054
Y 125.845 147.934 124.419
C 128.872 146.297 122.817
A 128.908 142.562 122.122
A 130.939 139.992 120.205
A 130.24 136.714 118.423
Y 132.176 133.59 117.514
N 132.574 132.728 113.845
G 129.674 130.686 112.517
L 127.602 130.312 109.352
I 125.259 133.313 109.188
A 127.004 136.443 107.889
A 124.796 139.311 109.078
P 126.278 140.961 112.186
L 123.276 143.216 112.801
K 120.766 140.634 114.024
V 120.255 140.803 117.785
T 120.126 137.016 118.184
R 123.359 136.455 116.235
Y 125.798 137.699 118.878
W 126.708 135.33 121.709
Y 127.587 137.391 124.802
W 127.113 141.046 125.703
G 128.14 143.705 128.221
Q 126.582 145.939 130.842
G 126.29 149.019 128.619
T 126.377 152.735 129.352
Q 123.736 155.446 129.503
V 124.04 158.269 126.968
T 121.742 161.254 126.44
V 121.556 164.073 123.892
S 120.459 167.621 124.7
X 0 0 0
X 0 0 0
X 0 0 0
X 0 0 0
X 0 0 0
X 0 0 0
X 0 0 0
X 0 0 0
X 0 0 0
X 0 0 0
X 0 0 0
X 0 0 0
X 0 0 0
X 0 0 0
