Q 210.301 152.338 136.463
V 206.838 153.769 137.085
Q 204.562 152.947 134.146
L 200.932 153.961 133.621
V 198.783 152.421 130.885
E 195.183 153.399 130.145
S 192.564 151.169 128.539
G 188.91 151.184 127.562
G 188.758 153.994 125.016
G 186.544 154.0 121.969
L 183.411 155.442 120.41
V 180.14 155.341 122.352
Q 176.821 157.039 121.661
A 175.433 159.645 124.041
G 174.015 158.325 127.303
G 176.101 155.147 127.221
S 178.573 153.655 129.67
L 182.331 153.53 129.113
R 185.051 151.96 131.262
L 188.53 153.482 131.526
S 191.089 151.321 133.339
C 194.578 152.48 134.351
A 196.751 149.542 135.415
A 199.775 150.455 137.536
S 202.955 148.38 137.718
G 205.869 150.635 138.679
F 204.395 151.621 142.049
P 201.806 150.411 144.576
V 198.497 152.125 143.85
G 197.394 151.26 147.386
R 199.475 154.087 148.858
H 199.391 156.742 146.116
F 196.977 159.278 144.686
M 195.695 158.843 141.137
Y 194.359 161.51 138.793
W 192.447 161.463 135.51
Y 192.856 164.359 133.077
R 191.322 165.111 129.691
Q 192.627 167.009 126.659
A 189.979 168.105 124.182
P 191.4 169.257 120.825
G 192.074 172.98 120.935
K 191.425 173.031 124.685
E 193.669 173.395 127.723
R 194.229 170.231 129.756
E 191.629 169.809 132.499
W 191.477 167.595 135.567
V 188.454 165.298 135.684
A 188.551 162.816 138.566
A 190.815 162.05 141.507
I 191.001 159.217 144.04
Y 192.688 159.39 147.441
S 195.019 156.791 148.951
Y 193.036 156.319 152.17
G 189.474 156.313 153.44
E 188.057 155.872 149.914
Y 187.919 159.633 149.346
T 187.026 160.78 145.828
E 186.975 164.169 144.098
Y 185.279 165.04 140.806
A 185.176 168.185 138.703
D 181.774 169.837 139.047
S 181.345 169.833 135.257
V 181.18 166.014 135.337
K 180.389 165.393 139.012
G 177.285 163.257 139.321
R 178.225 161.466 136.081
F 181.618 159.806 136.691
T 182.618 157.296 139.371
I 186.234 156.381 140.159
S 187.51 153.291 141.966
R 190.658 151.272 142.597
D 191.157 147.574 143.312
N 194.064 146.12 145.276
A 193.729 142.756 143.501
K 194.827 144.182 140.133
N 196.292 147.521 141.325
T 194.211 149.343 138.709
V 192.203 152.575 138.758
Y 188.777 152.489 137.105
L 186.593 155.318 135.798
Q 182.893 154.536 135.363
M 181.004 156.817 132.974
N 177.224 157.27 132.815
S 174.881 159.425 130.716
L 177.702 160.279 128.326
K 177.412 163.286 126.032
P 179.504 164.581 123.107
E 180.612 167.518 125.289
D 183.332 165.333 126.869
T 185.234 164.128 123.782
A 188.86 164.17 124.932
V 191.871 161.913 125.41
Y 191.959 160.816 129.048
Y 195.301 160.582 130.846
C 196.296 158.662 133.97
Y 198.351 160.854 136.301
V 200.408 159.974 139.374
Y 203.161 161.801 141.266
V 205.529 159.329 142.921
G 208.75 161.288 143.359
N 208.254 162.764 139.889
E 205.498 163.74 137.484
Y 204.239 160.791 135.429
W 201.702 161.114 132.613
G 199.892 158.037 131.37
Q 199.764 156.987 127.743
G 196.076 157.854 127.494
T 193.034 156.62 125.596
Q 190.78 158.41 123.118
V 187.144 158.853 124.185
T 184.828 160.02 121.392
V 181.076 160.585 121.746
S 178.88 161.508 118.782
X 0 0 0
X 0 0 0
X 0 0 0
X 0 0 0
X 0 0 0
X 0 0 0
X 0 0 0
X 0 0 0
X 0 0 0
X 0 0 0
X 0 0 0
X 0 0 0
X 0 0 0
X 0 0 0
X 0 0 0
X 0 0 0
X 0 0 0
X 0 0 0
X 0 0 0
X 0 0 0
X 0 0 0
X 0 0 0
X 0 0 0
X 0 0 0
X 0 0 0
X 0 0 0
