Q 209.04 280.911 190.755
V 205.799 280.957 188.744
Q 202.821 282.923 190.047
L 199.707 284.456 188.495
V 198.107 287.652 189.811
E 194.833 289.027 188.445
S 192.553 291.855 189.552
G 190.376 294.638 188.168
G 187.151 292.629 188.206
G 184.518 294.853 189.783
L 180.759 295.253 189.781
V 179.517 296.395 186.366
Q 176.023 297.297 185.201
A 174.41 294.977 182.667
G 175.812 295.484 179.18
G 179.063 297.065 180.364
S 182.657 296.446 179.344
L 185.521 295.666 181.731
R 189.131 294.875 180.821
L 190.24 291.755 182.7
S 193.983 291.469 183.287
C 196.317 288.747 184.54
A 200.024 289.155 185.309
A 202.439 286.267 184.745
S 205.741 285.676 186.54
G 208.635 283.328 185.801
F 207.809 282.613 182.149
P 207.246 284.639 178.969
V 203.585 284.734 178.015
M 204.371 284.144 174.328
N 205.766 280.673 175.091
A 202.734 279.637 177.151
G 199.028 278.999 176.71
M 196.827 281.029 179.046
Y 193.309 279.968 180.046
W 190.412 281.809 181.701
Y 188.08 279.801 183.939
R 184.726 280.8 185.422
Q 183.456 279.747 188.851
A 179.927 280.677 189.902
P 178.333 280.084 193.324
G 176.36 276.857 193.483
K 178.165 275.455 190.423
E 181.595 274.236 189.307
R 184.449 275.703 187.27
E 183.628 276.473 183.631
W 186.197 277.341 180.984
V 185.705 280.627 179.135
A 188.509 281.421 176.698
A 191.924 280.186 175.617
I 194.959 281.715 173.905
E 197.536 279.59 172.087
S 201.283 280.161 172.311
E 203.408 281.298 169.331
G 200.571 282.108 166.966
T 197.949 283.723 169.243
S 195.08 281.593 167.875
T 192.219 282.451 170.221
Y 189.605 279.947 171.401
Y 186.456 280.791 173.362
A 183.607 278.896 174.972
D 180.541 278.78 172.737
S 178.223 280.494 175.226
V 180.661 283.406 175.657
K 182.209 283.548 172.178
G 181.609 286.766 170.257
R 181.544 289.007 173.35
F 185.144 288.442 174.513
T 188.502 289.749 173.304
I 191.803 288.174 174.365
S 195.199 289.667 173.525
R 198.728 288.955 174.729
D 201.58 291.427 175.186
N 205.189 290.961 176.289
A 206.115 294.429 177.583
K 203.538 294.185 180.38
N 203.73 290.355 180.5
T 199.976 290.505 181.095
V 197.072 288.676 179.45
Y 194.106 290.904 178.612
L 190.457 289.847 178.482
Q 188.029 292.462 177.153
M 184.321 292.321 177.954
N 181.371 293.36 175.797
S 177.659 293.342 176.71
L 177.769 291.639 180.092
K 174.691 289.576 180.965
P 173.113 288.85 184.379
E 174.501 285.293 184.209
D 178.049 286.551 183.554
T 178.727 287.456 187.199
A 181.095 284.777 188.516
V 184.659 284.33 189.746
Y 187.205 284.596 186.932
Y 190.17 282.248 187.323
C 193.488 282.298 185.475
N 195.402 279.144 184.541
V 198.508 278.395 182.473
K 199.62 274.833 181.728
D 203.083 273.697 180.599
V 205.084 276.722 181.686
G 208.765 276.806 180.759
D 209.786 275.106 184.009
N 208.591 271.486 183.821
H 208.548 271.074 187.591
F 206.117 269.294 189.916
P 203.572 272.163 189.79
Y 202.373 271.733 186.207
D 199.296 273.992 186.358
Y 198.983 277.306 188.186
W 195.667 278.792 189.301
G 195.298 282.481 190.05
Q 193.751 284.036 193.129
G 190.516 284.753 191.265
T 188.387 287.904 191.229
Q 184.59 287.993 191.066
V 182.777 290.332 188.675
T 179.228 291.421 189.535
V 176.583 292.041 186.861
S 173.211 293.53 187.808
X 0 0 0
X 0 0 0
X 0 0 0
X 0 0 0
X 0 0 0
X 0 0 0
X 0 0 0
X 0 0 0
X 0 0 0
X 0 0 0
X 0 0 0
X 0 0 0
X 0 0 0
X 0 0 0
X 0 0 0
X 0 0 0
X 0 0 0
X 0 0 0
X 0 0 0
X 0 0 0
