Q 209.275 224.192 167.855
V 208.029 221.97 165.033
Q 207.988 223.618 161.609
L 208.035 222.313 158.036
V 209.343 224.581 155.27
E 209.05 223.793 151.559
S 211.366 224.724 148.675
G 212.4 223.518 145.238
G 209.378 224.741 143.298
G 209.331 226.366 139.897
L 207.698 226.625 136.488
V 208.053 223.581 134.233
Q 206.404 222.45 130.999
A 204.427 219.3 130.199
G 206.812 216.402 130.749
G 209.4 218.303 132.787
S 211.144 217.205 135.957
L 211.563 218.84 139.365
R 212.451 217.866 142.929
L 210.881 219.404 146.028
S 212.046 219.44 149.644
C 210.449 219.59 153.084
A 213.013 220.651 155.681
A 211.879 219.866 159.218
S 212.905 221.152 162.638
G 212.127 220.202 166.216
F 211.628 216.46 165.659
P 213.583 213.541 164.17
V 212.114 211.916 161.075
K 212.915 208.308 162.036
N 209.835 208.126 164.283
F 206.885 209.691 162.428
E 204.94 208.881 159.281
M 205.385 211.392 156.479
E 202.901 212.567 153.844
W 202.424 215.095 151.059
Y 199.206 216.798 149.972
R 198.48 219.14 147.079
K 195.924 221.894 146.446
A 194.967 222.548 142.877
P 193.053 225.81 142.316
G 189.367 224.955 142.212
K 190.002 221.458 143.609
E 190.07 220.043 147.123
R 193.216 219.076 149.002
E 194.214 215.533 148.055
W 196.881 213.173 149.375
V 199.888 212.426 147.156
A 202.362 210.0 148.73
A 203.44 208.45 152.024
I 206.306 206.587 153.675
Q 205.749 205.076 157.136
S 207.714 205.851 160.3
G 210.015 202.853 159.9
G 210.98 203.959 156.399
V 210.066 200.603 154.84
E 206.883 200.876 152.751
T 205.896 203.421 150.113
Y 202.394 204.461 149.073
Y 200.997 206.787 146.411
A 197.658 208.083 145.165
D 195.739 206.449 142.302
S 196.703 208.821 139.497
V 200.368 209.193 140.528
K 201.421 205.539 140.855
G 204.426 204.705 138.686
R 205.403 208.302 137.962
F 206.171 210.055 141.268
T 209.017 209.148 143.632
I 209.167 209.903 147.369
S 212.515 209.921 149.184
R 213.585 210.629 152.754
D 216.829 211.912 154.272
N 217.164 211.256 158.002
A 220.619 212.849 158.204
K 219.627 216.292 156.885
N 216.12 216.193 158.53
T 214.547 216.717 155.087
V 211.972 214.828 153.002
Y 212.124 215.2 149.223
L 209.633 214.485 146.461
Q 210.665 213.764 142.872
M 208.707 214.674 139.729
N 208.663 212.533 136.599
S 206.324 212.778 133.566
L 204.504 215.934 134.642
K 201.017 216.658 133.345
P 199.122 219.981 133.689
E 196.486 218.276 135.877
D 199.113 218.356 138.681
T 199.155 222.179 138.753
A 198.997 222.601 142.524
V 200.512 223.975 145.743
Y 202.317 221.059 147.372
Y 202.276 220.814 151.175
C 204.261 218.278 153.157
F 202.406 216.59 156.0
V 203.504 214.94 159.251
Y 201.708 213.992 162.482
V 203.969 214.956 165.405
G 201.497 215.019 168.285
R 199.186 217.226 166.254
S 199.5 217.611 162.494
Y 201.402 220.637 161.19
I 200.96 222.129 157.718
G 203.617 224.172 155.962
Q 202.879 227.07 153.647
G 203.857 225.024 150.589
T 205.386 225.958 147.245
Q 203.581 226.586 143.954
V 204.384 224.029 141.254
T 202.819 224.68 137.847
V 203.003 222.482 134.741
S 202.412 224.288 131.444
X 0 0 0
X 0 0 0
X 0 0 0
X 0 0 0
X 0 0 0
X 0 0 0
X 0 0 0
X 0 0 0
X 0 0 0
X 0 0 0
X 0 0 0
X 0 0 0
X 0 0 0
X 0 0 0
X 0 0 0
X 0 0 0
X 0 0 0
X 0 0 0
X 0 0 0
X 0 0 0
X 0 0 0
X 0 0 0
X 0 0 0
X 0 0 0
X 0 0 0
X 0 0 0
