V 214.0 199.841 173.058
Q 217.323 199.384 171.278
L 218.05 198.321 167.701
Q 221.411 197.125 166.401
E 222.319 196.101 162.856
S 225.178 193.708 162.12
G 226.521 191.365 159.457
G 227.478 194.086 156.986
G 230.64 194.345 154.926
L 232.125 194.571 151.464
V 231.033 191.909 148.965
Q 231.612 191.272 145.252
P 228.803 191.634 142.695
G 226.759 188.454 142.615
G 227.881 187.48 146.117
S 225.789 186.576 149.138
L 225.469 188.404 152.456
R 223.157 187.882 155.423
L 222.528 190.644 157.954
S 220.831 190.449 161.343
C 219.257 192.955 163.749
A 219.448 192.391 167.495
A 216.145 193.7 168.861
S 215.766 194.431 172.573
G 213.346 196.059 174.977
R 210.377 195.106 172.782
T 208.475 192.025 171.638
I 208.76 192.199 167.85
S 206.38 189.264 167.358
R 203.492 191.719 167.808
Y 204.789 194.235 165.235
A 206.301 194.468 161.758
M 209.944 195.378 161.201
S 210.879 197.244 158.014
W 214.217 197.573 156.225
F 215.526 200.853 154.835
R 218.765 201.984 153.24
Q 220.527 205.28 152.592
A 223.364 205.639 150.115
P 225.832 208.478 150.788
G 224.334 211.839 149.877
K 220.962 210.222 149.149
E 217.533 209.825 150.711
R 216.348 206.854 152.742
E 214.401 204.719 150.271
F 212.418 201.57 151.023
V 213.996 198.11 150.923
A 211.644 195.481 152.366
V 209.039 194.846 155.054
A 208.351 191.693 157.059
R 204.873 191.704 158.592
R 203.61 189.275 161.228
S 203.528 185.533 160.626
G 200.97 184.618 157.998
D 200.846 188.118 156.487
G 203.782 187.876 154.079
A 206.671 190.166 153.148
F 206.739 192.945 150.552
Y 209.716 194.153 148.541
A 210.572 197.292 146.627
D 210.742 197.263 142.841
S 214.529 197.416 142.443
V 215.432 194.771 145.029
Q 212.658 192.399 143.925
G 213.858 188.902 143.102
R 217.362 189.277 144.522
F 216.768 190.005 148.21
T 214.856 188.048 150.852
V 213.649 188.874 154.369
S 212.601 186.591 157.223
R 211.768 187.025 160.902
D 212.778 185.042 163.977
D 210.341 185.875 166.78
A 211.993 183.511 169.267
K 215.395 185.205 169.048
N 213.71 188.549 168.214
T 215.853 189.024 165.12
V 215.179 189.748 161.445
Y 217.522 188.46 158.72
L 217.972 189.811 155.182
Q 219.4 187.189 152.828
M 220.965 189.076 149.897
M 220.972 189.073 149.901
N 221.447 187.267 146.604
S 223.289 188.564 143.521
L 224.612 191.826 144.939
K 225.362 194.83 142.716
P 227.635 197.85 143.281
E 224.528 200.05 143.151
D 223.424 198.305 146.348
T 226.25 200.132 148.155
A 224.493 201.945 151.006
V 224.069 202.031 154.773
Y 221.082 199.852 155.657
Y 219.054 201.591 158.384
C 216.635 199.224 160.087
C 216.65 199.221 160.126
A 213.303 200.365 161.519
I 210.383 199.072 163.581
D 206.72 199.914 162.972
S 204.794 201.043 166.055
D 201.253 200.702 164.725
T 199.489 197.337 164.79
F 197.336 198.063 161.709
Y 200.48 198.411 159.54
S 199.805 202.122 159.016
G 203.499 202.955 158.709
S 204.125 204.848 161.964
Y 207.869 204.315 162.42
D 209.299 205.485 165.75
Y 212.681 203.772 166.186
W 215.743 203.169 164.028
G 219.07 201.384 164.302
Q 222.572 202.791 164.072
G 223.081 201.387 160.568
T 225.772 199.25 158.955
Q 227.915 200.166 155.952
V 227.526 197.855 152.964
T 229.507 198.354 149.762
V 229.687 196.184 146.645
S 232.756 196.355 144.395
S 234.697 193.645 142.548
X 0 0 0
X 0 0 0
X 0 0 0
X 0 0 0
X 0 0 0
X 0 0 0
X 0 0 0
X 0 0 0
X 0 0 0
X 0 0 0
X 0 0 0
X 0 0 0
X 0 0 0
X 0 0 0
X 0 0 0
X 0 0 0
X 0 0 0
X 0 0 0
