Q 145.313 157.357 179.57
V 145.148 159.92 176.774
Q 143.722 158.47 173.562
L 144.264 160.059 170.146
V 141.865 159.025 167.371
E 142.338 160.156 163.776
S 139.603 161.052 161.3
G 139.062 161.68 157.608
K 139.833 168.412 146.199
S 141.765 168.214 149.48
L 141.809 165.929 152.518
R 141.634 167.215 156.108
L 143.11 165.029 158.845
S 142.492 165.299 162.575
C 143.802 164.136 165.948
T 141.313 164.699 168.779
A 142.777 163.948 172.194
S 140.38 163.044 174.993
G 140.746 163.111 178.756
A 143.915 165.19 178.553
I 145.092 168.699 179.374
F 145.632 169.61 175.74
S 146.962 173.107 176.453
T 150.479 171.673 176.914
Y 150.851 168.829 174.407
D 153.133 169.409 171.418
V 151.148 167.341 168.945
S 152.796 166.163 165.749
W 151.974 164.317 162.529
Y 154.295 161.481 161.503
R 153.698 159.652 158.226
Q 155.056 156.214 157.326
A 155.044 155.302 153.656
P 155.296 151.533 153.08
E 158.786 150.028 153.326
K 160.119 153.261 154.851
P 160.647 154.579 158.387
R 158.201 156.902 160.092
E 159.148 160.487 159.26
L 158.096 163.865 160.615
V 155.614 165.911 158.572
A 154.302 168.769 160.732
I 154.823 169.594 164.411
I 152.915 172.306 166.275
T 154.218 173.124 169.745
R 152.363 174.436 172.801
G 153.255 178.091 172.189
G 151.817 178.189 168.671
N 155.225 177.713 167.057
T 154.834 175.628 163.899
H 157.409 173.606 161.982
Y 157.092 171.672 158.733
A 159.042 168.991 156.93
D 161.085 170.382 154.064
T 159.369 168.348 151.348
V 155.865 169.566 152.261
K 156.465 173.204 153.166
G 153.773 175.71 152.22
R 151.413 173.063 150.846
F 150.631 171.576 154.272
T 148.968 173.579 157.037
I 148.747 172.394 160.651
S 146.448 174.099 163.149
R 145.035 173.386 166.591
D 142.27 174.556 168.925
N 142.845 173.932 172.63
A 139.187 174.705 173.347
K 137.987 171.462 171.739
K 141.264 169.535 172.226
T 141.645 168.961 168.494
V 144.375 169.059 165.866
N 143.952 169.261 162.107
L 146.426 168.69 159.278
Q 145.442 170.276 155.957
M 147.155 168.652 152.977
N 146.86 170.492 149.657
S 148.106 169.645 146.162
L 148.523 165.934 146.8
K 150.997 163.868 144.78
P 151.407 160.109 144.271
E 154.073 159.992 146.999
D 151.87 161.328 149.793
T 150.07 157.978 150.079
A 151.12 156.663 153.489
V 149.876 156.092 157.046
Y 149.69 159.256 159.158
Y 150.32 158.962 162.908
C 149.497 161.612 165.485
H 151.849 161.993 168.438
A 151.055 164.102 171.507
G 154.216 164.609 173.54
V 155.087 167.22 176.136
Q 158.262 169.304 176.343
G 159.571 170.108 179.808
A 160.649 168.311 182.963
M 157.682 169.733 184.869
L 155.168 168.2 182.469
G 156.931 164.838 182.489
P 157.486 161.935 180.087
R 154.012 161.934 178.545
N 153.866 160.507 175.031
Y 150.752 159.076 173.353
W 151.221 157.91 169.775
G 147.932 157.784 167.939
Q 146.554 154.713 166.227
G 147.169 156.07 162.736
T 145.141 156.319 159.548
Q 145.522 155.524 155.859
V 145.827 158.128 153.097
T 145.836 157.16 149.419
V 145.997 158.856 146.014
S 146.462 157.063 142.676
X 0 0 0
X 0 0 0
X 0 0 0
X 0 0 0
X 0 0 0
X 0 0 0
X 0 0 0
X 0 0 0
X 0 0 0
X 0 0 0
X 0 0 0
X 0 0 0
X 0 0 0
X 0 0 0
X 0 0 0
X 0 0 0
X 0 0 0
X 0 0 0
X 0 0 0
X 0 0 0
X 0 0 0
X 0 0 0
X 0 0 0
X 0 0 0
X 0 0 0
X 0 0 0
X 0 0 0
X 0 0 0
