R 15.669 -0.388 -18.004
Q 16.237 3.127 -19.387
L 17.565 4.992 -22.443
V 20.997 5.864 -23.853
E 22.223 8.526 -26.296
S 25.006 8.414 -28.895
G 26.262 10.322 -31.942
G 27.686 13.487 -30.379
G 31.086 15.021 -30.925
L 32.932 18.004 -32.323
V 31.728 19.683 -35.498
Q 32.434 22.864 -37.423
P 29.969 25.717 -38.074
G 27.784 24.68 -40.955
G 28.223 21.156 -39.629
S 25.664 18.437 -39.132
L 25.195 15.485 -36.785
R 22.838 12.565 -36.064
L 22.172 11.773 -32.43
S 20.526 8.454 -31.655
C 18.557 7.703 -28.435
A 18.098 3.953 -27.908
A 15.256 3.106 -25.513
S 14.776 -0.324 -23.944
G 12.055 -0.58 -21.336
F 9.452 1.71 -22.919
T 6.355 0.187 -24.463
P 6.169 1.311 -28.117
G 3.068 3.358 -28.695
I 2.636 5.162 -25.38
Y 5.639 7.346 -24.409
D 6.472 10.862 -25.532
I 10.19 11.146 -26.439
G 12.011 14.466 -26.422
W 15.526 15.792 -26.875
F 16.961 18.401 -24.511
R 20.19 20.399 -24.232
Q 21.969 21.878 -21.208
A 24.651 24.443 -21.936
P 27.448 24.929 -19.375
G 25.943 26.96 -16.562
K 22.647 27.348 -18.438
E 19.211 25.796 -17.883
R 17.997 22.675 -19.728
E 16.237 23.651 -22.957
G 13.755 21.509 -24.84
V 14.819 21.033 -28.444
S 12.398 18.619 -30.177
C 9.882 15.949 -29.201
I 7.908 13.096 -30.876
S 4.326 12.253 -29.741
S 3.182 8.774 -28.654
R -0.023 8.274 -30.681
G 0.088 11.234 -33.109
S 3.811 10.906 -33.975
S 3.464 14.732 -33.878
T 6.56 16.963 -34.06
N 7.41 20.104 -32.057
Y 10.617 22.144 -32.358
A 12.069 24.776 -29.979
D 12.017 27.386 -32.83
S 15.489 28.611 -32.016
V 16.016 25.368 -33.966
K 13.094 25.461 -36.424
G 14.142 24.218 -39.837
R 17.533 23.016 -38.559
F 17.001 19.824 -36.529
I 14.487 17.028 -37.314
I 13.097 14.324 -34.923
S 12.756 10.799 -36.371
R 11.818 7.166 -35.425
D 13.698 4.124 -36.903
N 10.508 1.955 -37.27
V 12.432 -1.252 -36.33
K 14.851 -0.291 -33.482
N 12.536 1.741 -31.071
T 15.272 4.418 -31.342
V 14.58 8.173 -31.819
Y 17.085 10.27 -33.812
L 17.871 14.005 -34.083
Q 19.146 15.103 -37.49
M 21.003 18.329 -36.612
N 21.963 20.55 -39.512
S 23.736 23.878 -39.898
L 25.231 23.719 -36.41
E 26.241 27.134 -35.006
P 28.465 27.805 -31.946
E 25.33 28.505 -29.895
D 24.357 24.795 -30.106
T 27.247 23.758 -27.816
A 25.754 21.608 -25.025
V 25.329 18.106 -23.668
Y 22.202 16.603 -25.237
Y 19.73 14.462 -23.282
C 17.042 12.054 -24.458
A 13.832 12.059 -22.465
A 10.583 10.131 -21.972
I 7.212 10.913 -20.363
Y 3.773 9.31 -20.345
Q 1.907 12.477 -21.302
P -0.75 10.601 -23.162
S -2.314 12.739 -25.802
N -2.391 15.638 -28.281
G 1.309 16.231 -28.79
C 4.702 16.411 -27.115
V 5.721 19.357 -24.881
L 9.115 21.093 -24.818
R 9.2 22.108 -21.184
P 11.694 19.933 -19.289
E 8.843 18.23 -17.441
Y 9.702 14.681 -18.639
S 9.923 11.669 -16.205
Y 12.845 9.666 -17.739
W 16.305 10.894 -18.767
G 19.467 9.615 -20.422
K 23.052 10.113 -19.296
G 23.678 12.516 -22.128
T 25.846 12.868 -25.198
P 28.165 15.919 -25.506
V 27.97 18.117 -28.605
T 30.332 21.029 -29.3
V 31.056 23.254 -32.324
S 34.029 25.6 -32.859
S 34.53 29.234 -34.028
H 37.099 31.776 -35.365
X 0 0 0
X 0 0 0
X 0 0 0
X 0 0 0
X 0 0 0
X 0 0 0
X 0 0 0
X 0 0 0
X 0 0 0
X 0 0 0
X 0 0 0
X 0 0 0
X 0 0 0
X 0 0 0
X 0 0 0
