E 20.318 -16.239 -10.239
V 16.554 -15.989 -10.79
Q 14.688 -13.024 -12.232
L 11.448 -13.243 -10.17
Q 10.287 -12.233 -6.688
E 6.992 -13.085 -4.992
S 5.298 -11.432 -2.024
G 1.94 -11.017 -0.342
G 1.366 -14.324 1.434
G -0.044 -14.507 4.948
L -1.999 -16.568 7.415
V -5.764 -16.18 7.115
Q -8.804 -17.963 8.403
A -10.985 -19.941 6.052
G -13.064 -17.518 4.021
G -10.372 -14.865 4.059
S -8.563 -13.204 1.188
L -5.008 -12.336 0.119
R -3.384 -10.67 -2.888
L -0.091 -12.043 -4.091
S 2.259 -10.173 -6.392
S 2.317 -10.167 -6.325
C 5.278 -11.225 -8.397
A 7.675 -8.798 -10.053
A 9.748 -10.286 -12.854
S 12.452 -9.116 -15.226
G 11.058 -7.708 -18.462
S 13.142 -10.326 -20.224
I 11.002 -13.043 -18.577
F 7.731 -11.191 -18.406
S 7.309 -9.046 -21.484
G 5.075 -10.561 -24.128
N 5.004 -13.913 -22.32
A 2.378 -15.949 -20.514
M 2.893 -15.865 -16.753
G 1.484 -18.244 -14.181
W 1.039 -18.839 -10.488
Y 1.95 -22.269 -9.15
R 1.597 -23.741 -5.704
Q 3.452 -26.412 -3.806
A 2.634 -28.345 -0.684
P 5.239 -30.378 1.208
G 6.639 -33.336 -0.733
K 4.827 -32.421 -3.948
Q 5.551 -30.861 -7.301
R 4.534 -27.287 -7.993
R 4.518 -27.31 -8.012
E 1.091 -27.319 -9.655
V -0.028 -24.527 -11.936
V -3.031 -22.668 -10.516
V -3.256 -22.866 -10.802
A -3.703 -19.767 -12.943
V -2.109 -18.369 -16.084
I -2.383 -15.063 -17.947
S -1.231 -14.211 -21.433
A 0.324 -10.943 -22.43
G -3.007 -10.26 -24.175
N -4.928 -10.888 -20.961
S -6.299 -14.336 -21.812
S -6.57 -16.244 -18.52
N -6.78 -19.888 -17.453
Y -7.639 -21.38 -14.06
V -7.73 -24.831 -12.525
D -11.348 -25.734 -11.817
S -10.871 -25.749 -8.033
V -10.016 -22.011 -7.897
K -12.565 -20.697 -10.416
G -14.882 -18.214 -8.795
R -12.297 -17.693 -6.078
F -8.993 -16.541 -7.569
T -8.3 -13.897 -10.166
I -4.997 -13.502 -12.008
S -3.992 -10.199 -13.596
R -0.916 -8.399 -14.845
D 0.439 -4.874 -15.034
N 2.604 -4.752 -18.123
A 4.127 -1.369 -17.175
K 5.541 -2.802 -13.927
N 6.257 -6.374 -15.137
T 4.14 -7.59 -12.26
V 1.621 -10.446 -12.017
Y -1.086 -10.544 -9.333
L -3.191 -13.303 -7.804
Q -6.281 -12.167 -5.916
M -7.286 -15.034 -3.665
N -10.808 -14.877 -2.251
S -12.818 -17.42 -0.268
L -9.643 -19.128 0.845
K -9.826 -22.752 2.024
P -7.393 -25.009 3.934
E -6.767 -26.824 0.619
E -6.829 -26.814 0.595
D -5.154 -23.586 -0.594
T -2.357 -23.765 2.019
A 0.916 -23.898 0.077
V 3.947 -21.943 -1.058
Y 2.954 -19.932 -4.157
Y 5.38 -19.18 -6.968
C 5.152 -17.144 -10.193
C 5.17 -17.231 -10.19
N 6.928 -18.08 -13.412
V 6.779 -17.891 -17.165
V 4.557 -20.635 -18.594
K 6.592 -22.428 -21.247
R 5.793 -25.15 -23.764
G 6.29 -28.703 -22.631
P 6.691 -29.831 -19.085
Q 7.681 -27.232 -16.531
W 10.637 -29.203 -15.131
G 14.032 -27.554 -15.039
M 13.137 -23.913 -14.485
E 14.704 -21.629 -11.921
W 12.229 -20.45 -9.292
G 12.015 -17.58 -6.834
K 11.668 -18.079 -3.099
G 7.885 -18.22 -3.191
T 5.409 -16.633 -0.844
L 3.757 -18.654 1.921
V -0.018 -18.908 2.276
T -1.637 -20.699 5.237
T -1.652 -20.841 5.112
V -5.405 -20.984 5.613
S -6.089 -22.119 9.148
S -6.031 -22.174 9.131
S -8.019 -25.324 9.861
X 0 0 0
X 0 0 0
X 0 0 0
X 0 0 0
X 0 0 0
X 0 0 0
X 0 0 0
X 0 0 0
X 0 0 0
X 0 0 0
X 0 0 0
X 0 0 0
X 0 0 0
X 0 0 0
X 0 0 0
