E 0.861 43.935 2.909
V 3.926 42.103 4.251
Q 5.898 39.005 3.281
L 7.598 36.373 5.428
L 10.165 33.678 4.646
E 11.208 31.224 7.351
S 14.58 29.536 6.901
G 17.114 27.32 8.627
G 15.311 24.036 9.403
G 16.435 20.509 8.623
L 17.494 17.219 10.215
V 19.099 17.284 13.667
Q 19.544 14.989 16.675
A 17.973 15.173 20.13
G 20.032 17.612 22.188
D 21.506 19.791 19.419
S 20.696 23.45 18.687
L 18.928 25.119 15.755
R 18.147 28.718 14.833
L 15.184 29.443 12.589
S 15.024 32.764 10.758
C 12.19 34.676 9.095
A 12.883 37.567 6.727
A 10.268 40.336 6.699
S 9.695 42.222 3.45
G 7.009 44.812 2.757
R 6.095 47.581 5.167
T 8.389 48.425 8.075
F 9.066 45.335 10.183
S 9.183 47.389 13.4
A 5.404 47.951 13.213
Y 4.516 44.253 13.59
A 4.441 41.801 16.473
M 5.771 38.376 15.531
G 5.34 34.834 16.775
W 6.335 31.305 15.821
F 3.993 28.326 15.522
R 4.603 24.686 14.64
Q 2.447 22.108 12.856
A 3.326 18.455 13.33
P 1.612 16.405 10.573
G -1.79 15.199 11.748
K -1.738 17.414 14.853
E -2.973 20.95 15.547
R -1.004 24.183 15.216
E 0.54 24.875 18.618
F 2.021 28.118 19.905
V 5.82 28.179 20.176
A 6.854 31.751 21.001
A 5.841 35.379 20.576
I 7.646 38.714 20.796
S 6.402 42.291 20.957
W 7.085 44.818 18.212
S 10.033 46.239 20.171
G 11.234 42.953 21.674
N 10.633 44.202 25.22
S 7.993 41.526 25.919
T 8.67 37.896 24.992
Y 6.268 35.033 25.713
Y 6.827 31.315 25.178
A 4.777 28.144 25.316
D 5.42 26.296 28.568
S 6.351 23.238 26.496
V 9.392 25.161 25.201
K 10.146 27.675 27.981
G 13.747 27.573 29.166
R 14.868 25.965 25.886
F 13.582 28.303 23.15
T 14.425 31.973 22.668
I 12.61 34.41 20.382
S 14.607 37.375 19.107
R 14.112 40.078 16.497
D 16.512 42.558 14.9
N 14.368 45.483 13.769
A 17.462 46.865 12.026
K 17.565 43.672 9.91
N 13.855 42.942 9.266
T 14.317 39.488 10.758
V 13.201 37.275 13.644
Y 14.89 34.186 15.072
L 14.03 31.131 17.157
Q 16.983 29.575 19.001
M 16.015 26.009 19.935
N 18.145 24.286 22.58
S 18.109 20.693 23.831
L 15.877 19.628 20.961
K 13.68 16.544 21.149
P 11.698 14.372 18.719
E 8.554 16.203 19.852
D 9.818 19.409 18.214
T 9.577 17.704 14.799
A 7.176 20.058 13.01
I 6.825 22.746 10.351
Y 7.655 26.008 12.129
Y 5.711 29.012 10.829
C 6.237 32.692 11.612
A 3.256 35.056 11.591
A 2.91 38.838 11.748
R 0.208 40.74 13.617
K -1.112 44.277 13.288
P -2.325 46.125 16.394
M -5.469 44.621 17.905
Y -6.866 45.014 21.413
R -7.892 41.914 23.355
V -6.065 39.178 21.453
D -4.509 35.886 22.512
I -0.809 36.132 21.62
S -0.778 32.32 21.791
K -3.636 31.692 19.345
G -2.469 31.92 15.736
Q -5.553 33.181 13.907
N -5.616 36.677 15.342
Y -2.344 36.972 13.374
D -2.558 38.743 10.018
Y 0.443 37.81 7.846
W 2.085 34.392 7.596
G 4.916 32.533 5.882
Q 5.624 29.241 4.107
G 7.308 26.961 6.658
T 10.567 25.245 7.619
Q 10.796 21.593 8.681
V 12.747 20.877 11.87
T 12.513 17.067 12.156
V 14.566 15.903 15.162
S 15.403 12.346 16.245
X 0 0 0
X 0 0 0
X 0 0 0
X 0 0 0
X 0 0 0
X 0 0 0
X 0 0 0
X 0 0 0
X 0 0 0
X 0 0 0
X 0 0 0
X 0 0 0
X 0 0 0
X 0 0 0
X 0 0 0
