Q 44.173 15.322 -37.75
V 41.487 12.674 -36.919
Q 39.501 10.166 -39.056
L 36.0 9.143 -37.854
Q 33.922 6.03 -38.625
E 30.307 5.539 -37.343
S 28.899 2.017 -36.817
G 25.831 0.521 -35.028
G 23.098 1.643 -37.469
G 20.215 -0.565 -38.556
L 16.49 -0.995 -39.023
V 14.798 -1.264 -35.623
Q 11.181 -1.532 -34.43
T 9.554 1.599 -32.908
G 10.178 1.708 -29.109
G 13.491 -0.087 -29.58
S 17.037 1.178 -28.906
L 20.385 1.388 -30.743
R 23.887 2.361 -29.675
L 25.94 4.111 -32.361
S 29.716 4.224 -31.917
C 32.126 6.659 -33.551
K 35.736 5.353 -33.63
A 38.512 7.993 -34.032
S 41.975 7.412 -35.632
G 44.711 10.06 -35.122
R 46.622 11.733 -32.253
A 45.18 13.266 -29.031
F 41.554 11.886 -28.989
A 41.204 13.522 -25.505
R 41.621 17.047 -26.975
Y 38.613 16.788 -29.397
D 34.976 17.807 -28.789
L 32.702 15.316 -30.603
A 29.161 15.939 -31.875
W 26.372 13.726 -33.241
S 24.241 15.045 -36.068
R 21.415 13.503 -38.119
Q 20.07 14.126 -41.638
A 16.748 12.878 -43.029
P 16.232 12.832 -46.847
G 15.42 16.381 -48.176
K 16.121 17.95 -44.797
Q 18.843 20.079 -43.197
R 21.368 18.133 -41.109
E 20.505 18.781 -37.416
F 22.353 18.742 -34.069
V 21.655 15.714 -31.831
A 24.263 15.64 -28.997
S 27.804 16.904 -28.157
I 30.404 15.901 -25.558
G 33.446 17.9 -24.455
V 36.791 17.045 -22.863
T 36.002 18.358 -19.288
R 33.768 16.921 -16.502
N 30.778 18.919 -17.87
P 27.43 17.294 -18.809
P 26.912 16.795 -22.571
Y 24.445 18.871 -24.656
Y 21.289 17.439 -26.33
S 18.843 18.645 -28.94
G 15.308 19.255 -27.536
S 14.147 16.741 -30.255
V 15.8 13.792 -28.39
K 15.666 15.197 -24.821
G 16.236 12.43 -22.273
R 15.922 9.521 -24.787
F 19.57 9.817 -25.962
T 22.916 9.604 -24.087
V 26.324 10.565 -25.56
S 29.424 9.197 -23.795
R 33.157 8.845 -24.576
D 35.808 6.179 -23.817
N 39.142 8.055 -24.292
A 41.139 4.759 -23.932
K 39.054 3.296 -26.874
E 39.124 6.594 -28.909
T 35.321 5.969 -29.21
V 32.23 8.2 -28.622
Y 28.779 6.472 -28.248
L 25.161 7.519 -28.789
Q 22.691 5.304 -26.863
M 19.254 5.954 -28.479
N 16.134 4.817 -26.495
D 12.359 4.781 -27.236
L 13.061 5.297 -31.003
K 10.279 6.668 -33.253
P 9.917 6.795 -37.074
E 10.835 10.574 -36.842
D 14.335 9.478 -35.624
S 15.065 7.847 -39.057
A 18.136 9.589 -40.63
V 21.812 9.162 -41.483
Y 23.612 9.796 -38.123
Y 27.04 11.413 -38.265
C 29.87 12.1 -35.815
A 32.109 15.165 -36.112
A 35.21 16.265 -34.174
K 36.885 19.654 -33.496
D 39.701 20.632 -31.167
A 38.182 21.636 -27.797
S 40.008 25.051 -27.828
V 38.431 26.12 -31.142
T 35.132 28.05 -31.017
V 32.611 27.656 -33.913
A 29.123 29.124 -34.735
T 27.629 25.839 -36.097
I 28.321 22.073 -35.866
E 28.755 22.458 -39.653
D 32.09 24.234 -38.851
Y 33.531 21.066 -37.185
P 36.424 20.054 -39.553
Y 36.373 16.238 -39.128
W 33.322 14.138 -40.115
G 32.53 10.445 -40.581
R 30.626 8.987 -43.577
G 27.449 8.456 -41.43
T 25.464 5.317 -40.381
Q 21.819 4.754 -41.496
V 19.116 4.451 -38.796
T 15.57 3.43 -39.904
V 12.804 3.117 -37.272
S 9.616 1.34 -38.507
S 6.244 0.661 -36.756
E 5.726 -2.096 -39.429
N 5.925 -5.522 -37.636
L 8.552 -7.127 -39.93
Y 10.016 -7.822 -36.407
X 0 0 0
X 0 0 0
X 0 0 0
X 0 0 0
X 0 0 0
X 0 0 0
X 0 0 0
X 0 0 0
X 0 0 0
X 0 0 0
X 0 0 0
X 0 0 0
