Q 27.925 39.771 4.326
V 30.833 37.375 5.05
Q 33.146 35.811 2.435
L 34.268 32.272 3.435
Q 37.299 30.159 2.461
E 37.924 26.563 3.626
S 41.476 25.218 4.012
G 43.258 22.259 5.637
G 42.229 19.487 3.198
G 44.488 16.829 1.701
L 45.17 13.096 1.454
V 45.288 11.343 4.845
Q 45.7 7.737 5.99
T 42.594 5.934 7.302
G 42.511 6.332 11.119
G 44.178 9.783 11.02
S 42.842 13.339 11.574
L 42.541 16.699 9.815
R 41.392 20.092 11.03
L 39.601 22.155 8.407
S 39.537 25.959 8.768
C 36.831 28.262 7.403
K 38.185 31.855 7.509
A 35.601 34.678 7.284
S 36.065 38.241 5.895
G 33.339 40.801 6.724
R 31.417 42.594 9.506
A 30.219 40.801 12.659
F 31.442 37.119 12.388
A 30.072 36.569 16.006
R 26.401 37.034 14.778
Y 26.566 34.24 12.113
D 25.707 30.545 12.539
L 28.297 28.429 10.607
A 27.568 24.975 9.076
W 29.89 22.357 7.544
S 28.553 20.138 4.719
R 30.299 17.576 2.477
Q 29.656 16.112 -0.994
A 31.196 12.777 -2.083
P 31.45 11.859 -5.801
G 27.928 11.267 -7.242
K 26.058 11.865 -3.931
Q 23.865 14.674 -2.581
R 25.688 17.243 -0.453
E 24.913 16.384 3.227
F 25.027 18.132 6.633
V 28.114 17.485 8.809
A 28.148 19.942 11.739
S 26.87 23.39 12.791
I 27.763 25.91 15.545
G 25.568 28.783 16.763
V 26.338 32.102 18.532
T 25.4 31.026 22.144
R 26.988 28.634 24.72
N 24.728 25.8 23.296
P 26.526 22.682 22.011
P 26.991 22.262 18.228
Y 24.904 19.791 16.096
Y 26.435 16.762 14.323
S 25.261 14.361 11.618
G 24.939 10.788 12.982
S 27.459 9.73 10.226
V 30.332 11.553 12.125
K 29.068 11.951 15.787
G 31.892 11.556 18.328
R 34.669 11.714 15.615
F 34.246 15.396 14.54
T 34.251 18.64 16.615
V 33.18 22.035 15.235
S 34.557 25.084 17.146
R 34.753 28.848 16.45
D 37.389 31.503 17.38
N 35.409 34.794 16.999
A 38.612 37.0 17.327
K 40.265 34.998 14.463
E 36.901 35.042 12.498
T 37.507 31.247 11.97
V 35.355 28.049 12.413
Y 37.278 24.715 12.641
L 36.243 21.121 11.921
Q 38.518 18.69 13.808
M 38.01 15.254 12.137
N 39.354 12.133 13.965
D 39.347 8.381 13.114
D 39.335 8.386 13.121
L 38.776 9.215 9.422
K 37.532 6.492 7.029
P 37.422 6.252 3.22
E 33.622 7.084 3.455
D 34.591 10.583 4.833
S 36.229 11.413 1.419
A 34.359 14.452 -0.038
V 34.542 18.181 -0.828
Y 33.926 19.857 2.58
Y 32.12 23.228 2.537
C 31.489 25.893 5.199
A 28.426 28.173 5.017
A 27.123 31.064 7.137
K 23.695 32.533 7.887
D 22.481 35.221 10.333
A 21.721 33.415 13.673
S 18.303 35.217 13.57
V 17.271 33.645 10.146
T 15.492 30.243 9.84
V 16.035 28.358 6.506
A 14.437 25.175 5.191
T 17.708 23.374 4.138
I 21.528 23.84 4.504
E 21.366 24.755 0.75
D 19.562 28.032 1.758
Y 22.536 29.391 3.82
P 23.399 32.63 1.915
Y 27.272 32.674 2.249
W 29.51 29.761 1.137
G 33.175 28.891 0.6
R 34.278 27.059 -2.572
G 35.108 23.833 -0.657
T 38.254 21.837 0.351
Q 38.951 18.242 -0.833
V 39.501 15.542 1.812
T 40.642 12.112 0.571
V 40.996 9.316 3.181
S 43.108 6.308 2.028
S 43.815 2.799 3.47
E 46.538 2.18 0.783
X 0 0 0
X 0 0 0
X 0 0 0
X 0 0 0
X 0 0 0
X 0 0 0
X 0 0 0
X 0 0 0
X 0 0 0
X 0 0 0
X 0 0 0
X 0 0 0
X 0 0 0
X 0 0 0
