M 2.535 -57.079 0.962
A 0.594 -53.861 1.706
E -2.99 -52.729 2.497
V -5.114 -51.77 -0.482
Q -4.605 -48.147 -1.442
L -6.704 -47.972 -4.645
Q -10.236 -49.371 -5.038
A -12.169 -49.984 -8.264
S -15.947 -49.859 -8.41
G -18.776 -49.688 -10.888
G -18.443 -53.174 -12.232
G -21.37 -55.381 -12.933
L -23.075 -57.827 -15.238
V -23.978 -56.102 -18.511
Q -25.093 -57.094 -21.979
A -23.139 -56.738 -25.174
G -23.311 -53.226 -26.604
D -23.896 -51.491 -23.288
S -21.596 -48.88 -21.777
L -20.302 -49.106 -18.172
R -18.285 -46.684 -16.052
L -15.5 -47.75 -13.678
S -14.09 -45.596 -10.913
C -10.918 -46.128 -8.842
V -10.419 -44.181 -5.645
A -7.112 -43.54 -3.898
V -7.493 -43.995 -0.117
S -5.741 -43.636 3.215
G -4.034 -40.328 2.329
R -2.981 -41.451 -1.124
T -2.909 -38.805 -3.809
I -3.036 -39.357 -7.542
S -2.047 -35.798 -8.298
T 1.069 -35.259 -10.488
F 1.221 -39.042 -11.115
A 0.163 -40.841 -14.264
M -2.495 -43.447 -13.668
G -3.369 -46.64 -15.552
W -6.119 -49.159 -16.012
F -5.481 -52.897 -16.426
R -7.733 -55.946 -16.835
Q -7.39 -59.645 -16.021
A -9.707 -61.917 -18.005
P -10.623 -65.283 -16.445
G -7.703 -67.626 -17.068
K -5.679 -64.972 -18.839
E -2.729 -62.743 -18.179
R -2.921 -59.111 -17.028
E -3.581 -56.7 -19.866
F -2.86 -52.984 -20.313
V -6.116 -51.155 -21.045
A -5.314 -47.461 -20.728
T -2.962 -44.942 -19.288
I -3.55 -41.248 -18.705
N -0.707 -38.806 -18.077
W -0.221 -36.783 -14.9
S -2.014 -33.713 -16.235
G -4.985 -35.438 -18.002
S -3.74 -34.13 -21.406
S -2.95 -37.461 -23.052
A -3.935 -41.076 -23.013
R -2.826 -44.314 -24.637
Y -5.188 -47.233 -25.216
A -4.609 -50.932 -25.902
D -5.504 -52.204 -29.344
P -8.729 -54.077 -28.382
V -10.009 -51.046 -26.383
E -9.108 -48.345 -28.875
G -12.133 -46.182 -29.721
R -14.448 -47.706 -27.099
F -12.874 -46.799 -23.753
T -12.083 -43.392 -22.249
I -9.716 -42.685 -19.333
S -10.243 -39.616 -17.153
R -9.015 -38.207 -13.858
D -10.232 -35.898 -11.095
D -7.257 -35.044 -8.875
A -9.446 -33.191 -6.406
K -11.389 -36.372 -5.779
N -8.398 -38.695 -6.209
T -10.248 -41.01 -8.548
V -9.596 -42.287 -12.076
Y -12.374 -43.361 -14.44
L -12.749 -45.848 -17.289
E -15.783 -45.236 -19.471
M -16.422 -48.428 -21.454
S -18.782 -48.363 -24.418
S -20.118 -50.878 -26.982
L -18.936 -53.629 -24.692
K -18.124 -57.081 -26.065
P -18.086 -60.359 -24.163
G -14.257 -60.331 -24.552
D -14.092 -57.154 -22.459
S -15.311 -59.419 -19.667
A -12.69 -59.371 -16.908
V -11.511 -57.945 -13.59
Y -10.585 -54.26 -14.088
Y -8.281 -52.361 -11.754
C -6.262 -49.17 -11.716
A -2.695 -48.467 -10.718
S -0.66 -45.473 -9.679
G 1.811 -44.515 -12.37
R 4.961 -42.494 -12.514
Y 5.61 -39.06 -11.079
L 5.019 -36.599 -13.883
G 4.761 -39.416 -16.435
G 2.696 -40.322 -19.376
I 1.874 -42.347 -22.483
T 5.359 -43.741 -23.166
S 5.024 -45.558 -19.842
Y 2.445 -48.321 -20.358
S 4.34 -51.349 -19.042
Q 3.45 -53.137 -15.841
G 6.69 -52.004 -14.284
D 5.577 -48.391 -14.945
F 2.765 -48.644 -12.325
A 2.747 -49.359 -8.581
P 0.875 -49.761 -6.305
W -1.951 -51.845 -7.763
G -5.608 -51.517 -6.804
Q -8.331 -54.046 -5.965
G -10.436 -54.787 -8.999
T -14.138 -54.903 -9.925
Q -15.587 -57.628 -12.09
V -17.24 -56.759 -15.396
T -19.186 -59.54 -17.129
V -20.579 -58.998 -20.654
S -23.081 -61.476 -22.131
S -24.065 -61.672 -25.794
A -27.46 -60.033 -25.964
X 0 0 0
X 0 0 0
X 0 0 0
X 0 0 0
X 0 0 0
X 0 0 0
X 0 0 0
X 0 0 0
X 0 0 0
X 0 0 0
