Q 15.991 -25.983 -20.566
L 15.404 -22.888 -22.709
V 16.526 -19.255 -22.548
E 14.669 -16.353 -24.185
Y 16.49 -13.227 -25.39
G 15.451 -10.081 -27.216
G 12.633 -8.55 -25.191
G 12.209 -4.838 -24.765
S 10.002 -1.79 -25.089
V 9.103 -0.222 -28.435
Q 6.652 2.389 -29.686
A 3.641 1.113 -31.618
G 4.583 0.114 -35.146
G 8.022 -0.994 -33.998
Y 9.983 -4.185 -34.502
L 11.468 -6.737 -32.132
R 13.255 -10.052 -32.654
L 13.063 -12.628 -29.878
S 15.256 -15.715 -29.755
C 14.977 -18.929 -27.742
V 18.115 -21.032 -27.181
A 17.74 -24.724 -26.32
S 20.136 -26.771 -24.205
G 20.629 -30.365 -23.147
S 17.724 -32.777 -23.526
I 15.776 -30.617 -25.997
S 15.35 -32.407 -29.334
L 14.693 -30.383 -32.479
S 12.306 -33.135 -33.585
S 9.929 -32.162 -30.76
G 9.419 -28.733 -32.338
M 8.971 -25.427 -30.582
G 6.341 -22.844 -29.752
W 6.351 -19.173 -28.813
Y 3.666 -18.371 -26.218
R 2.523 -15.095 -24.682
Q 0.99 -14.242 -21.306
A -0.695 -10.999 -20.274
P -1.756 -10.206 -16.699
G -4.931 -11.968 -15.628
K -5.288 -13.529 -19.08
E -4.735 -17.083 -20.259
R -1.488 -18.186 -21.883
E -1.793 -18.013 -25.672
L 0.157 -19.733 -28.43
V 1.724 -17.124 -30.708
A 3.691 -19.196 -33.222
S 4.865 -22.767 -33.744
I 7.532 -24.583 -35.778
S 7.42 -28.372 -36.044
G 10.33 -30.773 -36.344
G 9.679 -30.741 -40.089
S 9.741 -26.907 -40.09
S 6.03 -26.349 -40.753
T 4.891 -23.012 -39.319
N 1.621 -21.936 -37.699
Y 0.505 -18.6 -36.273
A -2.279 -17.284 -34.078
D -4.735 -15.2 -36.077
S -3.921 -12.169 -33.919
V -0.336 -12.1 -35.277
K -0.847 -13.48 -38.802
G 0.956 -11.247 -41.277
R 3.071 -9.542 -38.599
F 5.006 -12.227 -36.693
T 7.159 -14.924 -38.262
I 8.912 -17.887 -36.647
S 12.119 -19.528 -37.85
R 14.845 -21.873 -36.632
D 18.6 -22.28 -36.807
N 18.65 -26.081 -36.814
A 22.322 -26.49 -35.917
K 22.027 -24.245 -32.847
N 18.429 -25.295 -32.067
T 17.619 -21.599 -31.744
V 14.066 -20.48 -32.556
Y 13.391 -16.882 -33.581
L 10.242 -14.749 -33.425
Q 10.398 -11.753 -35.75
M 7.689 -9.302 -34.6
N 6.829 -6.542 -37.054
S 4.152 -3.874 -36.698
L 3.928 -4.186 -32.932
K 0.721 -3.052 -31.233
P -0.019 -2.223 -27.576
E -2.052 -5.441 -27.301
D 1.158 -7.383 -28.04
T 2.47 -6.314 -24.609
A 3.119 -9.472 -22.546
V 5.731 -11.91 -21.279
Y 6.874 -14.193 -24.12
Y 7.833 -17.788 -23.334
C 9.55 -20.49 -25.346
A 8.117 -24.006 -25.059
A 8.839 -27.453 -26.48
A 6.719 -29.853 -21.912
Y 9.673 -27.529 -21.232
W 9.063 -23.867 -20.331
G 11.323 -20.851 -19.897
Q 11.801 -17.776 -17.734
G 10.301 -15.566 -20.437
T 11.214 -12.182 -21.861
Q 9.122 -9.057 -21.41
V 7.691 -7.22 -24.42
T 6.122 -3.775 -23.988
V 4.528 -1.766 -26.802
S 3.933 1.881 -25.899
S 1.435 4.207 -27.579
L 2.712 7.73 -26.927
E 2.602 10.701 -29.297
H 5.525 12.993 -30.154
H 5.875 16.386 -31.826
H 9.059 15.383 -33.725
X 0 0 0
X 0 0 0
X 0 0 0
X 0 0 0
X 0 0 0
X 0 0 0
X 0 0 0
X 0 0 0
X 0 0 0
X 0 0 0
X 0 0 0
X 0 0 0
X 0 0 0
X 0 0 0
X 0 0 0
X 0 0 0
X 0 0 0
X 0 0 0
X 0 0 0
X 0 0 0
X 0 0 0
X 0 0 0
X 0 0 0
X 0 0 0
X 0 0 0
X 0 0 0
X 0 0 0
