A 13.621 16.704 -26.842
V 16.105 16.005 -24.092
Q 18.227 13.081 -25.276
L 19.311 10.792 -22.45
Q 22.098 8.226 -22.181
E 22.536 5.905 -19.196
S 25.826 4.449 -18.033
G 27.294 2.29 -15.277
G 25.5 -1.047 -15.645
G 27.089 -4.447 -15.288
L 27.53 -7.513 -13.105
V 27.843 -7.225 -9.328
Q 28.016 -9.784 -6.537
A 25.144 -9.897 -4.059
G 25.627 -7.293 -1.358
G 27.7 -5.03 -3.599
S 27.181 -1.528 -4.916
L 27.035 0.245 -8.266
R 26.579 3.871 -9.311
L 24.609 4.592 -12.472
S 24.863 7.869 -14.34
C 22.664 9.597 -16.896
T 23.455 12.769 -18.809
A 21.299 14.554 -21.333
S 22.129 16.308 -24.463
G 20.083 19.46 -24.512
R 19.506 21.874 -21.647
I 17.117 20.715 -18.914
S 14.812 23.564 -17.904
S 13.705 24.427 -14.386
S 10.389 22.515 -14.341
Y 11.716 19.037 -15.166
D 11.712 16.023 -12.928
M 14.391 13.408 -13.542
G 13.773 9.822 -12.511
W 15.05 6.271 -12.631
F 12.895 3.3 -13.62
R 13.64 -0.404 -13.991
Q 12.21 -3.457 -15.76
A 13.038 -6.883 -14.369
P 12.954 -10.033 -16.544
G 9.391 -10.805 -17.636
K 7.94 -8.121 -15.339
E 6.459 -4.688 -15.971
R 8.446 -1.47 -15.589
E 8.294 0.144 -12.145
F 9.297 3.388 -10.453
V 12.671 3.508 -8.671
A 13.556 7.1 -7.777
A 13.021 10.704 -8.831
I 14.53 14.111 -8.06
S 13.33 17.676 -8.656
W 15.746 19.527 -10.948
S 15.566 22.859 -9.136
G 14.608 21.906 -5.578
G 16.39 18.608 -5.019
T 13.42 16.938 -3.32
T 13.509 13.154 -3.655
D 11.091 10.241 -3.698
Y 11.986 6.562 -3.513
A 10.055 3.381 -4.156
D 9.29 1.486 -0.952
S 11.371 -1.456 -2.213
V 14.549 0.667 -2.439
K 14.169 3.26 0.342
G 17.463 3.512 2.193
R 19.36 1.25 -0.197
F 19.503 3.662 -3.177
A 20.288 7.374 -3.361
I 19.438 9.696 -6.252
S 21.475 12.881 -6.723
K 22.09 15.485 -9.416
D 24.702 17.884 -10.778
N 22.849 20.727 -12.513
A 26.005 22.191 -14.073
K 26.625 18.868 -15.851
N 22.964 18.213 -16.78
A 23.451 14.85 -15.09
V 21.542 12.692 -12.632
Y 22.957 9.792 -10.656
L 21.658 6.739 -8.818
Q 23.942 5.283 -6.161
M 22.832 1.698 -5.519
N 24.092 0.014 -2.35
S 23.44 -3.411 -0.82
L 22.263 -4.777 -4.163
K 20.019 -7.863 -4.189
P 19.125 -10.37 -6.942
E 15.641 -8.85 -7.202
D 17.31 -5.653 -8.466
T 18.478 -7.369 -11.655
A 16.817 -5.334 -14.386
V 17.396 -2.835 -17.14
Y 17.514 0.603 -15.53
Y 16.143 3.553 -17.508
C 16.649 7.254 -16.912
A 13.688 9.506 -17.692
A 12.551 13.13 -17.864
K 9.088 14.599 -17.274
W 8.375 18.235 -18.151
R 6.004 19.619 -15.487
P 5.575 23.359 -16.193
L 2.326 23.437 -14.178
R 3.649 21.645 -11.092
Y 2.267 22.911 -7.792
S 5.135 21.688 -5.588
D 8.755 20.615 -5.792
Y 7.983 16.994 -4.899
P 8.854 14.741 -7.854
S 6.365 12.46 -9.558
N 6.396 8.659 -9.465
S 3.994 8.443 -12.454
D 4.376 8.096 -16.263
Y 7.529 9.908 -17.471
Y 7.494 10.97 -21.133
D 11.131 11.236 -22.351
W 13.249 8.099 -22.104
G 16.837 6.849 -22.325
Q 18.084 3.653 -23.966
G 18.703 1.781 -20.694
T 21.681 0.269 -18.884
Q 21.689 -3.368 -17.766
V 22.295 -4.251 -14.096
T 22.739 -7.934 -13.151
V 22.938 -8.933 -9.465
S 24.397 -12.42 -8.916
S 23.223 -14.595 -6.015
X 0 0 0
X 0 0 0
X 0 0 0
X 0 0 0
X 0 0 0
X 0 0 0
X 0 0 0
X 0 0 0
X 0 0 0
X 0 0 0
X 0 0 0
X 0 0 0
X 0 0 0
