Q 92.788 97.072 53.891
V 92.479 100.722 54.923
Q 91.235 102.627 51.866
L 90.527 106.373 51.736
Q 89.198 107.704 48.415
E 88.811 111.461 47.974
S 86.63 113.1 45.332
G 84.655 116.241 44.581
G 87.436 118.586 43.491
G 88.162 120.635 40.391
L 88.561 124.093 38.907
V 86.596 126.783 40.753
Q 86.52 130.57 40.546
P 87.568 132.801 43.463
G 84.748 133.219 45.955
G 82.97 130.007 44.967
S 82.033 126.906 46.926
L 83.046 123.252 46.766
R 82.331 119.957 48.537
L 85.099 117.398 49.06
S 84.062 113.84 49.913
C 86.185 111.142 51.556
A 84.951 107.546 51.369
A 86.539 105.243 53.953
S 86.673 101.45 53.904
G 88.494 98.629 55.648
F 88.003 99.882 59.214
T 85.437 101.194 61.689
F 84.905 104.799 60.605
S 82.962 105.676 63.763
N 85.882 104.698 66.024
Y 88.558 106.909 64.406
K 89.153 110.655 64.444
M 89.362 112.154 60.956
N 91.326 115.072 59.515
W 91.487 117.116 56.333
V 95.018 118.114 55.305
R 96.328 120.116 52.355
Q 99.615 120.461 50.477
A 100.269 123.579 48.407
P 102.301 123.477 45.172
G 105.917 123.974 46.191
K 105.1 123.979 49.923
G 104.917 121.209 52.494
L 101.905 119.518 54.019
E 99.756 121.69 56.289
W 96.943 120.471 58.527
V 93.573 122.08 57.752
S 90.879 120.663 60.033
D 89.961 117.758 62.289
I 86.779 116.123 63.575
S 86.462 113.634 66.428
Q 84.855 110.19 66.376
S 81.328 111.45 67.112
G 81.602 114.943 65.605
A 81.214 116.981 68.798
S 84.791 118.299 68.875
I 85.681 120.066 65.618
S 88.769 122.176 64.944
Y 89.973 124.272 62.011
T 93.166 126.118 61.177
G 93.474 129.889 61.306
S 93.329 130.408 57.539
V 90.043 128.492 57.062
K 88.182 129.273 60.301
G 84.648 130.38 59.465
R 84.903 129.48 55.767
F 85.393 125.694 55.856
T 83.096 123.217 57.593
I 83.882 119.541 58.214
S 81.387 116.8 59.056
R 81.15 113.015 59.086
D 78.485 110.371 58.459
N 79.207 107.214 60.454
A 76.223 105.345 58.99
K 77.683 105.75 55.482
N 81.359 105.93 56.579
T 81.938 109.227 54.795
L 83.668 112.54 55.484
Y 82.505 115.859 54.029
L 84.33 119.184 53.73
Q 82.333 122.172 52.466
M 84.552 125.087 51.412
N 83.117 128.574 50.895
S 84.685 131.876 49.818
L 87.72 130.201 48.262
K 90.761 132.403 47.653
P 93.729 132.003 45.272
E 95.804 131.021 48.32
D 93.618 127.925 48.805
T 94.697 125.975 45.704
A 96.316 122.751 46.918
V 96.051 118.967 46.948
Y 93.67 117.915 49.73
Y 94.034 114.626 51.62
C 91.694 112.758 53.97
A 93.872 111.549 56.859
R 92.742 109.026 59.46
C 94.278 108.983 62.924
P 96.664 106.038 63.423
A 95.118 104.616 66.607
P 91.451 104.474 67.63
F 89.964 105.671 70.934
T 92.909 108.054 71.409
R 92.875 111.826 71.858
D 96.216 112.533 70.177
C 96.675 112.221 66.403
F 100.32 111.885 65.385
D 102.035 112.074 61.988
V 98.93 113.003 59.972
T 101.045 115.672 58.231
S 104.031 113.393 57.587
T 105.554 113.003 54.135
T 104.95 109.234 53.936
Y 101.884 108.727 56.136
A 100.119 105.428 55.469
Y 96.535 106.157 56.593
R 96.096 108.996 54.111
G 94.226 109.077 50.822
Q 95.582 110.161 47.465
G 93.875 113.561 47.627
T 92.266 115.798 45.016
Q 93.595 118.982 43.426
V 91.584 122.14 44.152
T 92.65 125.118 42.027
V 91.087 128.494 42.798
X 0 0 0
X 0 0 0
X 0 0 0
X 0 0 0
X 0 0 0
X 0 0 0
X 0 0 0
X 0 0 0
X 0 0 0
X 0 0 0
X 0 0 0
X 0 0 0
X 0 0 0
X 0 0 0
