Q 94.863 75.787 113.055
V 97.226 76.829 110.26
Q 96.988 73.881 107.869
L 98.102 73.496 104.241
Q 97.427 70.62 101.829
E 99.25 70.29 98.517
S 97.905 68.203 95.655
G 98.477 67.546 91.973
G 102.055 66.302 92.128
G 102.916 63.026 90.475
L 104.905 61.239 87.811
V 105.333 63.152 84.552
Q 107.478 62.811 81.444
P 110.31 65.261 80.714
G 108.971 68.294 78.907
G 105.508 67.61 80.327
S 103.1 69.768 82.297
L 101.802 69.491 85.851
R 99.729 71.594 88.237
L 100.161 72.005 91.992
S 97.295 73.209 94.184
C 97.482 74.411 97.791
A 94.349 74.357 99.941
A 94.746 76.725 102.889
S 92.712 76.938 106.083
G 92.962 78.376 109.569
F 94.06 81.89 108.598
T 92.995 84.843 106.472
F 94.438 83.898 103.089
S 94.351 87.359 101.503
N 96.528 88.985 104.191
Y 99.582 86.769 103.628
K 102.23 86.37 100.95
M 102.585 82.812 99.655
N 105.687 80.898 98.584
W 106.598 77.698 96.771
V 109.671 75.776 97.919
R 111.133 72.436 96.885
Q 113.558 69.928 98.39
A 115.698 68.028 95.902
P 116.432 64.396 96.829
G 119.235 64.407 99.364
K 119.863 68.156 99.257
G 118.625 71.3 101.003
L 115.502 73.401 100.542
E 115.356 76.024 97.783
W 112.878 78.831 97.188
V 111.003 78.706 93.873
S 108.346 81.408 93.594
D 106.23 83.797 95.624
I 103.146 85.945 95.107
S 102.086 89.059 96.999
Q 98.883 89.465 99.004
S 96.861 90.872 96.1
G 98.55 88.72 93.457
A 100.371 91.616 91.78
S 104.04 91.229 92.775
I 105.376 87.893 91.492
S 108.961 86.631 91.519
Y 110.546 83.36 90.415
T 113.882 81.68 90.857
G 116.022 81.86 87.744
S 115.922 78.15 86.942
V 112.127 78.076 86.482
K 111.569 81.561 85.048
G 109.366 81.376 81.972
R 108.259 77.82 82.822
F 106.304 77.972 86.099
T 103.46 80.382 86.827
I 102.123 80.984 90.339
S 98.502 81.943 90.918
R 96.328 82.575 93.957
D 92.566 82.738 94.466
N 91.711 84.725 97.587
A 88.035 83.751 97.384
K 88.815 80.02 97.353
N 91.885 80.24 99.646
T 93.909 78.32 97.062
L 97.474 78.723 95.778
Y 98.564 77.317 92.417
L 101.808 76.448 90.636
Q 101.195 75.599 86.987
M 104.16 73.811 85.403
N 104.935 73.816 81.678
S 108.346 72.306 80.797
L 109.597 69.825 83.377
K 113.188 68.607 83.611
P 114.72 65.734 85.59
E 116.364 68.384 87.789
D 112.828 69.461 88.793
T 112.28 66.177 90.669
A 111.686 67.244 94.273
V 109.121 67.445 97.039
Y 107.283 70.739 96.56
Y 106.075 72.562 99.672
C 103.451 75.299 99.91
A 105.009 77.81 102.303
R 103.432 80.888 103.87
C 105.169 84.01 105.1
P 105.223 84.111 108.92
A 103.391 87.42 109.395
P 100.586 89.271 107.593
F 100.825 92.663 105.884
T 104.616 92.308 105.745
R 106.925 92.716 102.771
D 109.732 90.65 104.314
C 109.549 86.857 104.475
F 112.394 85.275 106.431
D 112.278 81.584 107.226
V 110.198 79.866 104.536
T 113.148 77.649 103.524
S 114.15 76.621 107.049
T 114.618 72.917 107.715
T 111.95 73.08 110.445
Y 109.462 75.827 109.592
A 105.831 75.938 110.65
Y 103.128 77.285 108.317
R 104.489 74.942 105.628
G 102.536 72.009 104.253
Q 103.547 68.371 104.134
G 104.348 68.704 100.437
T 103.585 66.748 97.277
Q 106.152 64.721 95.348
V 106.928 65.651 91.738
T 108.908 62.994 89.858
V 110.205 63.709 86.351
S 111.761 60.721 84.582
S 111.218 58.202 81.795
X 0 0 0
X 0 0 0
X 0 0 0
X 0 0 0
X 0 0 0
X 0 0 0
X 0 0 0
X 0 0 0
X 0 0 0
X 0 0 0
X 0 0 0
X 0 0 0
