A 43.66 32.761 10.421
Q 41.228 33.764 7.675
Q 41.262 33.742 7.637
V 39.214 30.515 7.826
Q 37.921 28.711 10.914
L 37.094 24.991 10.783
V 34.856 23.172 13.291
E 34.592 19.384 13.069
S 31.768 17.368 14.585
G 30.331 13.856 14.639
G 32.985 11.763 16.37
R 31.909 9.148 18.897
L 32.426 5.519 19.938
V 31.107 2.854 17.561
Q 31.671 -0.866 16.991
A 33.446 -2.601 14.123
G 31.138 -2.725 11.118
D 29.205 0.424 12.038
S 28.838 3.553 9.905
L 29.602 7.074 11.116
R 29.339 10.463 9.401
L 31.589 13.402 10.255
S 31.091 17.006 9.181
C 33.12 20.201 9.274
A 31.752 23.753 9.106
A 34.028 26.375 7.557
S 33.571 30.062 8.239
G 35.321 33.322 7.661
R 36.76 34.021 4.238
T 35.286 31.021 2.5
F 35.193 32.687 -0.934
S 38.851 31.713 -1.449
T 38.567 27.978 -0.617
S 40.065 25.741 -3.308
A 40.034 22.338 -1.548
M 39.187 20.747 1.788
A 40.399 17.458 3.227
W 40.269 15.055 6.149
F 43.312 13.674 7.968
R 43.464 11.412 11.003
Q 45.983 10.88 13.784
A 45.935 7.565 15.621
P 47.858 6.968 18.851
G 51.569 7.066 18.142
R 51.163 7.6 14.393
E 51.657 10.592 12.15
R 48.723 12.463 10.694
E 47.481 10.265 7.84
F 45.676 11.395 4.7
V 42.06 10.209 4.508
A 40.289 12.13 1.738
A 40.312 15.396 -0.205
I 37.752 17.218 -2.356
T 38.299 19.957 -4.918
W 36.047 22.847 -4.116
T 34.627 24.062 -7.434
V 33.968 20.744 -9.179
G 33.983 18.362 -6.236
N 36.553 15.885 -7.535
T 37.514 13.433 -4.793
I 40.692 11.662 -3.706
L 40.573 8.767 -1.221
G 43.48 7.303 0.708
D 44.366 3.715 -0.113
S 43.459 2.392 3.35
V 39.952 3.911 3.338
K 39.298 3.738 -0.41
G 35.966 2.066 -1.076
R 34.561 2.507 2.452
F 34.73 6.286 2.989
T 33.025 8.99 0.912
I 33.857 12.706 0.984
S 31.351 15.343 -0.128
R 30.917 19.083 0.251
D 28.252 21.791 0.132
R 29.508 25.127 -1.181
A 26.433 27.117 -0.155
K 26.656 25.857 3.444
N 30.481 25.774 3.454
T 30.522 22.25 4.863
V 32.495 19.114 4.034
D 31.335 15.657 5.174
L 33.07 12.3 5.591
Q 30.825 9.234 5.408
M 32.595 6.259 7.005
D 31.126 2.808 6.358
N 32.306 -0.636 7.508
L 34.471 0.853 10.239
E 37.351 -1.106 11.758
P 39.307 -0.749 15.018
E 42.266 0.523 12.976
D 40.105 3.544 12.05
T 40.272 4.857 15.64
A 41.872 8.307 15.591
V 41.295 12.01 15.983
Y 39.918 13.18 12.635
Y 41.019 16.655 11.516
C 39.587 18.717 8.677
S 41.834 21.055 6.685
A 41.349 23.755 4.053
R 43.438 25.289 1.269
S 42.985 28.562 -0.649
R 46.017 28.409 -2.923
G 45.517 26.645 -6.231
Y 47.217 23.312 -6.772
V 47.832 20.288 -8.923
L 46.069 17.229 -7.532
S 49.21 15.372 -6.439
V 49.896 17.736 -3.53
L 46.503 17.323 -1.845
R 47.634 14.143 -0.078
S 50.293 15.987 1.94
V 49.677 17.354 5.426
D 51.845 20.35 4.496
S 49.553 21.428 1.634
Y 46.769 22.989 3.712
D 46.412 26.545 4.976
Y 43.898 26.04 7.828
W 43.102 23.273 10.31
G 40.352 22.378 12.757
Q 40.688 21.125 16.326
G 39.61 17.572 15.481
T 36.884 15.121 16.494
Q 37.499 11.785 18.228
V 36.431 8.552 16.511
T 36.751 5.272 18.398
V 35.95 1.875 16.87
S 35.77 -1.121 19.203
X 0 0 0
X 0 0 0
X 0 0 0
X 0 0 0
X 0 0 0
X 0 0 0
X 0 0 0
X 0 0 0
X 0 0 0
X 0 0 0
X 0 0 0
X 0 0 0
