Q 34.239 -4.323 31.343
V 32.151 -1.932 33.487
Q 29.122 -2.594 35.712
L 26.529 0.009 36.71
V 24.041 -0.193 39.634
E 21.258 2.467 39.862
S 19.153 3.33 42.918
G 16.911 6.069 44.356
G 13.661 5.493 42.394
G 10.157 5.804 43.812
L 6.655 7.311 43.609
V 6.371 11.069 44.263
Q 3.694 13.708 43.767
A 3.938 16.206 40.918
G 6.074 19.184 41.897
G 8.284 17.091 44.213
S 11.875 15.908 43.854
L 13.89 12.686 43.643
R 17.625 11.909 43.42
L 18.927 8.966 41.424
S 22.388 7.548 42.042
C 24.597 5.037 40.216
A 27.713 3.173 41.391
A 30.194 2.091 38.694
S 32.716 -0.726 39.075
G 35.178 -2.488 36.797
R 37.391 -0.635 34.276
T 36.477 2.898 35.401
F 39.987 4.065 34.463
S 38.719 4.144 30.853
T 35.599 6.272 31.482
S 35.273 9.36 29.272
A 31.653 10.286 30.18
M 28.562 9.048 32.0
G 24.901 9.879 31.57
W 21.224 8.981 31.918
F 18.416 8.074 29.527
R 14.798 7.012 30.13
Q 12.171 4.755 28.555
A 8.432 4.879 29.139
P 6.362 1.82 28.149
G 5.524 1.679 24.456
R 7.685 4.737 23.712
E 11.265 5.001 22.523
R 14.381 5.928 24.472
E 14.933 9.619 25.186
F 18.186 11.275 26.195
V 18.158 12.834 29.68
A 21.669 14.072 30.589
A 25.419 13.498 30.235
I 28.565 14.663 32.072
T 32.138 14.594 30.717
W 34.339 12.69 33.123
T 37.548 14.723 33.482
V 36.224 18.317 33.536
G 32.559 17.737 34.4
N 30.802 19.585 31.565
T 27.051 18.854 31.462
I 24.352 18.631 28.763
Y 20.604 17.966 28.985
G 17.594 16.821 26.999
D 15.298 19.637 25.935
S 12.476 18.974 28.402
M 14.88 18.575 31.39
K 17.393 21.468 31.338
G 16.668 23.599 34.394
R 14.767 20.929 36.339
F 17.459 18.179 36.461
T 21.123 18.344 37.54
I 23.722 15.637 36.795
S 26.862 15.41 38.952
R 29.649 12.904 39.463
D 32.286 11.848 42.016
R 35.537 10.517 40.549
T 37.015 9.09 43.754
K 33.811 7.13 44.512
N 32.983 6.419 40.813
T 29.356 7.513 41.223
V 27.02 9.729 39.233
D 23.78 11.314 40.464
L 20.681 12.812 38.854
Q 18.852 15.37 40.971
Q 18.871 15.436 40.962
M 15.269 15.708 39.647
D 13.209 18.746 40.678
S 9.72 19.885 39.639
L 8.763 16.352 38.588
K 5.808 15.836 36.219
P 3.698 12.776 35.29
E 5.37 12.741 31.839
D 8.7 12.0 33.6
T 7.283 8.569 34.523
A 9.691 5.965 33.09
V 12.504 3.56 33.859
Y 15.755 5.553 34.17
Y 19.054 4.014 32.984
C 22.579 5.149 33.816
T 25.229 4.834 31.066
A 29.022 5.036 30.646
R 31.314 5.669 27.666
S 35.005 4.813 27.171
R 35.401 6.073 23.608
G 36.403 9.7 23.274
F 33.93 12.032 21.588
V 33.026 15.466 20.349
L 30.391 16.775 22.739
S 27.458 16.633 20.301
D 28.01 12.847 19.931
L 26.679 12.468 23.487
R 23.186 13.802 22.624
S 22.608 10.613 20.63
V 20.872 8.235 23.017
D 22.712 5.114 21.739
S 26.229 6.6 22.031
F 27.121 4.758 25.256
D 29.397 1.749 25.715
Y 27.7 0.368 28.884
K 24.268 0.69 30.51
G 22.889 -0.203 33.93
Q 19.899 -2.225 35.096
G 17.396 0.639 35.518
T 15.219 2.054 38.32
Q 11.524 3.0 38.159
V 10.319 6.595 38.625
T 6.569 7.314 38.871
V 5.03 10.775 39.31
S 1.413 11.127 40.372
X 0 0 0
X 0 0 0
X 0 0 0
X 0 0 0
X 0 0 0
X 0 0 0
X 0 0 0
X 0 0 0
X 0 0 0
X 0 0 0
X 0 0 0
X 0 0 0
X 0 0 0
