V 130.334 123.336 181.122
Q 130.894 120.72 183.829
L 134.434 120.35 185.186
V 135.735 117.223 186.93
E 139.236 116.559 188.263
S 141.062 113.629 189.845
G 144.227 113.234 191.884
G 145.543 113.854 195.378
G 146.748 111.38 197.958
L 149.78 111.226 200.23
V 151.724 114.461 200.718
Q 155.479 114.741 201.255
A 157.83 117.675 201.752
G 160.012 116.64 198.814
G 157.262 114.866 196.919
S 155.462 116.286 193.902
L 151.823 115.805 192.9
R 150.227 116.402 189.495
L 146.585 117.436 189.096
A 144.483 117.497 185.929
C 141.089 119.159 185.485
A 138.889 117.878 182.655
A 135.899 119.833 181.353
S 133.166 119.096 178.814
G 132.095 121.781 176.346
R 133.854 124.666 174.628
I 136.202 127.064 176.407
F 135.42 129.813 173.819
S 139.084 130.956 174.053
S 138.064 133.714 176.489
D 137.448 131.916 179.817
T 140.029 131.963 182.617
L 140.553 128.865 184.769
A 141.538 129.356 188.412
W 142.383 127.09 191.34
F 141.726 127.566 195.051
R 143.808 126.307 197.961
R 141.078 125.457 200.478
A 137.349 124.803 200.507
P 135.128 127.891 200.95
G 133.613 126.518 204.167
K 135.885 128.592 206.408
E 138.736 130.108 204.361
R 139.496 130.198 200.634
E 142.358 131.892 198.798
F 143.622 132.348 195.251
V 146.736 130.432 194.16
A 147.061 130.447 190.363
A 145.169 131.129 187.145
S 145.808 131.662 183.446
R 143.667 132.786 180.525
W 142.988 130.138 177.89
S 144.258 132.427 175.119
G 147.558 133.018 176.902
G 149.388 134.547 179.816
G 149.549 133.391 183.399
T 149.067 134.449 186.998
D 150.6 133.135 190.219
Y 149.955 133.772 193.915
K 155.877 132.171 193.578
G 157.39 130.071 190.799
R 156.547 126.724 192.422
F 153.359 126.306 190.341
T 153.511 125.394 186.646
F 150.61 125.989 184.25
S 150.196 123.846 181.13
R 147.435 123.906 178.511
D 146.937 121.118 175.982
N 144.721 123.295 173.726
T 143.693 120.124 171.839
R 141.41 117.993 174.054
N 140.086 121.003 176.039
T 141.713 119.866 179.296
M 144.5 121.358 181.399
C 147.051 119.985 183.855
L 148.542 121.575 186.976
E 151.82 120.484 188.576
M 153.228 121.523 191.952
N 156.612 120.914 193.57
S 157.927 121.041 197.15
L 154.505 120.662 198.74
K 153.986 121.87 202.312
P 151.738 120.274 204.969
E 149.628 123.442 205.12
D 149.636 123.82 201.322
T 147.908 120.52 200.522
A 144.098 120.697 200.583
V 141.062 120.238 198.331
Y 141.036 121.879 194.893
Y 138.153 122.914 192.639
C 139.705 124.157 189.338
A 136.796 126.533 188.816
L 136.008 128.378 185.585
R 134.809 131.929 184.93
T 132.662 132.965 181.975
A 133.5 136.044 179.91
R 129.869 136.855 179.051
D 129.545 139.293 181.961
S 132.842 141.177 181.65
Y 136.395 140.789 180.363
Y 138.123 142.318 183.401
Y 140.17 140.211 185.825
T 137.675 140.06 188.683
R 139.874 137.774 190.849
N 136.799 137.393 193.086
P 135.603 133.802 193.676
T 132.034 135.141 193.867
G 132.153 136.134 190.197
Y 133.101 132.595 189.184
D 130.026 130.552 188.253
Y 131.247 127.171 186.971
W 132.467 125.169 189.976
G 134.032 121.731 189.753
Q 133.694 118.883 192.217
G 136.033 119.311 195.17
T 138.667 116.556 195.14
Q 141.882 116.443 197.166
X 0 0 0
X 0 0 0
X 0 0 0
X 0 0 0
X 0 0 0
X 0 0 0
X 0 0 0
X 0 0 0
X 0 0 0
X 0 0 0
X 0 0 0
X 0 0 0
X 0 0 0
X 0 0 0
X 0 0 0
X 0 0 0
X 0 0 0
X 0 0 0
X 0 0 0
X 0 0 0
X 0 0 0
X 0 0 0
X 0 0 0
