Q 126.617 124.485 180.41
V 130.203 123.51 181.268
Q 130.973 120.845 183.879
L 134.396 120.788 185.544
V 135.764 117.383 186.578
E 139.196 117.047 188.188
S 141.103 114.23 189.875
G 144.19 113.806 192.025
G 145.225 113.955 195.666
G 146.536 111.774 198.466
L 148.84 112.211 201.441
V 152.284 113.593 200.561
Q 155.062 114.483 202.994
A 156.727 117.901 203.042
G 159.375 116.591 200.643
G 157.827 115.618 197.333
S 155.536 116.696 194.528
L 152.073 115.963 193.165
R 150.129 116.692 189.99
L 146.651 118.039 189.242
A 144.452 117.688 186.166
C 141.151 119.502 185.572
A 138.875 118.424 182.716
A 136.072 120.571 181.294
S 132.986 119.173 179.541
G 131.891 121.999 177.263
R 133.166 124.864 175.133
I 135.753 127.275 176.528
F 135.077 129.849 173.748
S 138.827 130.699 173.634
S 138.19 133.648 175.99
D 137.05 132.217 179.341
T 139.651 132.129 182.115
L 139.989 129.364 184.707
A 141.478 129.647 188.191
W 142.479 127.219 190.933
F 141.334 127.88 194.502
R 142.438 126.116 197.686
R 140.519 126.164 200.976
A 142.385 125.48 204.202
P 140.325 124.006 207.065
G 138.574 126.72 209.037
K 139.411 129.263 206.331
E 137.968 130.853 203.206
R 139.024 130.079 199.647
E 142.03 132.05 198.406
F 143.395 132.794 194.949
V 146.278 130.629 193.736
A 146.719 130.977 189.973
A 144.798 131.699 186.783
S 145.368 131.988 183.047
R 143.258 132.78 180.001
W 142.54 129.978 177.542
S 144.126 131.88 174.645
G 147.309 132.577 176.593
G 148.932 134.493 179.4
G 149.217 133.502 183.028
T 148.81 134.775 186.59
D 150.19 133.398 189.856
Y 149.864 134.097 193.584
K 155.678 133.443 193.578
G 156.799 131.079 190.825
R 156.51 127.913 192.922
F 153.344 126.826 191.078
T 153.325 126.445 187.29
F 150.261 126.478 185.03
S 150.039 124.64 181.705
R 147.148 124.155 179.284
D 146.942 121.366 176.716
N 144.545 123.406 174.506
T 143.693 120.182 172.611
R 141.959 117.815 175.062
N 140.307 120.639 177.069
T 142.502 119.78 180.063
M 145.014 121.784 182.087
C 147.463 120.896 184.845
L 148.878 122.696 187.894
E 152.211 121.121 188.829
M 153.577 121.932 192.284
N 156.929 121.245 193.934
S 158.557 121.753 197.344
L 155.39 121.336 199.384
K 154.881 122.775 202.867
P 152.747 121.67 205.834
E 150.517 124.733 205.369
D 150.371 124.225 201.587
T 148.008 121.251 201.908
A 144.335 122.239 201.649
V 141.177 121.441 199.668
Y 141.755 122.537 196.071
Y 138.964 123.565 193.703
C 138.748 124.048 189.937
A 136.723 127.024 188.714
L 135.741 128.73 185.466
R 134.968 132.382 184.732
T 132.7 133.552 181.909
A 133.414 136.706 179.904
R 129.751 137.258 178.98
D 129.162 139.684 181.859
S 132.444 141.575 181.433
Y 135.94 141.161 180.018
Y 137.677 142.395 183.182
Y 139.794 139.846 185.053
T 139.29 139.618 188.816
R 140.425 137.32 191.618
N 137.081 137.434 193.453
P 135.607 133.914 193.83
T 132.105 135.411 193.571
G 132.607 136.144 189.874
Y 133.385 132.5 189.139
D 130.262 130.397 188.584
Y 131.306 126.991 187.182
W 133.007 125.508 190.231
G 134.438 122.03 190.704
Q 135.081 119.825 193.733
G 137.806 118.994 196.254
T 141.002 117.073 195.534
Q 142.159 116.454 199.111
X 0 0 0
X 0 0 0
X 0 0 0
X 0 0 0
X 0 0 0
X 0 0 0
X 0 0 0
X 0 0 0
X 0 0 0
X 0 0 0
X 0 0 0
X 0 0 0
X 0 0 0
X 0 0 0
X 0 0 0
X 0 0 0
X 0 0 0
X 0 0 0
X 0 0 0
X 0 0 0
X 0 0 0
X 0 0 0
