Q 108.914 120.824 168.712
V 109.402 124.096 166.823
Q 108.939 126.994 169.25
L 109.244 130.742 168.689
Q 108.703 132.986 171.721
E 108.647 136.744 171.151
S 109.47 139.077 174.026
G 109.685 142.814 174.564
G 106.912 145.05 173.346
G 104.601 146.931 175.679
L 103.336 150.483 175.713
V 105.63 153.198 174.351
Q 105.213 156.834 173.364
P 105.642 158.138 169.802
G 109.297 158.641 168.959
G 110.393 156.145 171.604
S 112.348 152.946 171.09
L 111.729 149.258 171.745
R 113.761 146.082 171.218
L 111.969 142.84 170.359
S 113.543 139.437 170.979
C 112.597 136.03 169.565
A 113.747 132.93 171.453
A 113.86 130.022 168.998
S 114.023 126.334 169.89
G 113.375 122.97 168.284
F 115.275 123.577 165.038
T 118.744 124.426 163.732
F 118.429 128.207 163.951
S 121.376 128.926 161.639
N 119.869 126.895 158.772
Y 116.752 129.06 158.397
K 115.971 132.508 157.092
M 113.989 134.458 159.689
N 111.278 137.101 159.4
W 109.402 139.674 161.43
V 105.715 140.045 160.56
R 103.003 142.087 162.236
Q 99.22 142.375 162.361
A 97.803 145.837 162.971
P 94.382 146.059 164.68
G 91.708 145.255 162.12
K 94.183 144.582 159.3
G 95.88 141.44 158.025
L 99.379 140.097 158.503
E 102.129 142.213 156.944
W 105.755 141.279 156.337
V 108.111 143.651 158.159
S 111.685 142.427 157.7
D 113.776 139.333 157.058
I 117.389 138.268 157.551
S 119.327 135.497 155.824
Q 120.864 132.456 157.506
S 124.264 134.075 158.081
G 122.856 137.558 158.701
A 124.329 139.246 155.619
S 121.265 139.592 153.381
I 118.784 141.892 155.136
S 115.615 143.522 153.815
Y 112.85 145.675 155.272
T 109.4 146.815 154.295
G 109.544 150.379 153.043
S 107.594 151.949 155.905
V 110.234 150.913 158.479
K 113.451 151.238 156.443
G 115.881 153.413 158.381
R 113.934 152.992 161.643
F 113.917 149.246 162.387
T 117.047 147.102 162.663
I 116.93 143.301 162.485
S 119.732 140.991 163.598
R 120.283 137.394 164.665
D 122.602 135.677 167.135
N 122.973 132.154 165.759
A 124.859 131.085 168.896
K 121.948 132.045 171.172
N 119.209 131.097 168.655
T 117.731 134.574 169.022
L 116.195 137.057 166.591
Y 116.129 140.783 167.312
L 114.18 143.791 166.063
Q 115.477 147.16 167.267
M 112.614 149.609 166.685
N 113.611 153.286 166.798
S 111.506 156.453 166.482
L 108.261 154.522 166.733
K 105.046 155.934 165.277
P 101.431 155.144 166.219
E 101.284 153.523 162.768
D 103.592 150.79 164.13
T 101.021 149.666 166.722
A 100.572 145.963 165.986
V 101.164 142.461 167.269
Y 104.641 141.493 166.068
Y 105.442 137.889 165.18
C 108.701 136.002 164.784
A 108.232 133.952 161.606
R 110.639 131.303 160.342
C 110.892 130.329 156.7
P 109.307 126.889 156.221
A 112.306 124.984 154.842
P 116.047 125.239 155.565
F 118.759 126.365 153.126
T 116.169 127.724 150.68
R 116.041 131.074 148.911
D 112.24 131.255 148.733
C 110.233 132.019 151.881
F 106.631 130.946 151.292
D 103.56 131.555 153.443
V 105.048 133.342 156.492
T 102.232 135.923 156.386
S 99.49 133.295 156.069
T 96.839 133.412 158.783
T 97.421 129.781 159.822
Y 101.211 129.546 159.36
A 102.654 127.026 161.807
Y 106.286 128.19 162.12
R 105.41 131.49 163.78
G 105.24 132.596 167.399
Q 102.276 133.768 169.435
G 103.351 137.391 168.988
T 104.083 140.292 171.312
Q 101.894 143.388 171.52
V 103.59 146.671 170.599
T 101.46 149.737 171.368
V 102.58 153.257 170.433
S 100.403 155.771 172.278
S 100.853 159.211 173.82
X 0 0 0
X 0 0 0
X 0 0 0
X 0 0 0
X 0 0 0
X 0 0 0
X 0 0 0
X 0 0 0
X 0 0 0
X 0 0 0
X 0 0 0
X 0 0 0
