Q 105.879 119.856 165.516
V 106.854 122.936 163.507
Q 106.316 125.888 165.85
L 107.226 129.56 165.427
Q 106.883 131.925 168.396
E 107.35 135.675 167.955
S 108.783 137.569 170.929
G 109.137 141.272 171.621
G 107.037 144.12 170.298
G 104.43 146.509 171.633
L 103.459 150.135 171.215
V 106.195 152.554 170.156
Q 106.483 156.28 169.511
P 107.056 157.599 165.973
G 110.712 157.313 165.042
G 111.376 154.664 167.682
S 112.941 151.243 167.277
L 111.751 147.702 167.99
R 113.499 144.325 167.803
L 111.39 141.248 167.044
S 112.536 137.678 167.68
C 111.238 134.337 166.414
A 111.968 131.137 168.349
A 111.783 128.089 166.076
S 111.241 124.457 167.035
G 110.393 121.174 165.358
F 112.516 121.558 162.215
T 116.109 122.079 161.113
F 116.353 125.873 161.108
S 119.432 125.895 158.859
N 117.659 124.251 155.899
Y 114.875 126.827 155.451
K 114.578 130.389 154.189
M 112.851 132.548 156.8
N 110.437 135.375 156.01
W 108.75 138.299 157.743
V 105.173 139.264 156.867
R 102.719 141.743 158.345
Q 99.006 142.551 158.284
A 97.908 146.166 158.624
P 94.462 146.894 160.101
G 91.915 146.716 157.306
K 94.327 145.173 154.8
G 95.664 141.788 153.762
L 99.039 140.231 154.431
E 102.103 141.932 152.946
W 105.598 140.499 152.6
V 108.33 142.429 154.432
S 111.674 140.62 154.263
D 113.38 137.26 153.838
I 116.785 135.723 154.555
S 118.433 132.673 153.007
Q 119.554 129.494 154.77
S 123.041 130.705 155.698
G 122.148 134.407 155.681
A 123.704 135.604 152.426
S 120.717 136.418 150.196
I 118.771 139.155 152.003
S 115.833 141.085 150.551
Y 113.383 143.676 151.874
T 110.29 145.381 150.552
G 110.769 148.897 149.246
S 108.695 150.734 151.852
V 110.981 149.517 154.673
K 114.286 149.253 152.793
G 117.2 150.824 154.645
R 115.276 150.847 157.948
F 114.646 147.16 158.718
T 117.475 144.627 158.987
I 116.77 140.894 159.188
S 119.166 138.42 160.79
R 119.21 134.796 161.9
D 121.234 132.541 164.198
N 121.271 128.92 163.05
A 122.991 127.741 166.245
K 119.987 128.951 168.285
N 117.028 128.472 165.88
T 116.03 132.134 166.064
L 115.112 134.876 163.598
Y 115.505 138.612 164.188
L 113.971 141.754 162.671
Q 115.615 144.942 163.935
M 113.227 147.788 163.085
N 114.606 151.339 163.042
S 113.066 154.721 162.182
L 109.519 153.453 162.592
K 106.613 155.274 160.933
P 102.943 155.399 162.012
E 102.052 153.637 158.744
D 104.036 150.599 159.97
T 101.358 149.621 162.517
A 100.606 145.955 161.837
V 100.761 142.459 163.282
Y 104.118 140.995 162.244
Y 104.318 137.243 161.632
C 107.362 134.966 161.472
A 106.925 132.826 158.353
R 108.94 129.892 157.016
C 109.285 128.74 153.424
P 107.408 125.467 152.775
A 110.145 123.155 151.536
P 113.839 123.112 152.491
F 116.744 123.666 150.088
T 114.358 125.272 147.575
R 114.951 128.569 145.797
D 111.261 129.455 145.496
C 109.093 130.393 148.477
F 105.365 130.01 147.831
D 102.253 131.041 149.76
V 104.022 132.758 152.682
T 101.516 135.644 152.477
S 98.324 133.592 152.133
T 95.468 134.08 154.584
T 96.033 130.472 155.695
Y 99.584 129.172 156.108
A 100.734 126.459 158.498
Y 104.428 127.389 158.813
R 103.676 130.824 160.249
G 103.518 131.863 163.887
Q 100.754 133.622 165.771
G 102.299 137.061 165.25
T 103.273 139.966 167.503
Q 101.581 143.367 167.677
V 103.515 146.49 166.661
T 101.676 149.78 167.225
V 103.277 153.064 166.135
S 101.195 155.823 167.723
S 101.315 158.576 170.331
X 0 0 0
X 0 0 0
X 0 0 0
X 0 0 0
X 0 0 0
X 0 0 0
X 0 0 0
X 0 0 0
X 0 0 0
X 0 0 0
X 0 0 0
X 0 0 0
