Q 127.941 124.62 177.818
V 128.171 121.435 175.744
Q 128.162 118.765 178.465
L 127.706 115.068 177.643
Q 127.699 112.837 180.727
E 127.543 109.092 180.089
S 125.879 106.315 182.073
G 125.953 102.518 182.233
G 128.947 100.23 181.986
G 130.793 98.02 184.43
L 131.949 94.424 184.467
V 129.752 91.945 182.576
Q 130.032 88.423 181.177
P 131.275 87.733 177.641
G 128.224 87.844 175.415
G 126.321 89.902 177.98
S 124.063 92.888 177.408
L 124.738 96.424 178.638
R 123.022 99.735 177.878
L 125.231 102.821 177.503
S 123.019 105.842 178.159
C 124.181 109.358 177.281
A 122.629 112.47 178.845
A 123.375 115.406 176.536
S 122.803 119.008 177.623
G 123.645 122.532 176.52
F 122.49 122.274 172.896
T 119.604 121.297 170.63
F 119.928 117.511 170.547
S 117.549 117.204 167.573
N 119.782 119.11 165.112
Y 123.017 117.208 165.239
K 124.358 113.804 164.355
M 125.728 111.638 167.107
N 128.486 109.06 167.167
W 130.105 106.545 169.496
V 133.847 106.082 169.934
R 135.993 103.558 171.811
Q 139.512 103.986 173.223
A 140.93 100.563 174.036
P 143.988 100.527 176.334
G 147.139 100.498 174.235
K 145.807 102.048 171.014
G 144.026 105.103 169.626
L 140.446 106.27 169.287
E 138.222 104.318 166.9
W 134.753 104.833 165.439
V 131.778 102.629 166.298
S 128.414 103.969 165.142
D 126.399 107.088 164.375
I 122.83 108.298 163.924
S 121.224 111.165 162.03
Q 119.229 114.053 163.483
S 115.831 112.429 162.94
G 117.213 108.941 163.586
A 116.661 107.29 160.199
S 120.081 106.799 158.573
I 122.041 104.481 160.885
S 125.574 103.22 160.25
Y 127.638 100.891 162.445
T 131.251 99.823 162.18
G 132.11 96.401 160.813
S 132.643 94.793 164.214
V 129.448 95.968 165.945
K 127.143 95.703 162.914
G 124.235 93.464 163.88
R 125.099 93.536 167.602
F 124.454 97.064 168.9
T 121.192 99.024 168.601
I 121.813 102.773 168.832
S 118.738 104.855 169.633
R 118.123 108.523 170.427
D 115.148 110.077 172.23
N 114.691 113.617 170.922
A 112.063 114.324 173.591
K 114.565 113.578 176.385
N 117.936 114.298 174.685
T 119.336 110.825 175.35
L 121.534 108.513 173.279
Y 121.533 104.727 173.682
L 123.698 101.915 172.341
Q 121.843 98.87 173.725
M 124.701 96.391 173.551
N 123.419 92.823 173.333
S 126.406 90.574 172.541
L 129.83 91.526 173.91
K 133.186 89.974 173.021
P 136.415 90.22 175.045
E 137.392 92.742 172.337
D 134.833 95.259 173.67
T 136.934 96.309 176.69
A 137.322 100.041 176.044
V 136.188 103.471 177.2
Y 133.119 104.588 175.24
Y 132.318 108.262 174.638
C 129.449 109.909 172.797
A 130.54 112.372 170.279
R 128.51 115.009 168.697
C 129.244 116.245 165.289
P 130.922 119.581 165.219
A 128.046 121.476 163.507
P 124.251 121.253 162.937
F 121.999 120.34 159.908
T 125.056 119.018 158.085
R 125.847 115.536 156.887
D 129.585 115.879 157.168
C 130.841 114.756 160.548
F 134.447 115.721 161.076
D 137.075 115.13 163.774
V 135.008 113.087 166.177
T 137.828 110.692 166.939
S 140.581 113.262 167.196
T 142.911 112.992 170.18
T 141.451 116.169 171.547
Y 137.837 116.792 170.569
A 135.928 119.357 172.657
Y 132.515 117.796 172.247
R 133.18 114.274 173.568
G 131.949 112.901 176.87
Q 134.005 111.672 179.79
G 133.306 108.04 178.921
T 132.48 104.776 180.671
Q 135.073 102.108 181.399
V 133.436 98.993 179.929
T 135.098 95.703 180.897
V 133.818 92.375 179.554
S 136.596 90.106 180.853
X 0 0 0
X 0 0 0
X 0 0 0
X 0 0 0
X 0 0 0
X 0 0 0
X 0 0 0
X 0 0 0
X 0 0 0
X 0 0 0
X 0 0 0
X 0 0 0
X 0 0 0
