Q 124.255 119.332 166.875
V 124.583 122.632 165.008
Q 125.442 125.035 167.848
L 125.831 128.742 167.027
Q 126.641 130.434 170.344
E 127.336 134.122 169.75
S 129.489 136.362 171.941
G 129.756 140.113 172.434
G 126.997 142.703 172.741
G 125.513 145.105 175.246
L 124.542 148.766 175.528
V 126.81 151.156 173.61
Q 126.729 154.924 173.226
P 125.754 156.167 169.743
G 128.729 156.491 167.432
G 130.704 153.832 169.309
S 131.882 150.361 168.356
L 131.226 146.693 169.078
R 132.738 143.344 168.084
L 130.267 140.452 167.803
S 131.753 136.957 167.95
C 129.961 133.742 166.99
A 131.292 130.411 168.268
A 130.17 128.162 165.397
S 130.366 124.631 166.811
G 128.796 121.291 165.986
F 129.426 121.474 162.228
T 132.293 121.766 159.742
F 133.325 125.402 159.41
S 134.815 126.88 156.21
N 132.169 124.905 154.264
Y 129.077 127.042 154.962
K 128.391 130.674 154.146
M 128.11 132.673 157.372
N 125.465 135.4 157.579
W 124.525 138.107 160.077
V 120.858 138.983 160.63
R 119.192 141.28 163.163
Q 115.669 141.782 164.514
A 114.803 145.289 165.675
P 112.176 145.569 168.442
G 108.918 145.818 166.536
K 110.395 144.731 163.19
G 110.991 141.543 161.238
L 114.195 139.583 160.785
E 116.331 141.452 158.251
W 119.658 140.507 156.681
V 122.738 142.507 157.687
S 125.812 140.854 156.192
D 127.164 137.559 154.874
I 130.58 136.119 154.044
S 131.705 133.267 151.797
Q 133.252 130.032 153.051
S 136.673 131.321 151.921
G 136.342 134.921 153.145
A 136.667 136.452 149.671
S 133.008 137.232 148.953
I 131.698 139.799 151.445
S 128.311 141.531 151.424
Y 126.504 144.003 153.677
T 123.095 145.615 153.701
G 122.84 149.247 152.672
S 122.631 150.758 156.153
V 125.894 149.103 157.272
K 127.73 149.057 153.938
G 130.65 151.081 155.291
R 130.077 151.056 159.044
F 130.026 147.311 159.744
T 132.752 144.815 158.837
I 132.17 141.053 158.816
S 134.978 138.557 159.382
R 135.467 134.847 160.016
D 138.31 132.626 161.225
N 138.053 129.144 159.713
A 140.659 127.877 162.192
K 138.768 128.986 165.316
N 135.34 128.301 163.725
T 134.248 131.804 164.75
L 132.433 134.635 162.97
Y 133.131 138.316 163.641
L 131.034 141.42 162.938
Q 133.208 144.5 163.486
M 130.538 147.148 164.081
N 131.63 150.796 164.116
S 129.819 154.143 164.316
L 126.752 152.596 165.914
K 123.533 154.569 165.42
P 120.199 154.447 167.311
E 118.919 152.466 164.315
D 121.268 149.527 165.024
T 119.595 148.548 168.317
A 118.534 144.983 167.516
V 119.123 141.37 168.517
Y 121.9 140.402 166.1
Y 121.74 136.744 165.078
C 124.572 134.601 163.707
A 122.783 132.722 160.92
R 124.539 129.881 159.104
C 123.749 128.857 155.54
P 121.692 125.641 155.307
A 123.659 123.796 152.62
P 127.463 123.667 152.267
F 129.495 124.358 149.127
T 126.647 126.384 147.608
R 126.258 129.9 146.24
D 122.622 130.019 147.429
C 121.689 131.026 150.981
F 117.997 130.543 151.774
D 115.782 131.297 154.772
V 118.417 133.155 156.804
T 115.783 135.801 157.638
S 112.828 133.474 158.268
T 110.997 133.659 161.589
T 111.818 129.988 162.269
Y 115.305 128.828 161.285
A 117.367 126.158 163.024
Y 120.789 127.3 161.74
R 120.456 130.73 163.363
G 122.174 131.67 166.603
Q 120.397 132.572 169.813
G 121.155 136.248 169.251
T 122.956 139.072 171.047
Q 120.941 141.979 172.433
V 122.851 144.901 170.906
T 121.412 148.184 172.2
V 122.574 151.611 171.025
S 121.484 154.25 173.541
X 0 0 0
X 0 0 0
X 0 0 0
X 0 0 0
X 0 0 0
X 0 0 0
X 0 0 0
X 0 0 0
X 0 0 0
X 0 0 0
X 0 0 0
X 0 0 0
X 0 0 0
