M 90.658 116.692 44.315
K 92.101 117.97 41.038
T 91.19 121.571 41.863
I 93.653 121.528 44.758
I 96.667 120.775 42.547
A 95.618 123.771 40.422
L 95.058 126.195 43.325
S 97.822 125.026 45.68
Y 100.661 126.33 43.415
I 99.266 129.815 44.139
F 101.355 129.779 47.323
C 104.169 128.446 45.121
L 104.948 132.049 44.183
V 103.837 133.438 47.557
F 106.549 131.529 49.423
A 108.986 132.903 46.827
D 107.865 136.492 47.473
Y 109.425 136.543 50.951
K 112.236 134.234 49.793
D 114.149 137.073 48.141
D 113.267 139.356 51.055
D 116.011 137.613 53.037
D 119.427 136.682 51.676
K 120.465 133.228 50.495
R 122.502 132.724 53.679
A 119.348 133.596 55.65
G 117.479 130.713 53.982
G 118.852 128.363 56.664
C 118.208 130.756 59.553
N 115.117 129.677 61.475
E 114.658 133.235 62.756
T 114.304 134.608 59.209
G 111.459 132.384 57.94
M 109.453 131.992 61.161
L 106.698 134.315 59.932
E 107.035 133.336 56.259
R 106.494 129.621 56.91
L 103.279 130.208 58.87
P 101.978 132.274 55.939
L 102.797 129.637 53.316
C 101.201 126.77 55.246
G 98.172 128.979 55.96
K 96.957 129.269 52.363
A 97.859 125.642 51.637
F 95.46 124.773 54.462
A 92.756 127.281 53.509
D 92.98 126.348 49.819
M 92.013 122.721 50.444
M 88.926 123.817 52.393
G 87.7 126.038 49.541
K 87.171 122.911 47.437
V 86.311 120.503 50.265
D 89.518 118.641 51.09
V 91.141 118.431 54.506
W 94.504 120.144 54.87
K 96.765 117.132 55.632
W 96.655 115.097 52.412
C 99.275 113.343 50.262
N 99.149 115.706 47.275
L 99.59 118.965 49.198
S 102.208 117.299 51.405
E 104.177 116.623 48.234
F 103.682 120.298 47.425
I 105.266 121.328 50.732
V 108.109 118.828 50.35
Y 108.6 120.14 46.813
Y 109.155 123.612 48.241
E 111.152 122.049 51.093
S 113.721 120.606 48.661
F 114.304 123.847 46.727
T 114.921 126.183 49.691
N 115.926 124.001 52.656
C 118.019 121.264 51.036
T 121.371 123.018 51.5
E 121.377 123.611 55.251
M 120.711 121.386 58.266
E 119.585 123.873 60.923
A 119.252 122.141 64.303
N 119.367 123.996 67.644
V 117.317 122.21 70.304
V 118.682 124.359 73.17
G 116.49 122.41 75.624
C 118.101 118.964 75.506
Y 119.794 116.808 78.128
W 123.462 115.797 77.821
P 124.353 112.306 76.569
N 124.508 109.357 78.937
P 128.315 109.501 79.097
L 128.015 113.029 80.541
A 124.691 112.955 82.404
Q 125.401 109.758 84.375
G 128.683 111.022 85.922
F 126.894 114.267 86.821
I 124.574 112.186 89.032
T 126.889 109.393 90.192
G 129.669 111.693 91.444
I 127.452 113.807 93.764
H 125.823 110.592 95.018
R 129.094 108.901 95.987
Q 130.193 112.208 97.522
F 126.99 112.157 99.581
F 127.696 108.686 100.968
S 131.363 109.622 101.422
N 130.477 112.824 103.285
C 128.068 110.895 105.511
T 130.703 108.28 106.321
V 133.15 111.126 106.915
D 130.907 112.465 109.686
R 130.347 109.027 111.238
V 134.163 108.744 111.392
H 135.56 112.231 112.071
L 132.896 113.626 114.427
E 134.981 112.442 117.417
D 138.229 114.411 117.181
P 110.921 113.6 84.115
P 111.571 113.61 87.873
D 109.14 111.144 89.447
E 110.58 110.967 92.975
V 108.731 112.115 96.079
L 111.277 114.908 96.594
I 110.176 116.386 93.238
P 106.49 116.544 94.208
L 106.524 120.268 95.001
I 108.373 121.042 91.769
V 105.997 118.887 89.711
I 103.054 120.792 91.191
P 104.579 124.215 90.507
V 105.501 123.192 86.96
V 101.979 121.912 86.285
L 100.368 125.136 87.519
T 102.496 127.593 85.533
V 102.069 125.447 82.397
A 102.066 125.45 82.399
M 98.518 124.039 82.493
A 96.729 126.769 84.488
G 96.278 130.365 83.31
L 97.867 131.958 86.39
V 95.445 129.987 88.59
V 92.616 131.731 86.777
W 89.342 130.609 85.213
