V -70.75 -10.149 -12.949
Q -69.885 -9.289 -16.568
L -66.638 -8.361 -18.343
Q -66.142 -7.193 -21.944
E -62.79 -6.409 -23.585
S -62.023 -3.916 -26.342
G -59.22 -2.624 -28.516
G -57.594 -5.666 -30.123
G -56.51 -5.955 -33.721
S -53.554 -6.306 -36.056
V -50.289 -4.366 -35.778
Q -46.759 -4.473 -37.18
A -43.764 -5.437 -35.052
G -42.782 -2.376 -33.04
G -46.329 -1.008 -33.03
S -48.703 -0.238 -30.186
L -52.156 -1.309 -29.038
R -54.396 -0.373 -26.117
L -56.763 -2.916 -24.595
S -59.701 -1.924 -22.418
C -62.08 -4.041 -20.383
A -65.466 -2.92 -19.039
V -65.901 -4.279 -15.516
S -69.673 -4.402 -15.021
G -72.063 -5.672 -12.376
Y -69.421 -5.578 -9.638
T -69.823 -4.618 -5.983
Y -67.224 -1.802 -6.348
S -65.065 -3.297 -3.582
S -61.372 -4.196 -3.549
K -60.642 -6.762 -6.259
C -57.886 -8.3 -8.356
L -58.0 -7.431 -12.068
G -55.704 -9.156 -14.531
W -54.839 -9.227 -18.209
F -54.316 -12.753 -19.551
R -53.192 -14.026 -22.932
Q -53.28 -17.392 -24.652
A -51.637 -18.578 -27.852
P -53.013 -21.524 -29.865
G -52.244 -24.749 -28.046
K -50.369 -22.849 -25.358
E -51.929 -22.478 -21.93
R -53.555 -19.264 -20.765
E -51.175 -17.062 -18.784
G -51.573 -13.903 -16.739
I -49.169 -11.163 -17.76
A -50.275 -8.036 -15.848
T -52.314 -7.608 -12.662
I -53.536 -4.664 -10.589
Y -55.085 -4.484 -7.115
T -57.866 -1.899 -7.018
G -57.077 -1.209 -3.357
G -53.641 0.393 -3.405
G -53.131 0.134 -7.155
S -49.98 -1.992 -6.938
T -49.161 -3.65 -10.259
Y -47.314 -6.822 -11.247
Y -45.944 -7.79 -14.664
V -44.373 -11.005 -15.901
D -40.77 -10.631 -17.047
S -41.6 -10.913 -20.773
V -44.065 -7.987 -20.964
K -43.067 -5.716 -18.046
G -42.731 -1.982 -18.77
R -43.698 -2.492 -22.424
F -47.212 -3.205 -21.198
T -48.793 -1.028 -18.511
I -51.992 -2.036 -16.725
S -54.382 0.657 -15.478
Q -57.654 0.998 -13.596
D -60.482 3.538 -13.842
N -63.072 2.862 -11.142
A -64.87 6.048 -12.206
K -65.476 4.598 -15.684
N -65.169 0.979 -14.443
T -62.473 0.01 -16.925
V -59.175 -1.847 -16.724
A -56.712 -1.056 -19.495
L -53.565 -2.56 -21.0
Q -51.281 -0.273 -23.014
M -49.064 -2.506 -25.174
N -45.957 -0.835 -26.62
S -43.112 -2.183 -28.787
L -45.145 -5.249 -29.663
K -43.378 -8.432 -30.781
P -44.655 -11.326 -32.931
E -44.527 -13.576 -29.869
D -47.129 -11.232 -28.324
T -49.647 -12.658 -30.81
A -52.431 -14.239 -28.753
M -56.005 -13.914 -27.57
Y -56.135 -11.461 -24.658
Y -58.613 -11.815 -21.783
C -59.411 -9.502 -18.892
A -60.22 -11.184 -15.597
A -61.56 -10.295 -12.161
S -61.258 -11.908 -8.758
G -63.901 -11.874 -6.078
A -63.771 -9.153 -3.473
I -60.549 -9.334 -1.481
A -59.176 -6.852 1.047
G -55.966 -6.535 3.019
I -53.599 -7.76 0.288
R -51.249 -5.73 -1.915
L -50.185 -7.709 -5.014
C -52.4 -9.851 -7.243
L -51.045 -13.181 -8.463
P -51.07 -13.787 -12.248
G -52.51 -17.331 -12.158
H -55.875 -17.988 -13.796
T -56.9 -20.012 -10.723
F -56.996 -16.753 -8.728
Y -59.7 -15.129 -10.88
T -63.422 -15.818 -11.135
Y -64.945 -13.69 -13.907
W -63.621 -13.567 -17.467
G -64.201 -11.558 -20.606
Q -64.769 -13.007 -24.053
G -61.237 -12.353 -25.31
T -59.868 -10.029 -27.982
Q -57.228 -11.07 -30.507
V -53.897 -9.288 -30.878
T -51.839 -10.079 -33.992
V -48.272 -8.766 -34.342
S -46.812 -9.509 -37.765
S -43.249 -9.566 -39.085
H -43.946 -9.634 -42.832
H -41.93 -7.372 -45.101
H -41.398 -6.975 -48.837
H -38.589 -4.397 -49.162
H -34.876 -4.953 -49.728
H -31.983 -2.938 -48.29
X 0 0 0
X 0 0 0
X 0 0 0
X 0 0 0
X 0 0 0
X 0 0 0
X 0 0 0
