V -9.493 3.038 -20.409
Q -11.415 1.886 -17.359
L -10.393 -1.794 -17.011
Q -6.971 -2.998 -18.174
Q -6.97 -3.005 -18.15
E -6.423 -6.76 -18.563
S -3.09 -8.573 -18.697
S -3.159 -8.642 -18.821
G -1.499 -11.982 -18.174
G -2.786 -14.028 -21.105
G -0.43 -16.404 -22.819
L 0.403 -19.899 -23.998
V 1.423 -22.709 -21.632
Q 1.434 -26.502 -21.556
A -1.202 -28.52 -19.718
G -0.388 -28.517 -16.026
G 1.143 -25.038 -16.172
S -0.111 -21.856 -14.537
S -0.193 -21.872 -14.589
L -1.007 -18.264 -15.4
R -2.208 -15.228 -13.457
L -4.6 -12.82 -15.149
S -4.918 -9.248 -13.904
S -4.935 -9.258 -13.904
C -7.786 -6.752 -14.097
V -6.714 -3.203 -13.143
A -9.314 -0.449 -12.738
S -8.746 3.252 -13.141
G -10.465 5.687 -10.83
G -10.394 5.644 -10.709
R -11.338 5.502 -7.166
R -10.556 5.874 -6.937
T -13.597 3.536 -4.788
T -13.561 3.802 -5.725
F -12.297 0.26 -6.248
S -13.082 -1.418 -2.918
S -16.811 -0.955 -3.654
S -16.809 -0.946 -3.659
L -16.603 -2.745 -7.018
N -17.405 -6.386 -7.701
I -15.229 -8.035 -10.359
V -16.335 -11.029 -12.44
W -14.311 -13.089 -14.911
F -15.901 -14.693 -17.982
R -14.427 -16.805 -20.761
Q -15.458 -17.36 -24.349
A -14.424 -20.125 -26.733
P -14.542 -19.367 -30.478
G -18.101 -18.994 -31.704
K -19.552 -19.733 -28.253
E -21.326 -17.711 -25.574
R -19.408 -15.979 -22.793
R -19.507 -15.939 -22.767
K -19.488 -18.138 -19.649
F -19.017 -17.289 -15.967
V -15.606 -18.269 -14.494
A -15.197 -16.558 -11.118
A -16.377 -13.582 -9.086
I -15.199 -11.611 -6.098
N -18.034 -9.693 -4.439
D -16.425 -7.525 -1.771
R -14.32 -10.32 -0.237
N -16.675 -13.205 -1.06
T -15.658 -15.491 -3.913
A -17.545 -17.752 -6.312
Y -16.403 -20.153 -9.051
A -17.832 -22.049 -11.995
E -17.994 -25.812 -11.42
S -15.457 -26.528 -14.176
V -12.683 -24.415 -12.586
K -13.346 -24.771 -8.851
G -10.231 -25.54 -6.851
R -7.788 -24.869 -9.692
F -8.534 -21.141 -10.052
T -8.353 -18.551 -7.246
I -9.718 -15.0 -7.492
S -8.292 -12.323 -5.197
R -8.196 -8.546 -4.902
D -5.591 -5.985 -3.905
N -7.621 -2.845 -3.326
A -4.481 -0.804 -2.607
K -3.466 -1.395 -6.261
N -6.962 -1.32 -7.831
T -6.288 -4.875 -9.027
V -8.065 -8.223 -9.151
H -6.135 -11.371 -10.002
L -7.272 -14.724 -11.352
Q -4.607 -17.292 -10.511
M -5.083 -20.266 -12.832
N -3.358 -23.481 -11.737
S -3.329 -26.993 -13.231
L -4.37 -25.655 -16.618
K -6.106 -27.944 -19.157
P -6.639 -27.579 -22.932
E -10.35 -27.146 -22.101
D -9.386 -23.838 -20.428
T -8.357 -22.352 -23.788
A -10.517 -19.263 -24.381
V -10.623 -15.483 -24.41
Y -10.939 -14.249 -20.81
Y -12.844 -11.08 -19.863
C -13.129 -9.178 -16.624
H -16.19 -7.108 -15.753
S -16.737 -4.509 -13.033
A -19.89 -3.149 -11.414
D -21.002 -1.526 -8.188
V -23.433 -3.244 -5.828
V -23.438 -3.21 -5.796
N -26.458 -1.517 -7.425
G -25.428 -2.995 -10.772
G -24.197 0.322 -12.185
M -20.752 1.481 -13.335
D -20.575 -1.507 -15.668
Y -17.325 -1.924 -17.617
W -15.638 -4.715 -19.54
G -11.965 -5.373 -20.011
K -10.506 -6.097 -23.415
G -10.341 -9.858 -23.709
T -7.066 -11.74 -23.443
Q -6.413 -15.141 -24.977
V -5.268 -18.116 -22.907
T -4.076 -21.145 -24.878
V -3.21 -24.442 -23.171
S -1.561 -27.134 -25.291
S -1.818 -30.856 -24.641
H 1.124 -32.52 -22.926
X 0 0 0
X 0 0 0
X 0 0 0
X 0 0 0
X 0 0 0
X 0 0 0
X 0 0 0
X 0 0 0
X 0 0 0
X 0 0 0
X 0 0 0
X 0 0 0
X 0 0 0
X 0 0 0
