G 68.26 29.491 93.452
N 67.052 32.642 91.53
S 65.233 33.819 94.76
K 68.537 35.362 96.063
T 69.087 37.287 92.743
E 65.962 39.523 93.237
D 66.601 39.812 97.05
Q 70.259 40.874 96.299
R 68.993 43.372 93.631
N 66.384 44.642 96.187
E 69.008 45.195 98.966
E 71.165 47.139 96.417
K 68.104 49.386 95.699
A 67.676 49.949 99.512
Q 71.486 50.615 99.791
R 71.334 53.001 96.78
E 68.246 54.757 98.269
A 70.294 55.493 101.472
N 73.355 56.56 99.36
K 71.169 59.216 97.555
K 70.059 60.667 100.954
I 73.73 60.664 102.166
E 75.003 62.269 98.886
K 72.611 65.252 99.37
Q 73.942 65.829 102.942
L 77.575 65.254 101.865
Q 77.517 67.733 98.938
K 75.585 70.318 101.083
D 78.313 70.33 103.827
K 81.666 72.197 103.566
Q 84.75 70.517 105.078
V 87.6 72.774 106.314
Y 91.052 71.651 107.506
R 92.18 73.734 110.538
A 96.024 74.054 110.498
T 98.347 75.933 112.857
H 100.856 75.463 115.66
R 101.093 75.204 119.477
L 101.05 79.025 119.933
L 98.721 79.744 116.902
L 95.455 79.845 118.946
L 93.444 77.47 116.623
G 91.554 76.431 119.829
A 90.214 80.016 120.326
D 88.976 80.063 116.673
N 87.294 76.627 117.44
S 85.754 78.198 120.639
G 84.325 80.912 118.272
K 82.642 78.143 116.16
S 79.989 77.497 118.913
T 77.221 78.024 116.232
I 93.354 61.214 116.473
V 91.289 64.13 115.011
K 88.927 66.753 116.535
Q 85.806 67.661 114.511
M 83.898 70.952 114.878
R 80.427 71.555 113.371
I 79.106 75.14 113.087
Y 76.261 76.613 110.967
H 76.224 80.025 109.186
V 73.108 81.118 107.196
N 71.686 77.536 107.317
G 74.926 76.113 105.733
F 76.743 73.302 107.606
N 80.545 73.557 108.083
G 82.835 70.749 109.299
E 86.203 71.95 110.659
G 88.84 69.226 111.319
G 91.781 69.755 113.74
E 94.258 66.843 113.205
E 95.732 66.93 116.762
D 96.534 63.218 117.37
P 99.406 62.895 114.848
Q 103.226 63.365 114.964
A 105.121 66.464 113.654
A 105.538 64.739 110.189
R 102.498 65.734 108.027
S 103.614 64.856 104.459
N 101.381 61.704 104.248
S 98.153 62.517 106.212
D 97.805 66.039 104.634
G 96.987 64.223 101.311
E 93.626 63.191 102.955
K 92.469 66.891 102.845
A 92.898 67.391 99.066
T 89.074 67.723 98.58
K 88.239 70.257 101.354
V 86.728 73.657 100.489
Q 89.536 75.511 102.287
D 92.48 75.213 104.658
I 92.004 77.448 107.744
K 95.685 78.415 108.392
N 96.084 80.075 111.838
N 99.369 81.974 112.521
L 100.673 83.586 115.733
K 101.626 86.944 114.109
E 103.1 88.199 117.453
A 106.001 85.599 117.483
I 108.689 86.561 114.936
E 111.011 83.683 116.026
T 108.535 81.036 114.697
I 107.108 83.2 111.813
V 109.525 81.716 109.209
A 108.215 78.183 110.176
A 104.649 79.447 109.381
M 105.938 80.936 106.072
S 107.654 77.628 105.169
N 104.55 75.602 106.216
L 102.348 77.858 104.022
V 104.823 77.505 101.108
P 104.856 73.622 101.332
P 100.996 73.601 101.487
V 100.739 76.099 98.598
E 103.135 74.121 96.351
L 102.024 70.54 97.205
A 100.866 68.484 94.157
N 97.612 67.463 96.021
P 96.824 70.808 97.786
E 97.623 73.049 94.722
N 93.851 73.608 94.118
Q 92.838 74.229 97.782
F 92.426 77.861 98.742
R 93.859 78.862 102.102
V 91.956 81.118 104.499
D 94.898 82.707 106.381
Y 94.088 83.909 109.937
I 96.862 86.172 111.307
L 95.895 85.528 114.95
S 96.944 87.351 118.168
V 96.771 90.852 116.61
M 96.275 92.087 120.232
N 99.707 90.648 121.276
V 101.402 91.941 118.039
P 100.069 95.49 118.607
D 101.411 95.603 122.217
F 104.71 93.899 121.138
D 105.521 96.618 118.503
F 104.903 99.625 120.834
P 107.123 98.048 123.58
P 110.114 98.169 121.121
