G 72.236 34.494 96.652
N 71.294 37.595 94.546
S 68.927 38.898 97.341
K 71.861 40.041 99.596
T 73.482 42.259 96.861
E 70.242 44.355 96.707
D 70.251 44.488 100.584
Q 73.849 45.923 100.574
R 72.834 48.115 97.51
N 69.801 49.341 99.585
E 72.223 49.807 102.565
E 74.288 52.178 100.346
K 71.158 54.324 99.717
A 70.784 54.979 103.511
Q 74.64 55.472 103.777
R 74.679 57.887 100.804
E 71.727 60.02 102.063
A 73.631 60.475 105.411
N 76.872 61.446 103.501
K 74.852 64.143 101.6
K 73.645 65.54 104.999
I 77.306 65.585 106.231
E 78.387 67.285 102.923
K 76.372 70.472 103.77
Q 77.714 70.68 107.38
L 81.342 70.046 106.175
Q 81.257 73.028 103.719
K 79.348 75.27 106.254
D 82.157 74.895 108.873
K 85.424 76.836 108.253
Q 88.666 75.151 109.394
V 91.307 77.404 111.073
Y 94.819 76.439 112.279
R 95.754 78.589 115.34
A 99.609 78.895 115.471
T 102.015 80.876 117.724
H 103.941 80.154 120.996
R 103.431 79.626 124.782
L 103.93 83.41 125.469
L 101.895 84.501 122.326
L 98.46 84.528 124.152
L 96.801 82.091 121.636
G 94.38 80.839 124.384
A 93.608 84.426 125.575
D 91.954 85.27 122.171
N 89.969 81.93 122.305
S 88.312 82.96 125.639
G 86.614 85.979 123.888
K 84.78 83.674 121.379
S 82.671 81.758 124.019
T 79.987 81.153 121.263
I 96.37 66.911 122.599
V 94.165 69.213 120.435
K 91.892 72.173 121.351
Q 89.035 72.988 118.913
M 86.961 76.171 119.347
R 83.637 76.564 117.492
I 82.172 80.092 117.466
Y 79.004 81.081 115.548
H 79.131 84.498 113.756
V 76.125 85.515 111.558
N 75.036 81.817 111.254
G 78.546 80.881 109.914
F 80.221 78.18 112.082
N 84.053 78.18 112.376
G 86.4 75.46 113.675
E 89.524 77.061 115.183
G 91.997 74.184 115.817
G 94.778 74.885 118.387
E 97.616 72.259 118.376
E 99.247 72.409 121.853
D 99.893 68.841 123.067
P 102.207 67.694 120.213
Q 106.034 68.106 120.088
A 107.773 71.222 118.621
A 108.796 69.156 115.496
R 105.98 70.314 113.126
S 107.429 69.527 109.616
N 105.192 66.398 109.202
S 101.895 67.079 111.102
D 101.476 70.63 109.61
G 100.871 68.965 106.2
E 97.459 67.74 107.526
K 96.191 71.412 107.687
A 96.344 72.138 103.877
T 92.519 71.951 103.294
K 92.041 74.68 106.0
V 90.701 78.067 104.702
Q 93.032 80.233 106.885
D 96.005 79.838 109.313
I 95.454 82.137 112.348
K 99.144 83.023 113.064
N 99.264 84.811 116.482
N 102.553 86.473 117.619
L 103.833 88.098 120.821
K 104.397 91.745 119.736
E 106.293 92.696 122.966
A 109.002 89.968 123.023
I 111.733 91.309 120.636
E 113.975 88.224 121.282
T 111.383 85.759 119.863
I 109.93 87.996 117.042
V 112.706 86.837 114.654
A 111.83 83.143 115.471
A 108.159 84.026 114.576
M 109.485 85.522 111.259
S 111.229 82.164 110.493
N 108.056 80.182 111.457
L 105.95 82.448 109.164
V 108.59 82.07 106.39
P 108.586 78.247 107.004
P 104.769 78.237 106.264
V 104.66 80.73 103.345
E 107.097 78.777 101.128
L 105.903 75.21 102.0
A 104.706 73.113 99.02
N 101.495 71.978 100.788
P 100.78 75.281 102.642
E 101.383 77.57 99.61
N 97.638 77.785 98.818
Q 96.56 78.71 102.43
F 96.265 82.407 103.4
R 97.676 83.471 106.806
V 95.654 85.799 109.092
D 98.454 87.397 111.235
Y 97.291 88.609 114.694
I 99.792 90.941 116.412
L 98.631 90.004 119.96
S 99.177 91.973 123.251
V 99.863 95.218 121.348
M 99.154 97.24 124.564
N 102.146 95.489 126.3
V 104.463 96.305 123.291
P 103.567 100.039 123.495
D 104.37 100.216 127.264
F 107.84 98.577 126.918
D 108.833 100.939 123.986
F 108.218 104.043 126.228
P 110.792 102.618 128.766
P 113.489 103.114 126.029
