L -22.856 -8.371 46.253
Q -20.983 -11.249 44.623
L -19.069 -12.318 47.761
V -20.981 -13.739 50.735
E -19.101 -14.121 54.016
S -19.93 -16.356 56.964
G -18.363 -16.953 60.362
G -16.886 -14.456 62.792
G -17.849 -13.079 66.179
L -16.272 -12.754 69.619
V -13.379 -14.907 70.841
Q -10.857 -14.865 73.673
A -7.158 -14.333 73.026
G -5.521 -17.613 72.078
G -8.795 -18.885 70.619
S -9.665 -19.764 67.044
M -12.374 -19.275 64.432
R -12.922 -19.807 60.717
L -14.24 -17.431 58.052
S -15.937 -18.635 54.874
C -16.796 -16.903 51.613
A -18.72 -17.998 48.524
A -18.668 -16.178 45.186
S -21.607 -16.168 42.782
I -19.217 -15.419 39.895
S -16.179 -17.382 38.737
F -12.748 -16.311 39.987
S -10.974 -19.069 38.043
S -7.438 -17.809 37.211
F -8.179 -14.785 39.449
P -7.233 -14.198 43.102
M -9.453 -14.557 46.141
G -8.518 -13.671 49.687
W -9.164 -11.718 52.853
H -8.635 -8.115 53.936
R -9.232 -6.51 57.318
Q -9.713 -2.995 58.678
A -9.137 -2.111 62.319
P -11.033 0.908 63.703
G -9.502 4.15 62.484
K -7.067 2.236 60.261
Q -6.692 1.528 56.556
R -7.984 -1.737 55.109
E -5.035 -4.082 54.604
L -4.463 -7.504 53.08
V -4.603 -10.583 55.319
A -4.149 -13.441 52.842
K -4.811 -14.224 49.187
T -4.399 -17.253 46.953
G -4.711 -18.142 43.295
I -2.737 -19.353 40.308
G -0.272 -16.551 41.051
G 0.597 -17.944 44.465
T -0.311 -17.576 48.129
A 0.66 -14.538 50.15
Y 0.115 -13.651 53.807
D 0.523 -10.5 55.826
D 3.591 -10.784 58.042
S 1.548 -10.444 61.239
V -0.631 -13.506 60.529
K 2.041 -15.885 59.2
G 2.057 -19.144 61.141
R -1.387 -18.435 62.642
F -3.795 -17.83 59.737
T -4.217 -20.276 56.851
I -6.055 -19.496 53.624
S -7.62 -22.253 51.543
R -9.718 -22.249 48.401
D -12.105 -24.581 46.574
N -11.81 -23.685 42.945
T -14.791 -25.691 41.958
K -17.214 -23.898 44.298
N -15.413 -20.524 44.022
T -15.072 -20.446 47.808
V -12.244 -19.163 49.998
Y -11.616 -19.843 53.685
L -9.525 -18.305 56.467
Q -8.606 -20.493 59.45
M -7.602 -18.095 62.241
N -5.613 -19.774 65.025
S -3.967 -18.266 68.107
L -6.047 -15.102 67.88
K -4.535 -11.929 69.321
V -6.125 -8.7 70.515
E -4.518 -6.961 67.53
D -6.468 -9.277 65.198
T -9.686 -7.419 66.1
A -11.044 -5.841 62.909
V -13.75 -6.014 60.276
Y -12.714 -8.8 57.901
Y -13.709 -8.598 54.229
C -13.809 -11.377 51.693
W -12.076 -10.146 48.562
G -11.58 -11.014 44.93
W -10.296 -9.27 41.833
R -11.691 -9.706 38.323
M -10.957 -6.525 36.317
N -12.188 -4.67 39.42
D -12.17 -5.321 43.15
Y -14.99 -7.361 44.678
W -15.685 -7.137 48.412
G -17.89 -9.017 50.829
Q -20.17 -7.355 53.354
G -17.559 -7.279 56.112
T -17.531 -9.49 59.206
Q -16.661 -8.272 62.689
V -13.956 -10.254 64.484
T -13.399 -9.314 68.132
V -10.553 -10.774 70.204
S -10.452 -9.753 73.873
S -8.824 -11.092 77.024
X 0 0 0
X 0 0 0
X 0 0 0
X 0 0 0
X 0 0 0
X 0 0 0
X 0 0 0
X 0 0 0
X 0 0 0
X 0 0 0
X 0 0 0
X 0 0 0
X 0 0 0
X 0 0 0
X 0 0 0
X 0 0 0
X 0 0 0
X 0 0 0
X 0 0 0
X 0 0 0
X 0 0 0
X 0 0 0
X 0 0 0
X 0 0 0
X 0 0 0
X 0 0 0
X 0 0 0
X 0 0 0
X 0 0 0
