E 190.967 198.66 112.053
V 194.413 198.813 113.694
Q 197.292 196.622 112.493
L 199.858 197.051 115.258
V 202.532 194.348 115.511
E 205.447 193.431 117.768
S 209.144 193.102 116.959
G 212.24 192.774 119.121
G 211.91 189.523 121.035
G 214.871 187.173 120.969
L 217.302 185.11 122.993
V 218.985 187.353 125.581
Q 221.747 186.332 127.967
P 221.093 186.772 131.713
G 221.839 190.401 132.471
G 221.81 191.64 128.881
S 219.706 194.078 126.868
L 216.895 194.05 124.324
R 214.769 196.539 122.374
L 211.096 195.603 121.93
S 210.262 198.499 119.616
C 206.714 197.946 118.359
A 204.639 200.158 116.047
A 201.12 200.557 114.654
S 199.233 201.535 111.5
D 196.383 203.941 112.333
F 194.758 204.746 115.685
Y 194.249 207.634 118.111
F 197.1 207.352 120.62
D 197.537 211.003 121.643
Y 194.964 210.518 124.433
Y 195.186 206.738 124.957
E 197.291 204.708 127.388
M 199.945 202.305 126.095
S 201.148 199.515 128.376
W 203.081 196.24 128.456
V 201.916 192.823 129.66
R 204.078 189.745 130.231
Q 202.922 186.121 130.149
A 204.975 183.637 132.14
P 204.486 179.979 131.126
G 201.492 178.815 133.143
Q 200.42 182.273 134.364
G 198.222 185.13 133.178
L 198.962 188.536 131.674
E 200.814 190.407 134.41
W 201.294 194.162 134.15
V 204.773 195.442 133.297
S 204.638 199.178 132.585
T 202.378 201.942 131.296
I 203.132 205.226 129.515
S 200.478 207.937 129.632
G 199.406 209.868 126.556
L 197.989 212.884 128.371
G 201.008 213.041 130.691
G 204.324 211.358 129.98
A 205.256 209.797 133.299
T 206.143 206.104 133.583
Y 204.125 204.101 136.117
Y 206.423 201.267 137.172
A 205.832 197.751 138.525
D 206.778 195.521 141.467
S 210.313 194.852 142.765
V 211.602 194.321 139.204
K 210.777 197.982 138.538
G 214.336 199.081 139.32
R 215.554 197.643 136.018
F 212.935 198.56 133.374
T 212.107 201.814 131.607
I 210.018 202.886 128.617
S 209.977 205.926 126.344
R 208.44 207.279 123.141
D 209.527 209.861 120.58
N 205.893 210.298 119.44
S 206.695 210.923 115.754
K 204.468 208.388 113.983
N 204.148 205.288 116.223
T 206.467 203.461 118.642
L 206.716 201.981 122.129
Y 210.189 201.097 123.394
L 211.182 198.893 126.332
Q 214.742 198.944 127.674
M 215.954 195.693 129.25
N 218.604 196.11 131.963
S 220.014 193.22 134.024
L 217.489 190.549 133.088
R 217.29 187.794 135.702
A 216.195 184.164 135.387
E 212.46 184.677 135.983
D 212.285 187.611 133.534
T 211.627 185.366 130.52
A 207.975 185.642 129.485
L 205.682 186.618 126.596
Y 205.508 190.408 126.293
Y 202.599 191.915 124.35
C 202.833 195.535 123.171
A 199.178 196.434 123.726
T 197.261 199.556 124.723
R 193.994 200.718 126.266
S 191.837 203.831 126.65
P 191.446 206.012 129.769
F 188.181 207.469 131.125
G 186.735 203.946 131.155
D 187.139 200.371 132.348
Y 190.554 198.725 132.603
A 189.675 196.353 129.741
F 192.647 196.665 127.401
S 192.206 197.678 123.768
Y 193.262 195.68 120.697
W 196.358 193.608 121.464
G 199.19 192.564 119.145
Q 200.713 189.39 117.773
G 203.369 189.446 120.498
T 206.885 188.027 120.605
L 208.989 185.807 122.87
V 212.163 186.514 124.849
T 214.009 183.756 126.718
V 217.062 183.78 128.992
S 219.508 180.899 129.406
X 0 0 0
X 0 0 0
X 0 0 0
X 0 0 0
X 0 0 0
X 0 0 0
X 0 0 0
X 0 0 0
X 0 0 0
X 0 0 0
X 0 0 0
X 0 0 0
X 0 0 0
X 0 0 0
X 0 0 0
X 0 0 0
X 0 0 0
X 0 0 0
X 0 0 0
X 0 0 0
X 0 0 0
