E 179.593 218.664 112.907
V 182.943 217.844 114.538
Q 185.211 215.032 113.336
L 188.683 213.641 114.023
V 191.499 212.523 111.716
E 194.115 209.954 112.737
S 197.141 208.373 111.063
G 200.003 205.989 111.804
G 201.431 202.653 110.698
G 200.266 199.11 110.124
L 203.206 196.961 111.219
V 205.892 197.571 113.851
Q 208.945 195.461 114.622
P 208.93 194.12 118.206
G 211.702 196.391 119.451
G 211.52 199.319 117.044
S 209.371 202.433 116.957
L 206.543 204.061 115.026
R 205.468 207.626 114.27
L 201.897 208.293 115.425
S 200.416 211.692 114.504
C 196.833 212.558 115.429
A 195.742 215.524 113.295
A 192.8 217.4 114.787
S 190.97 220.246 113.059
D 188.748 223.062 114.382
F 189.095 222.323 118.088
Y 189.456 224.355 121.28
F 192.693 222.493 121.979
D 193.951 225.226 124.337
Y 191.828 224.125 127.316
Y 190.623 220.729 126.038
E 192.055 217.298 126.873
M 193.447 214.945 124.225
S 195.034 211.533 124.79
W 195.084 207.961 123.47
V 192.865 205.011 124.391
R 194.068 201.535 123.428
Q 191.788 198.695 122.29
A 193.441 195.292 122.597
P 191.778 192.481 120.6
G 189.818 190.205 122.913
Q 189.029 192.672 125.713
G 187.65 196.158 126.26
L 189.382 199.535 126.157
E 192.278 200.718 128.31
W 193.657 204.129 129.223
V 197.175 204.944 128.037
S 198.132 208.491 129.046
T 196.812 212.022 129.553
I 198.043 215.321 128.096
S 196.845 218.467 129.859
G 196.494 221.566 127.713
L 196.297 224.014 130.612
G 199.908 223.933 131.812
G 201.391 221.128 129.736
A 201.871 218.272 132.214
T 201.72 214.739 130.816
Y 200.703 211.75 132.934
Y 201.314 208.095 132.069
A 199.844 204.782 133.22
D 201.426 202.197 135.527
S 203.161 200.08 132.867
V 204.043 202.836 130.358
K 205.957 205.198 132.647
G 209.349 204.911 130.959
R 208.48 203.732 127.449
F 206.215 206.446 125.973
T 206.513 210.147 125.198
I 204.112 212.742 123.801
S 204.865 216.006 121.991
R 202.03 218.524 121.672
D 202.226 221.195 118.969
N 199.91 224.207 118.746
S 201.161 225.678 115.455
K 199.306 223.231 113.192
N 197.234 221.302 115.796
T 199.087 217.983 115.715
L 200.33 215.549 118.359
Y 203.329 213.209 118.114
L 203.491 209.866 119.95
Q 206.995 208.365 119.766
M 206.442 204.837 121.056
N 209.679 203.198 122.214
S 210.584 199.863 123.827
L 207.883 197.895 122.033
R 207.252 194.161 122.381
A 204.683 191.534 121.395
E 202.296 192.487 124.236
D 201.411 195.906 122.763
T 198.825 194.681 120.229
A 195.964 197.174 120.518
L 193.844 199.567 118.453
Y 194.689 203.165 119.324
Y 191.995 205.85 119.45
C 192.678 209.6 119.527
A 189.955 211.173 121.673
T 189.16 214.716 122.781
R 187.134 215.893 125.784
S 186.562 218.954 127.958
P 188.164 218.86 131.435
F 185.395 221.192 132.659
G 182.66 218.632 131.98
D 181.799 215.028 132.757
Y 184.195 212.109 133.281
A 183.713 210.417 129.893
F 185.1 211.757 126.628
S 182.876 213.788 124.315
Y 183.641 211.978 121.046
W 186.38 209.724 119.666
G 187.988 209.25 116.258
Q 188.152 206.433 113.733
G 191.157 204.564 115.152
T 194.479 203.104 114.024
L 195.705 199.504 114.037
V 199.282 198.445 114.799
T 200.862 194.982 114.808
V 203.744 193.877 117.048
S 204.738 190.202 117.015
X 0 0 0
X 0 0 0
X 0 0 0
X 0 0 0
X 0 0 0
X 0 0 0
X 0 0 0
X 0 0 0
X 0 0 0
X 0 0 0
X 0 0 0
X 0 0 0
X 0 0 0
X 0 0 0
X 0 0 0
X 0 0 0
X 0 0 0
X 0 0 0
X 0 0 0
X 0 0 0
X 0 0 0
