E 222.733 230.063 136.958
V 220.845 233.311 137.574
Q 223.188 235.262 139.865
L 222.664 238.861 138.733
V 224.584 241.284 140.955
E 223.966 244.965 141.672
S 226.684 247.613 141.765
G 227.158 251.368 141.571
G 225.617 252.424 144.875
G 227.235 254.847 147.275
L 227.089 258.42 148.523
V 226.732 261.621 146.509
Q 225.767 265.234 147.087
P 222.124 265.793 146.027
G 223.145 267.742 142.928
G 224.728 265.11 140.696
S 223.877 261.748 139.179
L 224.453 258.043 139.857
R 225.038 255.413 137.158
L 223.654 252.184 138.592
S 224.407 248.709 137.247
C 222.629 245.332 137.392
A 224.958 242.751 135.83
A 222.863 239.767 134.772
S 224.339 236.344 134.068
D 224.679 234.984 130.532
S 221.17 233.643 129.873
S 217.937 234.546 128.065
F 217.058 237.437 130.365
Y 216.69 240.19 127.747
D 213.961 238.14 126.031
Y 211.728 238.802 129.06
E 210.83 241.896 131.077
M 213.181 243.738 133.441
S 212.188 246.197 136.175
W 213.536 247.988 139.251
V 212.196 248.536 142.758
R 213.062 250.723 145.747
Q 213.201 249.376 149.308
V 213.074 252.435 151.588
P 213.182 251.314 155.252
G 209.652 250.779 156.502
K 207.468 251.191 153.408
T 205.87 249.061 150.703
P 207.825 248.492 147.457
E 207.256 250.771 144.461
W 207.827 250.527 140.708
I 210.139 252.957 138.908
G 211.085 251.618 135.482
S 210.404 248.543 133.38
M 212.388 247.467 130.323
Y 210.635 245.565 127.541
P 212.13 242.982 125.156
S 211.17 245.248 122.238
G 213.754 247.885 123.147
R 211.743 250.654 124.8
T 211.459 251.347 128.523
Y 208.561 252.766 130.534
I 209.344 254.967 133.537
N 207.106 255.71 136.504
P 204.689 258.548 135.61
S 205.039 259.891 139.161
L 208.825 260.373 138.98
K 208.717 261.502 135.353
S 211.446 263.561 133.627
L 213.855 262.655 136.467
V 214.776 258.99 135.84
T 216.142 257.95 132.442
I 217.141 254.354 131.723
S 218.767 252.763 128.673
R 220.924 249.727 127.898
D 222.766 250.497 124.606
N 224.924 247.37 124.963
S 222.496 244.583 123.918
E 224.16 241.891 126.073
N 223.315 242.786 129.693
M 223.075 246.349 131.031
L 220.651 248.104 133.375
Y 222.116 251.621 133.695
L 219.019 253.324 135.194
Q 220.438 256.834 135.297
M 219.258 258.863 138.299
N 219.816 262.489 137.295
S 218.66 265.13 139.805
L 218.448 263.009 142.937
R 216.64 264.11 146.098
A 216.867 263.481 149.842
E 214.109 260.856 149.588
D 216.234 258.792 147.158
T 218.281 257.231 149.994
A 217.037 253.668 149.564
M 218.08 250.167 148.496
Y 217.491 249.454 144.806
Y 216.791 245.949 143.494
C 216.527 244.794 139.874
V 213.765 242.197 139.461
S 213.52 240.127 136.287
N 209.729 239.73 135.963
W 207.86 242.367 137.98
A 204.518 241.195 136.587
S 204.024 237.656 137.996
G 205.114 238.226 141.582
S 204.981 235.646 144.383
T 205.323 232.972 141.688
G 207.912 234.084 139.156
D 209.856 236.942 140.75
Y 213.589 236.761 141.488
W 214.893 239.425 143.869
G 218.558 240.382 143.732
Q 221.043 241.636 146.294
G 220.304 245.333 145.781
T 222.549 248.357 146.313
L 222.191 250.928 149.087
V 222.203 254.485 147.719
T 222.531 257.362 150.194
V 221.749 260.895 149.038
X 0 0 0
X 0 0 0
X 0 0 0
X 0 0 0
X 0 0 0
X 0 0 0
X 0 0 0
X 0 0 0
X 0 0 0
X 0 0 0
X 0 0 0
X 0 0 0
X 0 0 0
X 0 0 0
X 0 0 0
X 0 0 0
X 0 0 0
X 0 0 0
X 0 0 0
X 0 0 0
X 0 0 0
X 0 0 0
X 0 0 0
X 0 0 0
