Q 64.572 143.47 100.37
V 67.664 143.642 102.58
Q 67.243 146.906 104.478
L 70.313 148.01 106.457
Q 69.72 151.5 107.883
E 72.6 153.051 109.831
S 72.013 155.536 112.647
Q 85.228 166.702 118.632
P 87.457 163.556 118.386
G 87.154 161.143 121.3
G 83.386 161.587 121.536
S 81.569 158.297 122.127
L 79.389 158.268 119.012
R 77.73 154.866 118.649
L 75.487 154.15 115.664
S 72.759 151.507 115.417
C 72.374 149.57 112.185
A 68.787 148.457 111.585
A 68.679 145.151 109.701
S 65.211 144.61 108.239
G 63.857 142.403 105.489
F 65.982 139.366 106.331
T 66.872 137.007 109.151
F 70.051 138.716 110.511
S 70.621 135.805 112.908
N 72.781 133.642 110.616
Y 74.385 136.598 108.818
K 77.875 137.755 109.817
M 77.033 141.446 109.414
N 80.273 143.438 109.177
W 80.969 147.177 109.033
V 82.735 149.159 106.309
R 83.843 152.793 106.143
Q 84.131 155.405 103.383
A 87.221 157.385 104.387
S 85.744 144.667 111.049
D 83.068 141.998 111.375
I 80.816 139.895 113.606
S 79.648 136.278 113.59
Q 76.248 134.709 114.137
S 74.947 135.572 117.65
G 78.248 137.338 118.342
A 81.153 135.553 120.064
S 83.559 135.831 117.1
I 84.355 139.504 116.508
S 87.207 140.884 114.417
Y 88.439 144.408 113.753
T 90.922 146.363 111.669
V 91.285 150.756 115.547
K 91.112 147.293 117.114
G 90.053 148.717 120.484
R 88.729 152.158 119.597
F 85.39 150.875 118.259
T 83.637 147.637 119.206
I 80.994 145.713 117.264
S 78.058 144.536 119.326
R 75.015 142.734 117.907
D 71.399 142.095 118.887
N 69.638 139.476 116.771
A 66.621 139.49 119.094
K 66.123 143.213 118.478
N 67.075 142.582 114.795
T 69.875 145.138 114.738
L 73.633 145.593 114.534
Y 75.513 147.845 116.96
L 78.836 149.64 116.578
Q 80.233 151.495 119.596
M 82.829 154.013 118.412
N 84.17 155.592 121.608
S 87.706 156.941 121.041
L 87.319 157.812 117.352
K 90.071 159.665 115.492
P 89.401 162.545 113.069
E 90.126 160.042 110.284
D 87.211 157.914 111.53
T 84.747 160.705 110.682
A 83.432 159.312 107.394
V 80.379 157.669 105.868
Y 79.559 154.393 107.613
Y 77.842 151.439 105.956
C 76.305 148.41 107.684
A 77.47 145.599 105.442
R 76.036 142.078 105.389
C 77.932 138.945 104.46
P 75.192 137.351 102.372
A 76.22 133.696 102.315
P 74.527 132.46 105.515
F 76.316 130.35 108.148
T 79.59 130.947 106.281
R 82.38 133.496 106.758
D 82.508 134.462 103.087
C 82.419 138.231 103.503
F 82.811 139.58 99.989
T 82.033 150.018 94.124
Y 81.075 148.103 97.276
A 77.383 148.423 96.45
Y 75.102 145.702 97.851
X 0 0 0
X 0 0 0
X 0 0 0
X 0 0 0
X 0 0 0
X 0 0 0
X 0 0 0
X 0 0 0
X 0 0 0
X 0 0 0
X 0 0 0
X 0 0 0
X 0 0 0
X 0 0 0
X 0 0 0
X 0 0 0
X 0 0 0
X 0 0 0
X 0 0 0
X 0 0 0
X 0 0 0
X 0 0 0
X 0 0 0
X 0 0 0
X 0 0 0
X 0 0 0
X 0 0 0
X 0 0 0
X 0 0 0
X 0 0 0
X 0 0 0
X 0 0 0
X 0 0 0
X 0 0 0
X 0 0 0
X 0 0 0
X 0 0 0
X 0 0 0
X 0 0 0
X 0 0 0
X 0 0 0
X 0 0 0
X 0 0 0
