Q 122.4 133.224 94.67
V 123.242 136.712 95.925
Q 122.989 139.174 93.044
L 123.226 142.964 92.742
Q 122.44 144.709 89.446
E 123.551 148.327 89.007
S 121.943 150.591 86.422
G 121.614 154.258 85.524
G 125.205 155.075 84.614
G 126.122 156.979 81.496
L 127.718 160.073 80.044
V 126.656 163.32 81.723
Q 127.678 166.951 81.399
P 129.701 168.446 84.273
G 127.371 169.857 86.896
G 124.562 167.567 85.745
S 122.434 165.09 87.654
L 122.119 161.316 87.547
R 120.482 158.481 89.475
L 121.95 155.027 90.092
S 119.683 152.101 90.978
C 120.756 148.839 92.627
A 118.366 145.896 92.313
A 119.221 143.266 94.928
S 118.031 139.663 94.744
G 118.886 136.468 96.576
F 118.805 137.758 100.159
T 116.641 139.587 102.687
F 117.343 143.18 101.677
S 115.988 144.749 104.878
N 118.483 142.867 107.089
Y 121.683 144.315 105.616
K 123.585 147.569 105.715
M 124.252 148.757 102.159
N 127.122 150.706 100.599
W 128.12 152.555 97.456
V 131.799 152.237 96.508
R 133.805 153.705 93.633
Q 136.617 152.636 91.309
A 138.101 155.61 89.51
P 140.237 154.975 86.403
G 143.86 154.427 87.355
K 143.462 154.163 91.135
G 142.017 151.965 93.865
L 138.481 151.231 94.995
E 136.979 153.682 97.487
W 133.854 153.729 99.642
V 131.554 156.689 98.989
S 128.319 156.126 100.903
D 126.43 153.819 103.229
I 122.919 153.401 104.619
S 121.621 151.171 107.404
Q 118.777 148.637 107.411
S 116.019 151.183 108.059
G 117.691 154.224 106.506
A 117.972 156.137 109.785
S 121.78 156.064 109.696
I 123.376 157.575 106.588
S 127.02 158.433 105.978
Y 129.042 159.793 103.059
T 132.67 160.286 102.185
G 133.808 163.878 102.528
S 134.093 164.609 98.81
V 130.349 164.052 98.204
K 128.843 165.924 101.167
G 125.828 167.976 100.127
R 126.205 166.489 96.662
F 125.082 162.831 96.741
T 121.977 161.372 98.388
I 121.683 157.676 99.254
S 118.187 156.238 99.633
R 116.823 152.751 100.186
D 113.483 151.127 99.355
N 113.117 147.802 101.148
A 109.72 147.125 99.55
K 111.245 146.973 96.057
N 114.574 145.637 97.41
T 116.464 148.522 95.839
L 119.144 151.105 96.602
Y 119.495 154.558 95.045
L 122.333 157.048 94.683
Q 121.127 160.45 93.473
M 124.188 162.338 92.221
N 123.786 166.103 91.814
S 126.229 168.53 90.174
L 128.654 165.911 88.899
K 132.344 166.814 88.688
P 134.939 165.323 86.307
E 136.655 163.605 89.249
D 133.39 161.725 89.894
T 133.991 159.695 86.705
A 134.311 156.107 87.941
V 132.704 152.685 88.075
Y 130.147 152.599 90.892
Y 129.563 149.339 92.757
C 126.603 148.582 94.989
A 128.034 146.641 97.93
R 126.378 144.679 100.72
C 127.726 144.107 104.197
P 128.86 140.508 104.802
A 126.458 139.676 107.658
P 122.873 140.756 108.384
F 121.973 143.339 111.052
T 125.598 144.008 111.957
R 127.069 147.406 112.797
D 130.508 146.728 111.303
C 131.077 146.146 107.582
F 134.497 144.658 106.893
D 136.136 144.585 103.447
V 133.208 145.782 101.339
T 135.891 147.855 99.586
S 138.229 144.881 99.066
T 139.599 143.771 95.708
T 137.556 140.554 95.349
Y 134.57 141.113 97.629
A 131.864 138.546 96.895
Y 128.705 140.529 97.717
R 129.388 143.396 95.318
G 127.83 144.105 91.945
Q 129.452 144.422 88.551
G 129.168 148.215 88.723
T 128.025 150.907 86.318
Q 130.196 153.476 84.552
V 129.653 157.188 85.228
T 131.581 159.53 82.924
V 131.686 163.269 83.596
X 0 0 0
X 0 0 0
X 0 0 0
X 0 0 0
X 0 0 0
X 0 0 0
X 0 0 0
X 0 0 0
X 0 0 0
X 0 0 0
X 0 0 0
X 0 0 0
X 0 0 0
X 0 0 0
