E 17.654 -18.66 18.92
V 15.333 -18.609 15.834
Q 15.633 -20.634 12.549
Q 15.63 -20.637 12.556
L 14.157 -19.372 9.235
V 13.283 -21.93 6.5
E 12.725 -20.571 2.941
S 10.834 -22.377 0.139
G 9.311 -21.632 -3.298
G 12.367 -20.697 -5.459
G 13.486 -21.992 -8.895
L 13.295 -21.311 -12.664
V 10.428 -19.18 -14.142
Q 9.747 -17.72 -17.644
P 9.839 -13.908 -18.079
G 6.322 -12.548 -17.265
G 5.832 -15.475 -14.826
S 4.875 -15.683 -11.111
L 6.51 -17.253 -7.985
L 6.494 -17.262 -7.987
R 5.594 -17.271 -4.253
L 8.426 -17.449 -1.66
S 7.744 -18.404 1.977
C 9.904 -17.976 5.126
A 8.76 -19.984 8.23
A 10.238 -19.141 11.696
S 10.787 -21.81 14.425
G 12.485 -21.731 17.881
S 12.253 -19.144 20.727
V 10.204 -16.425 18.872
F 9.343 -13.442 21.182
K 8.373 -10.046 19.63
I 9.003 -9.792 15.831
N 9.949 -6.128 15.023
V 10.759 -6.65 11.288
M 10.211 -9.262 8.546
A 11.991 -8.489 5.238
W 13.103 -9.932 1.878
Y 16.581 -9.195 0.454
R 18.156 -10.327 -2.815
Q 21.73 -10.658 -4.099
Q 21.747 -10.722 -4.077
A 22.681 -10.702 -7.805
P 26.096 -10.406 -9.522
G 27.09 -6.673 -9.764
K 24.034 -5.54 -7.679
G 25.288 -6.201 -4.113
R 22.499 -7.122 -1.657
E 19.228 -5.085 -1.872
E 19.267 -5.049 -1.78
L 16.189 -4.845 0.481
V 13.285 -6.057 -1.801
A 10.296 -5.643 0.578
G 9.721 -5.315 4.339
I 6.931 -5.247 6.972
I 7.576 -3.49 10.353
S 5.452 -4.527 13.421
G 2.489 -2.156 12.892
G 1.969 -3.235 9.224
S 4.015 -0.385 7.573
T 5.44 -1.926 4.317
S 8.343 -0.788 2.068
Y 9.478 -1.923 -1.459
A 12.556 -1.415 -3.68
D 11.677 0.984 -6.573
S 12.603 -1.858 -9.015
V 9.749 -4.193 -7.736
K 6.986 -1.669 -6.749
G 3.648 -2.808 -8.308
R 4.953 -6.354 -9.195
F 5.865 -7.892 -5.76
T 3.576 -8.135 -2.649
I 4.85 -8.889 0.901
S 2.473 -10.53 3.434
R 2.706 -12.48 6.715
D 0.697 -15.066 8.68
N 1.217 -13.497 12.186
A -0.241 -16.618 13.916
K 2.315 -18.933 12.161
N 5.263 -16.413 12.156
T 5.487 -16.978 8.353
L 6.563 -14.353 5.789
Y 5.561 -14.483 2.081
L 6.682 -12.76 -1.126
Q 4.273 -12.882 -4.119
M 6.258 -12.151 -7.333
N 4.377 -11.283 -10.587
S 5.531 -10.02 -14.039
L 9.038 -11.428 -13.345
R 11.938 -9.962 -15.41
P 15.407 -11.418 -16.155
E 16.905 -8.668 -13.869
D 14.916 -10.217 -10.922
T 17.315 -13.248 -11.141
A 18.938 -13.418 -7.679
V 19.313 -15.334 -4.427
Y 16.374 -14.221 -2.225
Y 16.815 -14.117 1.598
C 14.353 -13.503 4.422
A 15.397 -11.834 7.704
F 13.486 -11.351 11.002
I 14.46 -8.962 13.827
T 13.198 -10.28 17.207
T 13.297 -8.706 20.705
T 13.323 -8.74 20.715
E 12.305 -9.971 24.213
S 11.948 -6.292 25.452
D 12.468 -2.59 24.462
Y 15.591 -2.711 26.753
D 17.391 -5.152 24.359
L 18.9 -4.22 20.948
G 17.178 -7.162 19.183
R 18.723 -9.96 17.09
R 18.541 -10.469 13.292
Y 18.027 -14.04 11.944
W 18.52 -14.98 8.245
G 17.157 -17.618 5.9
Q 19.853 -19.497 3.923
G 18.718 -18.005 0.572
T 16.882 -19.479 -2.454
L 17.783 -18.968 -6.144
V 15.121 -17.462 -8.459
T 16.169 -17.601 -12.152
V 14.06 -15.687 -14.738
S 15.169 -16.882 -18.22
S 13.978 -18.87 -21.317
X 0 0 0
X 0 0 0
X 0 0 0
X 0 0 0
X 0 0 0
X 0 0 0
X 0 0 0
X 0 0 0
X 0 0 0
X 0 0 0
X 0 0 0
X 0 0 0
X 0 0 0
X 0 0 0
