E -15.007 -25.843 -21.038
V -11.675 -24.776 -22.69
Q -9.543 -25.237 -25.856
L -5.852 -24.129 -25.777
V -4.236 -23.244 -29.164
E -0.446 -22.769 -29.16
S 1.621 -20.869 -31.741
G 5.052 -19.192 -31.994
G 7.223 -22.337 -32.314
G 9.987 -22.511 -34.924
L 13.565 -23.225 -35.969
V 16.212 -20.818 -34.532
Q 20.029 -20.714 -34.277
P 21.645 -21.019 -30.818
G 21.254 -17.653 -28.999
G 17.947 -17.017 -30.867
S 14.552 -16.028 -29.352
S 14.553 -16.048 -29.347
L 10.915 -17.209 -29.767
R 7.636 -16.072 -28.129
R 7.636 -16.07 -28.128
L 5.105 -18.88 -27.564
S 1.374 -18.019 -27.326
C -1.358 -20.154 -25.699
A -4.786 -18.68 -26.619
A -7.614 -20.098 -24.425
A -7.596 -20.091 -24.403
S -10.807 -20.347 -26.582
S -11.453 -19.994 -24.537
G -13.219 -20.828 -23.656
G -13.905 -21.419 -21.929
R -12.834 -20.876 -19.858
T -12.765 -23.317 -16.889
S -8.073 -24.199 -12.812
Y -5.339 -23.539 -10.168
G -2.87 -22.02 -12.602
M -1.09 -22.304 -15.858
G 2.195 -23.883 -16.9
W 4.505 -24.26 -19.862
Y 5.917 -27.776 -20.215
R 8.326 -29.272 -22.746
Q 8.962 -32.847 -23.931
A 12.066 -33.842 -25.946
P 12.214 -37.334 -27.545
G 12.859 -40.07 -24.908
K 12.378 -37.582 -22.033
G 9.481 -36.695 -19.732
R 7.248 -33.633 -19.837
E 9.204 -31.094 -17.737
L 7.417 -28.092 -16.139
V 9.598 -25.12 -17.26
A 7.47 -22.098 -16.192
G 4.383 -21.681 -13.988
I 2.143 -18.747 -13.028
S -0.677 -18.151 -10.465
W -3.952 -16.263 -11.325
R -2.769 -13.002 -9.568
G 0.393 -13.324 -11.741
D 2.94 -12.466 -8.978
S 3.718 -16.195 -8.319
T 6.012 -17.251 -11.221
G 8.304 -20.285 -11.121
Y 10.99 -21.419 -13.602
A 12.997 -24.638 -14.067
D 16.667 -24.133 -12.994
S 17.889 -24.562 -16.618
V 15.697 -21.663 -18.005
K 16.053 -19.096 -15.139
G 16.968 -15.649 -16.607
R 16.213 -16.805 -20.223
F 12.434 -17.599 -20.149
T 9.586 -15.313 -18.964
I 5.964 -16.499 -18.448
S 3.166 -13.891 -18.568
R -0.632 -13.699 -19.064
D -2.863 -11.169 -20.882
N -6.178 -11.333 -18.878
A -8.11 -9.449 -21.625
K -6.894 -11.761 -24.489
N -7.155 -14.939 -22.282
T -3.594 -15.66 -23.593
L -0.522 -17.146 -21.828
Y 2.961 -16.289 -23.232
L 6.455 -17.741 -22.912
Q 9.281 -15.427 -24.001
M 12.301 -17.703 -24.726
N 15.697 -15.888 -25.074
S 19.306 -17.205 -25.435
L 17.957 -20.532 -26.755
R 20.29 -23.574 -26.577
P 20.268 -26.876 -28.527
E 19.141 -28.574 -25.233
D 15.94 -26.362 -25.333
T 14.824 -28.375 -28.43
A 11.436 -29.925 -27.534
V 7.702 -29.819 -28.138
Y 6.325 -27.045 -25.839
Y 2.85 -27.394 -24.265
C 0.679 -25.03 -22.244
A -1.591 -26.571 -19.601
F -4.326 -25.205 -17.323
A -4.02 -27.278 -14.127
A -7.223 -28.483 -12.423
G -7.75 -31.275 -9.869
S -9.771 -34.507 -9.954
A -10.399 -37.436 -7.548
W -8.776 -40.882 -7.986
Y -9.286 -43.677 -5.417
G -8.999 -41.257 -2.429
T -6.218 -39.016 -3.878
T -6.22 -39.009 -3.858
L -6.112 -35.901 -6.124
Y -4.409 -35.962 -9.542
E -3.695 -32.979 -11.8
Y -6.508 -32.819 -14.381
D -4.853 -30.699 -17.142
Y -6.353 -28.855 -20.126
W -3.463 -29.349 -22.644
G -2.562 -27.358 -25.746
Q -1.649 -29.351 -28.897
G 2.096 -28.538 -28.59
T 4.443 -26.363 -30.714
L 7.854 -27.683 -31.873
V 10.969 -25.633 -31.001
T 14.217 -26.695 -32.756
T 14.215 -26.701 -32.77
V 17.472 -24.897 -31.819
S 20.148 -25.95 -34.356
S 23.213 -24.597 -36.259
A 21.254 -25.765 -39.391
A 18.595 -22.98 -38.848
X 0 0 0
X 0 0 0
X 0 0 0
X 0 0 0
X 0 0 0
X 0 0 0
X 0 0 0
X 0 0 0
X 0 0 0
