Q 131.034 80.688 136.161
V 131.262 84.439 135.86
Q 132.978 86.246 138.723
L 133.746 89.825 139.746
Q 135.862 90.372 142.873
E 136.039 93.722 144.679
S 138.939 94.989 146.814
G 140.393 98.221 148.294
G 137.734 99.321 150.831
G 138.284 100.482 154.423
L 138.171 103.614 156.625
V 139.237 107.013 155.327
Q 138.896 110.324 157.111
P 136.818 113.134 155.504
G 138.772 114.828 152.753
G 140.788 111.668 151.976
S 140.688 109.169 149.122
L 140.397 105.504 148.049
R 141.058 103.405 144.974
L 138.588 100.572 144.577
S 138.788 97.905 141.951
C 137.398 94.66 140.656
A 139.139 91.794 138.97
A 136.934 90.176 136.389
S 137.02 86.467 135.597
G 135.133 83.722 133.802
F 134.41 85.887 130.793
T 135.605 87.995 127.8
F 134.512 91.264 128.768
S 135.809 93.713 126.273
N 132.309 93.334 124.803
Y 130.538 94.594 127.952
K 129.736 97.742 129.848
M 130.534 98.206 133.54
N 128.77 99.979 136.415
W 129.636 101.115 139.882
V 126.754 100.713 142.299
R 126.535 101.981 145.862
Q 124.456 101.085 148.92
A 124.331 103.515 151.823
P 123.458 102.082 155.261
G 119.668 102.137 155.65
K 119.052 102.647 151.904
G 118.413 100.71 148.705
L 120.928 100.603 145.875
E 121.896 103.621 143.829
W 123.773 103.867 140.575
V 127.043 105.805 140.685
S 129.143 105.498 137.501
D 128.955 104.029 133.911
I 131.872 103.243 131.517
S 131.534 101.836 127.988
Q 133.518 98.902 126.708
S 135.598 101.277 124.572
G 137.075 102.795 127.71
A 135.165 106.047 127.249
S 133.299 107.219 130.346
I 129.616 107.694 129.811
S 128.295 109.14 133.015
Y 128.272 109.814 136.727
T 125.429 110.472 139.106
G 125.348 114.217 139.681
S 126.242 113.867 143.371
V 129.69 112.431 142.598
K 130.743 114.633 139.707
G 134.147 116.17 140.252
R 134.741 113.839 143.204
F 134.708 110.321 141.781
T 136.165 109.102 138.476
I 136.23 105.717 136.723
S 138.368 103.784 134.3
R 138.939 100.295 132.944
D 141.743 98.258 131.461
N 140.621 95.556 129.059
A 144.103 94.075 128.91
K 144.037 92.936 132.541
N 140.295 92.471 132.875
T 140.071 95.179 135.58
L 137.621 97.944 136.583
Y 138.593 100.946 138.755
L 136.951 103.705 140.818
Q 138.989 106.615 142.133
M 137.279 108.212 145.079
N 138.706 111.68 145.846
S 138.034 113.909 148.619
L 135.25 112.156 150.451
K 132.45 113.25 152.728
P 130.476 111.259 155.427
E 127.622 110.907 152.881
D 129.851 108.643 150.754
T 129.855 105.889 153.414
A 128.445 102.857 151.635
V 129.005 99.403 150.249
Y 130.43 99.59 146.752
Y 129.712 96.957 144.088
C 130.977 96.274 140.532
A 127.838 95.528 138.575
R 127.99 94.635 134.933
C 125.491 94.859 132.15
P 123.464 91.715 131.206
A 124.402 91.575 127.527
P 127.332 92.182 125.139
F 127.279 94.734 122.378
T 124.401 96.828 123.69
R 123.452 100.264 124.865
D 120.687 99.372 127.286
C 121.632 98.099 130.706
F 119.3 97.099 133.43
D 118.587 96.675 136.25
V 122.089 96.953 137.681
T 120.815 98.331 140.985
S 118.151 95.714 141.666
T 118.237 93.504 144.765
T 119.099 90.313 142.894
Y 121.29 91.666 140.08
A 123.469 94.078 141.768
Y 125.246 91.443 143.81
R 127.486 90.886 140.848
G 130.764 92.284 142.035
Q 129.758 92.136 145.658
G 131.567 94.361 147.221
T 133.37 96.334 149.866
Q 132.599 98.755 152.648
V 133.981 102.243 152.563
T 133.591 104.395 155.63
V 134.536 108.037 155.579
X 0 0 0
X 0 0 0
X 0 0 0
X 0 0 0
X 0 0 0
X 0 0 0
X 0 0 0
X 0 0 0
X 0 0 0
X 0 0 0
X 0 0 0
X 0 0 0
X 0 0 0
X 0 0 0
