Q 139.415 82.518 136.424
V 139.244 86.288 136.862
Q 141.601 87.546 139.568
L 142.722 91.069 140.476
Q 145.565 91.947 142.862
E 145.92 95.549 144.013
S 149.376 96.607 145.192
G 150.728 99.541 147.162
G 149.287 101.608 149.972
G 150.258 102.664 153.469
L 150.153 105.856 155.511
V 151.683 109.027 154.053
Q 151.647 112.686 155.01
P 149.354 115.122 153.169
G 150.702 115.936 149.725
G 152.68 112.724 149.304
S 152.865 110.79 146.043
L 151.707 107.164 145.987
R 151.848 104.596 143.175
L 149.141 101.924 143.109
S 149.253 98.901 140.817
C 146.785 96.239 139.681
A 148.399 93.037 138.374
A 145.352 91.966 136.397
S 145.637 88.318 135.382
G 143.545 85.364 134.292
F 141.762 87.198 131.469
T 142.363 89.073 128.221
F 143.334 92.477 129.597
S 143.164 94.234 126.22
N 139.505 93.245 125.723
Y 138.049 94.858 128.876
K 137.652 98.454 130.002
M 139.262 99.077 133.392
N 138.128 101.418 136.172
W 139.4 102.402 139.612
V 137.069 102.46 142.621
R 137.514 103.663 146.199
Q 135.487 103.633 149.419
A 136.135 106.148 152.181
P 135.456 104.975 155.755
G 131.792 105.161 156.695
K 130.686 105.841 153.105
G 129.646 103.868 150.048
L 131.554 102.95 146.918
E 132.465 105.727 144.483
W 134.012 105.639 141.019
V 137.459 107.214 140.658
S 138.701 106.942 137.068
D 138.453 104.778 133.96
I 140.645 103.815 131.006
S 139.55 102.453 127.634
Q 140.788 99.332 125.838
S 144.0 100.822 124.422
G 144.024 103.877 126.701
A 143.147 106.318 123.913
S 140.369 107.782 126.099
I 140.724 108.544 129.813
S 138.437 110.203 132.348
Y 138.629 111.225 135.999
T 136.158 112.335 138.639
G 136.149 116.063 139.314
S 137.42 115.693 142.882
V 140.51 113.788 141.662
K 140.915 115.259 138.18
G 144.533 116.09 137.409
R 145.815 114.791 140.738
F 145.436 111.135 139.727
T 146.719 109.498 136.54
I 145.418 106.159 135.25
S 147.512 104.055 132.879
R 147.569 100.464 131.65
D 150.18 98.234 130.017
N 149.178 95.38 127.716
A 152.637 93.796 127.472
K 152.85 93.564 131.275
N 149.061 93.179 131.724
T 148.921 95.571 134.66
L 147.103 98.794 135.536
Y 148.596 101.782 137.357
L 147.246 104.706 139.382
Q 149.807 107.451 140.049
M 148.639 109.583 142.97
N 150.155 113.018 143.53
S 149.615 115.756 146.115
L 147.294 113.492 148.099
K 144.869 115.378 150.335
P 143.759 114.075 153.756
E 140.221 113.542 152.432
D 141.599 111.127 149.806
T 141.981 108.421 152.474
A 140.049 105.351 151.334
V 140.422 101.713 150.352
Y 140.966 101.545 146.587
Y 139.669 98.651 144.482
C 140.659 97.559 140.981
A 137.452 97.068 139.005
R 136.408 95.568 135.671
C 132.975 95.677 134.073
P 131.475 92.357 133.04
A 131.573 92.299 129.239
P 134.32 93.004 126.69
F 134.1 95.225 123.618
T 131.61 97.53 125.354
R 131.761 101.129 126.536
D 129.259 100.756 129.406
C 130.568 99.574 132.777
F 128.565 98.695 135.898
D 131.222 98.307 138.608
V 129.873 100.817 141.172
T 127.792 98.043 142.742
S 127.396 98.26 146.513
T 127.004 94.544 147.24
T 129.717 92.021 146.404
Y 130.832 92.487 142.797
A 132.299 89.513 140.951
Y 134.828 91.472 138.848
R 136.687 93.686 141.325
G 139.755 92.951 143.411
Q 140.119 92.913 147.176
G 141.677 96.388 147.184
T 144.373 98.048 149.271
Q 144.066 100.527 152.132
V 145.43 104.027 151.467
T 145.552 106.475 154.38
V 146.587 110.134 154.417
S 146.892 112.002 157.718
S 149.146 114.563 159.378
X 0 0 0
X 0 0 0
X 0 0 0
X 0 0 0
X 0 0 0
X 0 0 0
X 0 0 0
X 0 0 0
X 0 0 0
X 0 0 0
X 0 0 0
X 0 0 0
