Q 136.941 86.879 135.612
V 137.189 90.628 135.049
Q 140.363 91.757 136.819
L 141.965 95.193 137.09
Q 145.132 95.533 139.184
E 146.601 99.016 139.551
S 150.31 99.266 140.343
G 152.539 102.181 141.259
G 151.853 104.881 143.821
G 152.968 105.805 147.301
L 154.466 108.987 148.681
V 155.832 111.498 146.171
Q 156.871 115.116 146.559
P 154.824 117.84 144.832
G 155.943 118.715 141.323
G 157.306 115.237 140.598
S 156.159 112.484 138.267
L 154.419 109.163 138.878
R 153.773 106.487 136.239
L 150.68 104.473 137.13
S 149.926 101.113 135.52
C 146.872 98.877 135.184
A 147.256 95.206 134.259
A 144.001 94.079 132.651
S 142.831 90.479 132.377
G 139.731 88.379 131.825
F 138.419 90.409 128.88
T 139.34 91.833 125.489
F 141.209 94.968 126.558
S 141.195 96.547 123.091
N 137.404 96.236 122.772
Y 136.558 98.44 125.79
K 137.059 102.145 126.394
M 139.315 102.651 129.418
N 139.554 105.547 131.855
W 140.997 106.556 135.222
V 138.971 107.705 138.231
R 140.139 108.817 141.666
Q 138.605 109.248 145.125
A 140.458 111.681 147.362
P 140.005 111.289 151.141
G 136.51 112.549 151.935
K 135.444 113.463 148.395
G 133.469 111.465 145.865
L 134.763 109.56 142.873
E 136.127 111.893 140.188
W 136.753 111.054 136.542
V 140.355 111.767 135.521
S 140.833 110.765 131.876
D 139.559 108.292 129.296
I 141.192 106.596 126.314
S 139.273 105.141 123.379
Q 139.549 101.545 122.194
S 142.24 102.329 119.612
G 143.725 105.183 121.656
A 143.2 107.771 118.91
S 140.829 109.765 121.157
I 141.87 110.975 124.61
S 140.356 113.407 127.098
Y 141.384 114.763 130.49
T 139.54 116.638 133.208
G 140.231 120.357 133.276
S 142.344 120.169 136.427
V 144.342 117.432 134.662
K 144.517 118.636 131.034
G 148.117 119.134 129.966
R 149.451 117.626 133.202
F 148.77 113.875 133.005
T 149.149 111.598 129.977
I 146.888 108.563 129.593
S 148.163 105.755 127.377
R 147.251 102.146 126.649
D 149.02 99.183 125.043
N 146.585 96.56 123.758
A 149.501 94.204 123.039
K 149.913 93.453 126.77
N 146.452 94.385 128.13
T 147.843 97.29 130.171
L 146.707 100.871 130.783
Y 148.926 103.71 131.998
L 148.548 107.185 133.498
Q 151.798 109.178 133.296
M 151.425 111.789 136.031
N 153.658 114.875 135.884
S 154.017 117.92 138.146
L 151.752 116.463 140.808
K 149.856 118.782 143.15
P 148.776 118.294 146.784
E 145.149 118.155 145.622
D 146.056 115.138 143.461
T 146.343 112.962 146.586
A 143.733 110.242 146.072
V 143.209 106.547 145.417
Y 143.216 106.192 141.624
Y 140.912 103.394 140.452
C 141.532 101.898 137.023
A 137.971 101.774 135.69
R 136.622 100.166 132.523
C 133.49 101.233 130.686
P 130.56 98.784 130.77
A 130.121 97.584 127.182
P 132.625 97.037 124.35
F 132.691 98.873 121.029
T 130.729 101.738 122.594
R 132.058 105.179 123.476
D 129.304 105.282 126.106
C 130.597 104.984 129.654
F 128.888 104.858 133.048
D 131.734 103.998 135.431
V 131.832 107.113 137.663
T 129.137 105.513 139.815
S 129.578 106.107 143.54
T 128.222 102.64 144.333
T 130.512 99.632 143.947
Y 131.435 99.415 140.265
A 132.174 95.894 139.051
Y 134.688 96.807 136.312
R 137.123 98.954 138.316
G 140.245 97.728 140.058
Q 141.192 97.822 143.714
G 142.895 101.195 143.248
T 146.424 102.4 144.005
Q 147.006 105.042 146.668
V 148.703 108.237 145.473
T 149.805 110.686 148.177
V 151.453 114.077 147.605
S 153.096 115.781 150.583
S 155.86 118.315 151.167
X 0 0 0
X 0 0 0
X 0 0 0
X 0 0 0
X 0 0 0
X 0 0 0
X 0 0 0
X 0 0 0
X 0 0 0
X 0 0 0
X 0 0 0
X 0 0 0
