S 102.002 177.188 109.708
S 98.25 177.135 108.921
Q 97.766 173.503 110.089
V 99.889 171.487 107.614
Q 97.625 169.08 105.759
L 97.759 165.878 103.692
V 94.849 164.743 101.513
E 94.682 161.487 99.55
S 92.157 160.334 96.958
G 91.583 157.609 94.385
G 90.303 154.61 96.359
G 87.616 152.255 95.138
L 86.546 148.683 94.482
V 87.493 147.731 90.918
Q 88.01 144.621 88.789
A 91.35 142.805 88.542
G 93.236 143.909 85.446
G 92.54 147.638 85.245
S 94.15 150.947 86.136
L 93.837 153.283 89.118
R 95.066 156.81 89.82
L 96.071 157.8 93.358
S 97.148 161.238 94.516
C 99.032 162.966 97.333
A 98.32 166.709 97.504
A 100.715 168.251 100.013
S 100.05 171.77 101.279
G 101.273 174.288 103.835
F 104.965 173.494 104.3
P 108.441 174.948 104.432
V 110.782 174.318 101.488
N 109.809 170.789 100.452
I 112.477 168.349 99.297
S 111.313 165.578 97.007
W 111.567 162.142 98.61
M 107.882 161.288 98.205
E 107.03 157.613 98.547
W 104.184 155.1 98.574
Y 103.97 151.82 100.439
R 101.565 148.978 101.104
Q 100.004 147.75 104.325
V 98.117 144.466 104.659
P 96.493 143.676 108.043
G 99.532 141.439 108.568
K 102.982 142.735 109.416
E 106.258 143.158 107.446
R 105.299 145.888 105.007
E 107.277 146.907 101.921
W 107.936 150.063 99.91
V 106.742 150.709 96.367
A 107.792 153.889 94.549
A 109.964 157.009 94.745
I 109.906 160.382 92.963
Q 113.123 161.439 94.705
S 115.459 164.377 94.279
T 115.515 165.034 90.516
G 114.051 161.872 88.978
S 117.437 160.286 88.301
Y 116.653 157.0 90.066
T 113.21 155.764 91.136
W 113.623 152.735 93.413
Y 110.745 150.428 92.527
A 109.9 147.168 94.236
D 111.148 143.845 92.901
S 107.668 142.683 91.839
V 106.393 145.809 90.045
K 109.509 146.662 88.015
G 108.709 148.859 85.032
R 104.922 149.017 85.317
F 104.003 152.002 87.564
T 103.998 155.584 86.271
I 104.855 158.233 88.871
S 104.472 161.899 87.965
R 105.785 165.089 89.563
D 104.711 168.737 89.521
N 106.786 170.925 91.841
A 104.612 174.031 91.448
K 101.396 172.072 92.045
N 103.182 169.993 94.757
T 101.213 166.807 94.065
V 102.359 163.414 92.78
Y 100.327 160.633 91.166
L 100.703 156.851 91.429
Q 99.319 155.269 88.253
M 98.842 151.501 88.453
N 98.512 149.331 85.352
S 97.233 145.749 84.851
L 95.815 145.36 88.358
K 96.697 142.04 89.953
P 94.218 140.723 92.569
E 96.807 140.84 95.399
D 96.527 144.627 95.717
T 94.063 145.074 98.586
A 96.608 146.734 100.9
V 96.684 150.312 102.233
Y 98.597 152.878 100.134
Y 99.626 156.228 101.613
C 102.349 158.757 100.857
R 105.392 159.636 102.961
V 106.651 163.123 101.968
K 109.981 164.134 103.566
V 110.598 167.641 104.934
G 113.393 166.262 107.105
A 111.002 164.135 109.102
Y 108.68 161.775 107.25
Y 105.08 162.97 107.342
R 102.13 160.795 106.373
G 98.385 160.32 106.515
Q 96.145 157.242 106.435
G 93.153 157.822 104.151
T 92.898 155.433 101.193
Q 90.527 152.686 99.998
V 92.861 150.483 97.935
T 91.078 147.231 97.063
V 90.577 145.07 93.981
S 88.722 141.877 93.098
X 0 0 0
X 0 0 0
X 0 0 0
X 0 0 0
X 0 0 0
X 0 0 0
X 0 0 0
X 0 0 0
X 0 0 0
X 0 0 0
X 0 0 0
X 0 0 0
X 0 0 0
X 0 0 0
X 0 0 0
X 0 0 0
X 0 0 0
X 0 0 0
X 0 0 0
X 0 0 0
X 0 0 0
X 0 0 0
X 0 0 0
X 0 0 0
