Q 124.116 107.047 97.431
V 122.062 109.949 98.76
Q 119.982 111.254 95.874
L 116.937 113.508 95.508
Q 115.099 113.8 92.181
E 112.607 116.628 91.8
S 110.019 116.514 89.025
G 106.77 118.08 87.901
G 107.604 121.673 87.049
G 106.953 123.732 83.942
L 105.511 126.847 82.393
V 102.056 128.102 83.373
Q 99.99 131.283 83.154
P 99.9 133.676 86.126
G 97.145 132.93 88.573
G 97.565 129.236 87.766
S 98.733 126.338 89.888
L 101.465 123.702 89.94
R 102.531 120.928 92.319
L 106.142 119.789 92.597
S 107.394 116.487 93.962
C 110.612 114.773 95.001
A 111.535 111.115 95.384
A 114.255 110.577 97.978
S 116.363 107.455 98.313
G 119.574 106.388 99.977
F 118.67 107.32 103.557
T 115.867 107.006 106.089
F 113.401 109.753 105.19
S 111.806 109.877 108.637
N 114.849 111.197 110.506
Y 115.716 114.275 108.43
K 113.777 117.46 107.876
M 113.507 118.826 104.369
N 113.492 122.206 102.636
W 112.821 123.92 99.336
V 115.127 126.549 97.853
R 115.14 128.519 94.621
Q 117.408 130.602 92.404
A 116.083 133.455 90.296
P 118.357 134.207 87.299
G 121.093 136.575 88.436
K 120.426 136.65 92.19
G 121.552 133.646 94.237
L 119.927 130.893 96.233
E 117.238 131.724 98.761
W 115.021 129.747 101.114
V 111.334 128.957 100.514
S 109.92 126.564 103.133
D 110.692 123.654 105.437
I 108.955 120.9 107.415
S 110.217 118.909 110.391
Q 110.38 115.191 111.167
S 106.832 113.952 110.375
G 105.646 117.096 112.065
A 103.124 119.884 111.797
S 105.872 122.437 112.378
I 106.043 124.289 109.073
S 107.769 127.562 108.206
Y 107.392 129.8 105.16
T 109.12 132.888 103.845
G 107.269 136.163 103.623
S 106.787 136.25 99.861
V 104.856 132.985 99.427
K 103.24 132.922 102.865
G 99.522 132.84 102.156
R 99.435 130.718 99.01
F 102.081 127.968 99.233
T 101.764 124.772 101.232
I 104.112 121.887 102.007
S 103.409 118.241 102.81
R 105.601 115.199 103.36
D 104.574 111.536 103.297
N 107.02 109.36 105.22
A 105.382 106.144 104.009
K 106.642 106.638 100.44
N 109.734 108.897 100.863
T 108.151 111.826 99.052
L 108.018 115.601 99.543
Y 105.449 117.871 97.897
L 104.925 121.602 97.441
Q 101.555 122.839 96.186
M 101.797 126.318 94.665
N 98.844 128.558 93.811
S 98.282 131.979 92.194
L 101.724 132.302 90.694
K 103.34 135.699 90.209
P 106.146 136.695 87.803
E 108.53 136.884 90.776
D 108.328 133.066 90.856
T 110.555 132.471 87.826
A 113.255 130.262 89.287
V 114.589 126.739 89.427
Y 113.568 124.907 92.599
Y 115.653 122.373 94.528
C 114.846 119.952 97.344
A 117.397 120.112 100.149
R 117.662 118.08 103.338
C 119.433 118.9 106.576
P 122.962 117.484 107.015
A 122.387 115.563 110.253
P 119.512 113.484 111.659
F 117.388 114.409 114.7
T 118.528 118.039 114.82
R 116.765 121.386 114.85
D 119.534 123.483 113.325
C 119.993 123.354 109.563
F 123.035 125.222 108.301
D 124.162 124.905 104.708
V 120.878 124.649 102.742
T 121.033 127.975 100.797
S 124.704 127.437 99.911
T 126.321 127.004 96.546
T 128.157 123.676 96.157
Y 126.044 121.867 98.747
A 125.927 118.088 98.67
Y 122.458 116.955 99.773
R 120.438 118.717 97.086
G 118.808 117.77 93.793
Q 119.483 119.182 90.362
G 116.219 121.127 90.322
T 113.191 121.775 88.136
Q 112.332 124.866 86.134
V 109.174 126.806 86.996
T 108.205 129.621 84.633
V 105.308 132.071 84.455
S 104.577 134.375 81.544
S 101.673 136.28 80.021
X 0 0 0
X 0 0 0
X 0 0 0
X 0 0 0
X 0 0 0
X 0 0 0
X 0 0 0
X 0 0 0
X 0 0 0
X 0 0 0
X 0 0 0
X 0 0 0
