Q 149.503 92.58 75.121
W 149.192 96.2 76.212
Q 149.595 95.953 79.989
L 150.834 97.878 83.009
V 151.878 96.02 86.16
E 152.436 97.764 89.487
S 154.701 96.727 92.321
G 156.381 97.861 95.518
G 153.326 98.211 97.75
G 153.026 96.684 101.185
L 153.209 97.216 104.915
V 154.634 100.235 106.732
Q 154.078 102.471 109.76
A 152.861 106.06 109.74
G 155.663 108.328 108.553
G 157.54 105.656 106.598
S 158.468 105.673 102.914
L 157.724 103.641 99.79
R 158.67 103.494 96.124
R 158.659 103.497 96.125
L 155.88 102.22 93.877
S 157.079 101.046 90.469
C 155.044 100.829 87.268
T 156.195 98.902 84.206
A 154.301 98.97 80.914
S 154.582 96.685 77.891
G 153.013 97.526 74.534
I 153.779 101.276 74.363
I 156.602 103.812 74.555
L 156.712 105.858 77.751
S 158.717 108.757 76.291
I 155.775 109.873 74.112
N 153.109 109.46 76.813
S 151.798 111.351 79.765
M 151.079 109.386 82.853
G 149.256 109.265 86.178
W 149.219 107.535 89.547
Y 145.744 106.842 90.908
R 144.375 105.416 94.14
Q 141.2 103.904 95.548
T 140.201 103.746 99.204
A 136.558 102.58 98.912
G 134.735 105.764 99.87
N 135.17 106.864 96.242
E 136.455 105.934 92.852
R 140.157 106.365 92.55
E 141.427 109.893 92.755
W 144.467 111.005 90.799
V 147.347 111.954 93.073
A 150.239 112.24 90.645
F 150.763 112.99 86.983
S 153.896 113.322 84.833
T 153.779 114.414 81.199
A 155.936 113.721 78.18
G 158.496 116.505 78.559
G 159.045 116.314 82.324
S 156.168 118.365 83.759
T 154.397 116.925 86.805
T 151.428 117.801 89.007
Y 149.847 116.462 92.192
A 146.642 116.554 94.192
D 146.485 119.179 96.925
S 146.098 116.598 99.687
V 149.493 115.061 98.844
K 151.813 117.723 97.395
G 155.355 118.004 98.712
R 155.176 114.39 99.909
F 155.013 112.199 96.807
T 157.345 112.47 93.831
I 156.84 111.115 90.302
S 159.883 110.141 88.25
R 160.586 108.215 85.135
D 162.799 105.637 83.426
N 162.852 105.627 79.614
A 165.517 102.974 79.023
K 163.13 101.075 81.232
N 159.69 102.086 80.036
T 158.686 102.611 83.683
V 157.427 105.262 86.083
Y 158.066 105.538 89.809
L 156.305 107.167 92.751
Q 158.463 108.058 95.723
M 156.163 108.331 98.721
N 157.009 110.094 101.985
S 155.252 111.017 105.218
L 152.765 108.185 104.883
K 149.57 108.207 106.887
P 146.237 106.458 107.503
E 144.544 108.496 104.765
E 144.564 108.523 104.769
D 147.014 107.134 102.19
T 146.233 103.499 103.016
A 144.794 102.577 99.648
V 145.096 100.578 96.438
Y 147.29 102.284 93.852
Y 147.088 102.148 90.067
C 149.135 103.501 87.211
N 148.018 104.538 83.756
T 147.786 106.66 80.625
P 144.728 108.839 79.948
A 143.514 106.525 77.166
G 143.491 103.425 79.331
R 142.485 105.682 82.207
V 139.278 106.569 80.403
G 138.663 103.193 78.732
G 138.671 101.207 81.988
T 141.487 98.87 80.82
W 143.526 98.676 83.983
G 145.689 96.355 86.085
Q 145.074 95.36 89.677
G 147.322 98.045 91.145
T 149.354 97.518 94.286
P 148.228 97.618 97.932
V 149.653 100.154 100.376
T 148.79 99.958 104.077
V 149.689 102.57 106.696
S 149.391 101.26 110.256
S 151.446 100.05 113.211
H 152.329 96.361 113.461
X 0 0 0
X 0 0 0
X 0 0 0
X 0 0 0
X 0 0 0
X 0 0 0
X 0 0 0
X 0 0 0
X 0 0 0
X 0 0 0
X 0 0 0
X 0 0 0
X 0 0 0
X 0 0 0
X 0 0 0
X 0 0 0
X 0 0 0
X 0 0 0
X 0 0 0
X 0 0 0
X 0 0 0
