Q -31.517 -37.84 21.948
V -31.299 -40.51 19.121
Q -29.678 -43.752 20.448
L -28.056 -46.495 18.329
V -27.772 -49.932 20.07
E -25.627 -52.667 18.439
S -26.144 -56.421 19.229
G -25.295 -59.845 17.648
G -21.598 -59.928 18.596
G -19.748 -62.672 20.523
L -17.272 -65.553 19.871
V -17.115 -67.257 16.4
Q -14.703 -69.712 14.635
A -12.582 -68.478 11.68
G -14.485 -69.317 8.435
G -17.782 -68.809 10.394
S -20.607 -66.228 10.011
L -22.116 -63.553 12.338
R -25.029 -61.068 11.852
L -24.686 -57.702 13.66
A -27.819 -55.575 14.199
C -28.171 -51.906 15.268
I -31.59 -50.428 16.251
A -32.175 -46.62 16.311
S -34.725 -45.371 18.93
G -37.657 -43.171 17.716
R -38.783 -42.991 14.032
T -35.879 -41.023 12.394
F -34.101 -44.209 11.079
H -35.527 -43.756 7.494
S -33.853 -40.275 7.312
Y -30.371 -41.792 8.082
V -27.479 -43.056 6.019
M -26.327 -45.969 8.287
A -22.701 -47.153 8.634
W -20.528 -49.684 10.503
F -17.008 -48.82 11.733
R -14.701 -51.109 13.738
Q -11.734 -50.738 16.11
A -9.252 -53.692 16.215
P -7.014 -54.172 19.311
G -4.953 -50.89 19.454
K -5.892 -49.248 16.072
E -8.181 -46.312 15.023
R -11.875 -46.632 14.091
E -11.78 -48.059 10.497
F -14.714 -47.857 7.99
V -16.518 -51.225 7.318
A -19.759 -50.467 5.409
A -22.479 -47.844 4.76
I -25.982 -47.864 3.202
S -27.931 -44.893 1.714
W -31.613 -44.101 2.596
S -33.212 -46.223 -0.207
S -30.799 -49.216 0.417
T -28.742 -48.104 -2.656
P -25.945 -47.354 -2.926
T -23.927 -49.487 -0.426
Y -20.206 -49.003 0.393
Y -17.576 -51.386 1.831
G -14.0 -51.049 3.121
E -11.397 -52.78 0.849
S -10.724 -55.609 3.422
V -14.435 -56.733 3.83
K -15.782 -56.319 0.198
G -17.252 -59.687 -0.916
R -17.395 -61.143 2.651
F -19.761 -58.657 4.417
T -23.265 -57.414 3.446
I -24.944 -54.268 4.889
S -28.795 -54.033 4.633
R -31.561 -52.004 6.355
D -35.17 -52.593 7.473
N -36.895 -49.192 7.992
A -39.989 -50.958 9.522
K -37.745 -52.329 12.38
N -35.459 -49.18 12.556
T -32.598 -51.732 12.111
V -29.387 -51.789 10.034
Y -27.689 -55.237 9.693
L -24.091 -56.405 8.929
Q -23.921 -60.018 7.6
M -20.271 -61.075 8.194
N -19.153 -64.298 6.367
R -15.752 -66.026 6.036
L -14.533 -64.303 9.26
K -10.742 -64.133 9.996
P -8.845 -63.24 13.242
E -8.197 -59.738 11.647
D -12.011 -59.117 11.911
T -11.766 -59.257 15.767
A -12.863 -55.74 16.893
V -15.539 -53.574 18.534
Y -18.083 -52.827 15.752
F -19.711 -49.37 16.007
C -22.975 -48.36 14.317
A -23.086 -44.722 13.084
A -25.845 -42.606 11.497
D -26.194 -39.228 9.728
R -28.97 -37.295 7.93
G -26.463 -36.758 5.101
E -24.648 -39.141 2.712
S -20.972 -38.048 2.575
Y -18.719 -38.16 -0.494
Y -16.089 -39.0 2.212
Y -18.301 -41.832 3.603
T -15.242 -43.463 5.351
R -14.675 -40.412 7.698
P -15.99 -40.821 11.279
T -16.396 -36.983 11.485
E -19.16 -37.188 8.759
Y -21.491 -39.204 11.124
E -23.249 -37.325 13.993
F -24.685 -40.403 15.838
W -22.678 -43.363 17.323
G -23.384 -46.507 19.364
Q -21.038 -47.774 22.126
G -20.28 -50.843 19.933
T -20.492 -54.673 20.079
Q -17.395 -56.928 20.598
V -16.716 -59.589 17.897
T -13.948 -62.171 18.615
V -12.813 -64.58 15.812
S -10.752 -67.481 17.375
S -8.819 -70.499 15.936
X 0 0 0
X 0 0 0
X 0 0 0
X 0 0 0
X 0 0 0
X 0 0 0
X 0 0 0
X 0 0 0
X 0 0 0
X 0 0 0
X 0 0 0
X 0 0 0
X 0 0 0
X 0 0 0
X 0 0 0
