V -9.446 -3.62 -29.975
Q -9.806 -2.694 -26.235
L -7.076 -3.435 -23.591
V -7.589 -3.363 -19.746
E -4.553 -4.02 -17.435
S -4.755 -5.129 -13.728
G -2.489 -6.73 -11.046
G -0.5 -3.572 -10.107
G 0.38 -2.451 -6.556
L 3.145 -2.017 -3.923
M 5.965 -4.652 -3.833
Q 9.165 -5.363 -1.831
A 12.458 -5.26 -3.826
G 13.273 -8.95 -4.698
G 9.525 -9.856 -4.85
S 7.053 -11.256 -7.457
L 4.097 -9.53 -9.249
R 1.897 -10.742 -12.182
L 0.195 -8.105 -14.419
S -2.855 -9.159 -16.523
C -4.328 -7.498 -19.659
C -4.319 -7.5 -19.669
A -7.799 -8.528 -21.004
V -8.055 -8.213 -24.856
S -11.428 -7.766 -26.7
G -11.882 -7.012 -30.471
R -10.219 -8.05 -33.804
T -6.605 -9.248 -33.105
F -4.368 -11.007 -35.739
S -3.07 -14.5 -34.711
T 0.252 -13.94 -36.639
A 0.709 -10.514 -34.86
A 1.812 -9.606 -31.298
M 0.977 -8.155 -27.852
G 3.466 -6.047 -25.842
W 4.123 -4.479 -22.412
F 5.694 -0.989 -22.13
R 6.2 1.155 -18.97
Q 6.515 4.891 -18.131
A 8.054 6.137 -14.831
P 7.353 9.828 -13.947
G 9.565 12.407 -15.787
K 10.902 9.654 -18.159
E 10.14 8.512 -21.775
R 8.158 5.3 -22.646
E 10.312 2.109 -22.376
F 9.581 -1.18 -24.249
V 9.45 -4.15 -21.765
A 8.416 -7.291 -23.752
A 6.469 -8.557 -26.828
I 4.847 -11.949 -27.567
R 3.573 -13.381 -30.878
W -0.103 -14.451 -30.469
S 0.508 -17.698 -32.478
G 3.672 -19.633 -31.483
G 4.092 -17.708 -28.175
S 7.746 -16.61 -28.844
A 8.806 -13.726 -26.53
Y 11.262 -10.77 -26.869
Y 12.531 -8.781 -23.816
A 14.309 -5.414 -23.265
D 17.885 -5.961 -21.852
S 16.726 -4.282 -18.55
V 14.089 -7.02 -17.724
K 15.61 -10.117 -19.518
G 15.835 -13.139 -17.122
R 13.629 -11.376 -14.49
F 10.281 -10.763 -16.35
T 8.309 -13.331 -18.465
I 5.49 -12.42 -20.929
S 2.873 -15.15 -21.72
R -0.699 -15.281 -23.169
D -3.797 -17.546 -22.844
K -5.57 -17.877 -26.265
A -8.687 -19.378 -24.502
K -9.081 -16.323 -22.144
N -7.773 -13.63 -24.634
T -5.328 -12.483 -21.883
V -1.608 -11.505 -21.858
Y 0.452 -11.807 -18.611
L 3.687 -10.166 -17.378
Q 5.283 -12.27 -14.562
M 7.538 -9.66 -12.818
N 10.136 -11.608 -10.702
S 13.156 -10.167 -8.753
L 11.605 -6.609 -8.791
K 14.03 -3.615 -8.416
Y 13.492 0.086 -7.4
E 14.132 0.836 -11.147
D 10.973 -1.181 -12.14
T 8.62 1.488 -10.564
A 6.335 2.814 -13.403
V 2.832 2.661 -15.025
Y 2.783 -0.682 -16.988
Y 0.734 -0.537 -20.272
C -0.39 -3.411 -22.56
C -0.455 -3.416 -22.548
A -0.177 -2.792 -26.365
S -1.644 -4.535 -29.488
Y 0.456 -4.595 -32.715
Q -1.691 -5.282 -35.859
A 1.506 -5.672 -38.012
T 2.991 -9.193 -38.444
R 6.805 -8.711 -38.328
S 9.027 -11.7 -39.318
L 11.71 -10.519 -36.774
L 10.204 -10.562 -33.229
S 12.858 -7.932 -32.182
D 11.063 -5.469 -34.564
Y 8.336 -5.12 -31.851
A 10.907 -3.299 -29.57
T 10.492 -0.17 -31.83
W 7.494 -0.828 -34.218
P 4.588 1.571 -33.343
Y 1.7 -0.298 -31.594
D -1.938 0.416 -32.71
Y -3.857 0.021 -29.365
W -2.857 0.487 -25.658
G -4.663 0.315 -22.245
Q -4.965 2.973 -19.467
G -2.254 1.06 -17.496
T -1.686 -0.304 -13.927
Q 0.613 1.282 -11.257
V 3.628 -0.798 -10.024
T 5.702 0.574 -7.049
V 8.86 -1.28 -5.771
S 10.469 -0.501 -2.312
X 0 0 0
X 0 0 0
X 0 0 0
X 0 0 0
X 0 0 0
X 0 0 0
X 0 0 0
X 0 0 0
X 0 0 0
X 0 0 0
X 0 0 0
X 0 0 0
X 0 0 0
