N -8.887 -14.201 1.0
I -6.524 -11.728 1.0
T -5.364 -12.514 1.0
N -1.591 -13.242 1.0
L -0.445 -10.361 1.0
C 2.458 -9.788 1.0
P 4.018 -13.184 1.0
F 4.174 -11.886 1.0
G 5.047 -8.143 1.0
E 7.524 -8.653 1.0
V 9.156 -11.932 1.0
F 12.934 -11.824 0.5
A 12.953 -11.907 0.5
T 13.732 -13.278 1.0
R 11.772 -12.738 1.0
F 11.751 -14.993 1.0
A 13.705 -14.322 1.0
S 11.148 -13.034 1.0
V 11.58 -16.15 1.0
Y 10.649 -18.268 1.0
A 7.975 -15.858 1.0
W 6.065 -17.048 1.0
N 2.28 -17.097 1.0
R 0.479 -17.025 1.0
R -3.168 -18.173 1.0
I -5.214 -16.069 1.0
S -8.584 -17.605 1.0
N -11.002 -17.834 1.0
C -9.819 -14.618 1.0
V -10.513 -10.887 1.0
A -8.372 -8.636 1.0
D -7.29 -5.269 1.0
Y -6.365 -3.497 1.0
S -5.97 -0.16 1.0
V -2.547 -1.377 1.0
L -1.36 -1.393 1.0
N -3.124 1.715 1.0
S -2.227 3.94 1.0
A 1.501 2.875 1.0
S 4.397 5.302 1.0
F 6.546 2.196 1.0
S 5.526 1.883 1.0
T 6.746 3.728 1.0
F 4.16 1.946 1.0
K 0.522 1.2 1.0
C -1.636 0.95 1.0
Y -5.069 -0.803 1.0
G -6.819 -1.425 1.0
S -10.653 -1.047 1.0
P -10.986 -1.498 1.0
T -9.962 0.711 1.0
K -8.493 -0.73 1.0
L -11.369 1.32 1.0
N -14.159 -0.677 1.0
D -12.224 -3.978 1.0
L -13.126 -3.441 1.0
C -16.864 -4.255 1.0
F -16.377 -6.987 1.0
T -15.774 -10.744 1.0
N -13.661 -13.029 1.0
Y -13.307 -16.836 0.5
A -13.297 -16.84 0.5
D -9.487 -16.434 1.0
S -6.932 -13.613 1.0
F -3.457 -14.278 1.0
V -0.301 -12.377 1.0
I 2.506 -12.908 1.0
R 5.933 -11.647 1.0
G 9.425 -11.278 1.0
D 12.365 -8.876 1.0
E 13.125 -6.941 1.0
V 15.163 -3.753 1.0
Q 13.565 -0.276 1.0
I 13.187 0.509 1.0
A 11.312 -2.853 1.0
P 8.463 -2.09 1.0
G 6.603 -0.421 1.0
Q 6.497 -3.923 1.0
T 4.284 -5.24 1.0
G 1.143 -3.743 1.0
K -1.482 -4.883 1.0
I -0.409 -4.646 1.0
A 3.387 -4.258 1.0
D 6.328 -5.882 1.0
N 10.038 -6.339 1.0
Y 12.201 -9.137 1.0
K 10.117 -9.272 1.0
L 6.543 -9.115 1.0
P 7.579 -11.399 1.0
D 9.708 -14.108 1.0
D 9.285 -13.815 1.0
F 5.914 -12.487 1.0
T 2.913 -11.554 1.0
G -0.305 -9.745 1.0
C -3.435 -10.281 1.0
V -4.702 -7.372 1.0
A -7.922 -7.285 1.0
W -6.098 -7.302 1.0
N -8.304 -5.729 1.0
S -6.0 -6.174 1.0
N -3.173 -4.141 1.0
N 0.587 -3.823 1.0
L 2.624 -2.717 1.0
D 6.419 -2.119 1.0
S 9.149 -0.643 1.0
K 12.917 -0.076 1.0
V 14.738 -2.994 1.0
G 18.35 -1.701 1.0
N 18.884 -2.016 1.0
Y 18.08 -5.811 1.0
N 18.786 -7.08 1.0
Y 22.074 -5.258 0.5
L 22.075 -5.261 0.5
Y 25.546 -5.861 1.0
R 29.039 -4.317 1.0
L 30.753 -6.241 1.0
F 27.289 -7.163 1.0
R 24.371 -9.451 1.0
K 23.952 -11.883 1.0
S 21.417 -14.253 1.0
L 18.381 -12.661 1.0
K 17.974 -13.973 1.0
P 15.699 -13.337 1.0
F 15.003 -15.374 1.0
E 16.845 -13.675 1.0
R 15.772 -16.158 1.0
D 12.547 -18.084 1.0
I 11.001 -19.689 1.0
S 7.723 -17.729 1.0
T 6.104 -15.138 1.0
E 4.497 -16.285 1.0
I 0.708 -16.495 1.0
Q -0.742 -14.389 1.0
A 0.327 -15.83 1.0
G 2.472 -18.551 1.0
S 5.654 -19.581 1.0
T 8.779 -21.061 1.0
P 11.617 -22.395 1.0
C 13.245 -24.574 0.5
N 13.223 -24.53 0.5
