V 114.601 191.164 233.769
Q 112.25 190.631 236.725
L 111.97 187.9 239.369
V 108.32 187.538 240.493
E 107.814 185.5 243.689
S 104.504 183.983 244.866
G 103.162 181.431 247.376
G 104.094 181.237 251.072
G 102.233 183.2 253.753
L 100.91 181.683 256.995
M 101.152 177.964 257.899
Q 101.086 176.045 261.207
A 104.306 174.26 262.29
G 104.76 170.803 260.719
G 102.92 171.916 257.548
S 104.28 172.444 254.014
L 104.289 175.528 251.711
R 105.605 176.014 248.168
L 107.256 179.238 246.957
S 107.47 180.079 243.23
C 109.747 182.521 241.452
A 109.116 183.273 237.746
V 111.758 184.98 235.569
S 110.298 187.426 233.005
G 112.031 189.53 230.322
R 114.739 188.647 227.761
T 117.573 186.58 229.294
F 120.723 185.566 227.385
S 121.305 182.611 229.753
T 120.644 181.439 233.351
A 123.405 179.642 235.285
A 121.653 179.091 238.616
M 118.693 180.172 240.772
G 118.688 180.44 244.575
W 116.492 181.088 247.614
F 117.647 183.266 250.54
R 115.774 184.377 253.671
Q 115.915 187.29 256.152
A 114.281 186.982 259.6
P 113.593 190.306 261.452
G 116.805 191.86 262.83
K 118.951 189.037 261.331
E 121.286 188.936 258.299
R 119.998 187.554 254.978
E 121.032 183.901 254.771
F 121.433 181.297 251.982
V 118.724 178.584 251.788
A 119.161 176.644 248.513
A 120.55 176.833 244.957
I 119.894 174.875 241.76
R 121.956 174.752 238.569
W 119.74 175.542 235.571
S 121.573 172.931 233.463
G 121.198 169.452 234.999
G 119.25 170.579 238.102
S 121.825 169.663 240.806
A 120.838 171.299 244.129
Y 122.823 172.717 247.072
Y 121.263 173.312 250.518
A 122.002 175.167 253.744
D 122.457 172.703 256.642
S 119.404 174.211 258.426
V 116.952 173.052 255.698
K 118.452 169.685 254.56
G 115.829 166.892 254.517
R 113.028 169.484 254.874
F 113.199 171.791 251.839
T 113.457 170.863 248.144
I 114.492 173.284 245.387
S 113.348 172.429 241.826
R 113.255 174.065 238.365
D 110.916 174.176 235.34
K 113.119 175.452 232.491
A 110.194 175.844 230.029
K 108.292 178.046 232.535
N 111.539 179.811 233.613
T 110.424 179.2 237.224
V 112.211 178.006 240.394
Y 110.308 176.477 243.347
L 111.02 175.925 247.039
Q 108.987 173.125 248.645
M 109.135 173.948 252.359
N 108.179 170.83 254.362
S 108.206 170.257 258.145
L 107.949 174.024 258.803
K 109.446 175.3 262.1
Y 109.134 178.721 263.826
E 112.795 179.335 262.822
D 111.657 179.256 259.134
T 109.63 182.492 259.634
A 111.294 185.08 257.351
V 111.045 187.046 254.103
Y 112.185 184.642 251.347
Y 114.024 186.08 248.307
C 114.516 184.564 244.856
A 117.912 185.19 243.179
R 119.362 184.58 239.703
T 122.883 184.623 238.214
E 124.449 184.053 234.778
Y 127.741 183.114 236.498
V 128.643 179.477 235.742
S 130.947 177.954 238.383
Y 132.262 174.396 237.944
L 131.678 174.097 241.724
L 128.033 173.969 242.857
S 128.831 174.931 246.482
D 129.952 178.368 245.155
Y 126.234 179.25 244.76
A 125.945 179.401 248.584
T 128.306 182.427 248.778
W 128.236 183.908 245.235
P 126.803 187.477 245.092
Y 123.74 187.142 242.833
D 122.946 189.752 240.145
Y 119.098 189.729 240.247
W 116.713 189.628 243.261
G 112.939 189.229 243.745
Q 110.832 191.54 245.967
G 110.647 188.948 248.8
T 107.707 186.825 250.089
Q 106.745 186.496 253.782
V 106.525 183.018 255.319
T 105.062 182.897 258.848
V 105.054 179.64 260.847
S 102.476 179.509 263.711
S 102.022 177.073 266.665
X 0 0 0
X 0 0 0
X 0 0 0
X 0 0 0
X 0 0 0
X 0 0 0
X 0 0 0
X 0 0 0
X 0 0 0
X 0 0 0
X 0 0 0
X 0 0 0
X 0 0 0
X 0 0 0
