Q 63.133 -15.25 48.902
V 59.737 -15.766 50.54
Q 59.016 -19.479 50.921
L 56.273 -21.585 52.508
V 56.974 -25.165 53.615
E 53.895 -27.364 54.086
S 53.505 -30.772 55.754
G 51.202 -32.832 57.959
G 48.69 -34.538 55.639
G 47.665 -38.161 55.424
L 44.827 -40.667 55.506
L 44.827 -40.667 55.506
V 42.321 -40.758 58.37
Q 38.947 -42.284 59.255
P 35.75 -40.225 59.643
G 35.994 -38.56 63.046
G 39.799 -38.486 63.208
S 42.165 -35.548 63.593
S 42.18 -35.556 63.614
L 45.125 -34.085 61.707
R 47.545 -31.17 62.13
L 48.881 -29.265 59.123
S 51.937 -27.016 59.379
C 53.085 -24.17 57.12
A 56.591 -22.763 57.659
A 57.057 -19.169 56.458
S 60.644 -18.104 55.787
G 61.775 -14.886 54.123
F 59.502 -12.373 55.857
T 61.155 -9.267 57.3
N 58.421 -8.571 59.866
D 55.207 -9.929 61.385
F 53.0 -7.873 59.026
Y 51.586 -10.667 56.908
S 48.572 -12.97 56.92
I 48.105 -16.684 56.269
A 45.199 -18.458 54.569
W 44.342 -22.135 54.106
F 42.705 -23.118 50.808
R 41.39 -26.615 50.088
Q 40.785 -28.008 46.586
A 38.198 -30.778 46.612
P 38.047 -33.169 43.625
G 36.638 -31.124 40.759
K 36.181 -27.988 42.885
E 38.014 -24.679 42.917
R 40.34 -23.53 45.668
E 38.13 -22.462 48.576
G 39.159 -20.629 51.721
V 38.45 -22.252 55.073
S 40.625 -20.434 57.626
W 42.623 -17.206 57.899
L 45.089 -15.773 60.416
S 46.406 -12.209 60.594
V 49.827 -12.686 62.17
S 50.445 -9.239 63.664
D 46.957 -9.257 65.218
N 46.658 -13.003 65.984
T 43.024 -12.936 64.839
P 41.469 -16.177 63.533
T 38.546 -16.619 61.138
Y 36.814 -19.851 60.142
V 34.122 -20.615 57.587
D 30.913 -21.917 59.105
S 31.264 -25.529 57.913
V 34.549 -26.025 59.823
K 34.022 -23.48 62.642
D 34.115 -25.596 65.822
R 36.08 -28.487 64.286
F 39.131 -26.576 62.993
T 41.603 -24.557 65.069
I 44.309 -22.293 63.631
S 47.213 -20.967 65.685
R 50.779 -19.706 65.414
H 53.744 -20.753 67.529
N 56.175 -17.856 67.732
A 59.408 -19.834 68.166
N 58.972 -21.846 64.952
N 57.091 -19.119 62.986
T 54.721 -21.86 61.812
V 50.938 -21.659 61.56
Y 49.142 -24.838 62.593
L 45.688 -26.015 61.522
Q 44.225 -28.442 64.063
M 41.458 -30.282 62.186
N 39.123 -32.236 64.477
M 35.845 -34.098 63.88
L 36.879 -34.664 60.272
K 34.177 -35.649 57.781
P 34.365 -37.153 54.27
E 33.532 -33.649 53.004
D 36.994 -32.467 54.107
T 38.82 -34.645 51.547
A 40.854 -32.211 49.425
I 44.339 -30.948 48.653
Y 45.175 -28.219 51.168
Y 47.347 -25.185 50.388
C 48.678 -22.425 52.625
A 49.116 -18.921 51.207
A 50.648 -15.662 52.428
G 50.3 -11.979 51.639
R 51.855 -8.739 52.859
F 48.746 -7.554 54.688
A 46.696 -7.897 57.861
G 43.464 -9.612 56.937
R 41.771 -12.286 54.89
D 40.318 -13.107 51.469
T 38.265 -15.764 49.724
W 40.112 -15.042 46.459
P 43.273 -17.154 46.019
S 44.634 -14.893 43.289
S 45.043 -12.149 45.924
Y 47.834 -14.146 47.618
D 51.224 -13.896 45.931
Y 52.988 -16.718 47.838
W 51.98 -20.387 47.867
G 53.27 -23.597 49.417
Q 53.155 -27.037 47.834
G 49.956 -28.865 48.687
T 49.503 -31.707 51.152
Q 46.891 -34.418 50.597
V 44.07 -35.002 53.099
T 41.814 -38.021 52.493
V 38.958 -38.943 54.851
S 37.235 -42.281 54.262
S 36.574 -45.617 55.942
X 0 0 0
X 0 0 0
X 0 0 0
X 0 0 0
X 0 0 0
X 0 0 0
X 0 0 0
X 0 0 0
X 0 0 0
X 0 0 0
X 0 0 0
X 0 0 0
X 0 0 0
X 0 0 0
