T 48.86 15.2 -18.567
G 50.085 17.629 -15.913
Q 48.448 17.821 -12.489
V 47.839 14.047 -12.58
Q 50.519 11.755 -13.998
L 51.149 8.065 -14.645
Q 54.72 6.756 -14.385
E 55.53 3.362 -15.922
S 58.543 1.129 -15.328
G 59.789 -2.441 -15.612
G 60.219 -2.98 -19.347
G 63.225 -4.52 -21.031
L 64.675 -7.587 -22.711
V 63.823 -11.079 -21.468
Q 64.501 -14.598 -22.683
P 61.468 -16.691 -23.686
G 60.027 -18.244 -20.544
G 61.562 -15.598 -18.284
S 59.887 -13.164 -15.923
L 59.356 -9.4 -15.962
R 57.538 -7.037 -13.609
L 55.808 -3.839 -14.723
S 54.939 -1.11 -12.22
C 52.727 1.956 -12.656
A 52.371 4.766 -10.112
A 49.707 7.483 -10.227
S 50.851 10.848 -8.858
G 48.924 14.081 -8.544
S 47.413 16.731 -6.323
V 44.033 14.963 -6.408
F 45.462 12.212 -4.188
S 45.776 12.723 -0.434
W 44.96 3.413 -3.575
S 43.233 6.758 -3.171
P 39.412 6.555 -3.282
N 39.568 8.676 -6.449
I 41.154 5.722 -8.289
N 38.304 3.662 -9.726
A 40.547 1.16 -11.525
M 44.06 0.643 -12.874
G 45.234 -1.841 -15.475
W 47.801 -2.743 -18.101
F 47.028 -2.684 -21.821
R 48.858 -4.055 -24.849
Q 49.217 -1.309 -27.466
A 49.192 -2.459 -31.062
P 50.338 0.234 -33.525
G 47.311 2.206 -34.673
K 44.809 -0.002 -32.823
Q 42.802 0.066 -29.619
P 44.759 -1.044 -26.537
D 43.835 -4.612 -25.61
M 43.259 -5.152 -21.901
V 45.92 -7.398 -20.379
A 44.95 -7.159 -16.709
D 42.657 -4.798 -14.818
I 41.856 -4.369 -11.121
S 39.127 -2.074 -9.778
N 38.644 -0.25 -6.487
T 36.056 -2.905 -5.557
G 38.69 -5.663 -5.745
S 37.426 -7.251 -8.967
I 40.302 -8.439 -11.17
D 40.073 -9.126 -14.908
Y 42.622 -10.825 -17.167
A 42.841 -11.383 -20.893
D 42.376 -14.989 -21.971
S 45.825 -15.005 -23.61
V 47.602 -14.155 -20.329
K 45.32 -15.663 -17.674
G 47.352 -17.933 -15.415
R 50.677 -16.429 -16.537
F 50.245 -12.779 -15.493
T 49.348 -11.461 -12.036
I 48.209 -7.9 -11.312
S 48.26 -6.348 -7.835
R 47.471 -2.947 -6.32
D 49.018 -3.383 -2.856
N 52.657 -2.675 -3.816
G 52.679 1.081 -3.224
K 50.637 4.249 -2.974
N 48.359 4.657 -6.015
T 50.451 1.94 -7.661
V 49.484 -1.117 -9.711
T 51.939 -3.933 -10.437
L 51.842 -6.553 -13.203
Q 53.952 -9.684 -12.698
M 54.673 -11.308 -16.075
N 55.785 -14.952 -15.934
S 56.459 -17.522 -18.663
L 56.851 -14.734 -21.205
K 56.259 -15.836 -24.806
P 57.599 -14.249 -28.01
E 54.025 -13.161 -28.748
D 54.166 -11.058 -25.563
T 56.626 -8.671 -27.256
A 54.692 -5.397 -27.546
V 54.253 -1.944 -26.008
Y 52.464 -2.214 -22.661
V 50.569 0.908 -21.593
C 49.261 1.746 -18.123
S 45.734 3.132 -17.783
A 43.957 4.456 -14.697
D 40.308 5.394 -14.134
I 40.547 8.349 -11.748
R 37.847 10.758 -10.588
V 39.009 14.379 -10.677
G 36.389 16.65 -9.159
L 32.973 15.494 -10.354
R 33.9 13.473 -13.467
D 35.673 10.218 -14.251
Y 38.677 10.54 -16.558
D 40.849 7.957 -18.287
Y 44.582 8.562 -17.874
W 47.082 6.718 -20.065
G 50.821 6.314 -19.637
Q 53.464 6.718 -22.307
G 53.966 2.962 -22.687
T 56.862 0.65 -21.846
Q 58.521 -1.788 -24.246
V 58.672 -5.487 -23.357
T 60.766 -7.583 -25.753
V 60.945 -11.38 -25.522
X 0 0 0
X 0 0 0
X 0 0 0
X 0 0 0
X 0 0 0
X 0 0 0
X 0 0 0
X 0 0 0
X 0 0 0
X 0 0 0
X 0 0 0
X 0 0 0
X 0 0 0
X 0 0 0
X 0 0 0
X 0 0 0
X 0 0 0
