Q -13.686 67.247 -6.845
V -10.441 68.553 -5.068
Q -8.854 71.793 -6.342
L -5.452 73.434 -5.597
V -4.791 77.134 -6.29
E -1.262 78.52 -5.927
S -0.504 82.252 -5.812
G 2.144 84.598 -4.374
G 4.886 83.964 -6.935
G 6.37 86.392 -9.461
L 9.638 88.174 -10.326
V 12.06 88.888 -7.486
Q 15.739 89.87 -7.262
A 18.46 87.515 -5.934
G 18.571 87.422 -2.123
G 14.893 88.268 -1.683
S 11.937 86.513 -0.079
L 8.514 85.285 -1.142
R 5.506 83.857 0.636
L 3.901 81.372 -1.687
S 0.345 80.281 -0.858
C -1.976 77.379 -1.745
A -5.792 77.452 -1.454
A -7.198 73.985 -0.766
S -10.72 73.027 -1.921
G -12.469 69.677 -1.369
F -10.321 68.652 1.634
P -9.028 69.824 5.057
V -5.283 70.74 5.063
Y -4.853 69.725 8.73
R -6.036 66.168 7.871
N -3.585 65.606 5.0
R 0.212 65.637 4.571
M 0.828 68.663 2.314
H 3.685 68.925 -0.177
W 5.38 71.614 -2.279
Y 7.166 70.811 -5.553
R 8.97 72.889 -8.235
Q 9.659 72.465 -11.996
A 12.442 74.359 -13.819
P 12.18 74.64 -17.669
G 13.12 71.338 -19.309
K 14.232 69.72 -16.018
E 12.01 67.249 -14.133
R 9.637 68.041 -11.143
E 11.507 68.345 -7.833
W 9.924 67.697 -4.436
V 10.686 70.689 -2.202
A 8.836 70.522 1.131
A 6.261 68.642 3.234
I 4.128 69.137 6.362
E 2.744 66.126 8.382
S -0.961 65.127 8.455
A -2.075 66.109 12.019
G 0.993 68.004 13.226
Q 3.782 70.532 12.67
E 6.507 68.065 11.516
T 8.223 69.264 8.376
H 10.631 67.953 5.762
Y 12.661 69.776 3.1
A 14.866 69.004 0.09
D 18.599 69.564 0.909
S 18.647 72.287 -1.771
V 16.216 74.408 0.306
K 16.746 73.244 3.967
G 17.37 76.462 5.934
R 15.933 78.913 3.415
F 12.393 77.59 2.822
T 9.666 76.964 5.388
I 6.335 75.167 5.161
S 3.443 76.025 7.441
R -0.346 75.861 7.26
D -3.135 78.146 8.4
N -5.875 75.863 9.678
A -8.275 78.808 9.991
K -7.716 79.527 6.243
N -7.372 75.952 4.738
T -4.092 77.046 3.134
V -0.482 75.893 3.02
Y 2.472 78.312 2.725
L 6.002 78.273 1.385
Q 7.924 81.109 3.07
M 10.985 81.098 0.823
N 13.848 83.32 2.086
S 17.383 83.903 0.63
L 16.207 83.205 -2.923
K 18.798 82.496 -5.653
P 18.438 82.453 -9.484
E 18.799 78.618 -9.08
D 15.303 78.537 -7.387
T 13.487 79.804 -10.53
A 10.607 77.361 -11.249
V 6.797 76.922 -11.464
Y 5.934 76.052 -7.83
Y 3.171 73.512 -7.321
C 1.571 72.682 -4.032
N 0.683 69.022 -3.843
V -1.59 66.59 -1.998
K -1.908 62.905 -2.697
D -4.101 59.88 -2.125
E -1.343 57.575 -0.823
G -2.072 54.03 -1.965
W -0.486 51.043 -0.073
Y -0.01 48.757 -3.129
W -0.893 50.025 -6.652
Q -0.294 53.676 -7.908
T -0.631 56.743 -5.558
Y -2.759 59.567 -7.039
D -1.046 62.972 -7.174
Y -3.2 66.136 -7.066
W -1.613 69.318 -8.498
G -2.358 72.994 -8.778
Q -1.671 75.128 -11.878
G 1.58 76.459 -10.34
T 2.984 79.968 -9.837
Q 6.089 81.07 -11.688
V 8.807 82.272 -9.344
T 11.612 83.95 -11.249
V 14.759 85.056 -9.337
S 17.27 87.322 -11.089
A 20.931 88.074 -10.157
X 0 0 0
X 0 0 0
X 0 0 0
X 0 0 0
X 0 0 0
X 0 0 0
X 0 0 0
X 0 0 0
X 0 0 0
X 0 0 0
X 0 0 0
X 0 0 0
X 0 0 0
X 0 0 0
X 0 0 0
X 0 0 0
X 0 0 0
X 0 0 0
X 0 0 0
