Q 81.458 -26.198 20.074
V 83.45 -24.262 22.697
Q 86.281 -25.816 24.76
L 86.754 -24.478 28.356
V 90.167 -25.315 29.937
E 90.699 -24.677 33.703
S 94.074 -24.157 35.461
G 95.434 -23.338 38.908
G 94.082 -26.189 41.018
G 96.146 -27.667 43.821
L 96.732 -28.079 47.54
V 96.597 -24.901 49.71
Q 96.593 -24.286 53.481
A 93.455 -22.895 55.248
G 93.468 -19.09 55.053
G 95.583 -18.929 51.894
S 95.069 -17.963 48.256
L 94.664 -19.788 44.985
R 93.966 -18.271 41.577
L 92.086 -20.272 38.904
S 92.119 -19.429 35.156
C 89.932 -20.691 32.333
A 90.827 -20.387 28.639
A 87.859 -20.331 26.198
S 88.222 -21.212 22.509
G 86.437 -22.897 19.542
R 84.549 -22.159 16.313
T 81.633 -19.767 17.085
I 78.892 -17.728 15.33
T 79.264 -15.015 18.06
P 82.611 -13.876 19.519
I 83.541 -15.63 22.752
S 84.192 -12.172 24.323
T 80.336 -11.707 24.196
Y 79.706 -14.875 26.356
V 78.648 -15.014 29.99
M 81.476 -16.732 31.953
G 81.483 -18.27 35.403
W 82.558 -20.864 37.914
F 80.792 -23.761 39.614
R 82.079 -26.298 42.158
Q 81.256 -29.854 43.179
D 81.743 -32.137 46.236
P 81.661 -35.965 45.726
G 77.947 -37.109 45.92
K 76.483 -33.603 45.582
E 75.003 -31.512 42.796
R 77.229 -28.864 41.105
E 76.779 -25.45 42.793
F 77.093 -21.838 41.55
V 80.253 -19.946 42.575
A 80.662 -16.748 40.48
S 79.744 -15.216 37.109
I 80.713 -12.13 35.054
S 78.821 -10.396 32.202
W 80.621 -9.796 28.822
N 80.562 -6.03 29.543
G 82.395 -6.82 32.87
A 80.004 -4.699 34.963
N 77.706 -7.39 36.39
T 79.273 -9.961 38.724
Y 77.303 -12.518 40.739
Y 78.437 -14.638 43.694
A 77.211 -17.497 45.803
D 76.402 -16.322 49.353
S 79.176 -18.637 50.71
V 82.068 -17.217 48.64
K 80.872 -13.557 48.608
G 83.623 -11.243 49.763
R 86.549 -13.754 49.491
F 86.373 -14.894 45.86
T 86.684 -12.262 43.061
I 85.767 -12.982 39.42
S 87.338 -11.034 36.565
R 87.76 -11.614 32.797
D 90.126 -10.655 29.961
N 88.22 -10.388 26.615
A 91.484 -9.998 24.656
K 92.499 -13.55 25.914
N 89.017 -15.131 26.322
T 90.003 -15.93 29.903
V 87.985 -15.886 33.12
Y 89.669 -15.857 36.572
L 88.694 -16.725 40.135
Q 90.845 -15.209 42.824
M 90.075 -17.266 45.912
N 91.307 -15.601 49.147
S 90.615 -16.566 52.789
L 90.256 -20.25 51.767
K 88.368 -22.649 54.09
P 88.56 -26.501 54.195
E 84.887 -26.554 53.026
D 86.075 -24.882 49.743
T 87.721 -28.239 48.755
A 85.87 -29.212 45.547
V 86.314 -29.569 41.725
Y 85.962 -26.124 40.214
Y 84.337 -26.076 36.781
C 84.532 -23.217 34.33
A 81.163 -22.481 32.666
A 81.163 -22.481 32.666
A 80.064 -20.323 29.735
D 76.904 -19.379 27.854
P 76.584 -17.593 24.472
E 73.367 -15.648 25.411
S 71.854 -16.11 28.902
H 73.13 -14.908 32.267
V 69.908 -16.45 33.83
R 70.765 -19.937 32.379
L 74.425 -19.716 33.417
R 73.439 -18.647 37.006
L 70.783 -21.392 37.153
G 73.369 -24.072 36.203
V 71.808 -24.802 32.788
G 74.597 -23.068 30.804
A 75.705 -24.413 27.442
Y 79.407 -25.033 28.03
W 81.421 -26.683 30.805
G 85.063 -27.364 31.474
R 86.456 -30.732 32.744
G 87.09 -29.382 36.26
T 90.101 -28.55 38.416
Q 90.436 -30.171 41.911
Q 90.463 -30.19 41.91
V 91.175 -27.622 44.638
T 92.266 -29.04 48.054
V 92.255 -27.045 51.319
S 94.37 -28.44 54.202
S 94.22 -27.527 57.936
X 0 0 0
X 0 0 0
X 0 0 0
X 0 0 0
X 0 0 0
X 0 0 0
X 0 0 0
X 0 0 0
X 0 0 0
X 0 0 0
X 0 0 0
