Q -22.915 90.777 -8.023
V -23.694 88.234 -5.189
Q -27.186 86.698 -4.497
L -28.194 86.067 -0.799
Q -31.475 84.152 -0.119
E -32.58 83.841 3.574
S -34.982 80.962 4.458
G -36.388 79.101 7.487
G -38.427 81.9 9.101
G -41.998 81.344 10.317
L -44.6 81.735 13.086
V -43.873 79.501 16.173
Q -44.854 78.912 19.824
A -42.651 80.501 22.549
G -40.169 77.779 23.641
G -40.09 76.48 20.037
S -37.157 76.288 17.555
L -36.386 77.409 13.943
R -33.254 77.173 11.71
L -32.523 80.208 9.48
S -30.138 79.637 6.549
C -28.616 81.799 3.767
A -26.624 80.674 0.698
A -24.431 83.309 -1.027
S -23.925 82.664 -4.787
G -21.745 84.405 -7.411
S -18.018 84.147 -8.329
I -17.273 84.057 -4.555
F -13.632 83.379 -3.668
S -14.254 84.014 0.093
I -16.364 85.853 2.782
N -14.58 87.501 5.767
R -17.703 87.094 8.024
M -21.318 85.797 7.641
G -23.66 87.352 10.251
W -27.356 87.4 11.302
Y -28.954 90.764 12.179
R -32.595 91.242 13.259
Q -34.915 94.284 13.277
A -38.182 94.462 15.31
P -40.727 96.889 13.72
G -39.892 100.601 14.38
K -36.84 99.498 16.465
Q -33.07 99.658 15.708
R -31.386 96.729 13.794
E -29.034 94.6 16.02
L -26.291 91.923 15.552
V -27.726 88.516 16.62
A -24.597 86.472 15.74
A -21.664 86.275 13.276
I -18.979 83.726 12.295
T -15.661 84.426 10.477
S -13.862 82.32 7.848
G -11.988 80.275 10.507
G -14.979 79.748 12.813
S -14.699 82.588 15.395
T -18.333 83.107 16.562
N -19.847 86.166 18.248
Y -23.425 86.487 19.693
A -25.806 89.086 21.185
Y -26.058 88.535 24.995
S -29.873 87.951 24.748
V -29.447 84.926 22.387
K -26.301 83.44 24.075
G -26.952 79.716 24.808
R -30.285 79.64 22.823
F -28.931 80.418 19.291
T -25.982 78.767 17.455
I -24.398 80.184 14.275
S -22.5 77.787 11.972
R -21.137 78.068 8.439
D -20.23 75.805 5.466
N -17.252 77.742 3.977
A -17.268 75.739 0.674
K -21.071 76.171 -0.005
N -20.911 79.81 1.287
T -23.895 79.039 3.54
V -24.544 80.221 7.123
Y -27.145 78.729 9.528
L -28.731 80.024 12.78
Q -30.219 77.284 15.022
M -32.681 79.253 17.218
N -33.867 77.363 20.358
S -36.119 78.448 23.297
L -37.617 81.245 21.136
K -39.282 84.187 22.993
P -41.732 86.9 21.854
E -38.827 89.458 22.079
D -37.072 87.402 19.301
T -39.904 88.491 16.914
A -38.313 90.492 14.025
I -37.111 90.395 10.382
Y -33.766 88.502 10.284
Y -31.094 89.598 7.712
C -27.869 87.756 6.636
E -24.791 89.99 5.949
A -22.005 88.503 3.735
Y -19.293 90.92 5.013
G -16.013 91.291 3.06
T -17.164 89.172 0.082
Y -14.237 88.665 -2.359
T -15.507 88.099 -5.938
L -13.263 87.276 -8.958
A -13.54 86.212 -12.661
P -10.947 83.933 -14.392
T -9.832 87.295 -15.848
G -8.308 89.261 -12.917
E -11.517 91.394 -12.605
G -13.052 91.141 -9.09
E -14.599 93.257 -6.276
Y -14.793 93.321 -2.431
D -17.996 94.525 -0.673
D -20.745 93.611 1.82
Y -23.966 91.912 0.586
W -27.323 91.68 2.439
G -30.469 89.547 2.098
Q -34.081 90.818 1.768
G -34.741 89.271 5.252
T -36.999 86.487 6.687
Q -39.831 87.149 9.224
V -39.615 85.3 12.574
T -42.772 85.769 14.731
V -42.92 84.082 18.175
S -46.424 83.801 19.775
A -46.663 83.275 23.596
A -50.242 81.907 22.983
E -51.187 78.237 23.642
N -52.314 77.974 19.923
X 0 0 0
X 0 0 0
X 0 0 0
X 0 0 0
X 0 0 0
X 0 0 0
X 0 0 0
X 0 0 0
X 0 0 0
X 0 0 0
X 0 0 0
X 0 0 0
