Q -13.01 28.191 10.138
V -13.287 31.435 12.242
Q -10.044 33.391 12.996
L -9.993 35.979 15.877
Q -6.768 38.122 16.149
E -6.491 40.384 19.268
S -4.139 43.438 19.131
G -3.388 46.661 21.07
G -1.971 45.161 24.28
G 1.239 46.507 25.846
L 3.02 47.69 29.011
V 1.742 51.17 30.166
Q 1.925 53.612 33.098
A -0.958 53.523 35.637
G -3.432 56.257 34.558
G -2.59 55.502 30.905
S -4.812 54.239 28.055
L -4.783 51.344 25.523
R -7.255 50.257 22.791
L -7.683 46.469 22.307
S -9.221 45.319 19.011
C -10.214 41.949 17.439
A -11.365 41.168 13.865
A -13.304 37.889 13.314
S -12.833 36.423 9.774
G -14.519 33.411 8.1
S -17.886 32.871 6.305
I -19.519 34.881 9.153
F -23.214 35.643 8.596
S -23.568 37.113 12.141
I -22.263 37.143 15.788
N -24.782 37.22 18.683
R -22.253 38.911 21.071
M -18.57 40.064 20.935
G -17.022 40.239 24.423
W -13.69 40.941 26.175
Y -12.627 38.609 29.003
R -9.415 38.957 31.013
Q -7.432 36.424 33.077
A -4.824 37.529 35.676
P -2.157 34.796 36.192
G -3.4 31.786 38.258
K -6.755 33.616 38.82
Q -10.266 33.019 37.347
R -11.154 34.416 33.847
E -13.794 37.239 34.121
L -16.112 39.141 31.689
V -14.711 42.696 31.232
A -17.349 43.853 28.714
A -19.58 42.59 25.899
I -21.763 44.116 23.159
T -24.607 42.386 21.221
S -25.557 42.739 17.545
G -27.816 45.782 18.207
G -25.432 47.549 20.597
S -26.568 46.44 24.106
T -23.378 46.741 26.241
N -22.508 45.088 29.567
Y -19.391 45.777 31.769
A -17.639 44.349 34.875
Y -18.125 46.583 37.992
S -14.357 47.338 38.209
V -14.101 48.712 34.609
K -17.417 50.653 34.457
G -16.695 54.278 33.432
R -12.988 53.551 32.536
F -13.487 51.046 29.647
T -15.783 51.378 26.563
I -16.634 48.418 24.28
S -17.759 49.224 20.699
R -18.293 47.11 17.574
D -18.278 47.436 13.735
N -20.955 44.822 12.809
A -20.031 44.86 9.062
K -16.22 44.322 9.639
N -16.972 41.887 12.556
T -14.514 43.895 14.696
V -14.836 44.798 18.41
Y -12.784 47.459 20.283
L -12.108 48.082 24.018
Q -11.01 51.668 24.849
M -9.282 51.228 28.252
N -8.725 54.524 30.177
S -7.317 55.245 33.694
L -5.567 51.83 33.696
K -4.554 50.377 37.116
P -2.132 47.582 38.115
E -5.199 45.366 38.966
D -6.132 45.584 35.209
T -2.947 43.552 34.44
A -4.003 40.291 32.669
I -4.289 38.46 29.302
Y -7.361 39.886 27.463
Y -9.395 37.463 25.243
C -12.131 38.247 22.643
E -15.115 35.797 22.518
A -17.194 35.743 19.274
Y -20.277 34.169 20.953
G -23.047 32.629 18.795
T -21.094 32.929 15.509
Y -23.317 31.867 12.553
T -21.165 30.574 9.629
L -22.541 29.515 6.183
A -21.367 28.537 2.635
P -23.411 29.378 -0.532
T -24.288 25.655 -0.263
G -26.551 25.31 2.826
E -23.597 23.946 4.915
G -22.89 26.12 8.022
E -22.14 25.978 11.802
Y -23.038 27.9 15.029
D -20.221 28.005 17.628
D -18.336 30.287 20.069
Y -14.8 31.323 18.952
W -11.932 32.684 21.111
G -8.688 34.593 20.438
Q -5.145 33.628 21.583
G -5.269 36.7 23.933
T -3.219 39.962 24.239
Q -1.151 40.83 27.377
V -1.992 44.109 29.165
T 0.522 44.976 31.951
V 0.059 48.212 33.953
S 3.154 49.476 35.882
A 2.726 52.077 38.704
A 6.423 53.063 38.018
E 7.284 56.749 37.356
N 9.534 55.7 34.366
L 9.493 52.826 31.809
Y 12.589 51.537 29.91
F 12.512 49.636 26.56
X 0 0 0
X 0 0 0
X 0 0 0
X 0 0 0
X 0 0 0
X 0 0 0
X 0 0 0
X 0 0 0
X 0 0 0
