Q -28.838 -55.671 10.734
V -25.836 -57.827 11.76
Q -22.916 -59.498 9.839
L -21.513 -62.947 10.68
V -18.256 -63.323 8.557
E -16.04 -66.503 8.671
N -12.215 -66.887 8.136
G -9.193 -69.151 8.489
G -9.816 -72.284 6.387
G -7.713 -73.702 3.522
C -5.902 -77.031 2.818
V -3.79 -79.246 5.11
Q -2.619 -82.87 5.388
A -4.068 -85.743 7.607
G -3.323 -85.079 11.394
G -2.792 -81.295 10.705
S -4.239 -78.122 12.314
L -6.283 -74.894 11.511
R -8.082 -72.106 13.479
L -11.469 -70.646 12.3
S -12.794 -67.142 13.195
C -16.514 -66.047 13.356
A -17.025 -62.265 13.564
A -20.307 -60.484 14.428
S -20.348 -56.826 13.299
G -22.893 -54.153 14.408
S -24.733 -53.169 17.639
I -24.99 -56.636 19.328
F -25.864 -56.939 23.076
S -25.789 -60.773 23.525
I -26.107 -64.07 21.594
N -27.9 -66.98 23.339
R -25.974 -69.662 21.401
M -23.246 -69.482 18.683
T -22.846 -72.817 16.783
W -20.333 -74.148 14.162
Y -21.989 -76.214 11.364
R -19.934 -77.996 8.689
Q -21.333 -78.655 5.159
A -19.445 -81.699 3.697
P -20.658 -81.709 0.049
G -22.08 -85.216 -0.616
K -23.177 -85.502 3.096
E -25.852 -84.428 5.747
R -25.292 -80.826 7.209
E -23.516 -81.686 10.576
W -23.619 -79.893 13.96
V -19.967 -79.397 15.105
A -20.022 -77.485 18.436
A -21.505 -74.426 20.209
I -20.956 -71.917 23.114
T -23.792 -70.362 25.207
S -23.462 -66.646 26.127
G -22.567 -67.785 29.688
G -19.425 -69.683 28.565
S -20.984 -73.198 28.571
T -19.877 -75.242 25.482
N -20.645 -78.527 23.631
Y -18.889 -80.597 20.875
A -20.137 -83.327 18.432
D -18.988 -86.878 19.455
S -16.891 -87.32 16.231
V -14.865 -84.045 16.817
K -14.911 -84.097 20.675
G -11.176 -84.348 21.462
R -9.916 -82.617 18.357
F -11.917 -79.404 18.215
T -12.414 -76.69 20.796
I -14.309 -73.34 20.584
S -13.726 -70.199 22.605
R -14.824 -66.538 22.819
R -14.835 -66.541 22.849
D -12.603 -63.512 23.117
S -15.732 -62.252 25.018
A -14.264 -58.709 24.492
K -13.429 -59.045 20.71
G -17.079 -60.264 20.351
T -15.823 -63.176 18.251
V -15.385 -66.948 18.587
Y -12.891 -69.47 17.277
L -12.713 -73.169 16.41
Y -9.259 -74.786 16.904
M -9.332 -77.92 14.772
N -6.267 -80.146 15.408
N -6.267 -80.146 15.408
S -5.684 -83.929 14.67
L -7.749 -83.063 11.456
K -8.966 -85.989 9.26
P -10.19 -86.232 5.609
E -13.681 -86.699 7.162
D -13.649 -83.056 8.46
T -13.124 -81.619 4.917
A -16.156 -79.266 4.474
V -17.443 -75.623 4.465
Y -17.639 -74.312 8.059
Y -20.411 -71.793 9.061
C -21.826 -70.475 12.434
E -25.524 -70.025 13.535
A -26.069 -66.825 15.655
Y -29.145 -68.12 17.629
G -30.922 -65.679 19.961
T -29.05 -62.58 18.714
Y -30.418 -59.673 20.837
T -29.197 -56.492 19.015
L -29.99 -52.965 20.347
A -28.925 -49.266 20.128
P -28.804 -46.226 22.492
T -31.836 -44.732 20.631
G -33.536 -47.819 22.203
E -34.319 -49.366 18.747
G -33.31 -53.071 18.461
E -34.107 -56.595 17.134
Y -34.031 -60.249 18.378
D -33.166 -62.404 15.347
D -31.253 -65.438 14.097
Y -28.162 -64.602 11.897
W -26.147 -67.105 9.764
G -22.537 -66.685 8.435
Q -21.336 -67.426 4.833
G -18.842 -70.277 5.677
T -15.056 -70.855 5.005
Q -13.508 -73.693 3.058
V -11.593 -76.51 4.782
T -9.868 -79.306 2.805
V -7.918 -82.196 4.462
S -5.779 -84.685 2.339
X 0 0 0
X 0 0 0
X 0 0 0
X 0 0 0
X 0 0 0
X 0 0 0
X 0 0 0
X 0 0 0
X 0 0 0
X 0 0 0
X 0 0 0
X 0 0 0
X 0 0 0
X 0 0 0
