Q 27.224 -44.595 -1.522
V 24.446 -42.35 0.044
Q 21.507 -40.569 -1.746
L 19.96 -37.202 -0.786
V 16.777 -36.402 -2.803
E 14.313 -33.482 -2.217
N 10.519 -33.366 -2.908
G 7.437 -31.223 -2.056
G 8.328 -28.28 -4.355
G 6.019 -26.572 -6.907
N 3.984 -23.394 -7.742
V 1.899 -21.556 -5.053
Q 0.32 -18.077 -4.586
A 1.575 -15.274 -2.255
G 0.67 -16.007 1.424
G 0.56 -19.732 0.43
S 2.415 -22.754 1.972
L 4.554 -25.824 0.91
R 6.289 -28.67 2.875
L 9.72 -29.938 1.623
S 11.201 -33.426 2.386
C 14.902 -34.465 2.179
A 15.092 -38.303 1.797
A 18.443 -39.831 2.944
S 19.001 -43.361 1.441
G 21.698 -45.836 2.651
S 22.71 -47.316 6.06
I 23.106 -43.835 7.682
F 23.887 -44.113 11.438
S 23.848 -40.312 12.052
I 24.176 -36.908 10.249
N 26.037 -34.209 12.289
R 24.172 -31.373 10.455
M 21.361 -31.497 7.824
T 21.152 -27.968 6.267
W 18.475 -26.345 3.962
Y 19.91 -24.036 1.208
R 17.991 -22.144 -1.545
Q 19.37 -20.97 -4.941
A 17.531 -17.946 -6.466
P 18.466 -17.727 -10.195
G 20.843 -14.749 -10.739
K 21.864 -14.686 -6.991
E 24.193 -16.454 -4.462
R 23.125 -19.673 -2.628
E 21.2 -18.629 0.605
W 21.48 -20.516 3.953
V 17.869 -21.145 5.167
A 17.749 -23.507 8.18
A 19.499 -26.583 9.659
I 18.96 -29.335 12.295
T 21.719 -31.097 14.328
S 21.607 -34.801 15.271
G 19.645 -34.492 18.581
G 17.082 -32.132 17.045
S 18.523 -28.596 17.646
T 17.124 -26.314 14.869
N 18.289 -22.864 13.612
Y 16.813 -20.616 10.856
A 17.88 -17.548 8.793
D 16.609 -14.055 9.883
S 14.804 -13.778 6.47
V 12.622 -16.901 7.245
K 12.27 -16.89 11.103
G 8.828 -18.184 12.282
R 7.597 -18.615 8.633
F 9.743 -21.731 7.921
T 10.277 -24.631 10.444
I 12.347 -27.883 10.076
S 11.83 -31.266 11.78
R 13.077 -34.915 11.685
R 13.077 -34.915 11.685
D 10.755 -37.964 11.611
S 13.562 -39.761 13.565
A 11.886 -43.155 12.748
K 11.731 -42.339 8.963
G 15.281 -40.811 8.905
T 13.834 -37.866 6.885
V 13.751 -34.062 7.559
Y 10.891 -31.646 6.678
L 10.859 -27.869 5.971
Q 7.327 -26.426 6.608
M 7.27 -23.132 4.59
N 4.147 -20.985 5.349
N 4.147 -20.985 5.349
S 3.468 -17.227 4.635
L 5.54 -17.531 1.366
K 6.636 -14.491 -0.78
P 8.018 -14.222 -4.365
E 11.456 -13.633 -2.677
D 11.296 -17.278 -1.417
T 11.037 -18.376 -5.117
A 14.215 -20.521 -5.506
V 15.609 -24.088 -5.838
Y 15.761 -25.811 -2.386
Y 18.377 -28.543 -1.502
C 19.954 -30.121 1.666
E 23.634 -30.649 2.826
A 24.265 -33.864 4.883
Y 27.433 -32.663 6.753
G 29.25 -35.365 8.804
T 27.171 -38.279 7.412
Y 28.405 -41.364 9.38
T 27.219 -44.474 7.436
L 27.908 -48.131 8.498
A 26.784 -51.684 7.412
P 26.722 -54.891 9.558
T 29.966 -56.0 7.705
G 31.75 -53.331 9.834
E 32.447 -51.459 6.531
G 31.358 -47.751 6.651
E 31.908 -44.205 5.227
Y 31.927 -40.594 6.626
D 31.354 -37.847 4.012
D 29.199 -34.779 3.107
Y 26.333 -35.304 0.571
W 24.272 -32.717 -1.427
G 20.722 -33.262 -2.809
Q 19.417 -32.664 -6.38
G 17.011 -29.85 -5.214
T 13.31 -28.943 -5.994
Q 12.288 -25.747 -7.927
V 9.773 -23.609 -5.917
T 7.868 -20.638 -7.462
V 5.739 -18.076 -5.48
S 3.451 -15.942 -7.786
X 0 0 0
X 0 0 0
X 0 0 0
X 0 0 0
X 0 0 0
X 0 0 0
X 0 0 0
X 0 0 0
X 0 0 0
X 0 0 0
X 0 0 0
X 0 0 0
X 0 0 0
X 0 0 0
