Q 6.618 -21.128 13.362
V 7.242 -21.357 9.618
Q 8.97 -24.005 7.539
L 10.247 -24.835 4.074
V 9.268 -28.402 3.204
E 11.396 -29.501 0.242
S 10.343 -32.296 -2.13
G 12.308 -33.97 -4.924
G 15.698 -34.498 -6.529
G 18.295 -37.265 -6.542
S 20.325 -38.449 -9.54
V 19.996 -38.364 -13.293
Q 22.39 -38.688 -16.195
A 23.261 -35.83 -18.55
G 20.38 -34.193 -20.404
G 18.066 -35.514 -17.688
S 15.076 -33.684 -16.186
L 14.27 -33.348 -12.467
R 11.367 -31.608 -10.697
L 12.006 -29.807 -7.403
S 9.28 -28.534 -5.108
C 9.164 -26.43 -1.94
A 6.283 -25.298 0.259
A 6.058 -22.818 3.111
S 3.888 -23.734 6.088
G 3.095 -22.012 9.361
S 2.177 -18.635 10.835
I 2.666 -16.705 7.599
F 1.307 -13.24 6.865
S 2.957 -12.806 3.461
I 5.238 -14.758 1.177
N 7.304 -12.143 -0.627
A 9.479 -14.52 -2.651
M 10.383 -18.211 -2.846
G 12.983 -20.019 -4.892
W 16.18 -22.08 -4.922
Y 19.894 -21.575 -4.221
R 22.662 -24.164 -4.603
Q 25.994 -25.038 -2.984
A 28.741 -27.061 -4.623
P 31.587 -28.478 -2.445
G 34.236 -25.783 -1.978
K 32.215 -23.102 -3.806
Q 29.719 -20.669 -2.311
R 25.909 -20.608 -2.349
E 24.473 -19.181 -5.593
L 20.907 -18.337 -6.613
V 19.337 -20.76 -9.052
A 15.795 -19.467 -9.493
A 13.285 -17.147 -7.84
I 9.603 -16.299 -8.096
T 7.376 -13.689 -6.449
R 3.626 -14.082 -5.719
R 2.765 -11.884 -8.753
G 4.814 -14.152 -11.044
S 8.118 -12.364 -11.425
T 10.901 -14.831 -12.215
N 14.685 -14.582 -12.086
Y 17.325 -17.12 -13.133
A 21.13 -17.238 -12.935
D 23.519 -17.407 -15.88
F 24.061 -21.187 -15.706
V 20.359 -21.838 -16.287
K 20.031 -21.014 -19.963
G 16.286 -21.429 -20.32
R 16.515 -25.067 -19.172
F 14.882 -24.538 -15.745
T 11.356 -23.231 -15.114
I 10.122 -21.942 -11.734
S 6.373 -21.763 -11.118
R 4.058 -21.291 -8.169
D 0.727 -22.238 -6.621
N -0.173 -19.322 -4.343
A -3.139 -21.269 -2.913
K -0.785 -24.152 -2.022
N 2.047 -21.803 -0.942
T 4.323 -23.956 -3.07
V 6.887 -23.395 -5.807
Y 8.198 -25.906 -8.345
L 11.36 -25.839 -10.454
Q 11.521 -28.012 -13.552
M 15.21 -28.551 -14.303
N 15.557 -29.946 -17.805
S 18.958 -30.348 -19.453
L 21.019 -31.28 -16.402
K 24.791 -31.08 -16.762
P 27.429 -32.538 -14.399
E 28.083 -28.869 -13.469
D 24.596 -28.851 -11.867
T 25.589 -31.29 -9.087
A 25.069 -29.538 -5.753
V 22.887 -29.252 -2.702
Y 19.824 -27.187 -3.612
Y 18.429 -25.274 -0.645
C 14.97 -23.773 -1.022
K 14.992 -20.137 0.173
A 12.085 -17.857 1.052
R 11.435 -14.222 1.977
I 8.478 -14.302 4.384
E 6.735 -11.932 6.753
P 5.503 -14.253 9.563
D 2.393 -12.937 11.315
S 4.546 -13.039 14.463
S 6.464 -9.998 13.165
W 4.105 -7.789 11.139
G 5.946 -5.648 8.579
T 9.355 -7.291 9.003
E 10.371 -10.003 6.534
Y 12.929 -12.717 7.246
E 14.941 -15.219 5.221
Y 13.98 -18.868 5.662
W 15.94 -21.871 4.406
G 15.229 -25.52 3.715
Q 17.053 -28.717 4.666
G 18.72 -28.971 1.261
T 18.14 -31.616 -1.413
Q 21.05 -33.082 -3.356
V 20.921 -33.046 -7.142
T 23.531 -35.264 -8.8
V 24.183 -35.501 -12.545
S 26.342 -38.363 -13.796
S 27.889 -40.217 -16.769
H 27.322 -44.039 -16.91
X 0 0 0
X 0 0 0
X 0 0 0
X 0 0 0
X 0 0 0
X 0 0 0
X 0 0 0
X 0 0 0
X 0 0 0
X 0 0 0
X 0 0 0
X 0 0 0
X 0 0 0
X 0 0 0
X 0 0 0
X 0 0 0
X 0 0 0
