E 195.477 230.029 140.515
V 197.938 232.195 138.585
Q 197.529 231.631 134.837
L 199.807 232.892 132.056
V 198.742 232.577 128.408
E 201.046 233.335 125.469
S 199.812 234.306 122.004
G 201.499 235.292 118.762
G 204.6 233.805 117.188
G 204.384 231.595 114.127
L 206.519 231.351 111.006
V 208.187 234.552 109.786
Q 210.744 235.313 107.093
T 214.201 236.352 108.253
G 214.466 240.086 108.856
G 210.755 240.45 109.607
S 208.954 241.682 112.702
L 206.607 240.051 115.199
R 204.703 240.807 118.398
L 204.184 238.316 121.233
S 201.503 238.899 123.874
C 201.33 237.415 127.374
A 198.201 237.658 129.527
L 198.722 237.075 133.254
S 195.901 236.613 135.763
G 195.42 235.501 139.349
Y 197.823 237.885 141.115
T 199.107 241.473 141.221
F 200.928 241.724 137.895
S 201.278 245.506 138.243
I 204.276 245.416 140.601
F 205.846 241.977 140.188
P 208.311 241.809 137.261
T 207.528 239.631 134.248
A 210.289 238.016 132.192
W 210.255 236.582 128.671
F 212.484 233.549 128.073
R 213.161 231.473 124.96
Q 214.11 227.788 124.772
A 215.592 226.46 121.53
P 216.273 222.882 120.369
G 219.338 221.811 122.334
K 219.355 225.016 124.413
E 218.218 225.396 128.018
R 216.06 228.241 129.361
E 217.928 231.542 129.718
F 216.97 235.163 130.281
V 215.918 236.934 127.071
A 213.965 240.009 128.187
G 212.21 241.397 131.233
I 210.063 244.251 132.482
R 209.541 245.485 136.031
W 207.542 248.201 137.799
N 209.651 249.663 140.607
G 206.672 251.846 141.531
S 208.183 255.351 141.377
T 207.661 256.74 137.862
R 208.353 254.16 135.121
D 208.677 250.505 134.143
Y 212.295 249.396 133.785
T 213.184 247.169 130.829
E 216.048 244.67 130.607
Y 217.26 243.132 127.34
A 219.792 240.357 126.817
D 222.999 241.207 124.978
F 222.41 238.728 122.147
V 219.07 240.442 121.402
K 219.887 243.895 122.764
G 218.671 246.738 120.567
R 216.172 244.562 118.667
F 213.615 243.37 121.258
T 211.311 245.844 123.017
I 209.312 244.802 126.092
S 206.339 246.766 127.432
R 203.828 246.108 130.211
D 200.216 247.297 130.465
N 199.175 247.016 134.11
A 195.586 248.068 133.379
K 195.252 245.247 130.835
N 197.699 242.996 132.74
M 199.47 242.352 129.428
V 203.11 241.997 128.382
Y 204.019 242.855 124.784
L 207.341 241.846 123.206
Q 208.099 243.388 119.807
M 210.887 241.743 117.801
I 212.541 243.129 114.665
S 215.383 241.936 112.436
L 214.73 238.329 113.42
K 217.358 235.695 112.638
P 217.172 231.934 112.01
E 218.635 231.228 115.457
D 215.62 232.989 117.007
T 213.471 229.91 116.308
A 212.372 228.72 119.746
L 209.499 228.326 122.2
Y 208.905 231.534 124.166
Y 207.573 231.589 127.734
C 206.46 234.482 129.924
A 207.057 234.015 133.651
A 205.985 235.962 136.734
S 206.89 235.706 140.413
D 204.86 236.09 143.593
G 207.466 238.677 144.623
V 209.994 241.066 143.128
I 213.04 239.048 142.039
D 216.057 239.491 139.794
G 215.282 239.482 136.087
T 217.863 236.816 135.247
N 216.689 234.565 138.121
A 214.579 232.313 135.917
N 214.223 229.643 138.61
A 212.854 232.117 141.164
Y 209.891 232.768 138.832
R 207.216 230.551 140.383
Y 204.727 231.078 137.517
W 205.33 229.925 133.94
G 203.032 230.005 130.922
Q 202.444 227.583 128.075
G 204.33 229.783 125.602
T 204.275 230.174 121.841
Q 206.416 228.726 119.058
V 208.37 231.076 116.783
T 210.223 230.053 113.616
V 212.43 232.214 111.391
S 212.966 231.19 107.761
S 215.705 232.555 105.504
X 0 0 0
X 0 0 0
X 0 0 0
X 0 0 0
X 0 0 0
X 0 0 0
X 0 0 0
X 0 0 0
X 0 0 0
X 0 0 0
X 0 0 0
X 0 0 0
X 0 0 0
