Q 185.406 194.999 216.354
V 188.799 193.601 215.331
Q 189.638 189.921 215.832
L 193.115 188.375 215.735
V 192.948 184.604 216.258
E 196.166 182.625 216.7
S 196.818 178.979 215.852
G 199.778 176.691 216.433
G 202.192 176.58 219.327
G 202.535 174.0 222.075
L 205.364 172.045 223.676
V 208.528 171.51 221.628
Q 212.149 170.542 222.166
P 214.861 173.118 221.401
G 216.098 172.943 217.827
G 212.677 172.051 216.396
S 210.396 173.878 213.989
L 207.037 175.558 214.589
R 204.613 177.551 212.453
L 202.443 180.153 214.183
S 199.46 181.453 212.22
C 197.279 184.504 212.857
A 193.983 185.137 211.078
A 192.752 188.741 211.1
S 189.148 189.896 210.769
G 187.211 193.11 211.245
F 189.756 195.245 209.379
T 191.761 195.335 206.155
F 194.78 193.111 206.791
N 196.87 194.458 203.904
R 196.632 198.107 205.04
Y 198.547 197.7 208.33
A 202.053 196.568 209.176
M 201.768 193.648 211.592
S 203.943 192.444 214.462
W 204.599 189.338 216.538
V 205.066 189.861 220.281
R 205.811 187.377 223.058
Q 204.983 187.669 226.761
A 207.15 185.323 228.798
P 205.876 184.079 232.183
G 207.138 186.62 234.689
K 208.613 189.102 232.202
G 207.569 192.081 230.114
R 206.527 192.096 226.481
E 209.218 191.547 223.839
W 208.772 192.321 220.15
V 209.652 189.326 217.966
S 209.344 190.398 214.331
G 207.584 192.942 212.159
I 206.288 192.834 208.6
Y 205.211 195.767 206.428
S 201.652 196.115 205.146
D 202.393 194.48 201.777
G 205.164 192.231 203.109
S 207.882 193.989 201.1
E 210.297 194.059 204.052
T 210.71 192.189 207.327
Y 212.539 193.021 210.549
Y 213.664 190.806 213.421
T 214.939 191.258 216.955
E 218.516 190.217 217.677
S 217.312 187.408 219.955
V 215.531 185.735 217.012
K 217.4 187.239 214.063
G 218.52 184.885 211.318
R 216.386 181.875 212.265
F 212.802 183.193 212.412
T 210.854 184.157 209.291
I 207.83 186.452 209.219
S 205.59 186.314 206.15
R 202.025 187.174 205.206
D 199.314 186.344 202.675
N 197.265 189.486 202.067
A 194.721 187.64 199.916
K 193.867 185.293 202.801
N 194.462 187.991 205.457
M 196.908 185.589 207.096
L 200.1 186.19 209.094
Y 202.757 183.478 209.479
L 205.79 183.123 211.74
Q 208.124 180.214 210.977
M 210.279 179.425 214.02
N 213.398 177.266 213.724
S 216.388 176.337 215.891
L 214.558 177.534 218.991
K 216.132 178.13 222.399
P 214.33 177.359 225.687
E 214.111 181.092 226.405
D 211.476 181.473 223.659
T 208.753 180.145 225.994
A 205.948 182.704 226.092
L 202.386 183.529 225.156
Y 202.609 184.81 221.578
Y 200.329 187.546 220.241
C 199.888 188.86 216.724
A 199.529 192.616 217.084
K 197.928 195.154 214.76
D 199.382 198.635 214.372
E 197.728 201.866 215.489
N 198.279 203.668 212.191
A 198.365 202.077 208.756
H 200.22 201.964 205.44
E 203.439 200.055 205.541
D 205.664 201.587 208.22
Y 205.828 201.811 211.999
F 209.382 200.583 212.627
N 212.867 201.255 211.254
S 214.904 201.069 214.467
G 214.228 201.201 218.196
F 210.867 202.948 218.462
D 207.982 201.78 220.667
R 205.253 200.016 218.716
K 201.879 201.215 219.976
Y 199.573 198.294 219.176
D 195.91 199.274 218.932
Y 194.701 195.658 218.787
W 195.934 192.422 220.354
G 194.762 188.86 219.861
Q 194.042 186.171 222.428
G 197.45 184.577 221.88
T 198.875 181.065 221.729
Q 201.209 179.363 224.195
V 204.643 178.349 222.875
T 207.042 176.397 225.097
V 210.593 175.231 224.362
S 211.958 172.835 226.987
S 214.202 169.779 226.856
X 0 0 0
X 0 0 0
X 0 0 0
X 0 0 0
X 0 0 0
X 0 0 0
X 0 0 0
X 0 0 0
X 0 0 0
X 0 0 0
X 0 0 0
X 0 0 0
