A 126.711 127.156 94.866
A 125.2 130.232 96.506
Q 127.213 133.391 97.13
V 127.014 136.733 98.916
Q 125.717 139.282 96.402
L 124.863 142.961 96.867
Q 123.572 144.495 93.622
E 123.026 148.253 93.577
S 120.631 149.929 91.169
G 118.717 153.148 90.71
G 121.711 155.404 90.062
G 121.849 157.821 87.181
L 122.108 161.446 86.217
V 120.183 164.061 88.173
Q 120.056 167.825 88.32
P 121.431 169.781 91.299
G 118.705 169.518 93.908
G 117.06 166.522 92.226
S 116.141 163.224 93.859
L 116.935 159.539 93.407
R 116.179 156.258 95.159
L 118.997 153.718 95.304
S 117.855 150.103 95.586
C 120.288 147.416 96.744
A 119.152 143.846 96.219
A 120.741 141.257 98.482
S 121.301 137.528 98.183
G 123.211 134.728 99.848
F 122.442 135.552 103.483
T 119.523 136.04 105.85
F 119.083 139.756 105.287
S 117.574 140.368 108.738
N 120.369 139.035 110.973
Y 122.796 141.611 109.569
K 123.317 145.326 110.0
M 123.51 147.207 106.693
N 125.545 150.187 105.492
W 125.751 152.641 102.619
V 129.305 153.668 101.706
R 130.485 155.772 98.786
Q 133.626 156.764 96.92
A 134.089 159.936 94.883
P 136.732 160.672 92.237
G 140.142 160.46 93.871
K 138.991 159.654 97.394
G 139.014 156.874 99.928
L 135.922 154.971 100.929
E 133.4 156.762 103.139
W 130.765 155.378 105.464
V 127.492 157.173 104.694
S 124.681 155.478 106.598
D 123.786 152.405 108.613
I 120.594 150.648 109.671
S 120.156 147.828 112.172
Q 118.725 144.316 111.998
S 115.236 145.422 113.029
G 115.094 148.801 111.31
A 114.839 151.218 114.241
S 118.426 152.118 115.08
I 119.724 154.414 112.339
S 122.93 156.381 111.932
Y 124.096 158.98 109.431
T 127.22 160.778 108.473
G 126.727 164.432 109.256
S 126.62 165.706 105.695
V 123.58 163.671 104.58
K 121.404 164.207 107.673
G 118.019 165.653 106.794
R 118.636 164.783 103.129
F 119.127 161.002 102.916
T 116.845 158.302 104.305
I 118.002 154.714 104.708
S 115.361 152.017 104.874
R 115.169 148.244 104.949
D 112.611 145.756 103.631
N 113.14 142.283 105.074
A 110.145 140.997 103.124
K 111.698 141.851 99.75
N 115.317 141.64 100.99
T 115.853 145.19 99.735
L 117.821 148.135 101.05
Y 116.888 151.659 100.016
L 118.506 155.055 100.206
Q 116.251 157.982 99.344
M 118.231 161.074 98.363
N 116.615 164.481 97.885
S 117.956 168.03 97.813
L 121.019 166.518 96.143
K 124.184 168.608 95.86
P 126.983 168.203 93.291
E 129.398 166.99 96.001
D 127.378 163.749 96.17
T 128.543 162.607 92.725
A 130.101 159.234 93.432
V 129.878 155.445 93.374
Y 127.557 154.044 96.035
Y 128.066 150.586 97.508
C 125.807 148.745 99.912
A 127.925 147.009 102.54
R 127.053 144.358 105.091
C 128.496 143.834 108.482
P 130.867 140.845 108.617
A 129.18 138.849 111.379
P 125.476 138.452 112.228
F 123.833 139.334 115.531
T 126.597 141.8 116.385
R 126.724 145.461 117.321
D 130.24 146.102 116.016
C 130.85 146.514 112.276
F 134.534 146.134 111.372
D 136.136 146.732 107.996
V 133.288 148.021 105.79
T 135.505 150.724 104.24
S 138.681 148.689 103.819
T 139.171 148.912 100.0
T 139.094 145.09 99.878
Y 136.082 144.1 102.024
A 134.419 141.027 100.563
Y 130.751 141.616 101.466
R 130.368 144.86 99.505
G 128.641 145.466 96.19
Q 130.019 146.697 92.894
G 128.187 150.004 93.22
T 125.943 152.395 91.343
Q 126.923 155.73 89.833
V 125.397 159.076 90.807
T 126.205 162.197 88.776
V 124.733 165.539 89.866
S 125.478 168.23 87.272
S 124.002 170.262 84.425
X 0 0 0
X 0 0 0
X 0 0 0
X 0 0 0
X 0 0 0
X 0 0 0
X 0 0 0
X 0 0 0
X 0 0 0
X 0 0 0
