Q 25.243 31.635 27.288
T 26.784 32.065 30.734
V 29.895 29.877 30.846
L 30.835 28.316 34.183
T 34.508 27.465 34.667
Q 35.552 25.023 37.385
S 38.933 24.857 39.085
P 40.799 22.74 39.535
S 39.781 20.118 36.965
S 41.4 17.263 38.984
L 42.229 16.508 42.624
S 43.966 13.741 44.57
V 43.603 14.325 48.312
S 44.167 12.14 51.404
V 41.184 10.84 53.374
G 40.026 13.394 55.942
D 41.583 16.347 54.152
R 39.837 19.325 52.589
V 38.762 19.575 48.968
T 37.762 23.038 47.682
I 36.321 23.351 44.167
T 35.667 26.715 42.493
C 32.999 27.695 39.974
R 33.308 30.996 38.111
A 30.464 32.335 35.966
S 31.306 34.597 32.991
S 28.407 36.75 34.215
S 26.783 37.108 37.639
V 24.227 34.433 38.563
T 21.66 34.186 41.359
Y 22.406 30.628 42.513
I 24.786 27.746 41.814
H 23.826 24.084 42.051
W 26.229 21.176 42.554
Y 25.843 17.587 41.345
Q 27.969 14.556 42.152
Q 28.674 11.869 39.54
K 29.974 8.601 40.989
P 31.512 6.083 38.513
G 28.947 4.333 36.324
L 26.102 6.318 37.882
A 24.05 9.318 36.753
P 24.643 12.722 38.35
K 22.857 13.33 41.671
S 21.863 16.573 43.405
L 24.378 17.421 46.109
I 23.888 21.135 46.891
Y 21.162 23.486 45.651
A 20.571 27.246 45.814
T 24.279 27.74 46.517
S 24.383 26.42 50.095
N 21.512 24.008 50.739
L 22.43 20.336 51.089
A 20.053 17.891 49.423
S 18.365 15.314 51.655
G 20.71 12.708 53.124
V 23.918 14.481 52.099
P 26.495 14.252 54.951
S 27.869 17.232 56.911
R 31.273 17.195 55.2
F 29.729 18.937 52.156
S 29.005 22.669 52.005
G 28.553 25.501 49.509
S 29.033 29.248 49.372
G 29.77 32.143 47.025
S 27.852 34.937 45.319
G 27.5 36.66 41.97
T 30.372 35.476 39.788
D 32.419 33.305 42.235
Y 31.256 30.095 43.909
T 32.702 27.397 46.155
F 31.951 23.744 46.954
T 33.749 22.152 49.909
I 34.346 18.675 51.368
S 35.94 19.281 54.771
S 36.839 15.663 55.527
L 37.211 13.762 52.224
Q 36.053 10.108 52.153
P 36.536 7.313 49.572
E 32.767 7.318 49.024
D 33.225 10.829 47.594
I 35.311 9.604 44.627
A 33.528 11.192 41.665
T 33.254 14.102 39.251
Y 31.435 17.186 40.559
Y 29.554 19.761 38.475
C 28.308 23.273 39.156
Q 25.173 24.534 37.373
H 23.251 27.786 36.869
W 19.709 28.449 35.517
S 19.949 32.248 35.662
S 20.351 32.533 31.894
K 19.225 30.638 28.798
P 20.28 27.99 28.482
P 21.248 26.579 31.886
T 24.858 25.422 31.582
F 27.213 23.267 33.653
G 30.915 23.619 34.437
Q 33.367 21.199 32.78
G 33.558 19.019 35.915
T 36.198 18.293 38.553
K 37.575 14.795 39.073
V 38.091 13.857 42.705
E 40.171 10.854 43.745
V 41.587 9.854 47.114
K 45.136 9.12 48.101
R 46.029 6.014 50.109
T 49.05 3.934 51.059
V 50.936 2.155 48.255
A 10.246 7.76 46.164
A 10.819 9.644 42.904
P 11.755 7.383 39.966
S 12.848 8.278 36.43
V 13.493 5.499 33.885
F 14.789 6.082 30.349
I 14.405 3.664 27.426
F 14.624 3.802 23.644
P 18.342 4.331 23.164
P 20.287 2.342 20.602
S 22.234 2.303 17.373
D 21.02 4.824 14.825
E 22.193 5.555 11.289
Q 23.577 9.111 10.67
L 20.755 11.454 9.59
K 18.201 9.105 11.147
S 15.434 9.371 13.721
G 14.996 7.966 17.214
T 12.52 8.467 20.051
A 13.449 8.147 23.741
S 10.944 7.712 26.585
V 11.079 8.488 30.318
V 8.569 6.729 32.567
C 8.076 8.37 35.973
L 6.584 7.331 39.342
L 6.534 8.288 43.014
N 5.387 11.888 42.483
N 2.575 13.838 40.774
F 3.775 13.927 37.168
Y 1.928 16.978 35.809
P 3.052 19.141 38.712
