D 54.268 17.202 182.843
I 51.915 16.213 185.64
K 48.389 17.075 184.502
M 45.954 18.596 187.016
T 42.285 17.94 186.291
Q 40.294 20.359 188.395
S 36.502 20.022 188.472
P 33.954 21.234 188.339
S 35.022 24.268 186.285
S 32.108 26.477 187.17
M 29.618 26.188 190.015
Y 26.382 27.987 190.754
T 26.087 28.19 194.547
S 24.137 29.771 197.364
L 25.527 31.74 200.277
G 25.692 29.442 203.288
E 26.128 26.268 201.204
R 28.894 23.718 201.554
V 31.133 23.558 198.474
T 33.602 20.849 197.387
I 36.197 21.372 194.625
T 38.581 18.634 193.354
C 41.944 18.075 191.648
K 43.092 14.693 190.314
A 46.8 14.489 189.39
S 48.065 12.388 186.475
Q 50.493 10.793 188.947
D 51.086 10.68 192.728
I 52.147 14.119 193.983
N 52.873 13.175 197.638
S 50.521 15.857 198.997
F 52.535 18.735 197.502
L 49.447 20.738 196.537
T 48.351 24.303 197.328
W 44.802 25.71 197.066
F 44.466 29.429 196.29
L 41.77 31.81 195.27
Q 41.778 34.787 192.973
K 39.237 37.615 192.97
P 38.742 39.8 189.913
G 41.614 42.219 189.593
K 43.405 40.879 192.667
S 46.437 38.648 193.106
P 46.229 35.06 194.239
K 45.771 34.305 197.951
T 46.882 30.856 199.143
L 44.375 29.156 201.436
I 45.928 25.733 201.991
Y 49.423 24.267 201.461
R 50.889 20.768 201.596
A 47.356 19.465 200.856
N 45.786 20.184 204.256
R 47.547 22.953 206.197
L 45.424 26.077 206.663
M 47.366 29.262 205.994
I 47.789 31.85 208.73
G 44.767 34.132 208.467
V 42.336 31.82 206.699
P 38.938 31.009 208.176
S 38.583 27.416 209.422
R 35.675 27.163 206.986
F 38.329 26.099 204.458
S 39.647 22.567 204.714
G 41.722 20.483 202.315
S 42.014 16.717 202.085
G 43.393 13.95 199.877
S 46.583 11.998 199.265
G 48.164 10.482 196.154
Q 46.129 11.672 193.194
T 42.777 12.97 194.42
Y 42.687 16.168 196.481
S 39.658 18.114 197.709
L 38.925 21.529 199.089
T 35.787 21.944 201.156
I 34.208 25.281 202.057
S 31.878 24.485 204.954
S 29.515 27.382 204.618
L 29.998 29.671 201.674
E 30.362 33.385 202.25
Y 30.081 36.361 199.916
E 33.85 37.086 200.295
D 34.708 33.587 199.031
M 33.451 34.365 195.524
G 36.14 34.222 192.88
I 38.129 31.577 191.098
Y 39.738 28.629 192.831
Y 42.872 26.855 191.581
C 45.075 23.991 192.751
L 48.876 23.865 192.369
Q 50.994 20.679 192.257
Y 54.576 21.454 193.377
D 55.816 17.898 193.69
D 57.764 18.027 190.418
F 58.847 20.501 187.751
P 57.357 21.991 185.848
L 54.856 23.313 188.401
T 51.341 22.896 186.933
F 47.949 24.427 187.7
G 44.348 23.199 187.397
A 42.046 25.039 185.044
G 40.357 26.948 187.888
T 36.869 26.619 189.38
K 34.546 29.575 188.969
L 31.963 30.207 191.647
D 28.863 32.241 191.085
L 25.679 32.909 192.996
K 22.666 31.046 191.603
R 19.479 33.073 190.989
A 16.223 32.826 189.008
D 56.217 34.882 206.913
A 55.667 38.382 205.504
A 55.586 39.298 201.843
P 56.722 39.667 198.24
T 56.899 43.112 196.641
V 57.019 43.399 192.85
S 58.093 46.283 190.627
I 55.534 48.499 188.908
F 53.639 48.264 185.594
P 55.898 48.026 182.568
P 55.108 49.458 179.108
S 57.629 48.152 176.517
S 58.246 48.152 172.787
E 58.356 44.976 170.698
Q 61.845 43.52 170.585
L 62.975 45.211 173.808
T 63.792 43.677 177.191
S 62.365 43.994 180.742
G 63.832 43.003 184.065
T 61.19 42.519 186.795
A 61.994 42.597 190.525
S 60.545 40.74 193.503
V 61.537 41.891 196.984
V 61.237 39.336 199.824
C 60.4 40.834 203.273
F 59.833 39.245 206.698
L 61.299 35.721 206.254
N 64.748 34.208 205.638
N 65.302 34.89 201.936
F 67.859 32.091 201.59
Y 65.632 29.247 202.782
