D 48.455 1.753 32.627
I 49.323 4.775 30.541
Q 46.068 6.614 29.879
M 45.892 8.037 26.35
T 43.669 11.053 25.818
Q 42.896 12.009 22.256
S 41.347 15.303 21.104
P 39.185 16.085 19.366
S 36.743 13.12 19.375
S 35.609 14.179 15.936
L 36.476 16.981 13.581
S 34.748 18.239 10.473
A 37.033 19.265 7.665
S 37.194 19.697 3.908
V 39.792 18.568 1.396
G 42.694 20.991 1.494
D 42.334 21.724 5.185
R 45.275 21.272 7.522
V 44.214 18.948 10.291
T 45.715 18.514 13.712
I 44.81 15.717 16.1
T 46.301 15.658 19.591
C 47.116 12.732 21.854
R 48.233 13.168 25.465
T 49.492 10.537 27.869
S 49.056 10.341 31.65
Q 52.814 9.784 32.019
S 55.87 10.216 29.823
I 56.207 7.679 27.052
S 59.211 9.58 25.634
S 58.466 9.79 21.918
Y 57.311 6.138 21.63
L 53.878 6.993 20.271
N 52.479 5.449 17.076
W 49.683 6.744 14.83
Y 47.29 4.46 13.019
Q 44.566 5.238 10.51
Q 41.504 3.029 10.189
K 38.62 3.139 7.761
P 35.254 1.417 8.307
G 35.475 -2.341 7.986
K 39.203 -2.366 7.401
A 42.222 -3.026 9.609
P 44.343 -0.228 11.095
K 47.285 1.0 9.036
L 50.565 2.27 10.522
L 51.212 5.877 9.579
I 53.815 7.165 12.006
Y 55.979 5.533 14.666
A 58.323 6.893 17.312
A 56.219 10.088 17.348
S 57.624 11.403 14.07
S 59.028 8.683 11.836
L 56.885 8.064 8.766
Q 56.108 4.477 7.873
S 57.196 3.373 4.387
G 54.62 4.442 1.812
V 52.748 6.922 4.027
P 52.22 10.223 2.145
S 54.375 13.152 3.24
R 51.335 15.236 4.109
F 51.337 13.256 7.348
S 53.661 14.235 10.159
G 53.897 13.853 13.891
S 55.75 15.526 16.692
G 55.832 15.686 20.449
S 57.549 13.966 23.326
G 56.867 12.838 26.846
T 53.169 13.531 27.205
D 51.948 15.66 24.31
F 51.95 14.451 20.735
T 50.096 15.677 17.671
L 49.407 14.34 14.186
T 49.104 16.843 11.396
I 47.715 16.293 7.948
S 49.032 19.293 6.038
S 46.167 19.088 3.562
L 43.327 16.573 3.827
Q 42.748 14.521 0.73
P 39.584 12.501 0.075
E 41.24 9.335 1.339
D 42.359 10.885 4.601
F 38.88 10.922 6.078
A 39.067 8.05 8.535
T 39.509 7.439 12.23
Y 42.946 7.926 13.762
Y 44.358 6.319 16.869
C 47.465 7.003 18.774
Q 49.242 4.231 20.628
Q 51.875 4.191 23.328
S 54.442 1.38 22.794
Y 56.619 2.532 25.683
S 55.237 0.088 28.274
A 53.196 -3.105 28.32
P 50.193 -3.051 28.201
R 50.193 -1.011 25.015
T 47.402 1.516 25.182
F 45.453 3.314 22.45
G 43.679 6.624 22.255
Q 39.917 6.582 21.849
G 40.239 7.714 18.249
T 39.547 10.916 16.338
K 37.059 10.712 13.523
V 37.805 13.118 10.71
E 34.56 13.615 8.87
I 33.711 15.568 5.727
K 32.537 19.114 6.425
R 29.091 19.652 5.062
T 26.363 22.289 5.192
V 23.826 22.003 7.996
A 52.996 -9.289 0.112
A 52.788 -9.648 3.884
P 49.521 -11.408 4.626
S 48.041 -12.259 8.009
V 44.77 -14.201 8.186
F 42.914 -14.802 11.41
I 40.384 -17.606 11.839
F 38.619 -19.396 14.663
P 36.07 -16.725 15.416
P 32.531 -17.778 16.186
S 29.469 -17.46 18.423
D 29.997 -18.853 21.89
E 28.385 -18.587 25.302
Q 30.075 -17.208 28.381
L 32.317 -19.645 30.219
K 33.144 -21.397 26.957
S 36.471 -21.4 25.109
G 37.666 -20.555 21.594
T 41.017 -20.768 19.772
A 42.123 -18.268 17.125
S 44.709 -18.787 14.41
V 46.637 -16.197 12.452
V 48.333 -17.574 9.386
C 51.276 -15.414 8.385
L 52.874 -15.333 4.963
L 55.065 -13.088 2.841
N 57.631 -12.504 5.589
N 59.954 -14.329 7.972
F 57.303 -15.036 10.593
Y 59.928 -16.448 12.988
