D 44.771 27.167 47.567
I 47.838 26.833 45.311
Q 47.304 27.618 41.676
M 49.157 25.742 38.99
T 49.658 27.526 35.674
Q 50.785 25.094 32.991
T 52.459 26.254 29.774
P 52.216 25.904 26.992
S 48.65 24.712 26.47
S 49.651 22.911 23.269
L 52.786 21.812 21.419
S 53.339 20.291 17.973
A 56.561 18.28 17.612
S 58.221 15.73 15.332
L 59.388 12.304 16.546
G 63.021 12.73 17.67
D 62.373 16.207 19.063
R 62.978 17.486 22.528
V 59.895 19.038 24.166
T 59.687 21.006 27.447
I 56.487 21.598 29.455
S 56.29 24.091 32.326
C 54.369 24.22 35.604
R 54.333 27.399 37.701
A 52.849 27.404 41.218
S 51.829 30.2 43.565
Q 54.096 29.259 46.534
D 57.277 27.348 47.159
I 55.53 23.994 46.573
S 58.803 22.627 47.975
H 59.804 20.319 45.098
Y 56.448 18.464 45.334
L 55.533 18.657 41.636
N 54.339 15.5 39.816
W 53.997 14.884 36.044
F 51.233 12.811 34.488
Q 50.454 11.6 30.974
Q 46.949 10.941 29.639
K 45.943 9.114 26.482
P 42.833 9.522 24.305
D 41.138 6.434 25.806
G 41.417 8.038 29.242
T 44.291 6.072 30.762
V 46.589 8.096 33.059
K 50.176 7.257 34.165
L 52.41 9.063 36.71
L 55.734 9.658 34.92
I 57.786 11.757 37.345
Y 57.362 12.79 40.981
Y 58.983 15.11 43.435
T 60.276 17.208 40.479
S 62.884 14.732 39.126
T 62.194 11.194 40.25
L 61.18 8.842 37.476
H 58.33 6.456 38.222
S 58.721 2.681 37.659
G 59.145 1.774 33.973
V 59.299 5.424 32.692
P 62.057 5.556 30.013
S 65.05 7.781 30.605
R 64.134 10.215 27.786
F 61.713 11.735 30.355
S 63.456 14.119 32.829
G 62.211 16.75 35.3
S 63.639 19.839 37.014
G 62.63 22.872 39.077
S 62.554 24.614 42.467
G 60.247 26.999 44.318
T 57.455 28.119 42.029
D 58.495 26.868 38.548
Y 59.021 23.251 37.4
S 59.634 21.608 34.024
L 59.247 18.3 32.247
T 61.585 17.459 29.366
I 60.993 14.693 26.87
S 63.962 13.977 24.573
N 63.927 11.735 21.509
L 60.157 12.066 21.186
E 58.441 8.81 20.253
E 54.995 8.106 18.884
E 53.769 6.773 22.261
D 54.542 10.18 23.846
I 51.853 12.004 21.816
A 49.357 12.636 24.591
F 47.976 15.091 27.125
Y 50.314 16.016 30.034
F 49.461 17.671 33.35
C 51.276 18.373 36.583
Q 50.069 18.081 40.148
Q 51.418 19.96 43.177
G 51.714 17.656 46.174
G 53.01 20.355 48.47
A 49.883 21.42 50.343
L 46.179 20.407 50.545
P 44.189 20.695 48.589
F 46.341 19.094 45.884
T 46.014 21.083 42.648
F 46.643 20.327 38.992
G 48.056 22.357 36.159
S 45.948 23.148 33.102
G 47.461 20.544 30.747
T 49.529 20.541 27.538
K 48.186 18.642 24.454
L 51.323 17.328 22.688
A 50.485 16.538 19.049
I 52.384 15.647 15.878
K 53.839 18.304 13.607
R 53.3 18.19 9.837
A 53.308 20.566 6.889
D 49.777 -5.544 37.887
A 49.342 -2.671 40.357
A 45.826 -1.818 39.039
P 42.749 0.218 40.014
T 39.504 -1.032 38.362
V 36.683 1.48 37.834
S 33.262 1.213 36.174
I 33.067 2.696 32.659
F 30.141 5.126 32.669
P 26.93 5.926 34.565
P 23.881 8.092 33.84
S 21.762 9.545 36.665
S 19.121 12.342 36.707
E 19.605 15.47 38.878
Q 18.695 14.955 42.55
L 19.884 11.459 43.52
T 23.337 10.302 44.376
S 25.772 7.778 42.903
G 28.343 5.54 44.603
G 31.489 5.162 42.461
A 33.817 2.218 43.13
S 37.59 1.808 42.912
V 38.698 -1.817 42.983
V 42.402 -2.133 43.756
C 43.915 -5.085 41.887
F 47.571 -6.119 42.298
L 48.661 -4.742 45.707
N 47.202 -4.24 49.219
N 46.176 -0.591 49.648
F 46.381 -0.226 53.435
Y 49.231 2.325 53.676
