F -9.441 31.472 36.139
A -9.948 34.795 37.948
V -8.996 37.928 36.086
V -8.261 41.271 37.788
T -9.364 44.217 35.663
Q -8.801 47.967 35.929
E -8.883 51.116 33.729
S -6.402 51.148 30.846
A -5.72 54.877 31.219
L -6.893 58.035 33.009
T -5.929 61.716 32.784
T -6.241 64.456 35.414
S -4.873 67.847 36.386
P -2.703 68.776 39.389
G -4.86 69.332 42.441
E -7.703 67.032 41.402
T -9.107 63.913 43.086
V -9.008 60.822 40.884
T -9.947 57.215 41.712
L -8.679 54.024 40.074
T -10.459 50.679 40.547
C -9.64 47.003 40.821
R -12.217 44.289 40.141
S -12.322 40.516 39.78
S -14.213 38.318 37.328
T -15.154 35.978 40.192
G -17.431 38.502 41.909
A -17.04 41.407 44.322
V -13.755 42.315 46.027
T -13.724 41.829 49.795
T -11.352 42.249 52.701
S -10.456 38.569 52.097
N -8.955 39.652 48.771
Y -6.32 41.815 50.493
A -6.018 44.369 47.675
I -2.435 45.529 47.144
W -1.411 48.649 45.143
V 2.008 49.345 43.572
Q 3.442 52.111 41.397
E 5.66 51.788 38.331
K 7.855 54.796 37.76
P 9.957 54.731 34.563
D 13.133 52.597 34.921
H 11.397 49.546 36.46
L 10.977 51.615 39.585
F 8.311 49.907 41.667
S 7.065 50.865 45.118
G 4.475 49.687 47.642
L 1.464 51.946 48.095
I -1.412 50.169 49.836
G -1.607 47.025 51.947
G -4.477 45.121 53.541
T -6.999 47.006 51.472
N -6.684 50.446 53.011
N -3.377 50.672 54.877
R -0.596 52.834 53.46
V 3.069 51.79 53.375
P 5.232 53.942 55.725
G 6.707 56.709 53.573
V 3.955 57.131 50.968
P 2.29 60.569 50.67
A -0.959 60.893 52.633
R -2.791 61.964 49.485
F -2.967 58.255 48.609
S -5.823 56.27 50.144
G -7.351 52.933 49.231
S -10.733 51.393 49.978
L -13.687 49.268 48.908
I -16.008 51.202 46.601
G -18.939 48.976 45.774
D -17.652 45.649 44.512
K -14.171 46.858 43.573
A -11.041 47.849 45.483
A -10.251 51.534 44.851
L -7.23 53.85 45.004
T -7.902 57.558 45.464
V -5.22 60.205 45.173
T -6.614 63.428 46.671
G -5.242 66.442 44.828
A -2.99 64.691 42.348
Q 0.457 66.15 41.653
T 2.656 66.08 38.545
E 5.082 63.524 40.102
D 2.198 61.042 40.338
E 2.072 60.379 36.59
A 2.947 56.688 36.592
I 1.546 53.192 36.059
Y -0.462 51.651 38.912
F -1.027 47.915 39.425
C -3.376 46.274 41.926
A -3.313 42.659 42.995
L -5.836 40.411 44.664
W -5.209 37.298 46.725
Y -7.393 34.225 46.059
S -6.681 31.77 48.918
N -3.202 30.645 47.856
H -2.07 33.04 45.127
W -1.928 36.649 43.905
V -3.266 37.72 40.523
F -2.089 41.153 39.418
G -4.16 43.417 37.215
G -3.012 44.871 33.917
G -2.147 48.4 35.021
T -3.445 51.962 34.825
K -1.537 54.688 33.022
L -2.369 57.695 35.178
T -1.33 60.906 33.441
V -1.34 64.084 35.565
L -1.248 67.066 33.169
G 2.111 68.762 33.671
Q 2.282 70.656 30.37
P -0.116 71.489 27.552
K 18.276 50.812 54.431
S 16.438 47.994 52.66
S 18.109 46.875 49.441
P 17.295 43.9 47.19
S 19.386 42.72 44.264
V 18.703 39.866 41.85
T 21.094 37.78 39.73
L 20.524 35.566 36.698
F 21.954 34.074 33.439
T 20.537 36.855 31.259
P 20.389 34.63 28.183
S 19.048 31.083 28.212
S 18.058 28.423 25.673
E 14.791 26.419 25.61
E 14.558 23.445 28.001
L 17.29 24.894 30.252
E 16.848 25.603 33.969
T 16.784 29.08 35.449
N 18.348 29.928 38.802
K 17.742 33.362 40.32
A 19.323 34.76 43.46
T 17.728 37.598 45.339
L 20.197 39.193 47.731
V 18.609 41.392 50.401
C 19.651 43.587 53.33
T 18.127 45.891 55.928
I 16.165 42.973 57.389
T 16.426 39.278 58.317
