D -10.429 50.468 133.587
I -12.161 52.418 136.342
K -13.078 55.966 135.389
M -13.114 58.716 137.947
T -15.559 61.409 136.967
Q -14.703 64.471 139.085
S -16.754 67.59 139.566
P -16.982 70.433 139.385
S -14.137 70.867 136.904
S -13.792 74.517 137.909
M -14.755 76.465 141.01
Y -14.654 80.146 141.836
T -14.527 80.442 145.639
S -14.34 83.047 148.408
L -12.052 82.851 151.423
G -13.835 81.255 154.369
E -16.348 79.469 152.146
R -17.342 75.789 152.426
V -16.095 73.772 149.423
T -17.411 70.365 148.275
I -15.538 68.465 145.569
T -17.048 65.201 144.292
C -15.68 62.082 142.59
K -17.796 59.32 141.09
A -16.239 55.95 140.174
S -17.482 53.943 137.187
Q -17.754 51.079 139.68
D -17.547 50.285 143.404
I -13.997 51.048 144.629
N -14.53 50.266 148.318
S -13.176 53.429 149.903
F -9.697 52.983 148.426
L -9.419 56.572 147.221
T -7.284 59.541 148.239
W -7.712 63.284 147.858
F -4.642 65.338 147.015
L -3.858 68.954 146.346
Q -1.311 70.255 143.884
K -0.104 73.843 143.452
P 1.527 75.315 140.311
G 5.053 73.977 139.916
K 4.72 72.03 143.159
S 4.213 68.316 143.9
P 1.043 66.56 145.131
K 0.177 66.782 148.84
T -2.346 64.176 150.026
L -5.154 65.452 152.221
I -6.975 62.254 152.993
Y -6.397 58.562 152.259
R -8.866 55.674 152.242
A -11.86 57.974 151.673
N -11.965 59.594 155.132
R -8.716 59.192 157.087
L -7.075 62.605 157.574
M -3.376 62.784 156.629
I -1.017 63.475 159.522
G -0.328 67.197 159.542
V -3.293 68.129 157.36
P -5.673 70.63 158.979
S -8.981 69.294 160.288
R -10.955 71.682 158.067
F -10.435 68.952 155.43
S -12.694 65.851 155.475
G -13.713 63.06 153.143
S -16.678 60.709 152.903
G -18.102 58.074 150.571
S -18.818 54.368 150.358
G -19.259 52.729 146.971
Q -19.029 54.846 143.86
T -19.546 58.319 145.301
Y -16.903 60.088 147.399
S -16.672 63.717 148.463
L -13.92 65.956 149.804
T -15.284 68.785 151.931
I -13.382 71.909 152.961
S -15.025 73.526 155.988
S -13.574 77.013 155.572
L -11.356 77.929 152.621
E -8.02 79.555 153.386
Y -5.59 81.228 150.977
E -3.184 78.294 151.398
D -5.794 76.052 149.767
M -5.938 77.473 146.22
G -4.63 74.948 143.73
I -6.001 71.937 141.902
Y -7.67 69.123 143.858
Y -7.54 65.556 142.557
C -9.003 62.21 143.621
L -7.106 58.947 143.194
Q -8.616 55.476 143.091
Y -6.325 52.587 144.0
D -8.778 49.76 144.444
D -7.733 48.147 141.191
F -4.981 48.675 138.601
P -4.476 50.643 136.525
L -4.526 53.438 139.084
T -6.818 56.191 137.818
F -7.168 59.846 138.725
G -10.084 62.222 138.371
A -9.81 65.161 135.961
G -9.467 67.476 138.969
T -11.087 70.699 140.087
K -9.428 74.089 139.846
L -10.163 76.444 142.737
D -9.638 80.177 142.205
L -10.436 83.307 144.228
K -13.57 85.088 143.051
R -13.629 88.799 142.157
A -15.638 91.053 139.831
D 9.065 60.716 159.173
A 7.301 60.206 155.817
A 9.559 60.834 152.838
P 10.375 60.062 149.24
T 13.219 61.926 147.551
V 13.782 61.628 143.842
S 16.861 62.017 141.715
I 17.658 65.298 139.955
F 16.42 66.705 136.643
P 17.402 64.739 133.531
P 18.265 66.072 130.083
S 18.527 63.191 127.639
S 18.805 62.764 123.87
E 16.111 60.966 121.893
Q 16.715 57.247 121.498
L 18.508 57.14 124.827
T 17.392 55.891 128.223
S 17.294 57.14 131.804
G 16.878 55.533 135.185
G 15.172 57.578 137.899
A 15.468 56.89 141.623
S 13.155 57.246 144.631
V 14.714 56.987 148.121
V 12.254 56.032 150.867
C 12.598 57.39 154.442
F 10.621 57.281 157.69
L 8.887 53.952 157.128
N 9.463 50.246 156.554
N 10.447 50.178 152.867
F 9.224 46.608 152.389
Y 5.676 47.032 153.685
