Q 56.734 41.411 37.628
I 54.958 43.819 35.252
V 53.805 46.827 37.258
M 50.964 48.971 35.955
T 51.02 52.73 36.279
Q 47.778 54.36 35.193
T 47.12 58.091 34.71
P 45.412 60.525 35.367
A 44.815 59.874 39.069
S 41.687 62.094 39.066
L 39.745 63.588 36.17
S 36.802 65.83 35.248
A 35.151 66.489 31.902
S 31.732 67.523 30.698
V 28.978 65.659 28.925
G 29.802 65.124 25.264
E 33.566 65.282 25.849
T 35.923 62.723 24.337
V 38.433 61.561 26.975
T 41.493 59.344 27.176
I 42.523 57.349 30.232
T 45.949 55.728 30.022
C 47.708 52.745 31.572
R 51.44 52.254 31.027
A 53.088 48.91 31.791
S 56.652 48.609 33.066
G 57.234 45.633 30.785
N 55.746 44.711 27.404
I 52.395 43.012 28.115
Y 51.803 42.003 24.472
N 48.226 43.354 24.386
Y 47.231 41.335 27.452
L 45.239 44.089 29.176
A 41.671 44.804 30.218
W 39.809 47.95 31.306
Y 37.206 47.944 34.098
Q 34.694 50.564 35.188
Q 33.73 50.423 38.857
K 30.781 52.567 39.793
Q 30.485 53.125 43.535
G 29.449 50.172 45.668
K 29.129 47.998 42.581
S 31.382 45.285 41.139
P 33.942 45.969 38.377
Q 32.476 45.88 34.902
L 34.559 44.514 32.06
L 34.635 46.963 29.204
V 37.577 45.935 27.087
Y 39.845 42.89 27.099
N 42.583 41.623 24.755
A 43.54 45.27 24.278
K 40.853 46.488 21.881
T 38.037 43.926 22.187
L 34.895 45.404 23.731
V 32.413 43.27 25.697
D 28.918 42.682 24.331
G 26.455 45.278 25.553
V 29.143 47.89 26.143
P 28.183 51.156 24.325
L 30.165 51.922 21.159
R 31.394 55.145 22.738
F 33.966 53.25 24.831
S 37.055 52.662 22.701
G 40.16 50.75 23.721
S 43.663 51.123 22.312
G 47.333 50.63 23.107
S 50.525 48.822 22.113
G 53.645 47.497 23.811
T 53.609 49.218 27.191
Q 51.257 52.139 26.534
Y 47.545 51.397 26.473
S 44.707 53.912 26.297
L 40.938 53.939 26.845
K 39.04 56.604 24.906
I 35.485 57.427 25.955
N 34.157 59.477 23.031
S 31.083 61.657 23.577
L 31.089 61.309 27.383
Q 27.688 60.59 28.954
P 26.47 61.226 32.555
E 26.479 57.53 33.419
D 30.172 57.25 32.544
F 31.291 58.603 35.912
G 33.301 56.491 38.355
N 36.607 54.658 38.661
Y 38.487 52.945 35.851
Y 41.217 50.362 36.209
C 43.437 48.44 33.826
H 44.164 44.743 34.29
H 47.357 43.159 33.036
F 47.424 39.422 32.419
W 50.473 38.749 30.269
N 51.788 36.741 33.203
T 51.48 36.456 36.963
P 50.725 38.242 39.029
Y 47.867 39.871 37.1
T 48.479 43.324 38.596
F 45.869 46.084 38.467
G 46.361 49.787 37.785
G 46.033 52.671 40.231
G 42.558 53.632 39.074
T 41.284 56.868 37.561
K 38.637 59.012 39.258
L 36.001 60.519 36.982
E 33.747 63.453 37.842
I 31.337 64.923 35.34
K 31.535 68.609 34.512
R 28.107 70.134 34.827
A 26.776 73.676 35.15
D 21.52 31.352 34.392
A 25.351 31.472 34.287
A 26.363 33.401 37.425
P 28.4 33.327 40.653
T 27.145 33.871 44.205
V 29.609 34.597 46.972
S 29.125 33.921 50.676
I 27.491 36.251 53.171
F 29.454 39.037 54.827
P 31.314 38.06 57.981
P 32.621 39.718 61.117
S 35.918 38.215 62.34
S 38.172 38.966 65.31
E 41.8 39.634 64.392
Q 43.933 36.508 64.072
L 41.238 34.088 62.917
T 40.678 32.605 59.442
S 37.828 32.734 56.927
G 36.745 30.37 54.197
G 34.825 32.29 51.549
A 32.61 30.283 49.204
S 31.978 31.481 45.651
V 29.325 29.259 44.05
V 29.084 29.301 40.249
C 25.756 28.367 38.644
F 24.94 27.504 35.058
L 28.405 26.211 34.106
N 31.336 24.121 35.361
N 34.473 25.467 37.015
F 36.587 22.457 35.937
Y 36.813 24.26 32.606
