D -14.262 0.31 -13.258
I -16.431 -1.299 -10.572
Q -16.334 1.081 -7.598
M -16.194 -0.583 -4.15
T -17.484 1.476 -1.204
Q -16.935 0.142 2.31
S -18.815 1.359 5.362
P -17.855 2.635 7.792
S -14.349 3.928 7.244
S -13.373 3.229 10.867
L -14.966 1.844 14.043
S -13.964 0.783 17.546
A -15.548 -1.903 19.659
S -14.804 -3.795 22.833
V -13.245 -7.229 23.122
G -16.043 -9.754 22.735
D -18.283 -7.409 20.719
R -19.798 -8.233 17.311
V -18.375 -6.099 14.494
T -20.075 -5.546 11.098
I -18.45 -4.042 7.989
T -20.269 -3.587 4.678
C -19.112 -3.231 1.092
R -21.119 -2.13 -1.956
A -20.068 -2.673 -5.564
S -21.274 -0.21 -8.189
R -22.777 -3.12 -10.138
D -23.366 -6.871 -9.807
I -20.186 -8.811 -9.011
K -21.821 -12.228 -8.721
S -20.283 -13.056 -5.38
Y -16.699 -12.823 -6.576
L -15.872 -10.838 -3.506
N -13.081 -11.502 -1.005
W -12.232 -9.898 2.368
Y -8.595 -9.339 3.383
Q -7.199 -8.239 6.743
Q -4.081 -6.117 6.913
K -2.141 -5.414 10.11
P 0.397 -2.566 10.215
G 3.53 -3.239 8.186
K 2.353 -6.58 6.84
A 0.98 -7.942 3.562
P -2.823 -8.498 3.585
K -4.159 -11.965 4.677
V -7.307 -13.446 3.187
L -10.243 -14.105 5.512
I -13.253 -14.835 3.246
Y -13.453 -15.786 -0.436
Y -16.414 -15.993 -2.849
A -18.439 -13.819 -0.492
T -19.228 -16.492 2.092
S -16.481 -19.073 2.357
L -13.999 -19.03 5.259
A -10.375 -19.336 4.113
E -8.24 -22.122 5.562
G -6.654 -21.273 8.919
V -8.967 -18.345 9.616
P -10.834 -18.305 12.992
S -14.538 -19.173 12.798
R -15.505 -15.87 14.397
F -15.076 -14.389 10.88
S -17.958 -14.834 8.457
G -19.084 -13.244 5.192
S -22.508 -12.893 3.604
G -24.077 -11.169 0.647
S -24.631 -11.418 -3.115
G -25.284 -9.066 -6.024
T -23.832 -5.691 -5.093
D -23.988 -5.811 -1.271
Y -21.65 -7.761 0.997
T -21.003 -7.934 4.743
L -18.099 -9.152 6.879
T -18.951 -10.102 10.428
I -16.577 -10.718 13.372
S -18.71 -12.392 16.061
S -16.459 -11.786 19.067
L -13.763 -9.19 18.501
Q -10.301 -10.073 19.89
P -7.316 -7.781 20.608
E -5.426 -9.322 17.695
D -8.247 -8.263 15.362
F -6.966 -4.712 15.227
A -6.273 -4.126 11.516
T -7.701 -2.545 8.396
Y -10.168 -4.74 6.486
Y -10.555 -4.519 2.67
C -13.066 -6.017 0.303
L -11.825 -6.966 -3.184
Q -14.028 -7.753 -6.183
H -12.518 -10.081 -8.755
G -15.609 -10.539 -10.847
E -14.023 -8.585 -13.734
S -10.927 -6.535 -14.588
P -9.662 -4.327 -13.282
W -9.923 -5.995 -9.848
T -10.892 -3.296 -7.336
F -10.568 -2.831 -3.579
G -12.813 -1.032 -1.149
Q -11.102 1.901 0.625
G -10.477 -0.072 3.813
T -12.185 -0.005 7.234
K -9.887 0.443 10.249
V -11.039 -1.49 13.307
E -9.742 -0.314 16.709
I -10.232 -2.07 20.06
K -11.975 -0.225 22.894
R -10.508 -1.027 26.327
T -10.293 0.284 29.905
V -8.373 3.497 30.598
A 7.267 -23.844 2.334
A 6.085 -21.373 -0.282
P 8.001 -18.076 -0.303
S 7.826 -14.857 -2.317
V 10.828 -12.589 -1.914
F 10.78 -9.157 -3.504
I 13.669 -6.866 -4.331
F 14.35 -3.736 -6.377
P 12.922 -1.216 -3.942
P 14.427 2.086 -2.961
S 14.806 5.599 -4.258
D 13.902 6.503 -7.871
E 14.014 9.895 -9.631
Q 10.783 11.462 -10.952
L 10.495 10.314 -14.567
K 12.661 7.292 -13.94
S 11.62 3.622 -13.753
G 10.996 1.031 -11.048
T 12.122 -2.563 -11.662
A 10.909 -5.028 -9.066
S 11.448 -8.757 -8.771
V 9.353 -11.35 -6.936
V 11.448 -14.528 -6.575
C 9.364 -17.584 -5.873
L 10.367 -20.747 -4.035
L 8.382 -23.79 -2.905
N 6.204 -23.857 -6.039
N 6.286 -23.137 -9.818
F 4.927 -19.718 -10.869
Y 3.898 -21.396 -14.128
