M 11.15 -1.225 -41.167
L 13.3 1.128 -39.079
A 16.164 3.03 -40.71
L 19.087 4.396 -38.683
T 21.721 5.912 -40.968
S 24.214 8.708 -40.31
R 26.858 10.37 -42.479
R 29.762 12.55 -41.334
L 32.678 14.576 -42.699
L 35.16 16.542 -40.599
L 38.338 16.575 -38.525
Q 39.445 13.513 -36.55
Q 40.795 13.6 -32.987
T 41.831 11.511 -29.963
F 42.31 8.228 -31.833
M 42.856 5.173 -29.639
R 42.277 1.416 -29.669
C 40.801 -0.785 -26.958
C 37.695 -2.797 -26.161
K 33.989 -2.128 -25.669
S 33.022 -4.66 -23.004
V 35.562 -7.05 -24.536
N 35.114 -5.952 -28.162
S 38.024 -4.889 -30.373
V 37.034 -1.308 -31.223
T 38.988 1.715 -32.43
L 37.055 4.69 -31.074
V 37.82 8.262 -32.134
G 36.247 11.68 -32.734
V 34.856 13.309 -35.871
V 34.195 17.051 -35.785
H 31.551 18.342 -38.189
D 31.449 22.14 -38.322
I 27.667 22.512 -38.46
Q 27.552 26.247 -39.181
S 28.712 35.189 -37.652
G 28.287 31.851 -35.885
F 30.387 28.716 -36.316
V 28.751 25.885 -34.372
Y 30.886 22.78 -33.845
E 30.035 19.218 -32.835
D 32.461 16.515 -31.704
A 31.068 13.073 -32.545
V 32.389 9.8 -31.149
T 33.021 7.026 -33.675
Q 33.214 3.453 -32.379
F 34.405 1.136 -35.146
T 33.72 -2.484 -34.192
L 35.213 -5.51 -35.931
T 38.265 -7.494 -34.836
T 39.896 -6.813 -38.199
T 38.025 -3.656 -39.175
S 39.169 -1.687 -36.123
I 42.809 -2.578 -36.775
D 42.27 -1.67 -40.425
T 40.979 1.734 -39.337
T 43.481 2.422 -36.546
H 46.328 2.283 -39.079
P 45.225 4.18 -42.199
T 43.367 6.714 -40.055
Q 45.618 9.362 -38.516
E 44.813 12.401 -36.382
V 44.023 15.598 -38.265
V 42.732 13.576 -41.207
V 39.431 14.685 -42.707
E 37.35 11.546 -43.209
K 33.77 10.494 -43.887
D 31.745 8.429 -41.419
H 28.887 6.193 -42.531
H 27.114 4.264 -39.775
T 24.359 3.896 -37.185
I 23.547 6.413 -34.467
R 23.582 4.434 -31.222
C 23.43 5.447 -27.559
F 24.513 3.358 -24.571
G 22.277 3.882 -21.497
E 24.852 3.683 -18.684
L 24.244 4.161 -14.957
F 27.06 6.202 -13.397
S 27.748 6.178 -9.621
A 25.399 9.178 -9.433
E 22.759 10.074 -9.668
V 19.066 9.425 -10.318
K 19.451 11.489 -13.492
Q 19.313 9.106 -16.454
K 21.741 10.013 -19.24
V 22.525 8.306 -22.552
K 25.896 8.002 -24.3
E 25.753 9.282 -27.915
G 28.202 7.605 -30.298
N 28.289 6.159 -33.816
V 28.531 2.398 -34.302
V 30.637 1.738 -37.396
C 31.03 -1.804 -38.721
V 31.056 -3.296 -42.249
N 29.311 -4.011 -44.444
G 27.066 -1.273 -43.047
R 29.548 1.129 -41.468
L 32.174 2.838 -43.617
R 35.283 4.985 -43.161
L 37.218 6.912 -45.816
S 40.134 9.33 -45.442
P 40.498 12.433 -47.62
Q 43.754 13.61 -49.197
L 45.013 16.421 -51.417
E 32.003 19.398 -42.794
P 28.813 17.58 -43.773
S 26.515 16.414 -40.98
C 23.526 14.303 -41.996
N 20.903 11.892 -40.663
K 18.048 9.711 -41.94
H 15.573 7.918 -39.692
F 12.487 5.721 -40.003
Y 10.348 4.397 -37.154
F 7.576 4.844 -34.601
P 6.772 8.268 -33.145
Y 6.139 8.963 -29.453
I 5.762 11.728 -26.863
Q 5.035 14.541 -29.324
V 5.312 17.939 -27.633
Q 5.452 21.633 -28.484
P 7.018 24.285 -26.273
P 10.09 26.495 -26.431
H 13.812 26.0 -26.319
G 15.523 29.01 -24.72
Q 13.186 31.457 -26.485
V 12.61 29.261 -29.55
A 9.41 27.526 -30.671
V 10.222 23.808 -30.787
I 8.263 20.583 -31.331
H 10.221 17.453 -30.413
G 9.302 13.758 -30.311
D 10.866 10.303 -29.936
R 11.628 8.092 -32.943
R 12.159 4.491 -31.834
T 14.265 2.535 -34.335
V 14.8 -1.22 -34.474
P 18.408 -2.174 -35.207
A 19.028 -5.928 -35.317
A 22.592 -6.1 -33.992
