G -34.492 62.592 -67.379
S -32.622 65.5 -68.974
Q -29.791 64.143 -71.178
N -26.992 66.552 -72.157
H -26.712 66.846 -75.956
H -23.608 65.633 -77.773
E -22.57 69.032 -79.188
V -22.924 70.56 -75.733
V -20.701 67.993 -74.035
K -18.328 68.309 -76.978
F -17.887 72.105 -76.918
M -17.787 72.252 -73.136
D -15.076 69.667 -72.676
V -12.737 70.981 -75.35
Y -9.308 72.454 -74.549
Q -9.698 75.91 -72.934
R -8.928 78.029 -69.864
S -11.012 76.951 -66.877
Y -11.034 77.993 -63.201
C -8.645 75.594 -61.51
H -7.689 75.264 -57.852
P -3.928 75.157 -57.673
I -1.86 74.032 -54.719
E 0.461 76.878 -53.772
T 3.319 74.759 -52.462
L 3.542 72.814 -55.714
V 4.127 76.18 -57.496
D 6.65 77.379 -54.898
I 8.206 74.41 -53.075
F 11.046 76.165 -51.284
Q 10.462 76.851 -47.578
E 9.251 73.404 -46.472
Y 8.821 74.59 -42.869
P 6.029 77.018 -43.744
D 2.44 76.393 -44.713
E 0.179 78.731 -46.673
I -3.391 79.672 -46.052
E -5.23 79.103 -48.146
Y -3.012 76.262 -49.297
I -4.495 76.537 -52.804
F -5.454 79.47 -55.082
K -8.007 79.897 -57.889
P -6.263 80.3 -61.26
S -7.416 80.192 -64.859
C -5.574 77.199 -66.296
V -5.822 75.173 -69.532
P -7.984 72.104 -69.168
L -10.231 69.753 -71.049
M -9.473 67.396 -73.884
R -8.116 67.415 -77.423
C -9.713 64.18 -78.579
G -6.499 62.888 -80.051
G -4.092 60.886 -77.905
C -1.269 62.808 -79.636
C -2.305 66.3 -78.587
N -2.305 68.045 -75.227
D -3.959 71.279 -74.138
E -1.24 73.755 -73.254
G -1.133 77.484 -72.489
L -0.028 79.772 -75.349
E -0.726 83.036 -73.581
C -0.081 83.745 -69.922
V -0.353 86.558 -67.392
P 0.525 87.387 -63.782
T -1.91 87.539 -60.911
E -1.057 88.699 -57.381
E -2.865 87.661 -54.17
S -2.723 88.116 -50.391
N -1.735 84.864 -48.683
I -1.124 84.033 -44.998
T 2.086 82.277 -44.133
M 2.185 80.08 -41.05
Q 4.909 78.609 -38.909
I 2.716 75.931 -37.297
M 2.65 76.801 -33.56
R 3.81 80.39 -34.05
I 1.682 83.132 -35.63
K 0.168 83.636 -39.06
P 1.299 86.626 -41.148
H -0.149 88.328 -44.197
Q 1.882 88.725 -47.373
G 1.689 88.522 -51.14
Q 2.385 85.989 -53.87
H 2.152 86.047 -57.645
I 1.08 83.287 -60.044
G 0.586 82.63 -63.771
E -2.849 82.292 -65.332
M -3.46 80.959 -68.809
S -5.176 83.45 -71.112
F -5.179 81.075 -74.078
L -4.895 77.346 -74.689
Q -4.398 75.041 -77.583
H -3.895 71.456 -78.648
N -0.276 70.764 -79.633
K 1.838 67.67 -80.472
C 3.072 65.9 -77.322
E 11.947 103.302 -53.143
C 12.149 101.022 -56.178
R 13.059 102.324 -59.602
P 12.927 100.402 -62.851
K 14.908 102.209 -65.56
K 13.897 100.995 -69.045
D 15.68 101.436 -72.388
R 16.024 99.918 -75.868
A 12.748 100.415 -77.706
R 12.1 101.861 -81.139
X 0 0 0
X 0 0 0
X 0 0 0
X 0 0 0
X 0 0 0
X 0 0 0
X 0 0 0
X 0 0 0
X 0 0 0
X 0 0 0
X 0 0 0
X 0 0 0
X 0 0 0
X 0 0 0
X 0 0 0
X 0 0 0
X 0 0 0
X 0 0 0
X 0 0 0
X 0 0 0
X 0 0 0
X 0 0 0
X 0 0 0
X 0 0 0
X 0 0 0
X 0 0 0
X 0 0 0
X 0 0 0
X 0 0 0
X 0 0 0
X 0 0 0
X 0 0 0
X 0 0 0
X 0 0 0
