Q 46.308 79.056 22.412
V 48.302 78.077 19.331
Q 47.983 80.853 16.732
L 48.347 80.241 12.996
Q 49.699 82.926 10.704
E 49.416 82.62 6.912
S 51.542 84.402 4.35
G 52.403 84.383 0.664
G 49.064 85.292 -0.876
G 48.956 87.575 -3.893
L 47.833 87.981 -7.487
V 49.346 85.865 -10.272
Q 48.444 84.903 -13.833
A 46.909 81.583 -14.853
G 49.639 78.954 -15.211
A 51.898 80.567 -12.613
S 52.909 79.158 -9.236
L 52.536 80.58 -5.724
R 53.86 79.38 -2.367
L 51.827 79.796 0.8
S 53.277 79.412 4.281
S 53.288 79.43 4.277
C 51.775 78.886 7.726
A 53.592 79.472 10.999
A 52.369 78.272 14.392
S 53.006 80.408 17.481
E 53.768 77.36 19.644
R 55.342 74.018 18.729
L 52.879 71.394 17.467
T 53.044 67.871 18.891
V 53.33 64.71 16.801
D 49.586 64.055 17.271
Y 48.629 67.157 15.262
A 47.847 67.712 11.587
I 48.04 71.063 9.851
G 46.574 72.077 6.508
W 44.718 74.453 4.209
F 41.09 75.13 3.419
R 39.932 77.741 0.933
Q 36.787 79.741 0.389
A 35.789 81.768 -2.665
P 33.093 84.471 -2.626
G 29.616 82.967 -2.242
K 30.913 79.405 -1.959
E 31.388 76.993 0.909
R 34.804 76.462 2.448
E 36.583 73.457 0.955
F 39.537 71.28 1.889
V 42.809 71.813 -0.021
A 45.62 69.861 1.671
A 46.768 68.442 5.009
I 49.94 66.965 6.455
S 50.369 64.952 9.665
W 52.804 66.66 12.024
G 54.524 63.524 13.297
G 54.315 61.245 10.28
G 54.56 63.859 7.53
L 51.904 61.975 5.531
T 49.692 63.985 3.17
V 46.233 64.129 1.589
Y 44.81 66.518 -1.039
G 41.471 67.91 -2.183
E 40.391 66.334 -5.466
S 40.569 69.577 -7.463
V 44.249 70.14 -6.61
E 45.766 66.613 -6.787
G 49.073 66.634 -8.654
R 49.319 70.427 -8.803
F 49.831 71.371 -5.127
T 52.391 70.019 -2.649
I 52.171 70.362 1.116
S 55.263 69.987 3.326
R 56.277 70.901 6.89
D 59.437 71.556 8.84
I 59.385 70.382 12.458
A 62.368 72.462 13.563
K 61.078 75.738 12.084
N 57.512 74.911 13.197
T 56.192 75.904 9.769
M 54.154 74.349 6.968
N 54.152 75.295 3.267
L 51.865 74.775 0.266
Q 53.569 74.952 -3.125
M 50.776 75.669 -5.622
N 51.512 75.024 -9.306
V 49.745 75.459 -12.65
L 47.252 77.789 -11.006
R 43.827 78.116 -12.621
P 41.364 80.994 -12.252
E 39.044 78.793 -10.136
D 41.846 78.475 -7.549
T 40.994 82.068 -6.567
A 39.963 82.145 -2.887
N 40.877 83.176 0.612
Y 43.177 80.393 1.843
Y 43.038 79.502 5.553
C 45.598 77.549 7.569
A 44.141 75.15 10.175
A 45.496 72.687 12.755
S 43.871 69.955 14.797
R 44.341 66.621 16.541
I 41.9 65.185 13.994
S 43.643 62.61 11.78
Y 44.972 64.191 8.563
A 43.24 61.491 6.502
V 39.772 62.623 7.657
W 40.299 66.318 6.78
N 38.868 65.873 3.292
T 35.46 65.018 4.784
I 35.43 66.483 8.321
P 33.101 69.456 8.807
Y 35.6 72.322 8.992
N 34.235 73.858 12.207
K 35.391 70.739 14.077
L 38.941 72.03 13.661
T 39.41 74.761 16.266
L 42.749 76.343 15.389
W 42.372 78.651 12.387
G 44.388 81.43 10.812
R 42.719 84.553 9.418
G 43.324 83.64 5.781
T 45.509 84.897 2.933
Q 44.017 85.987 -0.383
V 45.031 84.216 -3.587
T 43.876 85.629 -6.912
V 44.59 83.951 -10.237
S 43.733 86.021 -13.306
S 43.071 85.17 -16.923
H 43.259 88.94 -17.456
X 0 0 0
X 0 0 0
X 0 0 0
X 0 0 0
X 0 0 0
X 0 0 0
X 0 0 0
X 0 0 0
X 0 0 0
X 0 0 0
X 0 0 0
