Q -8.982 -21.732 34.866
V -7.365 -19.574 37.552
Q -8.848 -17.473 40.35
L -7.024 -14.443 41.757
Q -7.823 -13.544 45.359
E -6.817 -10.39 47.217
S -6.156 -9.45 50.842
G -5.378 -6.588 53.207
G -8.705 -4.84 52.652
G -9.6 -2.667 55.631
L -9.884 0.74 57.306
V -7.068 3.271 57.714
Q -6.791 6.919 58.787
A -5.217 9.559 56.541
G -1.439 9.178 56.561
D -1.328 5.466 57.349
S -0.405 2.602 55.018
L -1.554 -0.826 53.845
R -0.358 -3.952 52.042
L -2.689 -5.553 49.493
S -1.653 -9.045 48.4
C -2.819 -10.773 45.223
A -2.5 -14.548 45.045
A -3.081 -16.505 41.841
S -4.051 -20.18 41.867
G -2.277 -23.049 40.158
F -2.287 -22.842 36.374
D -1.813 -25.496 33.662
F 1.261 -25.234 31.385
D 1.337 -21.438 31.471
N 4.067 -20.198 33.772
F 3.387 -17.435 36.308
D 6.522 -16.025 34.713
D 4.52 -15.685 31.468
Y 2.001 -13.346 33.136
A 2.124 -9.608 33.866
I 0.046 -8.465 36.838
G -1.676 -5.139 37.542
W -3.823 -3.577 40.268
F -7.047 -1.754 39.42
R -9.207 0.358 41.725
Q -12.932 0.873 41.182
A -14.553 3.821 42.956
P -18.355 4.306 43.294
G -19.622 4.922 39.761
Q -16.112 5.768 38.577
E -14.309 4.099 35.671
R -12.008 1.154 36.389
E -8.698 3.042 36.336
G -5.298 1.365 36.581
V -3.039 2.085 39.546
S 0.105 0.099 38.748
C 1.482 -2.993 37.021
I 4.479 -5.298 37.402
D 6.185 -7.812 35.125
P 7.542 -10.539 37.45
S 9.7 -12.177 34.758
D 11.568 -8.945 34.089
G 10.967 -7.153 37.381
S 9.905 -4.078 35.42
T 7.665 -1.66 37.328
I 5.134 0.554 35.544
Y 3.162 2.984 37.716
A 0.337 5.376 36.861
D 0.872 9.143 37.045
S -1.577 9.362 39.957
A 0.065 6.914 42.367
K 3.756 7.513 41.663
G 5.937 7.963 44.74
R 3.516 6.438 47.241
F 2.753 2.978 45.873
T 5.348 0.203 45.666
I 4.803 -3.174 44.004
S 6.752 -6.444 43.938
S 6.259 -10.211 44.08
D 7.566 -13.623 45.094
N 8.345 -15.546 41.898
A 8.683 -18.88 43.7
E 5.448 -18.359 45.633
N 3.569 -16.998 42.606
T 2.059 -14.158 44.638
V 2.332 -10.387 44.214
Y 2.406 -7.661 46.864
L 1.326 -4.038 46.474
Q 2.094 -1.813 49.449
M 0.566 1.663 49.484
N 1.81 4.405 51.796
S 0.564 7.851 52.853
L -2.995 7.179 51.692
K -5.768 9.724 51.18
P -9.578 9.469 51.407
E -9.494 9.728 47.604
D -8.196 6.165 47.469
T -11.445 4.564 48.616
A -12.182 1.917 45.989
V -12.468 -1.811 45.323
Y -9.028 -3.15 44.423
V -8.991 -6.016 41.921
C -6.06 -7.988 40.516
S -5.602 -8.418 36.762
A -3.237 -10.589 34.748
W -2.59 -10.341 31.021
T -0.618 -12.714 28.844
L 1.483 -10.748 26.336
F -0.705 -8.972 23.726
H -3.815 -9.302 25.954
S -4.795 -12.919 25.404
D -5.504 -14.912 28.601
E -6.506 -11.889 30.633
Y -7.953 -12.379 34.081
W -9.669 -10.285 36.714
G -10.174 -11.139 40.369
Q -12.859 -10.593 42.99
G -11.44 -7.521 44.704
T -11.019 -6.182 48.229
Q -12.472 -3.032 49.785
V -10.079 -0.326 50.973
T -11.693 2.577 52.828
V -9.723 5.573 54.105
S -11.068 7.674 56.985
S -10.638 11.375 57.803
X 0 0 0
X 0 0 0
X 0 0 0
X 0 0 0
X 0 0 0
X 0 0 0
X 0 0 0
X 0 0 0
X 0 0 0
X 0 0 0
X 0 0 0
X 0 0 0
X 0 0 0
X 0 0 0
X 0 0 0
X 0 0 0
X 0 0 0
X 0 0 0
X 0 0 0
