V 67.834 -42.805 150.915
Q 67.875 -44.951 147.752
L 70.211 -44.8 144.803
Q 69.599 -46.479 141.508
E 71.811 -46.31 138.46
S 70.908 -47.61 135.002
G 71.862 -46.901 131.386
G 75.216 -48.637 131.121
G 76.336 -51.283 128.688
L 79.065 -52.431 126.329
V 80.48 -50.057 123.645
Q 83.174 -49.616 121.049
P 85.632 -46.823 121.592
G 84.392 -43.413 120.581
G 80.968 -44.529 121.755
S 78.737 -42.526 124.041
L 76.271 -43.484 126.847
R 73.714 -41.807 129.063
L 73.841 -42.937 132.687
S 70.831 -42.244 134.915
C 70.372 -42.245 138.655
A 67.048 -42.032 140.428
A 67.765 -40.676 143.861
S 65.415 -40.376 146.789
G 64.581 -36.807 147.639
S 66.291 -37.148 151.018
I 69.495 -37.818 149.142
F 69.02 -35.4 146.313
S 67.196 -32.389 147.49
G 69.357 -29.396 148.241
N 72.472 -31.557 147.91
V 75.502 -31.628 145.724
M 75.256 -34.869 143.728
G 78.01 -36.707 141.928
W 79.146 -39.696 139.9
Y 81.751 -42.306 140.787
R 83.336 -45.311 139.082
Q 85.224 -48.355 140.233
A 87.557 -50.033 137.725
P 88.885 -53.606 138.14
G 91.798 -53.607 140.627
K 91.067 -50.049 141.827
L 89.0 -48.334 144.434
R 86.135 -45.994 143.774
E 87.314 -42.766 142.177
W 85.234 -39.598 142.087
V 84.289 -38.593 138.568
A 82.055 -35.498 138.705
A 79.792 -33.389 140.834
I 77.164 -30.692 140.379
T 75.695 -28.299 142.929
P 72.025 -27.843 143.489
Q 72.303 -24.724 141.234
G 73.708 -26.733 138.392
V 77.394 -25.794 138.618
P 79.278 -28.916 137.406
N 82.905 -29.916 137.986
Y 84.899 -32.904 136.818
A 87.921 -35.05 137.389
D 90.899 -34.403 135.076
S 90.554 -37.975 133.743
V 87.143 -37.07 132.15
K 86.931 -33.294 131.651
G 85.888 -32.415 128.123
R 84.365 -35.861 127.55
F 81.652 -36.245 130.244
T 78.721 -34.02 131.217
I 76.823 -34.119 134.473
S 73.347 -32.69 134.905
R 70.44 -32.856 137.318
D 66.707 -32.547 136.952
N 65.725 -30.834 140.206
A 62.04 -31.594 139.635
K 62.487 -35.351 139.175
N 65.317 -36.105 141.674
M 67.28 -37.439 138.749
L 70.969 -37.319 137.908
Y 72.607 -38.019 134.557
L 76.033 -38.582 133.12
Q 76.427 -37.972 129.441
M 79.557 -39.849 128.455
S 81.327 -39.24 125.108
S 84.566 -40.408 123.504
L 84.826 -43.531 125.624
K 88.244 -45.15 126.041
P 88.857 -48.65 127.409
E 90.181 -46.825 130.532
D 86.603 -45.8 131.389
T 85.523 -49.433 131.915
A 83.989 -49.587 135.392
L 80.932 -49.94 137.579
Y 79.436 -46.469 137.745
Y 77.767 -45.178 140.911
C 75.829 -42.089 141.882
N 75.598 -40.479 145.335
R 75.372 -37.218 147.179
L 78.386 -35.304 148.401
P 79.37 -35.979 151.07
N 78.3 -39.59 150.502
Y 75.368 -41.533 151.914
R 77.1 -44.61 153.302
S 74.906 -47.184 151.496
W 75.72 -47.253 147.826
G 73.365 -48.293 145.042
Q 73.961 -51.282 142.797
G 75.779 -49.192 140.192
T 75.675 -49.816 136.414
Q 78.348 -51.618 134.441
V 80.1 -49.748 131.659
T 82.429 -51.844 129.518
V 84.457 -50.303 126.652
S 86.343 -52.6 124.212
S 87.381 -52.451 120.521
H 86.079 -53.693 117.035
X 0 0 0
X 0 0 0
X 0 0 0
X 0 0 0
X 0 0 0
X 0 0 0
X 0 0 0
X 0 0 0
X 0 0 0
X 0 0 0
X 0 0 0
X 0 0 0
X 0 0 0
X 0 0 0
X 0 0 0
X 0 0 0
X 0 0 0
X 0 0 0
X 0 0 0
X 0 0 0
X 0 0 0
X 0 0 0
X 0 0 0
X 0 0 0
X 0 0 0
X 0 0 0
