Q 6.587 -16.746 -23.953
V 5.109 -20.032 -25.15
Q 6.886 -23.042 -23.618
L 6.466 -26.844 -23.999
V 7.836 -28.091 -20.57
E 8.987 -31.774 -20.541
S 8.863 -33.978 -17.34
G 10.262 -37.437 -16.81
G 13.067 -39.764 -17.706
G 15.012 -42.445 -15.902
L 16.52 -45.925 -15.806
V 13.908 -48.709 -16.183
Q 14.351 -52.525 -16.036
A 13.432 -54.58 -19.196
G 9.671 -55.309 -19.232
G 9.035 -52.266 -17.012
S 6.908 -49.141 -17.464
L 7.519 -45.418 -17.696
R 5.227 -42.436 -18.261
L 6.599 -39.16 -19.759
S 4.678 -35.863 -19.846
C 4.769 -32.296 -21.283
T 2.807 -29.295 -20.155
A 2.415 -26.293 -22.495
S 2.194 -22.727 -21.161
G 1.525 -19.305 -22.693
R -1.28 -20.323 -25.093
T -3.679 -23.257 -25.65
F -2.062 -26.155 -27.615
S -5.573 -27.726 -28.182
D -5.106 -26.213 -31.692
Y -2.115 -28.483 -32.348
D -1.399 -32.059 -33.229
M 1.301 -33.439 -30.924
A 3.964 -36.14 -31.128
W 6.726 -37.964 -29.319
F 10.114 -38.406 -30.945
R 13.104 -40.425 -29.812
Q 16.774 -40.324 -30.644
A 18.681 -43.543 -29.921
P 22.543 -43.559 -29.671
G 24.094 -42.845 -33.09
K 20.676 -42.358 -34.776
E 18.476 -39.464 -35.985
R 15.559 -38.218 -33.936
D 12.455 -40.008 -35.298
R 8.695 -39.754 -34.655
V 7.501 -42.66 -32.557
S 3.884 -41.559 -31.705
S 3.901 -41.553 -31.7
A 1.421 -38.842 -32.859
I -1.985 -37.584 -31.681
S -4.739 -35.354 -33.202
T -6.01 -32.063 -31.558
K -8.666 -33.816 -29.371
G -6.95 -37.227 -29.38
G -9.569 -38.887 -31.622
S -6.719 -40.186 -33.83
T -3.363 -41.718 -32.869
W -0.371 -43.024 -34.847
Y 2.487 -45.324 -33.695
H 5.81 -46.376 -35.142
D 5.674 -50.207 -35.841
S 8.308 -51.022 -33.123
V 6.15 -49.409 -30.31
K 2.559 -50.311 -31.431
G 0.692 -52.18 -28.653
R 3.284 -51.153 -26.04
F 3.217 -47.28 -26.131
T 0.163 -44.979 -25.612
I 0.117 -41.284 -26.516
S -2.762 -39.427 -24.794
R -3.474 -35.743 -24.093
D -5.421 -33.83 -21.389
N -6.461 -30.502 -23.156
A -7.994 -29.08 -19.959
K -4.416 -29.183 -18.545
N -2.543 -28.29 -21.844
T -0.698 -31.61 -21.167
V 0.415 -34.575 -23.347
Y 1.621 -38.012 -22.164
L 3.587 -41.006 -23.415
Q 2.861 -44.226 -21.49
M 5.555 -46.815 -22.284
N 4.866 -50.438 -21.238
S 6.997 -53.619 -21.722
L 10.164 -51.507 -22.261
K 13.036 -53.176 -24.216
P 16.788 -52.135 -24.354
E 15.947 -51.126 -28.008
D 13.812 -48.209 -26.554
T 16.913 -46.512 -24.961
A 16.882 -42.912 -26.312
V 16.35 -39.208 -25.522
Y 12.574 -38.624 -25.847
Y 11.091 -35.323 -26.969
C 7.509 -34.148 -27.056
A 6.526 -31.82 -29.958
A 3.465 -29.77 -30.953
G 2.169 -27.874 -33.98
A 2.583 -30.074 -37.073
V 3.978 -28.565 -40.298
T 4.585 -30.425 -43.548
Y 6.749 -29.122 -46.478
Y 7.187 -32.503 -48.168
S 4.415 -35.135 -48.169
A 4.407 -37.373 -45.03
R 7.36 -35.497 -43.39
Y 6.332 -33.649 -40.263
E 8.135 -30.748 -38.642
Y 6.955 -29.281 -35.322
D 6.667 -25.663 -34.028
Y 7.388 -26.474 -30.33
W 9.66 -29.006 -28.672
G 10.373 -30.271 -25.132
Q 14.009 -30.065 -23.936
G 14.369 -33.867 -24.169
T 14.835 -36.524 -21.487
Q 16.895 -39.712 -21.367
V 15.133 -43.083 -21.018
T 17.398 -46.103 -20.554
V 16.167 -49.719 -20.465
S 18.637 -52.184 -18.868
S 18.99 -55.82 -20.189
X 0 0 0
X 0 0 0
X 0 0 0
X 0 0 0
X 0 0 0
X 0 0 0
X 0 0 0
X 0 0 0
X 0 0 0
X 0 0 0
X 0 0 0
X 0 0 0
X 0 0 0
X 0 0 0
X 0 0 0
X 0 0 0
