M 52.014 12.825 80.908
Q 54.727 15.361 80.055
V 56.316 15.51 76.605
Q 59.373 17.489 75.514
L 60.103 18.58 71.933
V 63.287 19.888 70.284
E 63.247 20.918 66.612
S 66.34 21.549 64.497
G 67.575 21.66 60.912
G 66.388 25.086 59.751
G 68.343 27.95 58.286
L 68.68 30.279 55.328
V 68.071 28.535 52.003
Q 67.752 29.731 48.413
A 64.492 29.311 46.501
G 64.15 25.836 45.05
G 66.648 24.483 47.57
S 66.067 21.822 50.181
L 66.164 21.318 53.941
R 65.571 18.49 56.422
L 64.07 19.302 59.811
S 64.44 16.962 62.784
C 62.206 16.596 65.842
V 63.433 14.608 68.851
V 60.636 13.684 71.263
S 60.749 12.431 74.842
G 58.959 9.446 76.312
S 57.02 7.324 73.826
A 55.041 9.926 71.894
V 56.36 9.206 68.385
S 55.291 5.557 68.641
D 52.043 6.137 70.565
Y 50.528 9.274 69.005
A 50.171 10.627 65.504
M 52.86 13.238 64.898
G 52.712 16.361 62.774
W 54.887 19.213 61.579
Y 53.493 22.73 61.941
R 54.61 26.059 60.518
Q 53.748 29.596 61.603
A 54.358 32.228 58.946
P 54.873 35.87 59.986
G 51.514 37.229 61.091
K 49.691 33.897 60.797
Q 48.989 31.141 63.327
R 50.405 27.63 63.308
E 49.005 25.395 60.57
L 49.43 21.651 60.148
V 51.347 20.878 56.952
A 52.322 17.208 57.344
A 51.101 14.414 59.616
I 52.418 10.881 60.149
Y 50.354 8.102 61.721
N 51.046 4.88 63.604
S 50.845 2.913 60.342
G 53.606 5.054 58.857
R 51.025 6.537 56.489
T 51.219 10.275 55.859
N 48.887 13.136 54.981
Y 49.769 16.602 53.695
V 48.12 19.926 52.959
D 47.544 20.565 49.249
S 50.248 23.245 49.03
V 53.055 20.871 50.099
K 52.164 17.648 48.273
G 55.163 16.708 46.16
R 57.473 19.152 47.966
F 57.403 18.031 51.616
T 57.917 14.525 52.991
I 57.344 13.533 56.625
S 58.775 10.395 58.229
K 59.594 9.07 61.686
D 61.902 6.656 63.5
N 60.37 5.178 66.649
A 63.681 3.787 67.923
K 65.255 7.255 67.604
K 62.086 9.069 68.788
T 62.549 11.447 65.859
V 60.169 12.973 63.307
Y 61.693 14.167 60.028
L 60.463 16.723 57.483
Q 62.191 16.762 54.094
M 61.428 20.121 52.443
N 62.067 20.444 48.699
C 61.163 23.079 46.096
L 61.077 25.79 48.729
K 59.098 29.006 48.221
P 58.964 32.268 50.207
E 55.601 31.06 51.518
D 57.597 28.333 53.304
T 59.392 30.988 55.378
A 58.214 30.383 58.945
D 59.034 28.891 62.321
Y 58.515 25.131 62.092
F 57.278 23.083 65.048
C 56.431 19.456 65.71
N 53.87 18.228 68.224
L 51.263 15.605 68.976
L 48.313 15.72 66.595
G 45.999 16.11 69.626
A 47.864 18.231 72.194
T 44.797 20.457 72.675
T 43.449 17.765 75.019
M 46.528 18.051 77.251
S 46.415 20.885 79.786
N 50.214 21.239 79.509
A 50.316 23.337 76.344
V 53.957 22.576 75.545
W 55.171 23.864 72.198
G 58.868 23.731 71.417
Q 61.106 26.623 70.496
G 60.815 25.534 66.867
T 63.293 26.013 64.053
Q 63.38 29.041 61.765
V 63.295 28.627 57.977
T 63.99 31.545 55.622
V 63.726 31.302 51.828
S 65.531 33.892 49.701
S 65.18 34.787 46.009
H 68.071 33.298 43.981
X 0 0 0
X 0 0 0
X 0 0 0
X 0 0 0
X 0 0 0
X 0 0 0
X 0 0 0
X 0 0 0
X 0 0 0
X 0 0 0
X 0 0 0
X 0 0 0
X 0 0 0
X 0 0 0
X 0 0 0
X 0 0 0
X 0 0 0
X 0 0 0
X 0 0 0
X 0 0 0
