Q 16.625 -59.332 209.92
V 13.751 -60.476 207.729
Q 10.91 -62.092 209.631
L 7.269 -62.885 209.136
Q 4.884 -63.703 211.926
E 1.38 -64.887 211.266
S -1.267 -64.73 213.951
G -5.016 -64.994 214.338
G -5.442 -68.715 213.813
G -8.063 -70.579 215.783
L -11.202 -72.68 215.613
V -13.947 -71.115 213.525
Q -17.428 -72.449 212.872
P -18.505 -72.851 209.249
G -19.908 -69.609 207.847
G -17.846 -67.711 210.408
S -15.224 -65.029 209.855
L -11.604 -64.662 210.91
R -8.782 -62.12 210.438
L -5.103 -63.051 210.165
S -2.218 -60.64 210.652
C 1.287 -60.774 209.195
A 3.92 -58.542 210.808
A 6.861 -57.652 208.551
S 10.249 -56.795 210.088
G 13.646 -56.441 208.4
F 12.699 -55.117 204.951
T 10.616 -52.589 203.128
L 7.219 -53.522 201.787
D 7.247 -50.974 199.028
Y 9.806 -53.038 197.161
Y 8.06 -56.366 197.732
Y 4.945 -58.427 197.131
I 3.175 -59.911 200.155
G 1.234 -63.12 199.806
W -0.992 -65.375 201.846
F -0.672 -69.081 201.154
R -2.29 -72.107 202.722
Q -1.651 -75.834 202.993
A -4.505 -78.211 203.89
P -3.671 -81.742 205.141
G -2.096 -83.981 202.481
K -2.488 -81.315 199.825
E 0.089 -79.128 198.044
R 0.454 -75.53 199.267
E -1.561 -72.99 197.255
A -1.857 -69.213 196.906
V -4.758 -67.305 198.474
S -3.901 -63.586 198.179
C -1.158 -61.277 196.864
I -0.719 -57.552 197.229
S 1.701 -55.027 195.771
G 3.669 -53.136 198.367
S 3.777 -50.068 196.143
S 0.389 -49.845 194.392
G -1.748 -51.958 196.712
S -3.143 -53.894 193.743
T -4.359 -57.34 194.749
Y -4.813 -60.882 193.466
Y -7.35 -63.447 194.606
P -7.628 -66.918 193.107
D -10.999 -67.973 191.801
S -11.628 -70.251 194.797
V -11.686 -67.52 197.477
K -12.421 -64.408 195.389
G -15.28 -62.581 197.098
R -14.835 -64.28 200.463
F -11.231 -63.268 201.233
T -9.765 -59.763 201.172
I -6.188 -58.634 201.766
S -5.185 -55.242 203.146
R -2.191 -53.299 204.382
D -1.663 -50.732 207.115
N 1.299 -48.551 206.241
A 1.482 -47.107 209.735
K 1.74 -50.548 211.378
N 3.811 -52.32 208.668
T 1.4 -55.264 208.78
V -0.6 -57.135 206.154
Y -4.031 -58.555 206.944
L -6.093 -61.309 205.398
Q -9.775 -61.076 206.209
M -11.636 -64.323 205.728
N -15.429 -64.274 205.479
S -17.99 -67.08 205.223
L -15.432 -69.768 206.042
K -15.949 -73.34 204.859
P -14.539 -76.572 206.347
E -12.514 -76.965 203.138
D -10.663 -73.801 204.214
T -9.062 -75.743 207.067
A -5.344 -75.331 206.477
V -2.132 -73.855 207.766
Y -1.922 -70.27 206.511
Y 1.505 -68.915 205.61
C 2.691 -65.387 204.986
A 5.242 -65.027 202.193
T 6.972 -62.311 200.196
I 9.12 -61.633 197.17
R 10.985 -58.575 195.907
S 9.095 -57.023 193.005
S 12.355 -57.075 191.014
S 12.165 -60.869 191.201
W 8.368 -61.117 190.96
G 7.243 -64.237 189.142
G 3.599 -64.621 190.099
C 1.501 -65.445 193.145
V 2.759 -68.984 193.355
H 4.345 -70.933 196.177
Y 7.346 -71.729 193.962
G 7.721 -67.976 193.266
M 8.421 -66.793 196.831
D 11.658 -65.781 198.576
Y 10.671 -65.627 202.281
W 8.191 -67.684 204.315
G 6.588 -67.397 207.718
K 6.264 -70.447 209.953
G 2.498 -70.425 209.581
T -0.65 -70.229 211.667
Q -3.306 -72.911 211.848
V -6.889 -72.241 210.902
T -9.563 -74.847 211.476
V -13.147 -74.607 210.291
S -15.129 -77.201 212.212
S -17.533 -77.939 215.058
H -16.004 -80.129 217.805
X 0 0 0
X 0 0 0
X 0 0 0
X 0 0 0
X 0 0 0
X 0 0 0
X 0 0 0
X 0 0 0
X 0 0 0
X 0 0 0
X 0 0 0
X 0 0 0
X 0 0 0
X 0 0 0
