Q 14.484 47.415 11.6
V 17.122 49.132 13.785
K 20.612 47.708 13.784
L 22.947 48.341 16.704
E 26.555 47.656 15.826
E 28.647 47.135 18.952
S 32.366 46.975 19.473
S 32.371 46.958 19.453
G 34.708 46.755 22.405
G 35.104 44.731 25.506
G 37.166 41.843 26.626
S 39.412 41.379 29.587
V 41.208 44.155 31.421
Q 43.139 44.544 34.634
A 41.536 46.418 37.531
G 42.392 50.075 37.277
G 42.606 49.891 33.487
S 40.316 51.237 30.822
L 38.184 50.055 27.954
R 36.139 51.896 25.343
L 32.834 50.603 23.957
S 31.124 51.97 20.88
C 27.688 51.48 19.383
A 26.376 52.663 16.012
A 22.651 52.743 15.198
S 21.19 52.469 11.7
G 17.704 51.992 10.261
H 15.983 54.398 12.702
T 14.184 57.545 11.548
Y 14.792 59.638 14.657
S 16.185 63.186 14.701
T 16.972 62.679 18.4
Y 17.001 59.492 20.455
C 18.396 57.876 23.585
M 21.268 55.448 23.226
G 23.605 53.912 25.76
W 24.356 50.807 27.755
F 22.797 48.516 30.271
R 24.784 45.729 31.909
Q 23.947 42.378 33.465
V 25.735 39.98 35.769
K 21.201 39.368 38.532
E 18.862 41.808 36.8
R 20.061 44.076 34.018
E 20.693 47.642 35.064
G 21.211 50.914 33.264
V 24.814 52.143 33.036
A 24.873 55.346 30.987
R 22.971 57.039 28.213
I 23.069 60.151 26.055
N 20.428 61.847 23.946
V 21.896 61.583 20.453
G 21.016 64.835 18.673
G 20.616 66.5 22.054
S 23.089 66.685 24.904
S 21.55 65.257 28.073
S 21.578 65.278 28.086
T 23.386 62.408 29.8
W 22.617 60.01 32.636
Y 24.892 57.726 34.622
A 24.29 55.115 37.243
D 25.625 56.211 40.616
S 28.147 53.363 40.702
V 29.924 54.533 37.533
R 29.654 58.308 37.793
D 33.1 59.965 37.576
R 34.713 56.808 36.156
F 32.722 56.328 32.927
T 32.063 59.006 30.308
I 29.541 58.688 27.485
S 29.793 60.759 24.315
Q 28.25 60.935 20.86
D 29.077 61.475 17.224
N 25.612 62.612 16.084
A 26.492 62.628 12.389
K 27.708 59.023 12.585
N 24.818 57.944 14.845
T 27.407 56.486 17.223
V 27.947 56.652 20.978
Y 31.062 55.821 22.946
L 31.536 54.671 26.555
Q 34.954 55.421 27.987
M 35.274 53.105 31.03
N 38.16 54.275 33.194
S 39.284 53.132 36.62
L 37.691 49.759 36.066
K 36.685 47.809 39.145
L 35.992 44.117 39.735
E 32.299 45.009 40.213
D 32.166 46.255 36.624
T 32.484 42.723 35.248
A 29.291 42.079 33.257
I 27.742 41.696 29.822
Y 27.26 45.237 28.485
Y 24.437 45.806 26.023
C 23.983 48.805 23.759
T 20.319 49.753 23.723
L 18.145 52.446 22.099
H 14.79 54.138 22.532
R 13.455 57.382 21.091
F 12.693 58.766 24.569
C 15.222 58.767 27.4
N 12.679 58.394 30.216
T 11.363 55.206 28.584
W 14.895 54.023 27.708
S 15.492 53.741 31.461
S 15.502 53.732 31.454
L 12.905 50.947 31.722
G 14.63 48.708 29.159
T 11.453 46.812 28.275
L 10.597 48.742 25.086
N 14.154 49.278 23.836
V 16.008 47.988 20.817
W 18.727 45.672 22.235
G 22.188 44.853 20.986
Q 23.774 41.491 21.244
G 26.058 42.532 24.038
T 29.711 42.26 24.908
T 29.717 42.291 24.907
Q 31.48 40.547 27.807
V 33.699 42.784 29.95
T 35.804 41.037 32.58
V 37.925 42.947 35.073
S 40.668 41.012 36.848
S 40.675 41.014 36.843
S 42.738 41.503 40.058
X 0 0 0
X 0 0 0
X 0 0 0
X 0 0 0
X 0 0 0
X 0 0 0
X 0 0 0
X 0 0 0
X 0 0 0
X 0 0 0
X 0 0 0
X 0 0 0
X 0 0 0
X 0 0 0
