V -18.303 4.962 -20.674
H -15.428 2.991 -22.065
H -16.925 0.258 -19.912
P -20.403 0.679 -21.39
P -19.077 -0.054 -24.898
S -17.044 -3.178 -24.009
Y -19.821 -4.644 -21.829
V -22.465 -4.312 -24.58
A -20.076 -5.743 -27.136
H -19.464 -8.782 -24.91
L -23.151 -8.982 -23.995
A -24.345 -8.994 -27.628
S -21.837 -11.745 -28.534
D -23.426 -13.837 -25.772
F -26.963 -13.12 -27.192
G -25.749 -14.315 -30.579
V -24.879 -17.735 -29.11
R -28.265 -17.91 -27.367
V -30.1 -17.086 -30.625
F -28.141 -19.67 -32.669
Q -29.26 -22.398 -30.198
Q -32.955 -21.385 -30.267
V -33.965 -20.906 -33.865
A -37.667 -20.25 -34.411
Q -38.18 -19.721 -30.657
A -38.669 -16.403 -28.84
S -35.759 -15.053 -26.794
K -35.336 -12.107 -24.482
D -31.846 -11.422 -23.062
R -29.729 -8.77 -21.287
N -26.235 -7.903 -22.625
V -25.665 -5.386 -19.819
V -26.784 -7.948 -17.245
F -24.536 -10.842 -18.271
S -21.62 -8.393 -18.51
P -22.402 -7.105 -15.015
Y -22.499 -10.495 -13.36
G -19.359 -11.693 -15.028
V -17.522 -8.61 -13.829
A -18.253 -9.707 -10.308
S -17.112 -13.209 -11.064
V -13.7 -11.915 -12.307
L -12.886 -10.896 -8.709
A -13.437 -14.467 -7.42
M -11.324 -16.035 -10.178
L -7.554 -16.301 -10.785
Q -4.942 -17.659 -13.201
L -6.164 -19.041 -16.543
T -9.855 -18.88 -15.472
T -9.538 -15.128 -14.86
G -7.706 -14.675 -18.196
G -10.387 -16.597 -20.078
E -13.141 -14.227 -18.7
T -11.035 -11.088 -19.247
Q -10.126 -11.916 -22.876
Q -13.788 -12.451 -23.799
Q -14.851 -9.323 -21.879
I -12.069 -6.971 -23.02
Q -11.251 -5.518 -19.575
A -10.179 -6.303 -16.001
A -12.319 -5.367 -13.008
M -9.203 -4.659 -10.905
G -7.979 -1.875 -13.212
F -8.115 1.65 -11.75
K -11.485 3.396 -12.096
I -13.352 0.448 -13.634
D -15.493 -0.814 -10.744
D -16.48 2.85 -10.025
K -17.431 3.278 -13.708
G -19.78 0.268 -13.533
M -21.391 1.742 -10.391
A -21.787 5.102 -12.221
P -23.22 3.259 -15.235
A -25.707 1.343 -13.056
L -27.138 4.544 -11.556
R -27.428 6.317 -14.957
H -29.619 3.537 -16.366
L -31.868 3.181 -13.265
Y -31.91 6.686 -11.779
K -33.69 7.958 -14.874
E -37.059 6.323 -14.406
L -37.786 3.985 -11.606
M -40.906 2.656 -9.891
G -42.053 -0.775 -10.885
P -40.918 -0.231 -14.441
W -37.299 -1.481 -14.358
N -35.579 -3.922 -12.013
K -32.155 -5.662 -12.002
D -30.044 -7.909 -9.797
E -26.791 -9.917 -9.698
I -25.786 -12.525 -7.128
S -23.12 -15.148 -6.455
T -23.816 -17.964 -3.935
T -20.982 -19.982 -2.324
D -21.015 -22.929 0.099
A -21.166 -21.5 3.64
I -18.439 -23.33 5.546
F -15.516 -22.658 3.171
V -12.553 -20.811 4.544
Q -12.361 -17.782 2.259
R -9.224 -15.787 1.399
D -8.263 -13.222 4.041
L -9.812 -9.826 3.276
K -11.957 -11.031 0.36
L -15.477 -10.275 1.745
V -14.566 -6.635 2.589
Q -12.69 -6.251 -0.726
G -15.714 -7.536 -2.724
F -17.951 -5.068 -0.825
M -15.751 -2.047 -1.675
P -15.943 -2.729 -5.424
H -19.575 -3.831 -5.902
F -21.608 -2.745 -2.823
F -22.881 -6.218 -1.875
R -21.766 -9.542 -0.398
L -20.972 -12.905 -1.928
F -23.806 -14.948 -0.391
R -22.928 -17.85 1.867
S -25.386 -20.715 2.106
T -25.315 -24.301 3.336
V -26.07 -26.245 0.148
K -26.61 -29.506 2.082
Q -29.764 -27.773 3.391
V -30.959 -28.244 -0.199
D -34.479 -26.902 0.246
F -33.43 -23.942 2.385
S -30.842 -22.989 -0.279
E -33.342 -23.218 -3.157
V -35.651 -20.842 -1.311
E -32.862 -18.398 -0.445
R -31.857 -18.16 -4.131
A -35.444 -17.913 -5.473
R -36.412 -15.394 -2.738
F -33.369 -13.242 -3.719
I -34.618 -13.029 -7.308
I -38.26 -12.641 -6.142
N -37.692 -9.842 -3.587
D -35.294 -7.952 -5.95
W -37.552 -8.046 -9.076
V -40.709 -7.032 -7.172
