V 63.192 -40.069 -20.133
Q 66.61 -38.674 -21.123
L 67.257 -36.343 -24.081
Q 70.744 -36.83 -25.567
E 71.822 -33.931 -27.814
S 74.624 -33.864 -30.405
G 75.843 -32.126 -33.598
G 76.642 -28.69 -32.184
G 79.921 -26.81 -32.22
L 81.833 -24.119 -34.081
V 81.167 -23.379 -37.745
Q 81.857 -20.585 -40.271
A 79.076 -18.284 -41.554
G 77.438 -19.805 -44.644
G 78.084 -23.3 -43.192
S 75.791 -26.179 -42.25
L 75.212 -28.221 -39.095
R 73.002 -31.201 -38.255
L 71.745 -31.366 -34.672
S 70.394 -34.686 -33.426
C 68.412 -35.399 -30.238
A 67.677 -38.996 -29.273
A 65.031 -39.467 -26.562
S 65.569 -42.688 -24.57
G 62.592 -43.495 -22.319
S 58.836 -44.064 -22.096
I 57.0 -41.556 -24.345
F 53.35 -41.579 -25.532
S 52.787 -42.459 -29.208
I 51.421 -38.949 -29.77
N 54.058 -36.284 -29.008
T 55.759 -33.114 -30.286
M 59.586 -32.981 -30.535
G 61.367 -29.688 -31.185
W 64.429 -27.492 -30.962
Y 64.493 -24.288 -28.922
R 67.416 -21.874 -28.556
Q 68.644 -19.173 -26.176
A 70.97 -16.432 -27.438
P 73.197 -14.695 -24.843
G 71.07 -12.319 -22.727
K 67.816 -13.269 -24.495
Q 64.753 -15.399 -23.791
R 64.421 -19.033 -24.894
E 62.574 -19.128 -28.241
L 61.292 -21.854 -30.559
V 63.446 -22.729 -33.567
A 61.552 -25.711 -35.004
A 59.101 -28.417 -33.934
I 57.595 -31.55 -35.426
H 54.442 -33.387 -34.343
S 54.256 -37.198 -34.399
G 51.848 -36.871 -37.378
G 54.231 -34.955 -39.679
S 53.072 -31.403 -38.882
T 55.92 -28.886 -38.667
N 56.336 -25.438 -37.161
Y 59.246 -23.049 -37.855
A 60.204 -19.554 -36.722
N 60.48 -16.822 -39.413
S 64.15 -16.173 -38.535
V 65.023 -19.766 -39.633
K 62.352 -20.374 -42.342
G 63.663 -21.776 -45.637
R 67.121 -22.478 -44.125
F 66.508 -24.881 -41.219
T 64.75 -28.233 -41.735
I 63.375 -30.415 -38.911
S 62.599 -34.106 -39.293
R 62.167 -37.096 -37.046
D 63.355 -40.669 -37.201
N 60.578 -43.004 -38.316
A 61.294 -45.803 -35.777
A 62.996 -44.385 -32.646
N 62.289 -41.119 -30.843
T 65.036 -39.063 -32.498
V 64.71 -35.588 -34.027
Y 67.172 -33.946 -36.431
L 67.567 -30.248 -37.277
Q 69.524 -29.583 -40.481
M 70.745 -25.98 -40.142
N 72.015 -24.475 -43.441
S 73.166 -20.942 -44.414
L 74.097 -20.248 -40.783
K 74.66 -16.63 -39.67
P 76.235 -15.187 -36.471
E 72.663 -14.378 -35.315
D 71.958 -18.136 -34.987
T 74.607 -18.49 -32.212
A 72.84 -19.886 -29.132
V 72.443 -22.784 -26.699
Y 70.078 -25.101 -28.6
Y 67.765 -27.202 -26.371
C 65.853 -30.355 -27.366
N 62.22 -30.562 -26.204
V 59.625 -33.354 -26.042
K 55.979 -32.566 -25.269
D 54.263 -35.787 -24.189
Y 50.446 -35.911 -24.518
G 49.955 -39.197 -22.579
A 48.032 -37.518 -19.727
V 45.313 -36.475 -22.261
L 44.187 -33.466 -20.201
Y 47.645 -31.839 -19.967
E 51.091 -31.963 -21.593
Y 54.322 -32.964 -19.84
D 57.646 -31.317 -20.822
Y 61.074 -32.886 -21.136
W 64.145 -30.695 -21.666
G 67.693 -31.62 -22.679
Q 70.776 -30.144 -20.988
G 71.452 -27.845 -24.014
T 74.25 -27.931 -26.634
Q 76.323 -24.917 -27.775
V 76.246 -23.724 -31.361
T 78.515 -20.785 -32.26
V 78.69 -19.15 -35.699
S 81.314 -16.528 -36.67
S 81.762 -14.102 -39.612
X 0 0 0
X 0 0 0
X 0 0 0
X 0 0 0
X 0 0 0
X 0 0 0
X 0 0 0
X 0 0 0
X 0 0 0
X 0 0 0
X 0 0 0
X 0 0 0
X 0 0 0
X 0 0 0
X 0 0 0
X 0 0 0
X 0 0 0
X 0 0 0
X 0 0 0
X 0 0 0
X 0 0 0
