Q -63.413 -42.908 17.013
V -63.169 -40.597 20.09
Q -66.369 -38.815 21.209
L -67.204 -36.603 24.218
Q -70.73 -36.927 25.693
E -71.805 -33.91 27.754
S -74.554 -33.898 30.379
G -75.666 -32.269 33.636
G -76.417 -28.755 32.389
G -79.633 -26.766 32.03
L -81.542 -24.116 33.999
V -81.037 -23.293 37.655
Q -81.751 -20.561 40.226
A -78.974 -18.2 41.352
G -77.106 -19.5 44.42
G -77.918 -23.053 43.282
S -75.858 -25.978 42.075
L -75.15 -28.119 38.972
R -72.886 -31.066 38.156
L -71.619 -31.311 34.592
S -70.23 -34.595 33.346
C -68.32 -35.514 30.186
A -67.797 -39.157 29.212
A -64.977 -39.622 26.71
S -65.508 -42.848 24.759
G -62.61 -44.014 22.555
S -58.82 -44.376 22.597
I -57.16 -41.654 24.668
F -53.467 -41.736 25.607
A -52.924 -42.326 29.344
L -51.303 -38.897 29.685
N -53.822 -36.108 28.947
I -55.845 -33.157 30.216
M -59.631 -33.305 30.478
G -61.159 -29.867 30.931
W -64.161 -27.584 30.776
Y -64.318 -24.353 28.84
R -67.264 -21.977 28.415
Q -68.42 -19.211 26.045
A -70.863 -16.58 27.367
P -73.006 -14.841 24.722
G -70.986 -12.556 22.414
K -67.681 -13.314 24.174
Q -64.591 -15.457 23.657
R -64.248 -19.042 24.878
E -62.372 -19.226 28.198
L -61.016 -21.924 30.5
V -63.162 -22.838 33.498
A -61.283 -25.828 34.931
A -58.948 -28.646 33.919
I -57.436 -31.781 35.409
H -54.391 -33.73 34.221
S -54.271 -37.546 34.201
G -51.724 -37.073 37.018
G -54.291 -35.409 39.327
T -53.073 -31.791 39.165
T -55.783 -29.173 38.524
N -56.053 -25.63 37.185
Y -58.99 -23.222 37.597
A -59.991 -19.772 36.378
N -60.18 -16.978 38.958
S -63.877 -16.196 38.427
V -64.857 -19.754 39.533
K -62.089 -20.519 42.072
G -63.429 -22.018 45.324
R -66.966 -22.378 43.919
F -66.443 -24.959 41.146
T -64.457 -28.204 41.628
I -63.249 -30.537 38.819
S -62.612 -34.224 39.358
R -62.302 -37.28 37.221
D -63.344 -40.894 37.34
N -60.266 -42.942 38.254
A -61.562 -45.898 36.144
A -63.078 -44.396 32.935
N -62.292 -41.282 30.884
T -65.033 -39.183 32.479
V -64.723 -35.714 34.015
Y -67.101 -33.98 36.426
L -67.433 -30.252 37.128
Q -69.315 -29.649 40.386
M -70.645 -26.073 40.089
N -71.842 -24.491 43.391
S -72.906 -20.889 44.221
L -73.927 -20.172 40.64
K -74.376 -16.579 39.425
P -75.909 -15.118 36.252
E -72.316 -14.411 35.08
D -71.687 -18.184 34.845
T -74.358 -18.522 32.119
A -72.764 -19.927 28.949
V -72.411 -22.884 26.603
Y -69.962 -25.204 28.403
Y -67.601 -27.313 26.26
C -65.785 -30.474 27.344
N -62.189 -30.74 26.08
V -59.54 -33.454 25.884
K -55.906 -32.557 25.188
D -54.29 -35.867 24.101
F -50.47 -36.171 24.428
G -49.996 -39.434 22.465
A -47.942 -37.777 19.676
I -45.34 -36.533 22.245
I -44.134 -33.497 20.265
Y -47.641 -32.047 19.839
D -51.046 -32.347 21.447
Y -54.314 -33.355 19.733
D -57.584 -31.611 20.731
Y -61.088 -33.055 21.053
W -64.081 -30.806 21.746
G -67.615 -31.678 22.795
Q -70.668 -30.281 20.986
G -71.473 -28.119 24.034
T -74.22 -28.004 26.664
Q -76.233 -24.945 27.762
V -76.084 -23.663 31.291
T -78.412 -20.784 32.155
V -78.453 -19.286 35.641
S -81.384 -16.898 36.285
S -81.402 -14.54 39.283
X 0 0 0
X 0 0 0
X 0 0 0
X 0 0 0
X 0 0 0
X 0 0 0
X 0 0 0
X 0 0 0
X 0 0 0
X 0 0 0
X 0 0 0
X 0 0 0
X 0 0 0
X 0 0 0
X 0 0 0
X 0 0 0
X 0 0 0
X 0 0 0
X 0 0 0
X 0 0 0
