V -22.24 -72.127 74.84
Q -24.368 -73.919 77.47
L -27.833 -73.376 78.969
Q -28.795 -75.25 82.149
E -32.288 -75.482 83.615
S -34.261 -76.028 86.823
G -37.776 -76.082 88.167
G -39.384 -79.06 86.477
G -41.3 -81.528 88.577
S -44.596 -83.237 89.195
V -47.437 -80.962 90.195
Q -51.148 -81.471 90.572
A -53.542 -79.522 88.377
G -53.895 -75.863 89.23
G -50.558 -75.75 91.025
S -47.614 -73.449 90.468
L -44.081 -73.994 89.27
R -41.005 -71.933 88.405
L -38.282 -72.77 85.897
S -34.823 -71.239 85.645
C -32.349 -71.107 82.758
V -28.755 -70.157 83.45
A -26.565 -69.049 80.533
S -22.975 -70.169 81.181
G -22.119 -68.933 77.743
S -18.775 -68.567 76.066
I -20.056 -65.312 74.524
F -22.34 -62.617 75.968
S -24.027 -61.696 72.68
I -27.499 -63.094 73.425
N -30.156 -60.484 72.685
A -33.234 -62.583 73.385
M -34.077 -65.819 75.212
D -37.026 -68.149 74.714
W -38.793 -70.997 76.484
Y -40.035 -73.923 74.405
R -41.857 -77.095 75.448
Q -42.483 -80.388 73.688
A -45.041 -82.921 74.489
P -43.591 -86.382 73.694
G -44.939 -87.133 70.217
K -45.884 -83.547 69.197
Q -43.997 -80.586 67.759
R -41.827 -78.269 69.866
E -43.753 -75.011 70.48
L -43.003 -71.535 71.821
V -44.164 -70.716 75.348
A -42.464 -67.421 76.189
G -39.57 -65.193 75.199
I -37.817 -62.076 76.438
T -35.509 -59.696 74.629
S -32.658 -57.26 75.186
G -35.195 -54.425 75.464
G -37.441 -56.364 77.768
S -40.213 -56.845 75.23
T -42.037 -60.005 76.382
N -44.117 -62.458 74.381
Y -46.163 -65.551 75.281
G -47.625 -68.479 73.356
D -51.106 -68.666 71.831
F -52.347 -70.726 74.809
V -50.923 -69.043 77.901
K -53.785 -66.876 79.122
G -51.774 -64.747 81.506
R -50.995 -67.938 83.406
F -47.213 -67.79 82.875
T -44.847 -64.84 83.493
I -41.267 -64.461 82.282
S -38.609 -62.399 84.044
R -34.882 -61.95 83.707
D -32.015 -61.135 86.054
N -29.395 -59.634 83.733
A -26.967 -59.256 86.637
K -25.852 -62.89 86.334
N -27.101 -64.475 83.104
T -30.319 -66.176 84.219
V -33.997 -66.251 83.119
Y -37.052 -67.293 85.164
L -40.422 -68.63 83.965
Q -43.214 -68.575 86.56
M -46.017 -71.012 85.799
D -49.429 -70.795 87.493
S -52.792 -72.509 87.12
L -51.203 -75.487 85.41
K -53.352 -77.978 83.53
P -52.635 -81.546 82.383
E -52.497 -80.064 78.897
D -49.244 -78.338 79.969
T -47.314 -81.614 80.554
A -44.13 -81.547 78.497
V -40.37 -81.161 78.655
Y -39.624 -77.452 78.726
Y -36.384 -76.192 77.156
C -34.86 -72.751 77.209
A -33.177 -71.356 74.137
A -30.889 -68.517 73.213
E -30.752 -66.244 70.193
V -27.328 -64.842 69.363
G -27.817 -61.792 67.205
G -31.506 -62.558 67.078
W -33.505 -60.493 64.602
G -37.082 -61.243 63.641
P -38.972 -64.437 64.394
P -37.323 -66.62 67.033
R -34.904 -69.014 65.327
P -32.814 -70.151 68.319
D -29.108 -70.974 68.169
Y -28.469 -72.711 71.517
W -30.656 -75.05 73.58
G -30.681 -76.567 77.03
H -31.299 -80.156 78.08
G -34.828 -79.228 79.035
T -36.667 -79.775 82.255
Q -39.799 -81.906 82.528
V -43.165 -80.759 83.924
T -45.94 -83.266 84.683
V -49.467 -82.355 85.77
S -52.009 -84.588 87.507
S -55.634 -84.034 86.536
G -56.725 -83.14 90.095
S -55.901 -80.609 92.801
L -57.875 -82.294 95.613
E -57.872 -85.877 94.345
V -59.592 -87.585 97.285
X 0 0 0
X 0 0 0
X 0 0 0
X 0 0 0
X 0 0 0
X 0 0 0
X 0 0 0
X 0 0 0
X 0 0 0
X 0 0 0
X 0 0 0
X 0 0 0
X 0 0 0
X 0 0 0
X 0 0 0
X 0 0 0
