G 8.822 17.151 72.493
P 5.325 18.531 73.106
G 4.808 21.075 75.92
S 1.121 21.634 76.649
E 1.686 24.761 78.761
F 3.542 26.818 76.122
E 0.581 28.865 74.881
L -3.114 29.58 75.409
G -4.025 27.734 72.202
A -1.9 24.681 73.007
P -3.192 24.763 76.633
A -6.918 25.192 75.797
G -7.281 22.049 73.664
R -5.346 19.996 76.235
Q -7.938 20.621 78.928
G -10.698 20.286 76.336
N -9.192 16.929 75.338
K -8.433 15.96 78.936
G -12.052 16.728 79.823
N -13.27 14.241 77.207
N -10.742 11.683 78.425
I -12.101 12.479 81.909
L -15.75 11.671 81.225
N -14.661 8.663 79.18
S -13.104 7.281 82.363
N -16.276 8.299 84.194
E -18.45 6.184 81.906
S -15.742 3.486 81.852
R -16.158 3.232 85.633
L -19.931 3.895 85.596
N -20.293 1.174 82.903
V -21.917 3.812 80.71
N -22.614 4.718 77.099
E -20.223 7.619 76.451
N -18.777 7.707 72.938
N -15.452 9.481 72.591
I -15.574 9.651 68.793
L -18.662 11.818 68.701
R -17.198 14.069 71.381
E -14.132 14.641 69.213
K -16.505 14.879 66.258
F -18.244 17.78 68.043
E -15.038 19.63 68.934
N -13.186 18.99 65.662
Y -16.018 20.114 63.363
A -15.916 23.728 64.588
R -12.157 24.08 64.062
I -10.595 23.824 60.627
V -7.63 23.773 58.353
F -6.748 20.729 56.293
Q -5.315 18.531 59.066
F -8.362 19.199 61.24
N -10.747 18.108 58.469
N -8.412 15.145 57.989
S -8.604 14.408 61.727
R -12.338 15.148 61.783
Q -13.096 12.584 59.076
A -10.831 10.045 60.796
N -13.009 10.24 63.928
G -16.119 9.872 61.769
N -14.425 6.735 60.481
F -13.913 5.514 64.056
D -17.511 6.497 64.909
I -18.971 4.39 62.104
A -17.163 1.406 63.457
N -18.978 1.588 66.793
E -21.206 -1.309 67.761
F -20.172 -3.418 64.872
I -18.359 -6.695 65.23
S -15.212 -5.537 63.489
I -14.268 -6.914 60.107
L -11.798 -4.535 58.667
S -12.813 -4.968 55.053
S -16.53 -4.744 55.817
A -16.487 -1.592 57.955
N -14.177 0.054 55.426
G -16.616 -0.603 52.59
T -19.588 0.456 54.702
R -17.847 3.737 55.471
N -17.089 4.622 51.857
A -20.579 3.607 50.704
Q -22.49 5.567 53.365
L -20.277 8.574 52.65
L -21.075 8.472 48.937
E -24.785 7.966 49.617
S -24.828 11.016 51.911
W -22.804 12.884 49.29
K -25.549 12.203 46.759
I -28.028 13.291 49.416
L -26.14 16.54 50.033
E -26.101 17.151 46.271
S -29.853 16.689 45.711
M -35.812 7.75 46.296
K -32.146 6.979 46.711
S -32.364 5.744 43.134
K -33.675 9.114 41.988
D -31.037 10.974 44.001
I -28.313 8.868 42.382
N -29.979 9.349 38.985
I -29.73 13.097 39.556
V -26.084 12.823 40.633
E -25.447 10.919 37.38
V -27.29 13.392 35.146
G -25.414 16.252 36.828
K -21.779 15.191 36.984
Q -21.503 12.635 34.161
Y -22.757 15.187 31.621
L -20.921 18.073 29.978
E -22.546 21.419 29.238
Q -23.461 20.126 25.752
Q -25.741 17.576 27.487
F -23.012 15.308 26.075
L -21.704 12.511 28.334
Q -18.217 12.783 29.806
Y -17.789 9.011 29.489
T -18.271 7.631 25.994
D -19.908 4.318 25.048
N -22.499 4.553 27.811
L -25.447 2.255 27.284
Y -28.271 4.798 27.581
K -31.926 3.766 27.967
K -34.477 6.618 28.191
N -31.615 9.028 28.815
M -30.47 6.896 31.784
N -26.999 5.285 31.641
E -28.208 2.071 33.212
G -24.795 0.557 33.914
L -23.665 3.781 35.598
A -26.868 3.645 37.653
T -26.277 0.004 38.631
N -22.676 0.892 39.505
V -23.358 3.979 41.618
N -26.156 2.161 43.455
K -23.516 -0.452 44.303
I -21.12 2.358 45.161
K -23.783 3.499 47.673
S -24.281 0.073 49.22
F -27.77 -0.218 47.679
I -27.331 -3.74 46.348
D -31.001 -4.683 46.084
