V -27.436 115.089 80.95
Q -27.532 116.66 84.429
L -29.64 116.351 87.583
V -29.0 119.214 89.985
E -30.306 119.596 93.51
S -30.225 123.084 94.951
G -31.453 125.21 97.845
G -29.747 123.575 100.852
G -28.053 125.553 103.618
L -28.2 126.347 107.326
V -31.492 126.692 109.207
Q -32.69 126.88 112.845
P -34.734 124.155 114.561
G -38.316 124.95 113.675
G -37.346 126.801 110.477
S -38.025 125.901 106.835
L -36.337 125.566 103.396
R -37.323 124.526 99.848
L -35.056 122.305 97.785
S -35.345 122.117 94.004
C -34.426 119.227 91.725
T -33.793 120.496 88.166
A -32.82 118.625 85.041
S -30.739 119.956 82.204
G -30.617 118.464 78.734
F -33.794 116.475 79.255
T -37.263 116.952 80.676
L -38.34 115.799 84.114
D -41.829 114.884 82.827
D -40.212 111.781 81.306
Y -39.117 110.734 84.797
A -40.647 109.964 88.123
I -38.767 112.008 90.706
G -37.908 110.885 94.239
W -36.351 112.839 97.108
F -33.882 111.029 99.376
R -31.669 112.072 102.267
Q -28.462 110.514 103.657
A -27.557 111.605 107.172
P -23.874 111.441 108.195
G -24.063 107.99 109.778
K -27.277 106.662 108.22
E -28.084 104.853 104.992
R -29.793 107.038 102.431
E -33.46 107.32 103.091
G -36.335 107.659 100.637
I -38.36 110.57 101.918
S -40.677 111.648 99.123
C -41.821 110.899 95.636
I -43.918 112.16 92.732
S -45.293 110.455 89.624
R -44.852 111.376 85.974
S -48.611 111.773 86.04
G -48.044 114.284 88.792
S -51.123 112.842 90.504
S -49.471 110.462 92.996
T -47.344 111.417 95.984
T -45.527 109.388 98.619
Y -43.884 110.567 101.832
A -41.896 108.769 104.489
D -43.341 108.815 107.969
S -40.317 110.839 109.107
V -41.294 113.799 106.925
K -44.997 113.055 106.331
G -46.94 116.229 106.955
R -43.86 118.498 106.951
F -42.302 118.121 103.494
T -44.37 118.626 100.33
I -43.199 117.595 96.87
S -44.489 119.165 93.634
R -43.814 119.043 89.894
D -43.365 122.394 88.195
R -43.572 121.469 84.509
A -43.149 125.087 83.457
E -39.772 125.336 85.207
N -38.616 121.722 84.598
T -38.254 121.277 88.328
V -39.498 119.228 91.251
Y -39.77 121.119 94.505
L -39.486 119.732 98.029
Q -40.861 122.147 100.636
M -39.424 121.323 104.065
N -41.208 122.945 107.008
S -40.789 122.448 110.735
L -37.168 121.532 110.139
K -35.869 119.572 113.124
P -32.276 118.683 114.044
E -33.019 115.081 113.05
D -33.749 116.139 109.421
T -30.181 117.391 109.002
A -28.484 115.54 106.133
D -27.502 115.593 102.479
Y -30.526 115.663 100.139
Y -30.658 113.952 96.745
C -33.188 113.748 93.936
A -33.423 110.759 91.617
A -35.197 109.925 88.374
T -36.499 106.852 86.642
P -38.703 106.75 83.506
V -40.432 103.391 84.043
W -43.321 104.67 86.218
Y -46.109 106.924 85.029
W -49.077 106.472 87.35
S -46.992 105.77 90.46
C -43.546 106.259 92.007
A -41.729 104.577 94.918
V -39.52 105.852 97.738
K -36.737 103.279 97.464
V -33.152 103.87 96.403
G -32.87 100.807 94.199
P -35.148 101.466 91.187
Y -33.953 105.036 90.459
D -31.371 105.145 87.64
Y -30.137 108.753 87.671
W -29.084 110.651 90.795
G -27.97 114.213 91.451
Q -24.881 115.029 93.449
G -26.835 116.244 96.489
T -27.365 119.553 98.295
Q -26.766 119.75 102.043
V -29.352 120.923 104.616
T -28.277 121.419 108.263
V -30.62 122.195 111.185
S -29.177 123.277 114.548
S -29.055 125.977 117.271
X 0 0 0
X 0 0 0
X 0 0 0
X 0 0 0
X 0 0 0
X 0 0 0
X 0 0 0
X 0 0 0
X 0 0 0
X 0 0 0
X 0 0 0
X 0 0 0
X 0 0 0
X 0 0 0
X 0 0 0
