Q 134.952 83.664 140.823
V 135.261 87.457 141.067
Q 136.302 89.503 144.089
L 136.475 93.173 145.063
Q 138.528 94.109 148.134
E 138.531 97.695 149.43
S 141.442 99.279 151.275
G 142.859 102.58 152.502
G 140.267 103.289 155.2
G 140.704 104.594 158.718
L 139.784 107.471 161.021
V 140.628 111.114 160.282
Q 139.83 114.494 161.791
P 137.496 116.969 160.046
G 139.233 118.628 157.116
G 141.585 115.694 156.518
S 141.721 113.337 153.577
L 142.025 109.662 152.645
R 143.019 107.716 149.554
L 140.956 104.544 149.177
S 141.737 101.617 146.904
C 139.982 98.53 145.561
A 141.615 95.398 144.122
A 139.597 93.38 141.619
S 140.006 89.8 140.48
G 138.28 87.187 138.351
F 137.217 89.444 135.464
T 138.615 91.77 132.809
F 138.703 95.09 134.67
S 138.972 97.325 131.577
N 135.603 96.09 130.232
Y 133.452 97.236 133.174
K 132.188 100.508 134.598
M 133.111 100.963 138.249
N 131.269 102.748 141.038
W 131.696 103.825 144.634
V 128.658 103.514 146.919
R 128.287 104.297 150.607
Q 126.277 102.762 153.453
A 125.312 105.356 156.042
P 125.156 104.111 159.668
G 121.42 104.879 159.75
K 120.585 105.226 156.05
G 120.396 102.969 153.023
L 123.15 102.647 150.43
E 123.751 105.771 148.331
W 125.633 106.074 145.048
V 128.78 108.232 145.174
S 130.828 107.956 141.979
D 130.654 106.371 138.507
I 133.724 105.961 136.242
S 133.428 104.637 132.667
Q 135.512 101.749 131.324
S 138.001 104.138 129.698
G 138.024 106.759 132.446
A 136.934 109.379 129.894
S 133.648 110.214 131.659
I 133.377 110.55 135.438
S 130.179 111.321 137.337
Y 129.854 112.359 140.978
T 126.946 112.899 143.308
G 126.399 116.609 143.813
S 127.291 116.393 147.505
V 130.885 115.331 146.683
K 131.73 117.61 143.743
G 134.993 119.471 144.304
R 135.883 117.3 147.327
F 136.119 113.717 146.024
T 137.787 112.366 142.902
I 138.049 108.885 141.424
S 140.396 107.119 139.033
R 141.162 103.645 137.748
D 144.269 101.845 136.526
N 143.46 99.091 134.04
A 147.025 97.723 134.082
K 146.786 97.056 137.816
N 143.03 96.426 138.102
T 142.797 99.102 140.774
L 140.115 101.686 141.526
Y 140.941 104.638 143.773
L 139.063 107.375 145.602
Q 140.548 110.653 146.831
M 138.492 111.963 149.773
N 139.455 115.575 150.524
S 138.064 118.185 152.932
L 136.026 115.582 154.778
K 133.238 116.458 157.207
P 131.327 114.43 159.835
E 128.593 113.916 157.212
D 130.937 111.666 155.21
T 131.14 108.919 157.856
A 129.996 105.726 156.116
V 131.055 102.287 154.974
Y 132.363 102.643 151.421
Y 132.047 99.869 148.814
C 133.516 99.518 145.302
A 130.951 98.052 142.915
R 130.93 96.683 139.379
C 128.259 97.077 136.724
P 126.605 93.699 136.008
A 127.613 93.441 132.349
P 130.568 94.349 130.116
F 130.451 96.808 127.219
T 127.276 98.545 128.444
R 126.256 101.798 130.141
D 123.207 100.714 132.204
C 123.808 99.753 135.839
F 121.634 98.634 138.789
D 124.157 98.216 141.633
V 122.846 99.975 144.765
T 120.233 97.344 145.588
S 119.35 96.827 149.245
T 119.349 93.069 148.674
T 122.696 91.28 148.422
Y 124.383 92.461 145.231
A 126.682 89.921 143.621
Y 129.407 92.267 142.419
R 130.075 94.368 145.525
G 132.973 94.24 147.962
Q 132.945 94.076 151.744
G 133.545 97.804 152.233
T 135.815 99.945 154.393
Q 134.708 102.148 157.283
V 135.604 105.827 156.863
T 135.079 107.488 160.255
V 135.59 111.247 160.5
X 0 0 0
X 0 0 0
X 0 0 0
X 0 0 0
X 0 0 0
X 0 0 0
X 0 0 0
X 0 0 0
X 0 0 0
X 0 0 0
X 0 0 0
X 0 0 0
X 0 0 0
X 0 0 0
