Q 33.49 -57.879 -12.783
V 31.877 -60.979 -11.165
Q 28.125 -61.637 -11.538
L 25.725 -64.202 -9.999
Q 22.597 -65.57 -11.77
E 19.922 -66.309 -9.179
S 17.03 -68.342 -10.542
G 14.044 -70.043 -8.943
G 11.454 -69.092 -6.378
G 7.862 -67.891 -6.175
L 4.708 -68.906 -4.245
V 4.105 -72.462 -3.002
Q 1.497 -74.388 -0.992
A 2.68 -75.695 2.416
G 4.301 -79.104 1.867
G 5.344 -77.916 -1.639
S 8.83 -78.028 -3.158
L 11.102 -75.568 -5.018
R 14.62 -75.431 -6.399
L 16.891 -72.391 -6.302
S 20.036 -72.05 -8.411
C 22.871 -69.516 -8.443
A 25.42 -69.644 -11.283
A 28.719 -67.785 -10.919
S 30.784 -66.033 -13.588
G 33.592 -63.468 -13.528
S 36.42 -65.153 -11.565
D 38.081 -68.431 -10.511
F 35.593 -70.459 -8.443
S 37.987 -73.349 -7.772
S 37.646 -74.42 -4.075
S 35.195 -71.511 -3.518
T 32.398 -71.226 -0.962
M 28.816 -71.239 -2.279
G 25.4 -71.502 -0.663
W 22.286 -69.723 0.562
Y 21.247 -67.382 3.404
R 17.661 -66.214 4.043
Q 16.085 -63.105 5.577
A 12.482 -63.234 6.838
P 11.144 -59.634 7.082
G 12.12 -57.752 10.276
K 14.382 -60.701 11.3
Q 18.184 -60.889 10.963
R 19.523 -62.677 7.888
E 20.549 -66.208 8.983
F 22.289 -68.955 6.997
V 20.484 -71.918 5.386
A 22.876 -74.253 3.568
I 26.454 -73.685 2.417
S 29.431 -75.606 0.991
S 32.896 -74.398 1.669
E 35.641 -76.565 0.192
G 36.113 -78.734 3.308
S 32.574 -79.377 4.447
T 29.028 -78.643 3.474
S 26.825 -77.366 6.294
Y 23.057 -76.992 7.034
A 20.82 -74.892 9.313
G 19.006 -76.563 12.212
S 15.418 -76.605 10.88
V 16.313 -77.623 7.297
K 18.172 -80.908 7.93
G 16.319 -83.56 5.911
R 14.072 -80.914 4.285
F 16.583 -78.938 2.12
T 19.513 -80.287 0.083
I 22.513 -78.394 -1.349
S 24.402 -79.576 -4.453
R 26.884 -77.994 -6.835
D 28.668 -79.014 -9.99
N 32.054 -77.299 -10.122
A 31.985 -77.693 -13.951
K 29.085 -75.249 -14.437
N 30.029 -73.123 -11.317
T 26.441 -73.431 -10.093
V 25.08 -74.269 -6.628
Y 21.565 -75.726 -6.247
L 19.126 -75.742 -3.333
Q 16.416 -78.428 -3.453
M 13.848 -77.037 -0.991
N 11.417 -79.801 0.054
S 8.655 -79.897 2.699
L 8.136 -76.128 2.822
E 6.475 -74.534 5.849
P 5.194 -70.928 6.243
E 8.191 -70.266 8.573
D 10.414 -70.686 5.464
T 8.969 -67.489 3.887
A 12.018 -65.211 3.444
V 14.063 -63.517 0.713
Y 16.744 -66.101 -0.188
Y 20.24 -64.76 -1.127
C 23.067 -66.894 -2.614
N 26.599 -66.239 -1.288
V 29.723 -66.902 -3.405
V 33.216 -66.325 -1.939
D 36.265 -66.627 -4.264
R 39.945 -65.901 -3.429
W 39.304 -62.117 -3.455
Y 35.811 -61.19 -2.217
D 32.516 -62.37 -0.82
Y 29.657 -61.71 -3.279
W 25.889 -61.814 -2.709
G 22.93 -62.361 -5.034
Q 20.109 -59.837 -5.339
G 17.627 -62.198 -3.583
T 14.745 -64.383 -4.841
Q 11.53 -64.116 -2.766
V 10.162 -67.486 -1.547
T 6.655 -67.389 -0.001
V 4.758 -70.319 1.621
S 0.978 -70.193 2.438
A -0.891 -72.521 4.852
X 0 0 0
X 0 0 0
X 0 0 0
X 0 0 0
X 0 0 0
X 0 0 0
X 0 0 0
X 0 0 0
X 0 0 0
X 0 0 0
X 0 0 0
X 0 0 0
X 0 0 0
X 0 0 0
X 0 0 0
X 0 0 0
X 0 0 0
X 0 0 0
X 0 0 0
X 0 0 0
X 0 0 0
X 0 0 0
X 0 0 0
X 0 0 0
X 0 0 0
X 0 0 0
