M 137.855 82.981 109.192
G 135.624 85.825 108.034
C 135.502 86.993 111.658
L 139.281 87.385 111.409
G 138.813 89.819 108.516
N 135.709 91.421 110.026
S 137.86 92.155 113.073
K 140.472 93.729 110.787
T 137.815 95.878 109.103
E 136.441 96.983 112.479
D 140.005 97.794 113.561
Q 140.668 99.966 110.504
R 137.291 101.664 110.995
N 138.065 102.859 114.556
E 141.414 104.188 113.292
E 139.553 106.22 110.659
K 136.912 107.461 113.107
A 139.72 108.552 115.432
Q 141.251 110.76 112.735
R 137.8 112.043 111.762
E 137.355 113.318 115.328
A 140.596 115.296 115.132
N 139.479 116.616 111.742
K 136.091 117.582 113.18
K 137.763 119.763 115.816
I 139.781 121.628 113.18
E 136.796 122.011 110.844
K 134.486 123.487 113.488
Q 137.151 125.863 114.835
L 137.846 127.477 111.445
Q 135.712 130.16 109.815
K 135.656 129.935 106.031
D 134.731 132.995 103.977
K 133.938 133.602 100.319
Q 135.571 136.682 98.79
V 133.512 138.08 95.902
Y 134.921 141.039 94.007
R 144.482 128.216 90.002
A 140.821 127.251 90.141
T 140.458 128.839 93.578
H 142.865 130.724 95.836
R 142.99 130.104 99.613
L 144.119 132.719 102.169
L 144.745 131.822 105.807
L 144.72 134.622 108.359
L 144.253 134.599 112.117
G 142.65 137.231 114.358
A 142.737 136.802 118.152
G 143.649 133.093 117.84
E 140.614 132.475 115.59
S 141.397 130.809 112.267
G 139.902 132.221 109.065
K 140.074 130.554 105.652
N 139.193 132.97 102.849
T 138.512 131.58 99.374
I 138.707 133.774 96.283
V 137.511 132.189 93.054
K 139.912 132.489 90.144
Q 139.779 130.998 86.663
M 136.02 130.525 86.757
R 133.757 131.894 84.051
I 131.479 134.856 84.721
L 128.503 132.505 85.084
H 128.171 131.838 88.814
V 124.766 130.212 89.281
N 126.244 126.724 89.611
G 129.546 127.078 91.467
F 128.244 129.685 93.924
N 126.112 127.013 95.611
G 129.324 125.493 96.996
E 129.445 128.349 99.522
G 126.049 128.104 101.216
G 127.705 127.173 104.515
E 130.546 129.671 104.767
E 130.455 131.925 107.809
D 129.998 134.964 105.579
P 130.396 136.132 102.009
Q 132.689 139.135 101.729
A 131.301 141.343 98.966
A 133.774 143.964 97.739
R 132.152 146.708 95.656
S 134.142 148.762 93.161
N 127.787 151.153 85.44
S 129.836 148.883 87.684
D 127.823 149.958 90.74
G 124.452 148.815 89.392
E 125.995 145.507 88.33
K 127.228 145.053 91.906
A 123.728 145.818 93.189
T 122.265 143.178 90.874
K 124.856 140.612 91.967
V 124.173 141.328 95.642
Q 120.436 141.079 94.966
D 120.697 137.594 93.456
I 123.019 136.363 96.212
K 120.682 137.742 98.878
N 117.608 136.141 97.285
N 119.105 132.795 96.24
L 117.404 129.866 97.95
K 120.714 128.242 98.935
E 122.45 131.43 100.116
A 119.42 132.647 102.086
I 121.027 131.788 105.442
E 124.465 133.187 104.533
T 125.485 136.572 105.887
I 127.176 139.141 103.657
V 129.91 141.551 104.721
A 129.861 144.512 102.341
A 133.107 146.39 101.773
M 132.257 149.448 99.669
S 135.802 149.66 98.354
N 137.649 152.607 96.8
L 137.01 155.115 99.575
V 139.79 157.353 98.246
P 138.723 156.826 94.625
P 135.171 157.871 95.489
V 136.721 160.774 97.406
E 138.723 161.98 94.393
L 136.247 161.118 91.618
A 133.568 163.311 93.209
N 135.505 166.515 92.366
P 133.773 167.473 89.102
E 134.57 164.059 87.613
N 131.744 162.13 89.255
Q 129.86 160.01 86.72
F 129.42 156.616 88.4
R 126.849 157.897 90.921
V 125.307 160.978 89.331
D 124.65 159.923 85.726
Y 123.751 156.328 86.615
I 121.608 157.243 89.66
L 119.532 160.382 88.991
S 117.708 159.916 92.312
V 121.004 160.756 94.041
M 120.712 164.42 93.025
N 117.795 164.684 95.485
V 119.436 162.557 98.204
P 120.456 163.989 101.578
D 122.994 162.542 103.984
F 121.094 161.035 106.942
