Q 140.678 128.46 65.852
V 138.145 128.958 63.01
Q 134.638 129.584 64.351
L 131.854 129.864 61.766
Q 128.319 131.311 61.97
E 125.72 130.824 59.239
S 122.969 133.406 58.483
G 120.206 133.809 55.838
G 118.146 130.606 56.182
G 114.378 130.365 56.743
L 110.992 129.442 55.274
V 110.648 130.207 51.553
Q 108.343 129.615 48.636
T 109.043 127.043 45.887
G 110.756 128.957 43.033
D 111.923 131.638 45.486
S 115.455 132.822 46.319
L 117.691 132.802 49.39
R 121.138 134.206 50.262
L 123.021 132.199 52.837
S 126.095 133.777 54.37
C 128.736 132.352 56.681
A 130.964 134.612 58.733
G 134.355 133.161 59.747
Y 141.657 128.881 53.317
T 139.113 127.25 50.97
M 135.409 127.085 51.887
G 132.502 124.714 51.322
W 128.752 124.682 51.711
F 127.205 121.358 52.619
R 123.659 120.396 53.522
Q 121.93 117.829 55.722
A 118.308 116.771 55.188
P 116.463 115.33 58.268
G 116.679 111.71 56.974
K 120.329 111.637 55.842
E 124.029 112.451 56.326
R 126.075 115.223 54.613
E 125.502 116.264 50.99
F 127.972 118.408 49.026
V 126.456 121.683 47.722
A 129.266 123.989 46.676
A 132.935 124.788 47.245
I 135.213 127.682 46.467
T 134.189 127.019 42.196
Y 132.322 123.707 42.025
Y 128.643 122.775 42.553
A 126.787 119.441 42.836
E 124.499 118.065 40.047
A 121.262 118.662 42.026
V 122.036 122.384 42.642
K 124.076 123.492 39.563
G 122.833 126.584 37.657
R 120.398 127.378 40.479
F 123.005 128.183 43.152
T 126.15 130.394 43.236
I 129.01 130.417 45.806
S 131.063 133.553 46.395
R 133.304 135.005 49.048
D 134.573 138.298 50.332
S 138.052 137.8 51.776
G 137.991 141.348 53.204
K 134.737 140.69 55.092
N 135.853 137.116 55.859
T 132.508 135.749 54.616
V 131.413 133.012 52.18
Y 127.979 133.406 50.54
L 125.631 130.921 48.888
Q 123.08 132.544 46.592
M 120.231 130.101 46.115
N 117.602 130.762 43.401
S 114.587 128.854 41.95
L 114.333 126.735 45.084
K 112.709 123.317 45.27
P 111.083 121.429 48.231
E 114.084 119.051 47.897
D 116.48 121.812 48.954
T 114.923 121.622 52.517
A 117.87 120.968 54.786
V 120.191 122.416 57.404
Y 122.911 124.199 55.387
Y 126.333 124.015 57.023
C 129.398 126.054 56.188
A 132.841 124.453 56.368
A 136.531 125.49 56.273
R 139.57 123.41 55.189
S 137.983 120.432 59.71
F 135.99 123.433 60.877
W 132.228 123.21 60.563
G 129.457 125.665 61.384
Q 126.371 124.768 63.364
G 124.217 125.143 60.234
T 121.267 127.325 59.212
Q 117.809 125.841 58.568
V 116.385 126.269 55.048
T 112.829 125.07 54.439
V 111.332 125.268 50.958
S 107.653 124.628 50.365
X 0 0 0
X 0 0 0
X 0 0 0
X 0 0 0
X 0 0 0
X 0 0 0
X 0 0 0
X 0 0 0
X 0 0 0
X 0 0 0
X 0 0 0
X 0 0 0
X 0 0 0
X 0 0 0
X 0 0 0
X 0 0 0
X 0 0 0
X 0 0 0
X 0 0 0
X 0 0 0
X 0 0 0
X 0 0 0
X 0 0 0
X 0 0 0
X 0 0 0
X 0 0 0
X 0 0 0
X 0 0 0
X 0 0 0
X 0 0 0
X 0 0 0
X 0 0 0
X 0 0 0
X 0 0 0
X 0 0 0
X 0 0 0
X 0 0 0
X 0 0 0
X 0 0 0
X 0 0 0
X 0 0 0
X 0 0 0
