Q 92.95 100.358 70.428
V 96.741 100.079 70.892
Q 98.376 102.324 68.273
L 102.143 102.892 68.264
Q 104.194 104.546 65.51
E 107.896 105.357 65.184
S 110.057 108.084 63.659
G 113.592 109.442 63.414
G 115.061 106.256 61.949
G 118.005 106.7 59.616
M 121.53 105.586 58.875
V 124.291 107.428 60.719
Q 128.036 107.194 61.247
P 129.439 105.951 64.576
G 130.091 108.291 67.469
G 127.112 110.395 66.379
S 123.873 111.635 67.9
L 120.264 110.763 67.154
R 116.774 111.214 68.583
L 113.831 108.858 68.101
S 110.14 109.463 68.778
C 106.862 107.588 69.081
L 103.149 108.326 69.334
A 100.056 106.842 70.949
S 96.27 107.039 70.849
G 93.268 105.161 72.186
F 94.1 104.988 75.908
T 95.311 106.99 78.896
F 98.92 107.691 77.973
S 99.701 109.138 81.422
N 98.641 105.944 83.215
Y 100.914 103.229 81.775
A 104.652 102.571 81.599
M 106.656 102.187 78.392
T 109.819 100.379 77.342
W 112.078 100.063 74.304
V 113.135 96.671 72.972
R 115.452 96.03 70.028
Q 115.855 93.019 67.743
A 119.314 92.634 66.257
P 119.68 90.734 62.963
G 119.614 87.052 63.833
K 119.164 87.624 67.576
G 116.132 87.582 69.833
P 114.786 90.839 71.267
E 115.875 92.258 74.601
W 114.91 95.236 76.721
V 116.75 98.55 76.443
S 115.059 100.943 78.872
M 111.891 101.515 80.869
V 110.005 104.512 82.226
S 107.05 105.192 84.518
N 103.882 107.311 84.359
N 105.531 110.164 86.301
G 108.619 110.568 84.131
A 110.766 109.753 87.169
D 111.732 106.084 87.587
T 114.141 105.152 84.787
T 116.401 102.129 84.377
Y 118.764 100.884 81.682
T 120.587 97.844 80.383
D 124.008 97.032 81.819
S 125.89 97.725 78.583
V 124.444 101.132 77.604
K 124.42 103.115 80.837
G 125.255 106.798 80.561
R 124.851 106.774 76.755
F 121.041 106.485 76.49
T 118.503 108.958 77.85
I 114.736 108.481 77.946
S 112.018 111.077 78.499
R 108.263 111.227 77.917
D 105.693 113.997 77.428
N 102.167 113.101 78.53
A 100.622 116.202 76.955
K 101.527 115.399 73.339
N 101.287 111.601 73.819
T 104.836 110.817 72.71
L 107.892 108.982 74.019
Y 111.291 110.329 73.024
L 114.665 108.584 73.226
R 118.095 110.186 72.788
M 121.136 107.985 72.135
N 124.57 109.613 71.979
N 128.01 108.157 71.251
V 126.425 105.2 69.51
K 128.411 101.969 69.483
P 128.931 100.019 66.235
E 126.865 97.002 67.248
D 123.916 99.218 68.234
S 122.641 99.089 64.64
A 119.352 97.172 64.727
V 115.593 97.678 64.629
Y 114.041 99.331 67.689
Y 110.56 98.427 68.909
C 108.296 100.58 71.058
A 106.232 98.985 73.807
K 103.655 99.493 76.554
R 103.732 97.876 79.982
R 100.544 96.847 81.781
Y 101.393 97.978 85.3
G 102.083 101.617 86.054
G 105.307 100.874 87.863
I 108.305 99.226 86.234
W 110.076 97.06 88.813
T 107.335 94.498 89.436
G 107.355 91.604 86.995
Q 109.976 90.835 84.382
P 110.818 93.496 81.739
T 109.545 92.354 78.342
D 107.484 93.865 75.536
Y 103.763 93.082 75.571
D 101.852 95.242 73.034
Y 103.601 97.069 70.196
L 105.088 96.971 66.7
G 108.459 98.461 65.766
Q 108.099 100.196 62.413
G 111.179 102.258 63.263
T 114.732 101.109 62.619
V 118.285 102.449 62.561
T 121.778 101.573 61.362
V 113.863 93.319 176.797
S 116.425 93.605 173.996
S 118.949 91.909 176.295
H 117.134 88.651 175.519
H 117.875 88.958 171.792
H 121.421 89.984 172.676
H 121.811 86.756 174.652
H 119.99 83.849 173.06
H 119.512 84.096 169.307
E 122.323 83.664 166.799
P 123.735 86.616 164.826
E 122.272 85.575 161.463
A 118.703 85.87 162.747
X 0 0 0
X 0 0 0
X 0 0 0
X 0 0 0
X 0 0 0
X 0 0 0
