V 316.88 293.343 294.055
Q 319.539 295.819 295.197
L 320.217 299.23 293.648
V 323.443 301.132 294.314
E 323.742 304.746 293.164
S 327.067 306.323 292.227
G 328.175 309.846 291.457
G 326.803 313.118 292.701
G 328.386 315.977 294.579
L 328.949 319.7 294.414
V 328.893 321.014 290.837
Q 329.306 324.492 289.384
P 326.424 325.884 287.297
G 326.575 324.496 283.785
G 328.559 321.499 284.995
S 328.23 318.009 283.564
L 327.684 315.126 285.991
R 327.076 311.417 285.409
L 324.977 309.295 287.776
S 325.238 305.496 287.724
C 322.668 303.162 289.297
A 324.011 299.668 289.943
A 321.656 296.745 289.321
S 321.974 293.362 291.026
G 319.723 290.321 291.223
F 317.743 291.151 288.072
T 318.243 291.805 284.371
L 318.377 295.528 283.626
D 317.045 295.242 280.066
D 313.818 293.441 280.996
Y 312.751 296.003 283.602
A 311.8 299.637 282.959
I 314.212 302.027 284.685
G 313.038 305.499 285.659
W 315.201 308.176 287.263
F 313.431 310.259 289.906
R 314.308 313.634 291.425
Q 313.223 314.533 294.966
A 313.332 318.146 296.108
P 313.596 318.761 299.872
G 310.124 318.55 301.359
K 308.597 317.464 298.04
E 307.434 314.232 296.446
R 309.752 312.438 294.04
E 309.305 313.522 290.418
G 310.324 311.433 287.428
V 312.883 312.995 285.084
S 314.083 310.309 282.632
F 312.666 306.86 281.924
I 313.412 303.76 279.866
T 309.996 303.486 278.228
S 310.601 300.224 276.349
S 312.906 297.22 276.46
D 314.165 298.315 273.029
G 315.841 301.246 274.788
S 313.438 304.043 273.864
T 313.693 306.887 276.369
Y 311.395 309.737 277.384
Y 312.608 312.964 278.989
V 310.46 315.472 280.846
D 310.293 318.897 279.204
S 312.294 320.499 282.022
V 315.191 318.042 281.616
K 314.741 317.388 277.885
G 317.991 317.501 275.92
R 320.136 318.337 278.948
F 319.603 314.904 280.532
T 320.44 311.695 278.659
I 319.849 308.231 280.132
S 321.88 305.247 278.926
R 321.763 301.555 279.824
D 324.839 299.299 279.814
N 323.947 295.602 279.783
A 327.548 294.398 280.145
K 328.119 296.254 283.426
N 324.424 295.955 284.412
T 324.418 299.675 285.247
V 322.102 302.431 284.01
Y 323.781 305.808 283.483
L 322.071 309.195 283.606
Q 324.183 311.958 282.063
M 323.327 315.487 283.196
N 324.584 318.527 281.287
S 324.106 322.286 281.641
L 323.223 321.804 285.298
T 321.37 324.647 287.025
P 320.732 325.517 290.688
E 317.098 324.431 290.265
D 318.387 320.871 289.699
T 319.779 320.562 293.247
A 317.921 317.54 294.626
I 318.238 313.879 295.579
Y 318.17 311.489 292.613
Y 316.769 307.948 292.641
C 316.666 305.01 290.222
A 313.575 302.791 290.006
V 313.63 299.172 288.818
G 310.02 299.304 287.634
P 307.863 296.519 286.209
S 309.405 293.837 284.022
F 308.381 294.026 280.366
S 308.687 290.253 279.922
Y 306.569 289.308 282.945
T 303.784 291.781 282.148
G 302.306 292.671 278.788
S 303.741 296.182 278.917
T 305.529 297.393 275.794
Y 305.789 301.094 276.697
Y 305.974 302.042 280.378
R 306.624 305.509 281.782
S 305.304 307.086 284.976
E 306.104 310.236 286.941
L 304.574 308.824 290.14
P 306.795 307.063 292.707
W 304.149 304.507 293.718
D 303.931 303.029 290.21
Y 307.55 301.837 290.206
D 308.048 298.505 291.981
Y 311.493 299.052 293.525
W 313.577 301.933 294.834
G 317.206 302.636 295.609
Q 318.931 304.89 298.103
G 319.202 308.516 297.078
T 322.333 310.387 296.048
Q 322.494 314.127 296.669
V 323.426 316.381 293.745
T 324.079 320.027 294.615
V 324.609 322.843 292.11
S 325.467 326.187 293.709
S 327.035 329.243 292.093
G 328.507 330.386 295.408
G 329.929 326.957 296.195
X 0 0 0
X 0 0 0
X 0 0 0
X 0 0 0
X 0 0 0
X 0 0 0
X 0 0 0
X 0 0 0
