S 12.199 4.742 47.585
M 9.296 6.775 46.188
G 10.874 10.201 45.732
Q 14.076 10.947 43.863
V 17.2 11.79 45.822
V 17.228 11.783 45.803
Q 17.509 15.552 46.265
L 20.745 17.485 46.719
Q 20.255 20.483 49.022
E 23.018 23.092 48.739
S 23.919 25.876 51.138
G 26.715 28.304 51.918
G 26.753 30.598 48.9
G 27.139 34.271 49.585
L 29.026 37.509 49.128
V 32.712 38.018 49.906
Q 35.566 40.409 49.161
A 38.553 39.256 47.124
G 40.838 37.211 49.372
G 38.038 36.113 51.695
S 36.779 32.613 52.384
L 33.511 30.796 51.73
N 32.075 27.36 52.455
L 29.617 25.26 50.478
S 27.674 22.296 51.816
C 25.466 19.756 50.106
V 23.399 16.987 51.699
A 21.704 14.169 49.793
S 18.298 12.942 50.9
G 17.942 9.265 51.698
S 20.762 6.832 52.424
S 22.151 6.284 48.936
H 25.784 5.433 48.237
F 27.333 7.558 45.481
N 30.332 6.598 43.359
S 31.317 10.243 42.815
M 30.494 13.679 44.212
G 31.663 16.905 42.641
W 31.303 20.66 42.544
Y 30.718 22.489 39.263
R 30.364 26.179 38.543
Q 28.893 28.291 35.775
A 29.008 32.004 35.063
P 26.328 33.424 32.737
G 27.083 32.672 29.096
K 29.827 30.191 30.038
Q 30.051 26.413 30.116
R 29.46 24.594 33.382
D 32.892 23.436 34.512
L 34.279 21.047 37.093
V 35.674 22.703 40.22
A 36.496 19.599 42.29
D 35.239 16.018 42.571
I 35.868 13.226 45.046
S 35.502 9.477 44.815
N 33.858 7.352 47.494
N 33.848 7.306 47.473
D 37.289 6.48 48.958
G 38.786 9.995 49.095
V 40.493 10.428 45.71
T 40.141 14.057 44.641
N 40.623 15.993 41.415
N 40.606 15.988 41.399
Y 40.807 19.782 41.269
A 40.544 22.257 38.431
D 43.892 23.902 37.726
S 42.474 27.333 38.644
V 41.36 26.282 42.16
K 44.086 23.868 43.295
D 45.689 24.826 46.636
R 42.784 27.256 47.249
F 39.77 24.92 47.25
T 39.3 21.683 49.184
I 36.53 19.111 48.731
S 35.587 16.596 51.414
T 32.741 14.236 52.271
N 31.076 12.749 55.317
N 29.408 9.681 53.818
A 27.747 8.941 57.166
K 25.712 12.137 56.697
N 25.536 11.82 52.878
N 25.527 11.823 52.883
A 27.236 15.214 52.689
V 29.884 16.822 50.516
Y 31.659 20.083 51.248
L 33.779 22.708 49.51
Q 36.224 24.961 51.361
M 37.207 28.062 49.375
N 40.173 30.225 50.4
N 41.703 33.273 48.716
L 38.637 33.856 46.57
K 39.137 35.908 43.418
P 36.448 37.713 41.394
E 36.931 35.143 38.606
D 35.49 32.582 41.063
T 32.094 34.314 40.799
A 29.558 31.785 39.534
V 26.619 29.612 40.446
Y 28.026 26.528 42.135
Y 26.352 23.161 41.595
C 26.776 19.937 43.512
N 26.676 16.663 41.583
A 26.304 13.079 42.805
V 26.574 10.018 40.574
A 25.428 6.471 41.299
V 25.888 3.549 38.911
A 23.632 0.512 38.358
G 24.227 -0.253 34.7
R 22.899 3.196 33.894
A 24.641 6.137 35.547
F 22.296 8.169 37.747
S 23.411 11.803 38.011
Y 21.772 14.182 40.491
W 22.225 17.936 40.792
G 21.643 20.478 43.518
Q 19.565 23.592 42.971
G 22.645 25.81 42.736
T 23.947 28.572 44.982
Q 25.724 31.72 43.843
V 29.166 32.763 45.069
T 29.86 36.468 44.45
V 33.415 37.732 44.934
S 33.723 41.488 44.6
S 36.942 43.361 44.03
A 38.971 44.322 47.082
A 39.546 47.82 48.465
X 0 0 0
X 0 0 0
X 0 0 0
X 0 0 0
X 0 0 0
X 0 0 0
X 0 0 0
X 0 0 0
X 0 0 0
X 0 0 0
X 0 0 0
X 0 0 0
X 0 0 0
X 0 0 0
