V 124.135 136.727 91.735
Q 124.445 138.078 88.181
L 127.901 138.558 86.654
V 128.439 140.81 83.625
E 131.823 141.022 81.893
S 132.877 144.162 80.018
G 136.165 145.362 78.548
G 138.83 143.942 76.279
G 140.102 145.011 72.898
L 142.815 144.639 70.288
V 146.168 146.239 71.16
Q 149.833 145.656 70.399
A 152.155 143.505 72.489
G 153.01 144.983 75.871
G 149.886 147.139 76.004
S 147.678 147.824 79.008
L 144.009 146.847 79.23
K 141.4 146.854 81.992
V 138.693 144.214 82.466
S 135.852 144.566 84.974
C 133.203 142.052 86.06
A 130.073 143.917 87.134
A 127.953 142.213 89.784
S 125.049 142.987 92.095
G 122.989 141.332 94.792
R 122.14 141.325 98.473
A 125.79 140.835 99.471
F 128.99 141.175 97.448
K 131.887 141.262 99.933
T 131.048 137.731 101.104
Y 131.352 136.364 97.561
R 134.802 135.309 96.353
M 135.744 136.707 92.938
A 138.169 134.929 90.608
W 139.181 135.313 86.967
F 139.337 132.383 84.54
R 140.722 132.331 80.998
Q 139.558 130.03 78.196
A 141.396 129.347 74.934
P 140.103 127.256 72.002
G 143.086 124.905 72.193
K 142.826 123.986 75.883
E 140.315 124.096 78.739
R 139.744 126.789 81.352
E 142.624 127.464 83.744
F 142.945 129.543 86.902
V 144.99 132.73 86.47
S 144.057 135.07 89.339
G 141.55 135.514 92.131
I 140.724 137.472 95.264
S 139.043 136.276 98.456
A 136.571 138.074 100.727
L 139.365 139.543 102.891
E 141.253 141.129 99.952
T 143.74 138.247 99.706
T 145.649 138.131 96.416
Y 146.177 134.797 94.654
Y 148.106 134.3 91.419
A 149.003 131.391 89.158
D 152.432 130.541 87.742
S 154.151 133.662 86.363
V 151.199 135.788 87.521
K 152.664 136.825 90.877
G 154.117 140.04 89.464
R 152.7 139.767 85.958
F 149.132 140.842 86.79
T 147.402 142.698 89.62
I 143.898 142.056 90.97
S 141.826 144.473 93.045
R 138.207 144.901 94.105
D 136.106 147.698 95.581
N 132.773 147.683 97.402
T 131.721 151.162 96.23
K 130.307 149.894 92.916
N 130.48 146.159 93.783
T 132.752 145.273 90.853
V 136.074 143.463 90.474
S 138.748 144.705 88.067
L 141.964 143.151 86.756
Q 144.883 144.87 85.024
M 146.485 143.552 81.826
D 150.265 144.074 81.889
S 152.778 142.992 79.221
L 150.302 141.327 76.883
K 151.662 138.62 74.581
P 149.966 136.662 71.77
E 149.974 133.379 73.711
D 147.683 135.004 76.315
T 144.778 135.433 73.861
A 141.849 133.802 75.661
V 138.257 134.426 76.721
Y 138.144 135.832 80.257
Y 135.408 134.879 82.724
C 134.571 135.909 86.287
A 133.111 133.667 88.988
A 131.505 134.278 92.38
R 131.552 131.748 95.224
R 129.989 131.915 98.691
Y 130.679 128.457 100.165
G 133.649 126.445 98.935
G 136.302 123.937 99.891
T 140.037 124.254 100.383
D 140.808 124.115 96.66
Y 140.236 127.067 94.33
T 142.046 126.239 91.062
T 139.483 123.559 90.162
T 136.989 124.742 87.55
G 134.046 123.018 89.239
S 134.712 124.615 92.628
Y 132.899 127.808 91.607
D 129.128 127.413 91.248
Y 128.597 130.673 89.315
W 129.866 131.994 85.986
G 129.393 134.879 83.573
Q 128.966 135.616 79.889
G 132.628 136.575 79.511
T 134.549 138.975 77.297
Q 136.843 138.484 74.308
V 140.453 139.699 74.45
T 142.595 139.299 71.328
V 146.224 140.329 70.797
S 148.334 139.657 67.698
S 151.572 141.672 67.783
X 0 0 0
X 0 0 0
X 0 0 0
X 0 0 0
X 0 0 0
X 0 0 0
X 0 0 0
X 0 0 0
X 0 0 0
X 0 0 0
X 0 0 0
X 0 0 0
X 0 0 0
X 0 0 0
X 0 0 0
X 0 0 0
X 0 0 0
