Q 126.935 124.659 180.374
V 130.499 123.764 181.396
Q 131.282 121.005 183.902
L 134.661 121.006 185.663
V 136.067 117.705 186.953
E 139.351 117.621 188.872
S 141.766 114.755 189.473
G 144.636 114.025 191.82
G 144.992 114.058 195.581
G 146.163 112.012 198.537
L 148.534 112.565 201.436
V 152.056 113.825 200.714
Q 154.996 114.459 203.028
A 156.453 117.947 203.445
G 159.21 116.927 201.031
G 157.812 115.981 197.646
S 155.676 117.038 194.713
L 152.439 116.092 192.975
R 150.355 117.136 189.976
L 146.658 118.03 189.799
A 144.613 117.883 186.591
C 141.215 119.497 185.989
A 139.036 118.412 183.058
A 136.517 120.751 181.422
S 133.339 119.392 179.805
G 132.114 122.089 177.438
R 133.277 124.947 175.235
I 135.983 127.255 176.566
F 135.709 129.811 173.694
S 139.439 130.634 174.14
S 138.418 133.626 176.292
D 137.196 132.248 179.639
T 139.408 132.648 182.706
L 140.32 129.484 184.622
A 141.731 129.677 188.148
W 142.62 127.306 190.978
F 141.168 128.04 194.42
R 141.943 126.32 197.72
R 140.275 126.49 201.132
A 142.033 126.056 204.457
P 140.251 124.891 207.636
G 138.927 127.992 209.377
K 139.342 130.594 206.623
E 137.879 131.641 203.283
R 139.336 130.583 199.935
E 142.312 132.508 198.561
F 143.567 133.092 195.032
V 146.413 130.873 193.829
A 146.902 131.196 190.068
A 145.005 131.897 186.861
S 145.565 132.192 183.121
R 143.439 132.863 180.057
W 142.88 130.059 177.558
S 144.433 132.073 174.72
G 147.538 132.951 176.718
G 149.011 134.882 179.597
G 149.234 133.817 183.202
T 149.616 134.94 186.787
D 150.489 133.522 190.2
Y 150.106 134.315 193.907
K 155.116 132.847 193.5
G 157.507 131.047 191.146
R 157.235 127.693 192.912
F 153.963 126.865 191.124
T 153.698 127.039 187.331
F 150.647 127.026 185.063
S 150.21 124.856 181.971
R 147.409 124.073 179.526
D 146.947 121.447 176.823
N 144.409 123.418 174.734
T 143.347 120.418 172.627
R 141.935 117.929 175.17
N 140.131 120.59 177.261
T 142.417 119.753 180.187
M 144.387 121.955 182.566
C 147.156 121.083 185.018
L 148.8 122.889 187.945
E 151.578 120.902 189.609
M 153.076 121.957 192.941
N 156.801 121.969 193.73
S 158.481 122.335 197.137
L 155.306 121.814 199.141
K 154.905 122.956 202.743
P 152.731 121.672 205.611
E 150.748 124.928 205.65
D 150.187 124.641 201.881
T 147.967 121.568 202.315
A 144.344 122.416 201.515
V 141.328 121.343 199.465
Y 141.772 122.536 195.879
Y 138.889 123.599 193.636
C 138.681 124.104 189.874
A 136.857 127.265 188.798
L 136.01 128.976 185.511
R 135.173 132.628 184.846
T 133.017 133.618 181.877
A 133.584 136.82 179.907
R 129.94 137.23 178.849
D 129.179 139.732 181.621
S 132.425 141.701 181.291
Y 135.978 141.404 179.99
Y 137.592 142.811 183.149
Y 139.943 140.563 185.118
T 139.32 140.133 188.845
R 140.566 137.788 191.565
N 137.261 137.775 193.468
P 135.912 134.198 193.762
T 132.354 135.576 193.686
G 132.838 136.632 190.062
Y 133.529 133.057 188.969
D 130.316 131.265 187.974
Y 131.404 127.66 187.313
W 132.952 125.709 190.191
G 134.135 122.136 190.636
Q 134.538 119.628 193.433
G 137.409 119.51 195.916
T 140.183 116.995 196.532
Q 142.616 116.312 199.378
X 0 0 0
X 0 0 0
X 0 0 0
X 0 0 0
X 0 0 0
X 0 0 0
X 0 0 0
X 0 0 0
X 0 0 0
X 0 0 0
X 0 0 0
X 0 0 0
X 0 0 0
X 0 0 0
X 0 0 0
X 0 0 0
X 0 0 0
X 0 0 0
X 0 0 0
X 0 0 0
X 0 0 0
X 0 0 0
