Y 36.386 5.862 25.793
M 35.972 2.84 23.543
L 37.337 2.118 20.092
D 35.372 3.73 17.245
L 35.858 1.799 13.992
Q 33.509 1.169 11.08
P 31.461 -2.072 10.954
E 33.553 -3.94 8.373
T 36.89 -3.173 10.058
T 36.937 -5.808 12.825
D 34.788 -8.494 11.183
L 36.171 -12.023 11.084
Y 36.833 -13.872 7.834
C 37.955 -17.496 7.548
G 38.809 -26.498 27.023
C 36.493 -26.224 30.034
G 37.84 -24.958 33.358
G 36.148 -25.495 36.706
S 35.543 -22.522 39.028
G 37.565 -21.641 42.099
G 35.277 -20.563 44.94
G 35.843 -18.274 47.932
G 33.266 -17.312 50.574
S 34.073 -14.41 52.886
G 32.78 -11.172 54.373
G 33.746 -7.679 53.263
G 34.698 -6.594 56.807
G 35.673 -8.733 59.819
S 32.586 -10.466 61.165
I 30.941 -8.74 64.134
Q 27.617 -9.836 65.626
R 24.921 -7.214 65.11
T 27.053 -5.163 62.686
P 25.861 -4.83 59.09
K 28.291 -6.444 56.652
I 28.428 -7.985 53.174
Q 28.676 -11.698 52.392
V 30.77 -12.389 49.289
Y 31.126 -15.418 47.026
S 33.974 -14.937 44.556
R 34.088 -17.397 41.647
H 36.963 -17.257 39.183
P 39.004 -19.204 36.67
A 36.058 -20.924 34.981
E 34.963 -21.458 31.383
N 32.406 -21.248 29.829
G 30.712 -18.261 31.463
K 27.34 -19.884 32.256
S 27.272 -20.403 36.02
N 24.664 -20.631 38.782
F 25.631 -19.12 42.141
L 23.412 -19.144 45.234
N 24.067 -17.659 48.66
C 22.73 -19.89 51.435
Y 21.547 -18.895 54.911
V 20.703 -21.757 57.292
S 19.995 -24.19 54.471
G 17.892 -21.994 52.194
F 18.465 -19.539 49.38
H 18.98 -15.844 50.123
P 16.467 -13.825 48.123
S 18.119 -10.54 47.088
D 21.6 -11.364 45.774
I 23.486 -9.024 43.449
E 26.521 -9.865 41.348
V 29.251 -8.048 39.463
D 29.432 -7.745 35.682
L 31.106 -10.552 33.751
L 34.833 -9.995 33.194
K 37.789 -12.296 32.547
N 41.527 -12.624 33.119
G 44.514 -12.796 30.78
E 43.974 -16.54 30.254
R 40.338 -15.781 29.155
I 38.807 -17.482 32.23
E 35.862 -15.642 33.782
K 35.358 -14.275 37.282
V 32.348 -12.936 39.174
E 31.541 -11.552 42.613
H 28.203 -12.479 44.178
S 27.26 -10.48 47.253
D 24.437 -9.411 49.555
L 24.042 -7.263 52.651
S 23.676 -9.235 55.861
F 23.915 -8.869 59.632
S 25.608 -11.981 61.068
K 24.382 -13.392 64.376
D 25.583 -16.188 66.632
W 23.339 -18.941 65.234
S 23.206 -18.122 61.517
F 25.391 -20.14 59.137
Y 26.184 -19.099 55.571
L 27.517 -20.793 52.453
L 27.788 -20.48 48.679
Y 26.523 -23.06 46.179
Y 27.944 -23.113 42.652
T 26.746 -25.063 39.616
E 28.714 -25.285 36.378
F 29.058 -27.531 33.338
T 32.279 -28.954 34.823
P 30.544 -30.154 38.022
T 28.684 -33.446 38.378
E 26.704 -31.816 41.202
K 26.556 -28.314 42.719
D 29.489 -27.597 45.026
E 28.886 -25.935 48.409
Y 31.559 -23.875 50.181
A 30.753 -22.799 53.726
C 31.595 -19.409 55.216
R 34.225 -20.06 57.895
V 33.473 -17.206 60.296
N 52.626 4.364 39.868
H 51.734 2.661 36.593
V 48.182 2.849 35.241
T 46.034 1.122 32.637
L 42.672 1.299 30.88
S 41.061 -1.967 29.753
Q 37.853 -2.943 27.972
P 36.47 -6.493 28.096
K 33.774 -7.857 25.778
I 31.97 -11.202 26.006
V 29.281 -12.52 23.657
K 27.677 -15.939 24.179
W 25.367 -17.496 21.601
D 21.963 -18.771 22.767
R 20.587 -20.887 19.892
D 16.812 -20.467 19.723
M 16.569 -18.552 23.019
G 17.219 -15.222 21.219
G 20.161 -13.001 20.375
G 23.557 -13.596 22.022
G 24.162 -12.444 25.58
S 26.594 -9.517 25.305
G 28.426 -7.996 28.281
G 31.012 -5.204 28.122
G 32.969 -3.681 31.003
G 35.636 -1.003 31.208
S 38.375 -0.772 33.825
G 40.818 1.853 34.987
G 43.421 -0.161 36.93
