tag x y z
Q 24.608 70.502 46.982
V 24.321 70.939 43.176
Q 21.748 72.458 40.82
L 21.536 72.28 37.028
V 19.857 74.906 34.85
E 19.326 73.811 31.255
S 18.613 76.379 28.532
G 18.354 76.776 24.779
G 16.254 74.411 22.77
G 12.692 74.844 21.613
S 11.284 74.384 18.096
V 13.507 74.814 15.047
Q 13.203 73.91 11.362
A 14.83 70.764 9.965
G 18.357 71.646 8.918
G 18.47 74.232 11.672
S 20.665 74.61 14.728
L 20.377 75.058 18.477
S 22.831 75.638 21.269
L 21.869 73.987 24.524
S 23.342 75.273 27.741
C 23.81 73.444 31.02
A 24.662 75.823 33.844
A 25.819 73.972 36.961
S 26.056 75.571 40.399
T 29.441 73.965 41.017
Y 32.381 72.267 39.298
T 32.233 68.55 38.43
D 34.74 66.55 36.377
T 32.335 65.178 33.82
V 29.226 66.625 32.236
G 27.126 64.815 29.716
W 24.105 65.404 27.545
F 21.591 62.622 27.063
R 18.337 62.483 25.188
Q 15.129 60.524 25.196
A 13.328 60.559 21.841
P 9.66 59.476 21.48
G 9.182 55.785 22.224
K 12.777 55.046 23.148
E 15.053 54.788 26.178
R 17.398 57.56 27.238
E 20.672 57.579 25.326
G 23.991 59.338 25.742
V 24.708 62.043 23.172
A 27.971 63.715 24.162
A 30.161 64.101 27.231
I 33.033 66.32 28.269
Y 35.786 65.803 30.822
R 36.178 69.259 32.344
R 39.779 68.916 33.462
T 40.947 68.936 29.856
G 38.067 69.753 27.54
Y 38.204 66.25 26.048
T 34.888 65.231 24.487
Y 33.301 61.983 23.345
S 30.263 61.751 21.048
A 27.776 58.974 20.384
D 27.863 57.541 16.857
S 24.438 59.002 16.106
V 25.563 62.606 16.557
K 29.279 62.853 15.92
G 30.144 65.52 13.386
R 26.918 67.435 13.965
F 26.985 68.298 17.667
T 29.85 70.031 19.433
L 30.169 70.064 23.212
S 32.303 72.751 24.852
Q 32.826 74.332 28.254
D 32.796 77.988 29.266
N 36.2 79.534 29.968
N 35.053 80.874 33.356
K 31.712 79.408 34.414
N 30.542 75.925 35.332
T 28.534 75.817 32.131
V 28.797 73.561 29.09
Y 27.306 74.116 25.664
L 26.0 71.592 23.179
Q 26.007 73.134 19.686
M 23.596 71.112 17.565
N 23.804 71.646 13.806
S 22.026 70.122 10.809
L 19.094 69.042 12.969
K 16.615 66.456 11.662
P 13.189 65.371 12.943
E 14.84 62.278 14.476
D 16.631 64.592 16.914
T 13.316 65.636 18.446
G 13.141 64.77 22.12
I 13.972 65.802 25.644
Y 17.634 66.581 26.269
Y 19.106 66.152 29.764
C 22.3 67.468 31.276
A 24.009 65.278 33.906
T 27.03 65.721 36.17
G 29.434 62.865 36.94
N 33.118 62.092 37.461
S 33.932 59.096 35.27
V 37.004 59.128 33.018
R 35.368 56.454 30.864
L 33.173 58.719 28.784
A 32.247 56.009 26.256
S 30.505 54.024 29.026
W 28.046 56.79 29.96
E 28.441 55.766 33.599
G 29.265 57.634 36.78
Y 26.641 60.364 36.605
F 25.366 61.376 40.004
Y 22.933 64.225 39.313
W 20.46 64.961 36.529
G 18.807 68.019 35.045
Q 15.052 68.173 34.514
G 15.334 68.098 30.738
T 14.73 70.538 27.905
Q 12.507 70.022 24.88
V 14.002 70.112 21.399
T 11.549 69.87 18.528
V 12.626 69.707 14.887
S 10.03 70.227 12.159
S 9.634 69.16 8.516
