tag x y z
V 9.489 8.522 11.5
Q 10.827 5.851 9.166
L 14.191 5.391 7.425
Q 14.323 2.872 4.593
A 17.689 2.039 3.054
S 18.111 0.366 -0.35
G 21.122 -0.782 -2.297
G 23.983 -2.808 -1.004
G 24.85 -6.372 -2.018
S 28.103 -7.868 -3.284
V 30.518 -6.587 -5.812
Q 34.076 -7.198 -6.798
A 36.857 -5.111 -5.344
G 37.13 -2.03 -7.574
G 33.47 -1.831 -8.498
S 30.876 0.592 -7.222
L 27.545 0.425 -5.39
R 24.824 2.943 -4.656
L 22.878 3.03 -1.384
S 19.752 5.138 -0.755
C 17.683 6.234 2.18
A 14.312 7.849 2.329
A 13.183 9.352 5.64
S 9.425 9.035 5.978
G 6.97 10.388 8.47
Y 8.653 13.756 8.897
T 6.793 17.002 9.084
I 10.037 18.991 9.457
G 13.508 17.716 8.787
P 15.654 15.794 9.247
Y 18.397 18.367 9.74
C 21.012 15.66 9.002
M 21.096 12.275 7.192
G 24.309 10.255 7.115
W 25.778 6.794 6.922
F 27.497 4.671 9.542
R 29.082 1.299 9.045
Q 29.943 -1.618 11.334
A 32.728 -3.642 9.754
P 33.168 -7.091 11.266
G 35.334 -6.865 14.362
K 35.887 -3.109 14.146
E 34.474 0.108 15.614
R 31.366 1.706 14.191
E 32.534 4.202 11.612
G 30.887 7.462 10.671
V 31.134 7.474 6.853
A 29.389 10.44 5.363
A 26.734 13.087 6.218
I 24.923 15.88 4.502
N 23.169 18.864 5.92
M 19.599 18.529 4.601
G 18.639 21.39 2.357
G 21.79 23.396 2.871
G 23.602 20.509 1.203
I 26.977 20.598 3.026
T 28.76 17.234 3.071
Y 31.353 15.612 5.324
Y 33.226 12.341 4.826
A 35.316 10.051 6.968
D 38.988 10.288 6.068
S 39.031 6.688 4.903
V 36.282 7.161 2.348
K 37.336 10.598 1.315
G 37.639 10.769 -2.45
R 35.739 7.551 -3.117
F 32.287 8.088 -1.652
T 29.863 10.867 -2.478
I 26.65 11.62 -0.59
S 23.833 13.623 -2.132
Q 20.109 14.266 -1.724
D 17.103 13.869 -4.026
N 14.999 15.915 -1.577
A 11.338 14.784 -1.891
K 10.85 12.326 0.997
N 14.209 13.328 2.522
T 15.996 10.823 0.299
V 19.831 10.688 0.052
Y 22.368 8.46 -1.764
L 25.85 7.31 -1.231
L 27.716 6.492 -4.424
M 30.616 4.225 -3.502
N 33.392 3.875 -6.092
S 36.759 2.129 -5.847
L 35.257 -0.311 -3.39
E 37.958 -2.323 -1.588
P 37.304 -5.379 0.605
E 38.041 -3.218 3.691
D 34.726 -1.493 2.878
T 32.877 -4.762 3.683
A 30.48 -3.905 6.511
I 26.899 -3.3 7.592
Y 25.778 0.127 6.44
Y 23.321 2.043 8.492
C 21.372 5.115 7.553
A 20.785 7.709 10.27
A 19.001 11.058 10.663
D 19.293 13.908 13.215
S 15.732 15.128 13.803
T 16.59 18.32 15.724
I 16.011 21.556 13.905
Y 18.95 23.535 15.281
A 18.52 27.24 16.024
S 22.077 28.099 15.148
Y 24.055 26.493 12.342
Y 25.027 22.859 12.94
E 27.527 21.025 10.749
C 26.254 17.433 10.49
G 29.662 15.84 10.245
H 30.069 16.943 13.879
G 27.833 14.253 15.375
L 29.042 11.775 12.757
S 32.699 12.059 13.706
T 31.921 11.937 17.437
G 30.025 8.714 18.006
G 26.854 9.555 16.076
Y 25.691 12.165 18.59
G 22.463 13.759 17.566
Y 21.602 11.055 15.055
D 18.511 9.733 16.768
S 16.693 7.905 14.016
W 18.232 4.824 12.608
G 17.385 2.465 9.835
Q 17.816 -1.181 9.019
G 21.379 -2.172 8.196
T 22.344 -3.216 4.708
Q 25.32 -5.526 4.21
V 27.78 -4.643 1.531
T 30.388 -7.253 0.783
V 33.332 -6.548 -1.445
S 34.707 -9.709 -3.175
S 38.214 -10.856 -4.14
