tag x y z
E 45.962 -11.011 36.133
V 49.169 -9.23 37.165
Q 48.875 -6.221 39.518
L 51.191 -3.875 41.45
L 49.741 -1.906 44.404
E 51.919 0.806 45.932
S 51.611 2.352 49.392
G 53.7 4.613 51.611
G 54.901 7.984 50.295
G 53.654 11.402 51.362
L 55.243 14.67 52.472
V 58.446 14.849 54.554
Q 61.201 17.378 55.31
P 64.825 17.174 54.043
G 66.879 14.544 55.896
G 63.749 12.521 56.692
S 62.632 9.153 55.331
L 59.855 7.026 53.839
R 59.413 3.368 52.915
L 57.478 2.591 49.752
S 55.885 -0.842 49.457
C 54.764 -2.598 46.275
A 52.5 -5.591 46.882
A 52.427 -7.851 43.815
S 49.591 -10.239 42.962
G 49.101 -12.769 40.149
F 52.827 -13.617 40.197
R 55.941 -13.965 42.386
I 58.195 -10.873 42.777
S 61.318 -13.035 43.236
D 60.93 -14.392 39.678
E 60.878 -10.927 38.045
D 63.378 -8.163 37.407
M 61.577 -5.441 39.387
G 62.358 -1.803 40.106
W 61.291 1.742 40.847
V 60.889 4.513 38.253
R 60.405 8.154 39.273
Q 58.712 10.873 37.252
A 59.096 14.614 37.772
P 57.851 17.25 35.302
G 60.915 18.524 33.409
K 63.152 15.522 34.252
G 61.132 12.875 32.369
L 61.518 9.307 33.677
E 64.404 7.65 35.568
W 65.163 4.181 36.947
V 65.963 4.968 40.6
S 66.711 1.345 41.562
S 66.157 -2.281 40.605
I 66.649 -5.859 41.766
Y 67.133 -8.385 38.976
G 65.669 -11.853 39.693
P 67.913 -14.621 40.951
S 71.158 -13.272 42.421
G 69.078 -10.527 44.036
S 71.843 -8.106 43.008
T 70.879 -4.428 42.88
Y 71.25 -1.343 40.667
Y 71.029 2.264 41.897
A 71.129 5.637 40.164
D 74.259 7.547 41.225
S 72.194 10.271 42.916
V 70.477 7.847 45.346
K 73.323 5.379 46.064
G 74.017 5.083 49.809
R 70.618 6.595 50.709
F 68.061 4.324 48.971
T 67.814 0.538 49.48
I 65.681 -1.758 47.307
S 64.596 -5.078 48.844
R 62.092 -7.958 48.736
D 60.072 -10.007 51.217
N 59.133 -13.164 49.293
S 56.66 -14.38 51.949
K 54.646 -11.131 51.638
N 55.249 -10.88 47.863
T 56.3 -7.262 48.396
L 59.003 -5.002 46.911
Y 60.285 -2.091 49.037
L 62.277 1.113 48.62
Q 63.726 2.467 51.869
M 64.421 6.142 51.087
N 66.699 7.74 53.691
S 68.374 11.169 53.891
L 65.771 12.537 51.453
R 66.485 15.662 49.403
A 64.347 18.234 47.574
E 65.292 16.744 44.166
D 63.854 13.321 45.129
T 60.413 14.944 44.741
A 58.654 12.797 42.11
V 55.895 10.244 41.468
Y 57.476 6.831 42.145
Y 56.267 3.771 40.224
C 56.805 0.119 41.008
A 57.678 -1.4 37.634
S 58.616 -4.62 35.873
A 61.365 -4.604 33.246
L 60.734 -3.774 29.581
E 60.592 -7.536 28.952
P 58.967 -9.353 31.909
L 59.51 -13.08 32.535
S 55.956 -14.2 31.608
E 53.583 -11.384 30.543
P 54.296 -10.093 26.995
L 54.332 -6.408 27.964
G 55.702 -4.576 30.996
F 53.382 -3.456 33.784
W 53.192 -0.619 36.328
G 51.779 0.257 39.721
Q 49.507 3.279 40.151
G 52.162 5.875 41.072
T 52.965 7.219 44.548
L 53.788 10.893 45.091
V 56.812 11.469 47.336
T 57.587 15.076 48.261
V 60.494 16.615 50.162
S 60.232 20.282 51.21
S 60.973 22.527 54.183
