tag x y z
E 75.92 8.521 27.132
V 72.744 6.857 25.848
Q 70.094 9.38 24.795
L 66.541 9.036 23.44
L 65.225 12.156 21.64
E 61.566 12.104 20.722
S 59.905 14.229 18.037
G 56.676 14.267 16.026
G 54.176 15.063 18.787
G 51.311 17.531 18.449
L 47.579 18.184 18.139
V 45.578 15.761 15.953
Q 41.841 15.418 15.268
P 40.118 12.091 16.139
G 40.245 9.503 13.342
G 43.542 10.968 12.116
S 47.106 9.675 12.427
L 50.53 10.688 13.768
R 54.055 9.224 13.782
L 56.24 9.605 16.862
S 59.983 9.304 16.2
C 62.834 8.539 18.617
A 66.413 9.289 17.553
A 68.728 7.061 19.595
S 72.397 7.869 20.243
G 75.175 6.31 22.345
F 74.014 2.893 21.045
R 72.46 1.044 18.089
I 68.767 0.147 18.057
S 68.695 -2.941 15.782
D 70.186 -5.101 18.545
E 68.583 -3.63 21.854
D 65.101 -3.946 23.192
M 62.959 -0.807 22.882
G 59.42 0.469 23.403
W 56.946 3.262 24.048
V 55.301 4.209 27.344
R 52.537 6.79 27.85
Q 50.73 8.725 30.583
A 47.255 10.122 29.922
P 46.233 13.27 31.864
G 46.046 12.61 35.618
K 46.468 8.843 35.166
G 49.41 6.437 35.535
L 52.124 5.007 33.281
E 51.292 2.294 30.727
W 53.382 0.344 28.196
V 51.914 0.989 24.737
S 54.209 -1.301 22.757
S 57.663 -2.845 22.665
I 60.017 -4.669 20.32
Y 62.389 -7.219 21.876
G 64.204 -10.549 21.576
P 66.465 -11.918 18.808
S 63.811 -11.701 16.05
G 62.383 -8.19 16.674
S 59.037 -9.501 17.952
T 56.432 -6.784 18.576
Y 53.882 -6.551 21.391
Y 50.925 -4.237 21.992
A 48.621 -3.045 24.749
D 45.107 -4.423 24.278
S 43.666 -0.936 23.681
V 46.111 -0.029 20.862
K 46.336 -3.38 19.005
G 45.455 -3.007 15.308
R 45.936 0.788 15.428
F 49.563 1.333 16.523
T 52.723 -0.012 14.822
I 56.204 0.004 16.376
S 59.169 -0.239 13.981
R 62.887 0.393 13.537
D 64.821 2.147 10.803
N 68.306 0.779 11.449
S 69.836 3.181 8.888
K 68.594 6.323 10.718
N 68.947 4.7 14.177
T 65.35 5.692 14.944
L 62.398 3.948 16.604
Y 58.902 4.883 15.383
L 55.324 4.596 16.598
Q 52.794 4.926 13.771
M 49.523 5.822 15.506
N 46.395 5.356 13.37
S 42.673 5.717 14.15
L 43.458 8.081 17.032
R 40.922 8.668 19.825
A 40.636 10.801 22.983
E 42.051 7.932 25.102
D 45.405 8.346 23.287
T 45.843 11.849 24.729
A 49.102 11.389 26.659
V 52.775 12.246 27.088
Y 54.657 9.521 25.184
Y 58.082 8.311 26.33
C 60.575 6.443 24.176
A 62.353 3.608 26.009
S 65.196 1.093 25.801
A 66.955 -1.604 27.839
L 70.703 -2.263 27.489
E 72.634 -5.012 29.297
P 76.414 -4.532 28.828
L 77.031 -6.633 31.977
S 74.496 -9.489 32.126
E 71.38 -7.475 33.182
P 69.187 -4.565 31.903
L 69.829 -0.902 32.621
G 66.809 1.177 31.566
F 66.531 4.456 29.657
W 63.834 6.991 28.769
G 63.395 10.009 26.539
Q 62.123 13.416 27.626
G 58.432 12.768 26.836
T 56.314 14.244 24.02
L 52.72 15.426 24.199
V 50.129 14.09 21.762
T 46.634 15.523 22.151
V 43.587 14.152 20.338
S 40.59 16.496 20.031
