tag x y z
V 15.1 -5.346 -1.349
Q 12.609 -6.842 1.12
L 12.411 -6.714 4.936
V 10.856 -9.247 7.279
E 10.32 -8.157 10.87
S 9.218 -10.079 13.926
G 8.826 -9.661 17.659
G 7.087 -6.913 19.566
G 3.9 -6.909 21.586
S 2.902 -5.941 25.102
V 5.05 -6.131 28.21
Q 5.154 -4.545 31.642
A 7.619 -1.78 32.441
G 11.007 -3.087 33.49
G 10.695 -6.091 31.197
S 12.266 -6.92 27.844
L 11.416 -7.692 24.211
R 13.513 -8.726 21.22
L 12.844 -7.64 17.64
S 14.424 -9.132 14.556
C 14.78 -7.942 10.999
A 15.855 -10.006 7.997
V 16.797 -8.331 4.719
S 16.989 -9.774 1.217
G 17.753 -8.2 -2.134
Y 21.138 -6.536 -1.585
K 24.071 -7.547 -3.802
D 26.57 -7.197 -0.966
R 26.686 -6.338 2.733
N 27.635 -2.689 2.209
Y 24.474 -1.156 3.706
C 23.022 0.151 6.973
M 20.375 -1.378 9.254
G 18.525 0.28 12.087
W 15.345 0.702 14.075
F 13.212 3.824 14.074
R 10.154 4.334 16.237
R 7.074 6.52 16.094
A 5.531 7.258 19.477
P 1.894 8.41 19.405
G 1.685 11.951 18.062
K 5.431 12.131 17.474
E 7.776 11.873 14.494
R 9.944 8.834 13.788
E 13.12 8.759 15.864
G 16.178 6.654 15.022
V 17.035 4.691 18.161
A 19.711 2.175 17.146
V 21.686 1.514 13.969
I 24.479 -0.834 13.02
D 26.95 -0.978 10.134
S 28.59 -3.843 8.207
S 31.506 -3.726 10.64
G 29.252 -4.45 13.594
R 29.7 -0.909 14.97
T 26.659 0.717 16.592
A 25.081 4.078 17.419
Y 22.123 4.817 19.723
A 19.707 7.604 20.605
D 20.544 8.915 24.103
S 17.08 7.906 25.33
V 17.836 4.202 24.867
K 21.598 3.841 25.251
G 22.474 1.036 27.635
R 18.956 -0.41 27.544
F 18.692 -1.277 23.843
T 21.365 -3.357 22.117
I 21.388 -3.795 18.359
S 23.369 -6.667 16.84
R 23.79 -7.915 13.28
D 24.751 -11.205 11.666
V 26.257 -9.516 8.638
A 26.613 -12.662 6.51
L 22.963 -13.498 7.25
D 21.606 -10.031 6.451
T 19.764 -10.056 9.777
A 19.695 -7.68 12.751
Y 18.267 -7.892 16.263
L 17.164 -5.312 18.784
Q 17.372 -6.532 22.378
M 15.316 -4.132 24.485
N 15.945 -4.484 28.218
S 14.418 -2.549 31.129
L 11.595 -1.157 28.988
K 9.732 1.971 30.054
P 6.244 3.266 29.172
E 7.887 6.012 27.093
D 9.246 3.244 24.848
T 5.734 2.477 23.586
A 5.617 2.977 19.813
M 5.484 1.382 16.387
Y 9.026 0.133 15.719
Y 10.365 0.035 12.182
C 13.421 -1.751 10.872
A 14.99 0.047 7.925
A 17.952 -0.457 5.601
G 19.887 2.331 3.933
W 22.988 3.658 2.208
S 26.253 3.428 4.109
S 28.954 6.094 3.726
L 32.426 4.526 3.717
G 31.154 1.982 6.202
S 29.444 4.44 8.548
C 25.746 4.475 9.468
G 23.709 7.051 11.381
T 20.308 7.699 12.961
N 18.93 10.014 10.247
R 15.798 8.308 8.868
N 16.178 10.08 5.524
R 19.266 8.015 4.783
Y 17.261 4.781 4.907
N 15.388 3.882 1.741
Y 13.861 0.453 2.49
W 11.226 0.119 5.206
G 8.714 -2.475 6.326
Q 5.43 -2.96 8.129
G 6.961 -2.291 11.527
T 5.877 -3.795 14.809
Q 3.934 -2.44 17.745
V 5.609 -2.376 21.148
T 3.461 -1.419 24.136
V 4.871 -1.061 27.637
S 2.333 -0.845 30.45
S 3.241 0.877 33.718
