tag x y z
V 11.246 -38.917 -2.228
Q 11.885 -35.947 0.06
L 9.586 -32.99 0.64
Q 10.781 -29.659 1.973
E 8.491 -26.865 3.174
S 9.369 -23.148 3.284
G 7.596 -19.791 3.689
G 6.336 -20.212 7.243
G 6.786 -17.914 10.196
L 5.035 -15.353 12.353
V 2.52 -12.94 10.877
Q -0.061 -10.41 12.122
A -3.794 -11.137 11.629
G -5.068 -10.086 8.176
G -1.624 -10.647 6.609
S -0.519 -13.265 4.087
L 2.109 -15.959 3.684
R 3.238 -18.144 0.801
L 4.235 -21.71 1.63
S 6.357 -23.693 -0.87
C 6.982 -27.42 -0.946
A 9.703 -28.735 -3.284
A 9.731 -32.448 -4.053
S 12.888 -34.418 -4.859
S 6.818 -37.593 -11.678
T 3.036 -37.928 -11.662
Y 2.428 -37.797 -7.886
D -0.349 -35.616 -6.493
M 0.616 -33.032 -3.897
G -1.333 -31.438 -1.056
W -1.213 -29.256 2.045
F -2.432 -30.284 5.486
R -2.472 -28.563 8.863
Q -2.512 -29.508 12.507
A -2.92 -27.43 15.645
P -1.862 -28.822 19.048
G -4.298 -31.41 20.462
K -6.312 -31.465 17.211
E -6.269 -34.022 14.386
R -4.485 -33.124 11.145
E -6.8 -31.815 8.406
S -6.694 -31.437 4.604
V -6.302 -27.83 3.425
A -5.945 -28.175 -0.342
A -4.566 -30.475 -3.038
I -3.738 -30.652 -6.715
N -4.193 -33.635 -9.01
W -0.904 -33.417 -10.943
G -2.263 -35.315 -13.954
S -5.714 -33.706 -14.331
A -4.953 -30.23 -12.912
G -8.037 -30.61 -10.66
T -8.041 -28.905 -7.273
Y -9.505 -29.622 -3.857
Y -10.024 -27.107 -1.019
A -11.382 -27.521 2.517
S -14.406 -25.327 3.256
S -12.467 -23.542 6.014
V -10.078 -21.91 3.489
R -12.067 -21.48 0.232
G -11.908 -17.9 -1.043
R -8.817 -17.146 1.114
F -6.055 -19.635 0.201
T -4.851 -20.684 -3.25
I -2.942 -23.834 -4.115
S -0.916 -23.724 -7.316
R 2.15 -25.382 -8.79
D 5.229 -25.009 -10.946
N 5.512 -28.244 -12.953
A 9.071 -27.589 -14.171
K 10.184 -27.036 -10.553
K 8.337 -30.037 -9.006
T 6.966 -27.549 -6.466
V 3.536 -26.826 -4.888
Y 2.566 -23.419 -3.393
L -0.029 -22.333 -0.876
Q -0.863 -18.616 -0.944
M -2.512 -17.8 2.377
N -4.375 -14.473 2.543
S -6.618 -12.854 5.181
L -4.973 -14.935 7.892
K -6.636 -15.398 11.281
P -5.393 -16.45 14.733
E -7.186 -19.778 14.264
D -5.093 -20.479 11.112
T -2.164 -21.051 13.507
A -0.873 -24.615 13.085
V 1.908 -26.779 11.596
Y 1.323 -26.924 7.821
T 2.684 -30.05 6.184
C 3.055 -30.96 2.531
G 2.216 -34.509 1.36
A 2.549 -36.435 -1.886
G 1.019 -39.637 -3.173
R -1.8 -40.722 -5.488
I -5.315 -39.386 -4.885
E -4.988 -38.265 4.375
S -4.497 -41.988 3.693
W -3.584 -41.23 0.049
V -0.324 -39.546 1.106
T 2.777 -41.726 0.773
W 5.527 -39.205 1.652
W 5.352 -36.375 4.193
G 7.444 -33.253 4.648
Q 8.647 -32.177 8.078
G 6.058 -29.405 8.385
T 6.371 -25.732 9.13
Q 4.812 -23.605 11.844
V 2.526 -20.728 10.895
T 1.709 -18.413 13.783
V -0.899 -15.67 13.372
S -1.038 -13.038 16.175
S -4.043 -10.811 16.989
