tag x y z
Q -5.788 63.307 -7.207
V -4.338 60.051 -6.041
Q -5.159 56.362 -6.374
L -4.214 53.62 -3.92
Q -3.995 49.944 -4.819
E -3.536 47.173 -2.241
S -2.209 43.685 -2.891
G -0.54 40.82 -1.052
G -3.622 39.606 0.829
G -4.619 35.974 1.161
L -4.767 32.923 3.4
V -2.155 32.133 6.058
Q -1.93 29.663 8.955
A -2.062 31.12 12.477
G 1.47 32.013 13.58
G 2.507 32.736 9.976
S 3.536 35.975 8.245
L 2.166 38.169 5.425
R 3.295 41.375 3.712
L 0.699 43.783 2.277
S 1.614 46.389 -0.355
C -0.096 49.639 -1.252
Q 1.036 51.415 -4.381
A 0.084 55.037 -4.797
S -0.205 56.597 -8.254
G -1.236 59.948 -9.709
N -0.306 63.14 -7.878
I 2.11 61.601 -5.338
F 3.35 65.029 -4.219
R -0.089 65.609 -2.656
I 0.288 62.718 -0.165
N 1.129 63.503 3.451
D 0.594 60.773 6.113
M -0.378 57.24 5.112
G -1.854 54.319 7.042
W -3.481 50.916 7.228
Y -6.97 50.348 8.561
R -8.766 47.024 8.955
Q -12.384 45.935 9.238
A -13.073 42.496 10.698
P -16.358 40.671 9.921
G -19.067 42.488 11.914
T -16.814 45.196 13.394
Q -16.035 48.858 12.705
R -13.021 50.036 10.665
E -10.007 50.708 12.899
L -6.637 52.398 12.42
V -3.94 49.764 12.733
A -0.746 51.602 11.701
A 0.3 55.024 10.355
I 3.457 56.613 8.94
T 4.49 60.176 8.161
S 6.664 61.194 5.193
G 9.677 61.431 7.516
G 9.08 57.932 8.93
S 7.32 58.473 12.3
T 5.026 55.526 13.036
K 2.226 54.473 15.337
Y 0.34 51.275 16.026
A -2.766 50.026 17.727
D -1.878 48.027 20.856
S -3.524 44.933 19.337
V -0.876 44.688 16.598
K 2.106 46.564 18.061
G 5.269 44.44 18.115
R 3.759 42.118 15.467
F 3.046 44.503 12.535
T 5.472 46.959 10.902
I 4.516 49.765 8.536
S 7.243 51.034 6.205
K 7.63 52.764 2.837
D 9.651 52.691 -0.366
N 9.681 56.209 -1.802
A 11.221 55.137 -5.12
K 8.377 52.649 -5.649
N 5.637 54.946 -4.266
T 4.523 52.097 -2.008
V 3.821 51.534 1.692
Y 3.953 48.113 3.328
L 2.353 46.322 6.235
Q 4.568 43.461 7.427
M 2.33 41.187 9.511
N 4.117 38.622 11.698
S 2.746 36.098 14.234
L -0.738 36.36 12.72
K -3.713 35.384 14.94
P -7.24 34.385 13.814
E -8.412 37.784 15.147
D -6.273 39.566 12.517
T -8.741 38.238 9.9
A -10.142 41.349 8.19
V -10.327 43.46 5.091
Y -7.23 45.71 5.228
Y -7.445 49.176 3.674
C -4.673 51.52 2.614
A -5.311 55.219 3.303
A -3.567 58.497 2.455
E -3.913 61.995 3.86
D -3.944 64.872 1.378
R -1.517 67.624 2.406
H -4.11 70.249 1.515
R -6.652 68.758 3.944
I -4.729 67.512 6.971
G -6.285 65.425 9.754
T -8.63 63.37 7.538
V -8.28 60.552 5.026
G -8.173 61.966 1.501
Y -7.818 58.69 -0.42
W -8.739 55.025 0.191
G -7.718 51.771 -1.482
Q -10.33 49.116 -2.318
G -9.238 46.796 0.475
T -7.493 43.448 0.609
Q -8.681 40.302 2.381
V -6.432 38.666 4.985
T -7.673 35.322 6.323
V -5.856 33.658 9.228
S -6.837 30.033 9.705
S -6.855 28.097 12.996
