tag x y z
E -14.16 12.607 -12.954
V -11.665 9.864 -12.043
Q -11.82 6.226 -13.247
L -9.793 3.324 -11.821
V -9.537 0.033 -9.879
E -6.439 -1.797 -8.498
S -5.712 -5.118 -10.267
G -3.015 -7.344 -11.799
G -2.128 -10.354 -9.627
G 1.461 -11.644 -9.427
L 3.682 -13.914 -7.3
V 6.585 -12.779 -5.087
Q 8.441 -15.633 -3.348
P 11.505 -14.54 -1.332
G 13.404 -12.446 -3.881
G 10.448 -12.633 -6.276
S 8.734 -9.595 -7.831
L 5.032 -8.94 -8.463
R 3.33 -7.029 -11.255
L 0.012 -5.43 -10.236
S -1.471 -2.013 -11.081
C -4.094 0.718 -10.562
A -6.822 0.954 -13.204
A -7.519 4.457 -14.54
S -8.966 6.155 -17.637
G -9.808 9.865 -18.164
F -7.671 11.03 -15.214
T -4.863 8.613 -16.255
F -2.546 8.077 -13.237
S 0.479 10.388 -13.289
S -1.339 13.317 -14.901
Y -2.969 13.854 -11.489
A -0.681 11.727 -9.285
M -2.055 8.525 -7.721
S -0.96 6.487 -4.705
W -1.887 2.893 -4.136
V -1.874 -0.455 -2.291
R -2.566 -1.089 1.52
Q -4.009 -4.414 2.804
A -3.0 -8.022 3.615
P -3.987 -11.445 5.027
G -4.398 -10.422 8.682
K -0.915 -9.085 8.01
E -2.16 -5.534 8.501
R -2.1 -3.194 5.485
E 0.991 -2.957 3.328
I 1.491 -0.361 0.584
V 3.635 -1.044 -2.443
S 3.996 2.252 -4.295
A 2.505 5.644 -5.115
V 3.243 8.899 -7.022
S 1.949 12.123 -5.412
G 2.078 15.464 -7.275
S 3.688 15.583 -10.728
G 5.437 12.548 -9.241
G 8.13 14.138 -7.044
S 6.567 12.049 -4.256
T 6.795 8.262 -4.638
Y 6.098 5.305 -2.375
Y 7.529 1.781 -2.126
A 5.842 -0.385 0.529
D 7.417 0.143 3.978
S 10.803 -1.547 3.372
V 11.547 -1.221 -0.343
K 12.137 2.532 -0.72
G 14.798 1.487 -3.263
R 13.762 -2.091 -4.14
F 10.186 -1.391 -5.332
T 8.812 0.505 -8.357
I 5.639 2.448 -9.247
S 5.445 1.283 -12.882
R 2.797 3.101 -14.903
D 1.055 2.907 -18.29
N -0.396 6.276 -19.407
S -2.188 5.234 -22.634
K -3.053 1.837 -21.126
N -5.629 2.89 -18.531
T -3.4 1.74 -15.652
L -0.011 1.772 -13.944
Y 1.788 -1.36 -12.73
L 3.908 -2.174 -9.681
Q 7.08 -4.246 -9.729
M 7.366 -5.095 -6.023
N 10.042 -7.652 -5.083
S 11.228 -8.319 -1.504
L 8.493 -10.512 0.039
R 9.681 -13.823 1.554
A 7.213 -16.699 1.009
E 5.768 -15.858 4.416
D 3.709 -12.65 4.153
T 1.09 -12.741 1.37
A -0.563 -9.3 1.093
V -3.582 -7.397 -0.269
Y -3.556 -3.883 -1.79
Y -6.077 -1.116 -2.646
C -5.375 1.826 -4.977
A -5.981 5.421 -3.793
R -5.179 8.9 -5.215
L -3.868 11.783 -3.082
K -3.36 15.312 -4.484
K -6.463 17.239 -3.352
Y -9.547 17.395 -5.612
A -8.701 13.853 -6.704
F -8.471 11.867 -3.467
D -11.429 9.683 -2.404
Y -11.72 6.677 -4.747
W -9.881 3.417 -5.547
G -11.655 0.62 -3.638
Q -11.61 -2.987 -4.912
G -8.879 -5.234 -3.466
T -5.862 -6.986 -5.017
L -2.857 -8.816 -3.557
V 0.473 -10.606 -3.978
T 1.028 -14.359 -3.539
V 4.64 -15.157 -2.598
S 5.076 -18.008 -5.107
S 6.845 -21.036 -3.578
