tag x y z
V -1.015 17.117 14.292
Q -2.615 19.779 12.122
L -1.303 22.913 10.434
V -3.683 25.799 9.851
E -2.601 28.882 7.93
S -3.981 32.41 8.024
G -2.933 35.861 6.831
G -3.309 35.638 3.053
G -5.038 38.169 0.859
S -4.704 40.727 -1.89
V -2.006 43.353 -1.591
Q -0.662 46.161 -3.733
A 2.75 45.817 -5.384
G 5.502 46.827 -2.942
G 3.257 46.008 0.001
S 3.573 43.378 2.714
L 1.687 40.579 4.483
R 2.42 38.25 7.384
L 1.32 34.623 7.017
S 0.819 32.419 10.082
C 1.14 28.632 10.386
A -0.395 27.391 13.646
V 0.592 23.856 14.63
S -2.08 22.045 16.653
G -1.745 18.696 18.32
S 1.474 17.385 19.738
T 4.73 15.582 19.042
Y 7.925 15.202 21.051
S 9.86 14.818 17.796
P 12.144 17.463 16.272
C 10.715 19.119 13.145
T 11.728 21.36 10.271
T 8.964 23.798 9.268
G 8.774 25.112 5.737
W 6.908 27.487 3.454
Y 6.098 26.673 -0.183
R 4.125 28.435 -2.893
Q 2.332 27.563 -6.118
A 1.114 29.92 -8.842
P -1.927 28.746 -10.845
G -1.013 25.924 -13.211
K 2.615 25.876 -12.09
E 4.92 23.886 -9.819
R 4.929 24.16 -5.999
E 8.246 25.796 -5.112
W 10.154 25.887 -1.824
V 10.313 29.324 -0.16
S 11.803 29.06 3.325
S 12.516 26.731 6.257
I 13.232 27.067 9.968
S 14.328 24.224 12.241
S 16.592 24.509 15.305
P 17.106 28.042 16.693
G 18.503 30.415 14.096
T 18.672 27.655 11.49
I 16.862 29.463 8.694
Y 17.094 29.238 4.922
Y 15.491 31.035 1.988
Q 14.861 30.582 -1.715
D 17.15 33.211 -3.263
S 14.366 35.112 -4.997
V 12.963 36.086 -1.588
K 16.135 36.732 0.386
G 16.114 40.1 2.094
R 12.361 40.473 1.525
F 10.881 37.541 3.447
T 11.603 36.655 7.073
I 10.556 33.376 8.697
S 10.166 33.291 12.483
R 8.425 31.388 15.244
D 6.613 31.945 18.518
N 7.251 28.761 20.478
A 4.697 29.47 23.18
K 2.011 29.775 20.488
N 3.396 26.866 18.447
T 3.223 29.108 15.393
V 5.564 29.935 12.541
Y 5.284 33.155 10.547
L 6.417 34.328 7.137
Q 6.752 38.126 6.925
M 6.562 38.992 3.241
N 7.842 42.449 2.317
S 8.227 44.337 -0.968
L 5.818 41.993 -2.702
Q 5.758 41.788 -6.477
R 3.738 40.033 -9.155
E 6.195 37.117 -9.075
D 5.151 36.399 -5.477
T 1.511 35.739 -6.316
G 0.436 32.189 -5.5
M -1.078 29.717 -3.04
Y 1.21 29.578 0.015
Y 1.56 26.431 2.092
C 3.375 25.698 5.293
Q 4.595 22.163 5.997
I 6.422 20.298 8.751
Q 8.744 17.287 8.574
C 9.243 15.561 11.936
G 11.017 12.609 13.462
V 14.363 10.923 13.884
R 14.044 7.294 12.806
S 11.043 7.591 10.574
I 9.506 10.801 9.352
R 5.993 12.204 9.474
E 5.093 15.092 7.141
Y 2.014 17.321 7.27
W 0.799 20.019 4.898
G -1.216 23.112 5.704
Q -4.343 23.97 3.721
G -2.852 26.821 1.687
T -3.652 30.535 1.727
Q -3.836 32.78 -1.334
V -1.529 35.755 -1.836
T -2.329 38.009 -4.775
V -0.122 40.993 -5.587
S -1.72 43.755 -7.686
