tag x y z
V -58.552 19.648 4.649
Q -62.304 19.013 4.236
L -64.932 19.235 7.0
V -68.165 17.248 7.169
E -71.193 18.392 9.169
S -74.068 16.476 10.799
G -77.012 17.092 13.091
G -79.05 20.27 13.185
G -82.597 20.992 12.15
S -85.549 22.387 14.064
V -85.783 22.179 17.843
Q -88.369 23.753 20.125
A -87.785 26.511 22.66
G -85.744 25.362 25.625
G -84.79 22.256 23.698
S -81.382 20.7 23.101
L -79.875 19.678 19.763
R -76.542 18.09 18.737
L -74.367 19.253 15.89
S -71.306 17.26 14.886
C -68.323 17.939 12.672
T -65.54 15.701 11.411
A -62.443 17.199 9.825
S -61.419 14.654 7.213
G -58.194 16.619 6.869
Y -56.289 13.528 8.027
T -52.678 14.752 8.266
I -51.57 16.436 11.469
G -54.347 18.344 13.167
P -56.456 20.357 12.822
Y -55.308 22.508 15.741
C -58.69 24.132 16.344
M -62.315 23.333 15.602
G -65.287 25.489 16.435
W -68.631 26.781 15.212
F -69.872 30.087 13.827
R -73.49 30.944 13.094
Q -75.394 33.501 11.071
A -78.995 34.737 10.996
P -80.457 36.506 7.924
G -79.962 39.904 9.461
G -76.561 39.409 10.97
E -72.858 39.195 10.36
R -71.225 35.827 11.008
E -70.989 35.409 14.772
A -68.714 33.109 16.795
V -70.221 30.272 18.777
A -67.57 27.996 20.246
A -64.084 26.645 19.671
I -62.322 23.689 21.188
N -58.615 23.045 21.206
M -57.876 19.665 19.612
G -55.018 18.523 21.791
G -55.41 19.942 25.27
G -59.169 20.157 24.795
I -59.527 23.731 26.087
T -62.892 25.286 25.276
Y -63.987 28.825 24.492
Y -67.563 30.065 24.162
A -69.28 33.251 23.031
D -71.021 35.009 25.921
S -74.095 34.465 23.786
V -73.958 30.7 24.121
K -71.548 30.236 27.017
G -73.278 28.322 29.782
R -75.743 26.544 27.515
F -73.771 25.2 24.588
T -70.993 22.664 25.074
I -68.322 21.784 22.526
S -66.094 18.731 22.879
R -64.27 16.059 20.921
D -66.28 12.95 19.987
N -64.462 9.605 19.68
A -64.108 9.535 15.873
K -60.875 11.143 14.613
N -61.097 14.933 14.192
T -64.708 14.954 15.21
V -65.971 17.631 17.583
T -69.504 17.968 18.902
L -71.592 21.023 19.695
Q -74.374 20.224 22.145
M -76.8 23.144 22.041
N -78.918 23.335 25.24
S -81.573 25.724 26.626
L -82.215 26.76 22.998
K -83.755 30.12 22.165
P -85.099 31.35 18.779
E -82.293 33.911 18.814
D -80.219 30.768 18.264
T -82.008 30.062 14.999
A -79.413 30.378 12.235
M -76.95 28.712 9.889
Y -74.131 26.999 11.788
Y -70.721 26.594 10.192
C -67.96 24.271 11.331
A -64.449 25.624 10.993
A -60.976 24.282 11.492
D -57.575 25.933 11.793
S -55.052 23.712 9.989
T -52.087 25.618 11.409
I -49.957 23.74 13.921
Y -48.898 26.697 16.092
A -45.304 26.78 17.376
S -45.924 28.416 20.736
Y -49.181 27.943 22.656
Y -52.286 29.225 20.923
E -55.819 29.596 22.216
C -58.581 28.904 19.708
G -60.781 31.348 21.563
H -58.701 34.133 20.073
G -59.315 33.314 16.43
L -62.981 32.506 17.04
S -63.574 35.824 18.836
T -61.758 38.025 16.36
G -63.934 37.182 13.366
G -62.193 33.864 12.835
Y -58.605 34.778 12.019
G -56.875 31.422 11.654
Y -59.793 29.218 10.643
D -58.806 28.272 7.124
S -61.293 25.446 6.521
W -65.076 25.82 6.553
G -68.114 23.571 6.382
Q -71.228 24.125 4.253
G -73.369 24.886 7.26
T -76.404 23.366 8.913
Q -79.662 25.158 9.601
V -80.904 25.254 13.197
T -84.386 26.609 13.708
V -85.575 27.026 17.262
S -89.331 27.24 16.803
S -90.572 29.704 19.429
