tag x y z
G 13.982 64.948 14.684
S 14.909 62.244 17.196
Q 12.002 60.046 15.991
V 11.589 58.286 12.673
Q 8.387 59.533 11.054
L 6.791 58.212 7.894
V 4.898 61.276 6.662
E 1.884 60.272 4.518
S 0.017 62.681 2.26
G -2.407 62.554 -0.65
G -5.181 59.981 -0.622
G -8.7 60.907 0.484
L -12.134 60.756 -1.162
V -12.524 60.238 -4.91
Q -15.161 58.903 -7.297
A -14.861 55.429 -8.801
G -12.857 55.571 -12.047
G -10.845 58.474 -10.679
S -7.203 58.845 -9.658
L -5.233 59.673 -6.534
R -1.632 59.754 -5.492
L -0.311 58.724 -2.106
S 3.08 60.11 -1.027
S 3.09 60.084 -1.035
C 5.295 58.968 1.892
A 8.562 60.554 3.032
A 10.58 59.183 5.956
S 12.449 61.56 8.209
G 14.714 60.834 11.165
Y 16.511 57.813 9.585
A 20.076 58.613 8.468
Y 20.503 55.682 6.035
T 18.437 54.207 3.195
Y 15.585 51.759 3.819
I 16.125 48.865 1.398
Y 12.382 48.176 0.929
M 9.5 50.608 1.266
G 5.917 49.978 0.351
W 2.246 50.629 0.753
F -0.133 48.39 2.655
R -3.856 48.824 3.124
Q -6.628 47.619 5.392
A -10.043 47.675 3.686
P -13.292 47.453 5.655
G -14.064 43.814 6.359
K -10.539 42.667 5.438
E -7.121 41.933 6.906
R -4.196 44.232 6.114
E -2.501 43.434 2.775
G 0.527 44.565 0.905
V -0.406 46.746 -2.086
A 2.959 47.62 -3.654
A 6.597 47.553 -2.577
M 9.88 48.528 -4.209
D 13.537 48.368 -3.248
S 15.84 51.383 -2.977
G 17.325 50.723 -6.483
G 13.816 51.015 -7.99
G 13.63 47.24 -8.522
G 12.192 44.212 -6.698
T 8.815 45.768 -7.523
L 5.798 43.76 -6.376
Y 2.07 44.505 -6.547
A -1.053 42.886 -5.12
D -2.732 41.054 -7.982
S -5.865 43.248 -7.687
V -3.935 46.471 -8.444
K -1.392 45.301 -11.122
G -1.747 47.579 -14.172
R -3.739 50.254 -12.262
F -1.323 51.342 -9.486
T 2.306 52.373 -9.953
I 4.831 52.569 -7.113
S 7.947 54.723 -7.406
R 10.913 55.671 -5.241
D 12.737 57.991 -7.649
K 11.51 61.268 -6.02
G 13.613 61.661 -2.899
K 15.645 59.614 -0.408
N 13.367 57.25 1.63
T 10.297 58.439 -0.241
V 7.753 56.154 -1.807
Y 4.81 57.18 -3.97
L 1.751 55.292 -5.226
Q -0.103 56.525 -8.298
M -3.592 55.011 -8.221
D -5.571 55.073 -11.467
S -8.918 53.514 -12.387
L -9.922 53.376 -8.722
K -12.648 50.929 -7.683
P -14.922 50.954 -4.618
E -13.036 47.939 -3.256
D -9.842 50.04 -3.129
T -11.464 51.923 -0.202
A -9.165 51.341 2.757
T -6.754 52.92 5.185
Y -3.403 52.957 3.352
Y -0.173 52.761 5.331
C 3.395 53.548 4.279
A 5.931 51.042 5.628
A 9.733 50.943 5.624
G 12.506 48.504 6.474
G 10.92 45.166 5.618
Y 10.951 42.743 2.709
E 8.639 42.502 -0.312
L 4.916 42.567 0.648
R 5.335 40.752 3.959
D 3.707 42.892 6.604
R 5.387 41.256 9.634
T 8.856 42.16 8.21
Y 8.278 45.931 8.246
G 9.084 47.781 11.483
Q 8.288 51.414 10.604
W 4.707 52.321 9.727
G 2.837 55.495 8.847
Q -0.213 56.359 10.884
G -2.591 55.545 7.988
T -4.338 57.664 5.357
Q -7.957 57.069 4.417
V -8.754 56.452 0.741
T -12.502 56.277 -0.039
V -13.727 55.441 -3.533
S -17.425 56.292 -3.999
S -19.917 54.942 -6.632
