tag x y z
Q 32.188 24.561 -10.665
V 29.239 24.185 -8.164
Q 28.132 20.804 -6.72
L 25.272 20.35 -4.228
V 26.511 17.142 -2.591
E 23.537 15.294 -1.042
S 23.415 12.316 1.316
G 21.201 10.52 3.882
G 18.537 8.845 1.69
G 17.424 5.263 2.375
L 14.509 2.907 3.068
V 12.366 2.888 6.27
Q 8.86 1.759 7.388
A 6.006 4.227 8.084
G 6.716 6.136 11.352
G 10.562 5.923 11.065
S 13.148 8.731 10.629
L 15.881 9.747 8.138
R 18.261 12.746 7.908
L 19.208 14.354 4.552
S 22.378 16.438 4.322
C 23.471 18.77 1.534
A 26.727 20.727 1.194
A 27.518 23.118 -1.677
S 30.981 22.729 -3.238
G 32.635 25.5 -5.351
Y 30.329 28.47 -4.58
P 32.53 31.396 -3.395
W 29.758 33.341 -1.592
T 26.825 32.347 0.662
Y 23.504 31.056 -0.644
I 20.918 33.144 1.243
Y 18.305 30.402 0.812
M 18.891 26.643 0.563
G 16.118 24.094 0.698
W 14.749 20.674 -0.112
F 12.308 19.8 -2.911
R 11.017 16.308 -3.751
Q 9.393 14.527 -6.683
A 7.556 11.171 -6.642
P 7.081 8.856 -9.634
G 4.693 10.436 -12.193
K 4.162 13.436 -9.874
E 4.913 17.185 -9.879
R 8.128 18.282 -8.089
E 7.244 20.221 -4.909
G 8.948 22.313 -2.199
V 9.425 20.53 1.157
A 11.425 22.965 3.355
A 13.709 26.017 2.954
M 15.535 28.434 5.265
D 17.918 31.388 5.197
S 21.639 31.667 6.004
G 20.911 33.654 9.217
G 19.164 30.643 10.84
G 15.66 32.037 10.21
G 13.128 32.348 7.379
T 12.115 28.69 7.806
L 9.358 27.548 5.415
Y 7.606 24.147 5.253
A 5.172 22.525 2.826
D 1.785 22.114 4.601
S 2.039 18.295 4.208
V 5.359 17.988 6.18
K 4.84 20.885 8.679
G 5.31 19.383 12.199
R 7.183 16.216 11.072
F 10.269 17.487 9.149
T 12.851 19.956 10.597
I 15.208 21.964 8.356
S 18.5 23.387 9.651
R 21.694 24.962 8.267
D 25.155 25.742 9.646
K 24.709 29.525 10.152
G 26.488 31.511 7.386
K 27.499 28.318 5.451
N 26.264 26.568 2.236
T 24.897 23.506 4.03
V 21.313 22.458 4.644
Y 19.826 19.47 6.457
L 16.402 17.827 6.694
Q 15.514 15.794 9.796
M 12.544 13.681 8.624
D 10.514 12.123 11.481
S 7.115 10.355 11.477
L 7.741 9.318 7.848
K 4.662 8.359 5.784
P 4.442 6.303 2.586
E 3.4 9.552 0.78
D 6.929 10.916 1.62
T 8.499 8.445 -0.837
A 10.229 10.494 -3.559
T 13.63 11.608 -4.795
Y 14.672 14.564 -2.632
Y 16.701 17.381 -4.19
C 18.81 19.992 -2.45
A 18.323 23.43 -4.052
A 20.545 26.506 -3.489
G 20.286 30.219 -4.381
G 16.572 30.823 -4.637
D 13.532 32.225 -2.924
A 11.084 30.618 -0.452
L 9.869 27.284 -2.007
V 9.506 28.666 -5.538
A 11.479 26.041 -7.527
T 11.957 28.236 -10.654
R 13.728 30.853 -8.473
Y 16.41 28.284 -7.421
G 19.371 28.055 -9.82
R 21.418 25.173 -8.347
W 20.028 21.651 -7.9
G 21.501 18.415 -6.532
Q 21.32 15.06 -8.373
G 18.623 13.792 -5.919
T 18.642 11.341 -2.949
Q 15.999 8.589 -2.894
V 13.763 8.149 0.138
T 11.422 5.159 0.36
V 8.893 4.71 3.174
S 7.072 1.349 3.079
S 3.475 1.192 4.427
