tag x y z
Q 3.28 -11.619 29.441
V 4.971 -8.494 28.019
Q 5.638 -7.463 24.365
L 8.431 -4.959 23.38
V 7.196 -3.466 20.08
E 10.18 -2.093 18.116
S 10.122 0.033 14.949
G 12.408 2.365 12.963
G 15.047 0.121 11.326
G 16.04 0.502 7.66
L 18.813 0.787 5.078
V 21.026 3.923 4.85
Q 24.52 4.893 3.588
A 27.507 5.795 5.833
G 26.91 9.251 7.443
G 23.065 8.909 7.461
S 20.583 8.782 10.386
L 17.813 6.489 11.645
R 15.54 6.55 14.731
L 14.587 3.351 16.604
S 11.464 3.285 18.81
C 10.341 0.753 21.427
A 7.239 0.527 23.617
A 6.649 -2.188 26.214
S 3.015 -3.237 26.337
G 1.136 -4.828 29.268
Y 3.641 -4.281 32.122
P 1.734 -3.025 35.223
W 4.729 -1.154 36.708
T 7.632 0.917 35.272
Y 10.857 -0.587 33.951
I 13.522 1.436 35.801
Y 16.014 0.824 32.966
M 15.282 0.252 29.291
G 17.879 0.242 26.551
W 19.129 -0.842 23.18
F 21.485 -3.71 22.403
R 22.728 -4.881 19.021
Q 24.157 -8.035 17.469
A 26.135 -8.002 14.213
P 26.589 -11.105 12.056
G 29.256 -13.313 13.759
K 29.718 -10.93 16.732
E 28.655 -11.095 20.39
R 25.541 -9.068 21.402
R 25.556 -9.048 21.375
E 26.512 -5.704 22.983
G 24.87 -2.853 24.898
V 24.368 0.277 22.756
A 22.589 2.657 25.159
A 20.354 2.562 28.266
M 18.678 5.074 30.582
D 16.461 5.315 33.63
S 12.702 6.057 33.67
G 13.222 9.577 35.142
G 14.973 10.792 31.945
G 18.573 10.459 33.259
G 21.298 7.895 34.076
T 22.194 7.501 30.383
L 24.897 5.007 29.452
Y 26.441 4.628 25.968
A 28.759 2.075 24.355
D 32.223 3.62 23.784
S 31.839 3.152 19.986
V 28.5 5.061 19.677
K 29.147 7.759 22.307
G 28.72 11.179 20.609
R 26.739 9.728 17.633
F 23.699 7.974 19.189
T 21.229 9.654 21.591
I 18.865 7.636 23.806
S 15.638 9.094 25.254
R 12.516 7.82 27.024
D 9.044 9.196 27.76
K 9.513 10.091 31.432
G 7.833 7.56 33.764
K 6.763 5.334 30.811
N 7.932 1.998 29.364
T 9.197 3.513 26.118
V 12.743 4.041 24.861
Y 14.09 5.631 21.65
L 17.494 5.7 19.935
Q 18.345 8.588 17.602
M 21.225 7.224 15.483
D 23.311 9.857 13.596
S 26.696 9.679 11.773
L 25.983 6.024 10.957
K 28.982 3.833 10.082
P 29.064 0.468 8.303
E 30.268 -0.997 11.664
E 30.266 -1.006 11.649
D 26.784 -0.094 13.081
T 25.058 -2.662 10.796
A 23.293 -5.097 13.162
T 19.958 -6.278 14.484
Y 19.054 -3.818 17.287
Y 17.03 -5.094 20.233
C 15.024 -3.146 22.778
A 15.507 -4.498 26.317
A 13.425 -3.675 29.407
G 13.894 -4.296 33.132
G 17.639 -4.601 33.591
D 20.823 -2.945 34.81
A 23.259 -0.611 33.006
L 24.353 -2.279 29.703
V 24.671 -5.783 31.122
A 22.585 -7.923 28.72
T 22.125 -10.863 31.117
R 20.559 -8.507 33.701
Y 17.724 -7.542 31.248
G 14.649 -9.832 31.317
R 12.439 -8.638 28.415
W 13.708 -8.441 24.792
G 12.101 -7.362 21.498
Q 12.391 -9.55 18.362
G 14.896 -7.021 16.905
T 14.889 -4.383 14.129
Q 17.447 -4.621 11.307
V 19.729 -1.664 10.644
T 21.979 -1.773 7.552
V 24.479 1.009 6.783
S 26.157 0.768 3.319
S 29.609 2.134 2.305
