tag x y z
E -15.181 27.898 13.268
V -14.244 24.545 14.809
Q -12.308 22.457 12.275
L -11.09 18.87 12.587
L -9.072 17.244 9.795
E -8.349 13.525 10.083
S -5.688 11.721 8.036
G -3.471 8.627 7.887
G -6.193 6.166 6.929
G -5.565 3.586 4.224
L -5.323 -0.13 3.5
V -3.522 -2.686 5.644
Q -3.483 -6.451 6.204
P -4.75 -8.112 9.385
G -2.065 -7.764 12.05
G -0.914 -4.485 10.54
S -0.672 -0.99 11.996
L -1.629 2.561 11.032
R -1.175 5.922 12.695
L -4.065 8.37 12.419
S -3.746 12.082 13.045
C -6.22 14.926 13.508
A -5.345 18.58 12.96
A -7.547 20.715 15.183
S -8.282 24.414 14.797
G -10.854 27.105 15.581
F -10.887 26.461 19.327
T -8.498 26.332 22.287
F -7.207 22.79 21.733
E -5.255 22.481 24.996
E -8.393 23.26 27.014
Y -10.222 20.202 25.677
A -10.385 16.492 26.161
M -10.575 14.972 22.657
L -12.019 11.73 21.261
W -11.736 9.233 18.449
V -14.945 7.533 17.305
R -15.61 5.243 14.329
Q -18.344 4.002 12.049
A -18.072 0.497 10.606
P -20.124 -0.637 7.584
G -23.733 -1.183 8.65
K -23.034 -0.212 12.246
G -23.736 2.894 14.314
L -21.015 5.24 15.532
E -18.733 3.63 18.126
W -16.684 5.603 20.666
V -13.099 4.373 20.413
S -10.784 6.306 22.709
G -10.337 9.556 24.588
I -7.675 11.682 26.266
N -7.697 14.584 28.727
A -6.593 18.093 27.717
R -3.102 17.692 29.205
G -2.551 14.409 27.414
Y -1.59 12.15 30.306
T -4.91 10.412 30.986
T -6.375 8.062 28.373
Y -9.492 5.933 27.878
Y -10.41 3.067 25.529
A -13.361 0.954 24.476
D -13.035 -2.716 25.427
S -12.978 -3.581 21.712
V -9.611 -1.842 21.064
K -8.105 -1.974 24.542
G -4.414 -2.924 24.456
R -4.16 -2.505 20.697
F -4.79 1.221 20.202
T -2.922 4.142 21.774
I -4.249 7.7 21.802
S -1.875 10.623 22.257
R -1.744 14.362 21.567
D 0.652 17.214 20.846
N -0.827 20.487 22.074
S 2.078 22.395 20.522
K 0.933 21.143 17.111
N -2.747 21.103 18.062
T -2.813 17.546 16.758
L -4.414 14.359 18.078
Y -3.086 10.885 17.224
L -4.328 7.306 17.256
Q -1.714 4.557 16.995
M -3.495 1.409 15.875
N -1.67 -1.92 16.257
S -2.727 -5.566 15.756
L -5.421 -4.404 13.341
R -8.333 -6.718 12.59
T -10.948 -7.046 9.868
E -13.548 -5.68 12.35
D -11.567 -2.44 12.719
T -12.611 -1.47 9.2
A -14.379 1.87 9.541
V -14.34 5.594 8.91
Y -12.491 7.079 11.889
Y -13.381 10.515 13.222
C -11.701 12.98 15.525
A -14.272 14.55 17.936
K -14.374 17.71 20.066
P -16.716 17.236 23.052
W -19.083 20.051 23.97
Y -17.989 19.367 27.582
P -14.269 20.129 28.01
F -13.642 17.343 30.536
M -15.587 14.569 28.766
A -12.905 12.129 27.577
S -14.757 8.84 27.99
K -17.822 9.028 25.759
G -19.25 10.894 22.775
S -22.389 12.99 22.598
E -24.916 14.026 19.973
F -23.476 17.521 20.414
D -19.81 16.822 19.552
Y -18.127 18.223 16.451
W -16.489 15.667 14.149
G -14.259 15.946 11.096
Q -15.045 14.416 7.709
G -13.136 11.285 8.664
T -10.45 8.99 7.342
L -11.188 5.577 5.868
V -9.394 2.602 7.362
T -9.517 -0.695 5.48
V -8.244 -3.966 6.887
S -8.147 -7.003 4.617
S -5.701 -9.717 3.599
