tag x y z
E 7.047 29.006 86.42
V 5.22 25.656 86.335
Q 2.769 25.27 89.218
L 0.446 22.404 90.12
L -1.733 22.617 93.227
E -3.499 19.461 94.36
S -6.488 19.423 96.711
G -9.595 17.493 97.724
G -7.731 14.848 99.685
G -8.766 13.892 103.198
L -10.068 11.019 105.289
V -12.503 8.364 104.052
Q -13.727 4.881 104.997
P -13.305 1.761 102.804
G -16.034 2.213 100.192
G -16.402 5.993 100.252
S -15.44 8.52 97.59
L -13.322 11.654 97.169
R -12.853 14.023 94.241
L -9.291 15.279 93.816
S -8.495 18.47 91.937
C -5.336 20.009 90.461
A -4.975 23.709 89.659
A -2.365 24.036 86.926
S -0.547 27.201 85.861
G 2.729 28.427 84.36
F 2.195 26.493 81.128
T -0.405 25.828 78.427
F -2.636 23.249 80.152
E -4.783 22.734 77.05
E -1.668 21.498 75.183
Y -0.643 18.819 77.65
A -1.637 15.292 78.456
M -1.87 15.274 82.259
L -1.165 12.573 84.807
W -2.146 11.45 88.29
V 0.53 9.652 90.294
R 0.507 8.5 93.925
Q 2.802 7.468 96.743
A 1.579 5.066 99.411
P 3.657 4.409 102.545
G 6.821 2.384 101.963
K 6.51 2.534 98.195
G 7.789 4.629 95.301
L 5.634 6.532 92.823
E 2.814 4.61 91.168
W 1.301 5.93 87.943
V -2.469 5.97 88.498
S -4.09 7.463 85.403
G -3.624 9.874 82.522
I -5.694 11.99 80.172
N -4.922 13.392 76.71
A -4.849 17.151 76.148
R -8.398 17.415 74.755
G -9.811 15.113 77.419
Y -11.418 12.399 75.296
T -8.836 9.653 75.83
T -7.99 8.308 79.275
Y -5.681 5.654 80.737
Y -5.61 3.749 84.038
A -3.535 1.32 86.064
D -5.223 -2.057 86.423
S -5.138 -1.82 90.212
V -7.401 1.208 89.808
K -9.253 0.452 86.56
G -13.043 0.73 86.43
R -13.007 2.559 89.749
F -11.249 5.904 89.278
T -12.353 8.483 86.714
I -9.97 11.117 85.344
S -11.211 14.317 83.702
R -10.258 17.918 82.977
D -11.765 21.363 82.469
N -9.445 23.25 80.131
S -11.403 26.475 80.609
K -10.558 26.248 84.311
N -7.012 24.86 83.876
T -7.901 22.061 86.256
L -7.455 18.3 86.322
Y -9.746 16.021 88.324
L -9.677 12.47 89.64
Q -12.863 10.723 90.795
M -12.062 7.993 93.314
N -15.104 5.798 93.972
S -15.432 2.627 96.073
L -12.202 3.683 97.78
R -9.989 0.99 99.27
T -7.522 0.899 102.155
E -4.937 0.089 99.489
D -5.59 3.551 98.058
T -4.377 5.551 101.054
A -1.486 7.635 99.719
V -0.175 11.05 98.698
Y -1.655 11.971 95.31
Y 0.149 14.182 92.804
C -0.875 15.955 89.628
A 1.967 15.722 87.054
K 2.835 17.625 83.862
P 4.748 15.387 81.419
W 7.78 16.843 79.663
Y 6.436 15.187 76.492
P 3.087 16.827 75.582
F 1.461 13.595 74.37
M 2.55 11.271 77.187
A -0.576 10.313 79.131
S 0.028 6.623 79.766
K 3.05 6.785 82.1
G 5.159 9.118 84.221
S 8.829 10.057 84.11
E 11.607 11.569 86.207
F 11.569 14.753 84.125
D 7.94 15.596 84.92
Y 6.804 18.407 87.154
W 4.546 17.484 90.048
G 2.986 19.532 92.838
Q 3.305 19.165 96.599
G 0.471 16.638 96.636
T -2.719 15.91 98.55
L -3.158 13.286 101.279
V -5.827 10.611 101.029
T -6.686 8.365 103.974
V -8.976 5.339 103.741
S -10.076 3.446 106.869
