tag x y z
V 19.087 50.202 329.454
Q 17.283 46.803 329.434
L 16.221 45.515 332.912
Q 15.319 41.969 334.069
E 13.213 41.916 337.303
S 12.112 38.986 339.53
G 11.087 38.195 343.14
G 8.614 40.054 345.364
G 5.079 38.739 345.92
L 3.059 38.087 349.12
V 4.127 37.633 352.779
Q 2.414 38.293 356.164
A 3.744 41.238 358.28
G 7.146 40.578 359.906
G 8.159 38.1 357.181
S 10.746 38.41 354.372
L 10.732 38.886 350.579
R 13.629 39.285 348.073
L 13.951 41.258 344.774
S 16.44 40.589 341.936
C 17.396 42.936 339.041
T 19.79 42.445 336.107
A 20.929 45.138 333.648
S 21.906 44.13 330.067
R 24.907 46.595 330.078
R 26.605 49.52 331.972
T 26.019 53.038 330.563
G 29.199 54.472 332.135
S 30.905 55.71 335.317
N 29.189 56.132 338.734
W 27.078 53.096 337.75
C 24.033 52.797 340.01
M 21.321 50.179 340.398
G 18.393 50.559 342.777
W 14.634 50.566 343.358
F 11.883 53.197 343.281
R 8.413 53.031 344.894
Q 5.32 55.24 345.256
L 5.391 56.979 348.643
A 2.29 59.211 348.973
G 3.639 61.712 346.387
K 3.004 62.728 342.744
E 6.414 61.136 342.049
P 7.911 57.705 342.982
E 10.911 58.055 345.237
L 14.23 56.195 345.262
V 14.15 53.995 348.344
V 17.377 51.871 347.994
A 20.371 52.027 345.553
L 24.041 50.998 345.151
N 26.926 52.782 343.38
F 29.025 49.979 341.861
D 32.179 52.112 341.286
Y 32.298 53.423 344.894
D 30.696 50.427 346.792
M 28.41 53.04 348.445
T 24.771 52.361 349.269
Y 21.771 54.685 349.716
Y 18.715 53.726 351.785
A 15.671 55.975 352.346
D 14.943 56.566 356.095
S 11.664 54.535 355.772
V 13.58 51.276 354.92
K 16.809 51.78 356.999
G 18.155 48.704 358.828
R 15.465 46.384 357.337
F 16.233 46.416 353.583
T 19.754 45.385 352.445
V 21.154 45.848 348.906
S 23.75 43.348 347.592
R 25.48 42.617 344.241
D 26.564 39.671 342.031
S 30.074 41.167 341.373
G 31.126 40.904 337.631
K 27.461 40.34 336.7
N 25.378 43.587 336.703
T 22.89 42.005 339.171
V 21.474 43.723 342.252
Y 19.496 42.003 345.073
L 17.181 43.601 347.652
Q 16.768 41.597 350.884
M 13.642 43.048 352.523
N 13.181 41.926 356.169
S 10.493 42.613 358.866
L 8.021 43.808 356.172
K 5.029 45.87 357.276
P 1.727 46.656 355.384
E 3.182 50.132 354.597
D 5.781 48.397 352.27
T 2.983 47.236 349.881
A 3.901 48.911 346.552
I 5.373 48.213 343.16
Y 9.207 48.361 343.276
Y 10.403 49.535 339.869
C 14.097 48.699 339.376
A 16.217 51.591 338.076
A 19.773 51.88 336.642
R 21.942 54.846 335.49
S 25.4 56.446 335.014
G 25.998 59.576 337.106
G 25.136 58.578 340.676
F 21.918 58.645 342.746
S 18.947 60.806 341.597
S 15.285 61.294 342.554
N 14.452 62.257 338.927
R 13.108 59.199 337.029
E 13.89 60.869 333.653
L 17.698 60.699 334.425
Y 17.664 56.873 334.652
D 19.036 55.05 331.577
G 17.188 51.844 332.536
W 13.65 51.623 334.008
G 11.87 48.387 334.92
Q 8.286 47.077 334.553
G 8.044 46.847 338.328
T 7.653 44.095 340.91
Q 4.592 43.899 343.205
V 5.265 43.507 346.961
T 2.194 42.792 349.161
V 2.153 42.654 353.008
S -0.926 41.243 354.909
S -2.103 40.517 358.552
