tag x y z
Q 14.053 9.218 60.478
L 16.147 6.454 58.9
Q 18.55 3.948 60.434
E 20.334 1.137 58.614
S 21.395 -2.195 60.07
G 22.491 -5.681 59.006
G 25.952 -4.737 57.754
G 29.002 -6.816 58.519
L 31.917 -8.764 57.156
V 31.544 -11.638 54.687
Q 33.811 -13.592 52.371
P 33.33 -13.453 48.594
G 30.251 -15.439 47.613
G 28.553 -14.62 50.914
S 25.324 -12.76 51.529
L 23.854 -10.116 53.812
R 20.378 -8.896 54.603
L 20.306 -5.161 55.287
S 17.379 -3.384 56.803
C 16.325 0.22 57.188
A 14.035 1.349 59.994
S 4.243 5.012 53.076
N 4.263 8.388 51.254
Y 7.961 8.079 50.371
R 9.723 6.172 47.642
M 12.814 4.59 49.176
G 16.345 4.008 47.939
W 19.616 2.341 48.752
F 22.94 3.941 47.882
R 26.503 2.94 48.67
Q 29.756 4.827 49.024
A 33.003 2.961 48.475
P 36.506 4.317 49.202
G 37.636 6.785 46.511
K 34.359 6.652 44.605
E 31.265 8.863 44.365
R 28.122 7.766 46.204
E 26.47 5.214 43.926
F 22.834 4.296 43.357
V 21.951 0.721 44.374
A 18.144 0.351 44.243
T 14.833 2.188 44.459
I 11.332 1.073 45.431
S 7.889 2.572 44.95
Q 5.67 3.759 47.81
S 3.53 0.6 47.647
G 6.607 -1.637 47.441
A 5.437 -3.372 44.254
A 7.999 -1.855 41.873
T 11.779 -1.718 42.027
A 14.709 -0.617 39.915
Y 18.318 -1.703 40.411
A 21.705 -0.379 39.45
D 23.27 -2.601 36.796
S 26.146 -3.278 39.209
V 23.799 -5.218 41.54
K 20.852 -6.277 39.371
G 20.345 -10.039 39.513
R 21.974 -10.323 42.961
F 20.073 -7.852 45.169
T 16.398 -7.749 46.158
F 14.787 -4.651 47.684
S 11.487 -4.987 49.539
R 9.434 -2.96 52.043
D 6.864 -3.587 54.744
N 4.797 -0.442 55.175
A 2.884 -1.73 58.224
K 6.202 -2.18 60.054
N 8.043 0.898 58.719
L 10.813 -1.388 57.46
L 12.871 -1.897 54.318
Y 15.0 -4.903 53.42
L 17.875 -5.414 50.987
E 18.904 -9.021 50.334
M 22.452 -9.044 48.916
L 23.609 -12.307 47.337
S 26.858 -13.493 45.769
L 28.856 -10.634 47.23
E 32.262 -9.668 45.88
P 35.075 -7.434 47.155
E 33.871 -4.465 45.04
D 30.544 -4.487 46.961
T 32.431 -3.181 50.013
A 30.984 0.22 50.969
V 28.899 2.114 53.463
Y 25.269 1.456 52.498
Y 22.674 4.18 53.008
C 18.908 4.161 52.993
A 17.138 7.257 51.64
A 13.587 8.571 51.291
S 12.185 10.476 48.303
S 8.886 12.346 48.238
R 8.65 12.264 44.422
V 5.223 11.007 43.411
F 6.093 9.536 39.994
Y 9.099 7.504 38.946
T 11.745 9.187 36.825
E 15.485 8.65 36.331
V 16.163 11.229 39.089
L 15.379 8.381 41.525
Q 18.679 6.818 40.461
T 20.586 9.864 41.742
T 21.294 11.288 45.197
T 19.481 14.465 44.058
G 16.203 12.527 43.943
Y 16.064 12.023 47.718
D 15.048 14.109 50.73
Y 16.115 12.179 53.851
W 19.089 9.904 54.543
G 20.243 7.409 57.129
Q 23.807 7.519 58.469
G 24.775 4.16 56.931
T 25.811 0.583 57.675
Q 29.286 -0.725 56.765
V 29.47 -3.73 54.46
T 32.847 -5.396 54.039
V 33.514 -8.23 51.615
S 37.005 -9.587 52.254
S 39.455 -9.922 49.353
