tag x y z
Q 1.399 -30.724 -48.174
V -0.728 -33.82 -48.923
Q -0.155 -36.486 -46.256
L -2.55 -39.193 -47.47
Q -2.43 -40.077 -51.192
E -4.296 -43.173 -52.439
S -3.479 -45.64 -55.223
G -5.138 -48.664 -56.85
G -8.71 -48.277 -58.096
G -10.216 -48.566 -61.572
L -12.448 -50.769 -63.711
V -12.737 -54.398 -62.57
Q -15.239 -57.151 -63.417
P -17.774 -58.205 -60.73
G -16.237 -60.881 -58.489
G -12.721 -59.62 -59.271
S -10.067 -58.563 -56.764
L -8.255 -55.267 -56.209
R -5.656 -53.861 -53.792
L -5.9 -50.186 -52.812
S -2.795 -48.543 -51.357
C -2.258 -45.36 -49.337
A 1.033 -43.425 -49.277
A 1.435 -41.902 -45.79
S 3.73 -38.927 -45.177
G 4.291 -35.896 -42.935
F 3.385 -37.552 -39.604
A 4.246 -40.442 -37.247
F 2.257 -43.038 -39.216
S 3.127 -46.053 -37.031
G 1.615 -44.466 -33.906
Y -1.734 -43.618 -35.548
A -4.876 -45.68 -35.964
M -5.826 -45.621 -39.648
S -9.04 -46.308 -41.596
W -10.631 -46.61 -45.032
V -13.768 -44.64 -45.942
R -15.893 -44.753 -49.102
Q -18.548 -42.669 -50.862
A -20.833 -44.664 -53.159
P -22.865 -42.683 -55.731
G -26.081 -41.265 -54.222
K -24.842 -41.699 -50.644
G -22.763 -39.73 -48.124
L -19.315 -40.691 -46.828
E -19.401 -44.028 -44.996
W -16.798 -45.775 -42.827
V -15.549 -49.056 -44.349
S -12.728 -50.458 -42.195
G -10.118 -49.494 -39.603
I -6.774 -50.698 -38.229
N -5.335 -49.836 -34.797
R -1.728 -48.924 -34.006
D -1.171 -52.366 -32.434
G -2.6 -54.21 -35.483
S -6.185 -54.924 -34.397
T -8.74 -54.498 -37.193
S -12.446 -53.685 -37.591
Y -14.899 -54.035 -40.488
T -18.439 -53.003 -41.417
A -20.921 -55.865 -41.806
P -21.415 -55.553 -45.602
V -17.663 -55.711 -46.365
K -16.591 -58.206 -43.68
G -14.954 -61.457 -44.749
R -14.313 -59.977 -48.198
F -12.197 -56.877 -47.457
T -8.909 -56.998 -45.517
I -7.138 -53.98 -44.027
S -3.379 -54.071 -43.377
R -0.423 -51.767 -42.778
D 3.321 -51.57 -43.562
N 5.088 -49.46 -40.915
A 8.441 -49.689 -42.725
K 7.268 -47.863 -45.869
N 4.357 -46.041 -44.16
I 1.678 -47.556 -46.413
L -1.897 -48.605 -45.595
Y -3.482 -51.343 -47.728
L -7.001 -52.552 -48.478
Q -7.201 -55.984 -50.113
M -10.636 -56.09 -51.75
N -11.923 -59.514 -52.81
S -15.193 -60.744 -54.36
L -15.98 -57.182 -55.442
R -19.727 -56.565 -55.904
P -21.36 -53.726 -57.913
E -22.555 -52.174 -54.613
D -18.882 -51.54 -53.702
T -18.551 -49.063 -56.578
A -17.49 -45.897 -54.756
V -14.775 -43.287 -54.232
Y -12.475 -44.912 -51.645
Y -10.723 -42.525 -49.272
C -7.849 -43.19 -46.892
A -8.051 -41.444 -43.479
K -6.798 -41.314 -39.893
W -9.025 -43.177 -37.427
L -10.558 -42.035 -34.117
G -11.937 -45.435 -33.117
G -15.574 -46.403 -33.592
R -16.482 -45.479 -37.186
D -15.204 -41.876 -37.138
W -12.345 -40.49 -39.222
Y -10.351 -37.31 -39.92
D -7.667 -35.884 -42.238
R -9.285 -37.634 -45.181
G -7.219 -38.15 -48.345
Q -8.156 -37.139 -51.895
G -9.269 -40.671 -52.853
T -9.313 -43.162 -55.742
Q -12.227 -44.323 -57.91
V -13.12 -47.994 -57.697
T -15.919 -48.983 -60.065
V -17.049 -52.535 -60.794
S -19.437 -53.079 -63.733
