tag x y z
Q 14.583 47.15 32.645
Q 14.434 47.28 32.933
V 18.102 46.342 33.663
Q 21.159 48.547 33.042
L 24.734 47.206 33.325
V 27.536 49.69 34.001
E 31.157 48.621 33.637
S 34.351 50.111 35.036
G 37.849 48.94 35.871
G 39.399 48.679 32.433
G 42.922 49.965 31.93
S 46.307 49.618 30.272
S 46.312 49.624 30.269
V 48.922 47.443 31.969
Q 52.252 45.751 31.42
A 52.393 41.994 30.823
G 51.772 40.101 34.058
G 49.676 42.966 35.38
S 46.266 42.922 37.044
L 42.87 44.585 36.705
R 39.462 44.071 38.287
L 36.464 44.756 36.057
S 33.119 45.564 37.647
C 29.653 45.202 36.201
S 26.982 46.866 38.34
A 23.333 46.03 37.576
S 20.265 48.213 38.176
G 17.954 45.239 38.568
Y 17.768 41.484 39.117
T 20.047 39.269 37.022
Y 20.128 35.471 36.86
I 23.264 34.535 34.911
S 26.075 37.023 34.324
G 28.942 36.715 31.89
W 31.943 38.406 30.34
F 32.769 38.54 26.652
R 35.745 39.985 24.785
Q 36.013 41.531 21.33
A 38.987 42.62 19.235
P 38.569 45.529 16.793
G 36.568 44.426 13.785
K 36.143 40.897 15.127
K 36.133 40.896 15.118
G 33.518 38.861 16.929
L 32.309 38.571 20.488
E 33.987 35.718 22.366
W 32.723 34.186 25.603
V 35.158 34.524 28.506
A 33.386 33.522 31.715
A 30.051 33.25 33.482
I 28.47 32.764 36.899
R 25.004 31.572 37.95
S 23.795 33.882 40.712
S 21.507 31.285 42.255
D 24.093 28.671 43.228
G 27.325 30.534 42.53
T 28.541 28.094 39.879
T 31.308 29.619 37.732
Y 32.415 28.838 34.153
Y 35.626 29.816 32.308
A 37.009 29.766 28.766
D 40.122 27.615 28.432
S 42.201 30.663 27.534
V 41.571 32.351 30.893
K 41.129 29.454 33.325
G 43.497 29.827 36.258
R 44.175 33.499 35.484
F 40.805 35.25 35.768
T 38.181 34.823 38.463
I 34.52 35.717 38.068
S 32.597 36.604 41.209
Q 29.565 38.406 42.502
Q 29.556 38.423 42.525
D 28.835 40.637 45.52
N 25.097 40.202 45.926
A 24.933 43.02 48.475
K 26.195 45.353 45.731
N 24.358 43.546 42.886
T 27.646 43.662 41.013
V 29.626 41.011 39.117
Y 33.412 41.183 38.728
L 36.139 39.751 36.541
Q 39.435 39.671 38.418
Q 39.432 39.645 38.452
M 42.144 39.549 35.802
N 45.483 38.352 37.113
S 48.553 37.516 35.031
L 47.345 39.545 32.047
K 48.915 38.673 28.674
P 49.185 40.823 25.524
E 46.749 38.344 23.935
D 44.09 39.474 26.442
T 43.972 42.925 24.829
A 40.409 43.687 23.835
M 37.299 45.526 24.855
M 37.25 45.541 24.806
Y 35.436 43.573 27.546
Y 31.676 43.394 27.943
C 29.625 41.999 30.79
A 26.122 40.744 30.064
A 23.229 39.25 31.998
T 20.345 36.877 31.374
E 16.938 36.554 33.0
V 16.049 33.213 31.468
A 17.616 29.929 32.518
G 19.897 28.221 30.027
W 23.482 27.281 29.224
P 25.83 29.974 30.662
L 28.112 29.46 27.652
D 25.339 30.363 25.174
I 25.446 34.042 24.169
G 21.865 33.751 22.93
I 20.427 33.888 26.461
Y 22.059 37.197 27.392
D 19.565 40.033 27.027
Y 21.353 42.882 28.821
W 24.798 44.279 27.979
G 27.315 46.642 29.53
Q 28.861 49.522 27.571
G 32.248 47.814 27.392
T 35.665 48.705 28.785
Q 39.12 48.54 27.218
V 41.84 46.238 28.52
T 45.278 46.756 26.965
V 48.31 44.631 27.871
S 51.729 45.568 26.473
S 54.657 43.204 25.931
