tag x y z
Q 40.255 -16.084 23.435
V 37.308 -14.801 21.292
Q 33.633 -15.855 21.526
L 31.105 -15.472 18.692
Q 27.291 -15.443 18.966
E 25.289 -15.472 15.715
S 21.611 -14.681 15.073
G 19.149 -13.697 12.31
G 18.51 -17.076 10.651
G 15.096 -18.382 9.592
L 12.881 -19.502 6.727
V 12.364 -17.18 3.772
Q 10.997 -17.318 0.224
A 13.078 -16.982 -2.931
G 13.586 -13.24 -3.502
G 13.33 -12.369 0.197
S 15.929 -11.0 2.585
L 17.48 -11.698 6.0
R 20.026 -9.939 8.17
L 22.505 -12.006 10.142
S 24.258 -10.519 13.15
C 27.253 -11.69 15.123
A 28.418 -10.304 18.465
A 32.082 -10.838 19.338
S 33.619 -10.645 22.82
G 36.932 -11.382 24.582
S 40.182 -10.163 22.962
I 38.612 -7.804 20.426
F 42.034 -6.154 19.95
S 43.394 -9.405 18.429
I 40.708 -9.663 15.73
N 42.29 -8.903 12.388
S 39.471 -10.134 10.131
M 35.941 -11.453 10.426
D 34.088 -13.555 7.895
W 30.884 -15.395 7.228
D 31.029 -18.827 5.703
R 28.327 -21.424 5.15
Q 27.846 -25.178 5.018
A 25.064 -27.33 3.635
P 25.007 -31.032 4.559
G 27.183 -33.114 2.229
K 29.131 -30.12 0.903
Q 32.217 -28.076 1.749
R 32.187 -25.168 4.12
E 32.869 -22.154 1.908
L 33.705 -18.468 2.446
V 30.819 -16.059 1.786
A 32.106 -12.617 2.817
T 34.87 -10.936 4.883
I 35.519 -7.603 6.601
T 39.052 -6.883 7.83
S 39.975 -4.664 10.806
G 40.839 -2.032 8.188
G 37.259 -2.289 6.877
S 38.28 -3.87 3.602
T 35.475 -6.151 2.321
N 35.66 -9.364 0.242
Y 32.789 -11.298 -1.422
A 32.316 -14.712 -3.067
D 31.154 -14.602 -6.728
S 27.812 -16.236 -5.951
V 26.885 -13.595 -3.361
K 28.538 -10.404 -4.609
G 25.954 -7.663 -5.171
R 23.219 -9.502 -3.207
F 24.973 -9.767 0.175
T 26.672 -6.918 2.071
I 29.022 -7.356 5.016
S 29.191 -4.512 7.528
R 30.459 -3.544 10.895
D 29.537 -1.74 14.126
N 32.633 -1.313 16.313
A 30.677 0.279 19.189
K 28.616 -2.902 19.572
N 31.532 -5.151 18.534
T 29.31 -6.845 15.909
V 29.343 -7.648 12.167
Y 26.301 -8.085 9.902
L 25.426 -9.923 6.705
Q 22.568 -8.336 4.776
M 21.271 -11.02 2.452
N 18.972 -9.752 -0.332
S 17.45 -11.65 -3.277
L 17.939 -14.986 -1.5
K 18.022 -18.138 -3.642
P 17.537 -21.812 -2.662
E 21.278 -22.201 -3.42
D 21.893 -20.033 -0.289
T 20.331 -22.563 2.045
A 22.959 -23.386 4.65
V 24.175 -22.991 8.238
Y 26.01 -19.66 8.374
Y 29.013 -19.412 10.733
C 30.633 -16.218 11.96
N 34.445 -16.521 12.222
A 37.161 -14.281 13.707
N 40.759 -14.711 12.581
V 42.746 -13.444 15.565
K 46.472 -12.684 15.878
T 48.187 -14.572 18.735
W 51.016 -13.389 20.994
A 53.335 -15.676 19.027
G 52.665 -13.994 15.669
M 50.53 -16.752 14.162
T 46.817 -16.559 13.467
R 43.935 -18.652 14.831
D 40.229 -18.913 14.024
Y 37.419 -18.713 16.55
W 33.836 -19.252 15.363
G 30.288 -19.809 16.673
Q 27.695 -22.584 16.52
G 26.128 -21.014 13.418
T 22.666 -19.923 12.275
Q 20.503 -21.823 9.758
V 19.168 -19.985 6.709
T 16.472 -21.75 4.667
V 15.179 -20.445 1.31
S 12.083 -21.999 -0.321
S 11.103 -21.57 -3.982
