tag x y z
Q 6.859 50.791 140.188
V 4.367 48.22 141.409
Q 6.616 48.86 144.422
L 7.793 45.854 146.484
Q 9.751 46.918 149.561
E 10.742 44.553 152.404
S 11.604 45.644 155.976
G 11.648 43.149 159.145
G 15.181 43.244 160.526
G 17.367 40.153 160.114
S 20.502 40.361 163.649
A 18.911 38.2 166.377
Q 20.137 35.371 168.671
T 19.179 31.688 168.151
G 15.611 31.227 169.42
G 14.854 34.852 168.57
S 12.108 36.171 166.325
L 11.261 38.802 163.727
R 8.3 40.115 161.788
L 9.014 40.967 158.143
S 6.788 43.267 156.161
C 6.534 43.744 152.443
A 4.861 46.936 151.15
A 3.367 46.574 147.641
S 1.681 48.964 145.401
G 0.969 49.441 141.595
F -1.504 46.779 140.535
T -1.244 43.457 142.195
F -3.691 41.138 140.48
S -4.828 39.797 143.796
H -6.189 36.72 142.054
G -3.141 34.505 142.254
Y -0.163 34.545 144.529
M 2.427 36.48 147.066
A 5.585 34.536 147.976
W 8.6 34.804 150.298
F 11.885 33.351 149.164
R 15.308 33.576 150.784
Q 18.62 33.537 148.694
A 20.482 32.191 151.711
P 23.885 33.56 152.586
E 25.522 30.749 150.507
K 23.555 28.824 147.922
E 20.6 28.577 145.571
R 17.489 30.665 146.233
E 15.016 28.854 148.529
W 11.22 29.133 148.611
V 9.953 29.882 152.117
A 6.184 30.48 151.927
C 3.281 31.352 149.602
V -0.144 32.882 150.317
R -2.718 33.254 147.715
T -4.452 36.489 146.623
S -6.426 37.868 149.548
G -5.835 34.206 150.128
V -6.147 33.182 153.728
S -4.842 29.871 152.542
A -0.928 29.219 152.841
Y 1.974 26.868 152.067
Y 5.401 26.488 153.665
A 8.775 24.904 152.871
D 9.432 21.899 155.121
S 12.458 23.712 156.625
V 10.244 26.431 158.131
L 6.949 24.644 158.745
G 5.631 25.25 162.268
R 7.989 28.165 162.935
F 7.084 30.774 160.266
T 3.626 32.24 159.607
I 2.719 34.073 156.376
S -0.166 36.584 156.322
Q -1.418 39.588 154.427
D -3.499 42.717 154.854
N -5.078 43.444 151.443
A -6.613 46.742 152.568
K -3.103 47.97 153.498
S -1.273 46.41 150.528
T 1.062 44.624 152.946
L 2.498 41.102 153.111
Y 3.951 39.668 156.354
L 6.202 36.856 157.586
Q 6.267 36.135 161.308
M 9.449 34.204 162.103
N 9.764 32.331 165.434
N 12.351 29.925 166.911
L 14.992 31.285 164.587
K 18.131 29.231 163.964
P 21.509 29.979 162.288
E 20.242 27.984 159.258
D 17.629 30.766 158.674
T 20.329 33.414 157.93
A 19.627 34.795 154.44
M 18.304 37.818 152.568
Y 14.522 37.404 152.48
Y 12.564 38.708 149.512
C 8.894 39.103 148.691
A 8.368 37.57 146.463
A 4.95 38.862 145.47
T 3.212 38.868 142.019
S 1.692 36.63 139.363
I 2.546 33.075 140.356
S -0.682 31.225 139.813
C 1.462 28.636 141.761
S 4.581 29.001 144.079
S 7.343 30.095 141.665
G 6.469 32.784 139.102
Y 6.876 35.846 139.269
M 7.767 39.111 137.539
F 8.328 41.168 140.72
W 10.878 40.896 143.749
G 11.743 43.604 146.259
Q 15.308 44.641 147.326
G 15.21 42.194 150.206
T 15.733 42.419 153.95
Q 18.762 40.776 155.618
V 18.173 38.298 158.438
T 21.13 37.077 160.507
V 20.734 34.603 163.349
S 23.897 34.412 165.456
S 25.062 32.388 169.081
