tag x y z
G 9.281 52.268 89.503
A 7.404 50.127 91.999
Q 8.615 46.959 93.578
V 5.863 44.466 94.207
S 6.586 41.551 96.509
S 4.677 38.894 98.298
Q 3.858 38.674 101.961
K 4.203 35.394 103.913
V 0.69 35.289 105.409
G 0.403 34.019 109.012
A -3.229 34.448 110.351
H -5.59 34.404 107.31
E -8.89 36.191 107.442
N -11.981 34.156 106.326
S -11.381 35.432 102.692
N -10.196 34.13 99.259
R -11.624 36.76 96.912
A -9.647 39.552 98.528
Y -7.489 38.603 101.551
G -6.036 35.359 102.918
G -5.437 33.2 99.854
S -4.825 34.711 96.357
T -1.151 35.714 97.224
I -1.074 38.963 99.095
N 1.443 41.365 97.787
Y 2.817 44.679 98.994
T 4.389 47.634 97.246
T 7.567 49.568 97.737
I 8.762 52.705 95.974
N 12.069 54.297 96.947
Y 11.872 58.037 97.29
Y 15.562 58.851 97.654
R 18.679 58.74 95.514
D 20.864 57.465 98.368
S 20.378 53.79 99.053
A 21.181 54.374 102.736
S 17.805 56.106 102.852
N 15.997 52.92 101.907
A 13.956 50.855 104.282
A 15.242 47.294 104.951
S 13.691 44.769 102.55
K 14.039 41.824 104.977
Q 14.167 39.469 101.934
D 17.262 37.789 103.342
F 19.316 34.69 102.652
S 20.358 31.808 104.794
Q 23.487 29.708 104.538
D 24.881 26.413 105.699
P 26.608 26.79 109.168
S 29.556 24.573 108.084
K 32.229 27.184 108.151
F 31.647 27.256 111.947
T 30.232 23.796 112.695
E 32.48 21.703 110.463
P 35.673 23.723 109.626
I 37.715 20.506 109.2
K 39.867 19.936 106.132
D 38.645 16.398 105.374
V 34.851 16.152 105.006
L 32.754 14.842 107.858
I 30.552 11.834 107.058
K 28.364 11.521 110.182
T 27.683 7.787 109.922
A 31.41 7.108 109.833
P 34.012 7.254 112.684
M 35.233 10.85 112.988
L 38.686 9.447 113.683
N 40.029 6.986 111.264
