tag x y z
Q 15.757 32.597 137.914
V 16.064 36.033 139.799
Q 18.376 35.085 142.744
L 16.148 34.594 146.019
Q 19.004 34.844 148.57
E 17.627 34.857 152.144
S 19.314 35.396 155.508
G 18.579 36.787 159.052
G 19.052 33.985 161.754
G 18.556 36.118 164.883
S 16.575 33.841 167.211
V 15.674 36.475 169.924
Q 13.389 36.307 173.161
T 9.54 36.442 172.518
G 9.665 40.132 171.823
G 12.018 40.65 168.82
S 11.588 42.396 165.464
L 13.352 40.693 162.654
R 14.342 41.546 159.093
L 14.193 38.594 156.571
S 15.28 39.512 153.15
C 15.028 37.844 149.766
A 17.178 39.379 147.14
A 14.819 40.555 144.367
S 17.34 42.413 141.993
E 16.696 40.398 138.811
Y 13.398 41.486 137.361
T 12.047 38.177 135.789
Q 8.313 38.579 135.914
S 8.956 40.104 139.357
S 7.869 38.444 142.548
A 5.064 40.713 143.398
C 4.158 41.031 147.135
M 6.912 38.531 147.32
G 5.582 36.234 150.167
W 6.547 34.196 153.218
F 4.9 30.817 153.059
R 7.186 29.944 155.968
Q 6.773 26.686 157.806
A 6.2 25.523 161.39
P 7.625 21.841 160.945
G 4.982 20.504 163.496
K 2.666 21.388 160.547
E 3.963 22.275 156.923
R 5.03 25.204 154.686
E 2.158 27.732 155.159
G 2.018 31.578 154.283
V 2.135 35.355 155.02
A 1.937 39.107 154.006
G 3.553 41.117 151.174
I 3.239 44.149 148.73
S 2.888 43.659 144.981
R 6.313 44.171 143.459
F 4.954 47.506 142.236
F 1.401 48.006 143.539
G 0.392 48.286 147.266
T -0.821 44.683 147.456
A 0.072 43.165 150.889
Y -2.113 40.126 151.729
Y -1.214 40.278 155.445
A -1.887 36.626 156.306
D -5.169 35.958 158.157
S -3.09 34.132 160.889
V -0.437 36.855 161.665
K -1.839 40.127 160.395
G -0.22 43.621 160.879
R 2.802 42.991 163.259
F 4.512 41.069 160.434
T 4.998 44.211 158.288
I 6.743 44.504 154.903
S 7.845 46.46 151.792
Q 11.163 46.087 150.101
D 13.672 48.319 148.23
K 12.341 49.532 144.719
A 15.805 49.747 143.115
K 18.189 47.917 145.445
N 15.47 45.294 145.104
T 15.428 43.121 148.166
V 12.719 42.321 150.795
Y 12.432 43.56 154.433
L 10.241 41.655 156.85
Q 9.352 43.338 160.162
M 7.809 40.526 162.211
N 7.405 42.961 165.038
S 7.471 41.904 168.844
L 7.505 38.227 168.123
K 6.029 35.248 170.117
P 6.871 31.563 170.488
E 4.22 30.507 167.776
D 6.322 32.454 165.302
T 9.362 30.095 165.578
A 8.957 29.264 161.938
I 11.559 28.297 159.486
Y 10.675 30.972 157.054
Y 11.033 31.292 153.204
C 9.745 33.776 150.596
A 7.217 33.773 147.59
A 8.657 34.595 144.123
G 5.15 34.925 142.849
Q 5.662 36.427 140.153
G 3.791 37.199 136.878
C 2.033 39.855 138.938
L -1.449 38.853 137.671
T -0.567 35.857 139.757
T -1.056 38.098 142.818
I -3.907 39.967 141.024
Q -6.488 37.231 140.622
A -5.807 35.414 143.94
L -3.809 38.324 145.349
G -2.508 35.644 147.702
G 0.318 33.606 146.132
A 1.478 29.981 146.745
Y -0.68 29.042 143.811
G 1.608 31.168 141.711
Y 5.262 30.873 142.946
N 7.313 28.677 140.745
A 10.352 29.947 142.795
W 11.383 29.135 146.48
G 13.776 30.17 149.384
Q 16.83 28.996 151.458
G 15.52 27.974 155.001
T 15.939 31.02 157.414
Q 15.688 29.922 161.138
V 14.638 32.284 163.871
T 13.283 30.935 167.269
V 12.197 34.242 168.838
S 10.7 32.797 172.049
S 11.995 31.822 175.686
H 15.656 30.722 175.65
