tag x y z
G 9.152 51.814 89.041
A 7.24 50.101 91.803
Q 8.505 47.071 93.663
V 5.808 44.498 94.249
S 6.682 41.787 96.726
S 4.706 38.991 98.315
Q 3.908 38.55 101.98
K 4.074 35.43 104.101
V 0.492 35.196 105.271
G 0.079 34.286 108.911
A -3.394 34.733 110.322
H -5.7 33.962 107.437
E -8.825 36.07 107.277
N -11.963 34.237 106.26
S -11.305 35.24 102.678
N -10.055 33.846 99.401
R -11.735 36.432 97.232
A -9.619 39.32 98.418
Y -7.508 38.308 101.38
G -6.543 35.018 102.954
G -6.206 33.191 99.669
S -4.914 34.619 96.424
T -1.399 35.664 97.342
I -1.049 38.937 99.204
N 1.421 41.452 97.848
Y 2.856 44.815 98.804
T 4.161 47.804 96.898
T 7.343 49.747 97.49
I 8.809 52.708 95.666
N 12.031 54.367 96.722
Y 11.892 58.1 97.269
Y 15.542 59.065 97.385
R 18.6 58.673 95.209
D 20.778 57.324 97.985
S 20.849 53.616 98.692
A 21.187 54.417 102.36
S 17.742 55.956 102.43
N 15.836 52.875 101.36
A 13.689 50.803 103.67
A 15.134 47.531 104.896
S 14.023 44.805 102.526
K 13.996 41.847 104.875
Q 14.081 39.414 101.986
D 17.414 37.983 103.018
F 19.174 34.699 102.422
S 20.102 32.035 104.926
Q 23.1 29.746 104.751
D 25.013 26.668 105.789
P 26.447 26.932 109.271
S 29.052 24.319 108.451
K 31.586 27.082 108.04
F 31.331 27.196 111.806
T 30.052 23.753 112.68
E 32.484 21.717 110.633
P 35.643 23.735 110.153
I 37.453 20.581 109.136
K 39.571 19.884 106.087
D 38.239 16.414 105.419
V 34.491 16.077 105.107
L 32.44 15.066 108.113
I 30.337 11.964 107.638
K 28.048 11.492 110.607
T 27.558 7.787 110.074
A 31.189 6.773 110.353
P 33.87 6.972 113.011
M 35.067 10.532 113.41
L 38.724 9.658 113.719
N 39.734 7.057 111.183
