tag x y z
G 9.289 51.954 88.959
A 7.637 50.067 91.774
Q 8.582 47.005 93.763
V 5.657 44.632 93.965
S 6.59 41.666 96.102
S 4.747 39.063 98.125
Q 3.984 38.784 101.815
K 4.095 35.477 103.637
V 0.589 35.222 105.018
G 0.044 34.254 108.624
A -3.445 34.469 110.053
H -5.804 34.124 107.127
E -9.037 36.059 107.301
N -12.08 34.203 106.055
S -11.396 35.661 102.639
N -9.881 34.5 99.381
R -11.37 36.567 96.592
A -9.322 39.428 97.95
Y -7.454 38.462 101.085
G -6.64 35.048 102.473
G -5.985 32.933 99.416
S -4.766 34.723 96.325
T -1.195 35.532 97.27
I -1.02 38.875 99.028
N 1.327 41.399 97.489
Y 2.697 44.735 98.607
T 4.061 47.655 96.646
T 7.147 49.674 97.442
I 8.667 52.635 95.664
N 12.04 53.986 96.681
Y 11.7 57.694 97.293
Y 15.269 58.886 97.555
R 18.389 58.808 95.44
D 20.703 57.267 97.993
S 20.761 53.548 98.639
A 21.382 54.395 102.258
S 17.835 55.657 102.431
N 15.777 52.672 101.364
A 13.949 50.526 103.869
A 15.361 47.071 104.474
S 13.662 44.464 102.338
K 14.089 41.722 104.896
Q 14.022 39.357 101.95
D 17.395 37.971 102.916
F 19.093 34.695 102.12
S 20.342 31.952 104.394
Q 23.375 29.701 104.239
D 24.576 26.476 105.794
P 26.322 26.643 109.137
S 29.015 24.423 107.699
K 31.462 27.291 107.577
F 31.209 27.151 111.342
T 29.956 23.746 112.38
E 31.908 21.551 110.014
P 35.153 23.413 109.496
I 37.014 20.174 108.954
K 39.217 19.927 105.908
D 38.258 16.375 105.059
V 34.51 16.311 104.616
L 32.624 14.751 107.492
I 30.375 11.789 106.856
K 28.265 11.458 109.974
T 27.582 7.756 109.736
A 31.232 6.81 109.99
P 33.781 6.909 112.79
M 34.898 10.51 113.032
L 38.547 9.649 113.531
N 39.78 7.189 110.944
