tag x y z
Q 3.427 51.509 139.998
V 1.573 49.469 142.579
Q 0.959 50.392 146.188
L 0.785 47.787 148.912
Q -1.167 47.712 152.142
E -0.729 45.363 155.066
S -4.044 44.709 156.746
G -5.637 42.125 158.985
G -2.867 41.769 161.522
G -2.762 41.617 165.289
S -2.42 39.926 168.644
V -3.444 36.347 169.259
Q -2.38 33.518 171.521
A -0.007 30.637 170.957
G -1.245 27.675 168.97
G -3.954 29.533 167.116
S -4.276 30.91 163.62
L -4.527 34.324 162.025
T -5.056 35.651 158.53
L -3.283 38.528 156.849
S -4.525 40.61 153.953
C -2.518 42.486 151.362
A -4.541 44.64 149.012
A -2.813 46.586 146.274
S -3.038 49.513 143.9
G -3.67 49.434 140.184
I -3.132 47.41 138.06
T -2.022 45.26 140.958
Y -0.688 41.857 140.03
C 0.623 43.626 136.966
M 3.886 44.36 138.717
G 3.584 40.66 139.369
W 5.142 38.352 141.917
Y 3.665 38.98 145.334
R 5.483 37.951 148.467
Q 5.372 37.696 152.225
V 8.633 38.57 153.909
R 8.527 38.549 157.684
G 11.267 39.034 160.225
K 11.633 41.838 162.698
E 14.194 42.892 160.135
R 14.176 41.0 156.867
E 13.421 37.378 156.104
G 11.16 35.631 153.637
V 8.216 33.348 154.246
A 5.973 32.968 151.238
F 6.449 33.774 147.584
I 3.919 33.603 144.789
K 3.438 33.972 141.067
T 0.579 36.045 139.735
N 0.224 33.589 136.893
D 0.045 29.821 136.833
G 0.495 28.278 140.246
T 3.142 28.787 141.634
T 3.861 28.329 145.311
D 6.972 28.004 147.42
Y 7.586 28.597 151.096
A 10.516 29.269 153.379
D 11.953 26.054 154.735
S 11.523 27.481 158.201
V 7.778 27.774 157.822
K 7.077 25.06 155.295
G 3.796 23.28 155.859
R 1.869 25.723 157.999
F 1.421 28.775 155.819
T -0.218 29.516 152.5
I -0.226 32.494 150.182
S -3.22 33.051 147.944
Q -4.285 35.186 145.019
N -7.524 37.089 144.681
H -7.107 38.724 141.307
A -10.582 40.189 141.427
T -10.202 42.163 144.621
K -6.491 42.557 144.055
T -5.63 41.166 147.457
V -3.012 38.648 148.48
Y -3.452 36.867 151.781
L -1.489 34.766 154.228
Q -3.038 32.073 156.373
M -0.858 31.485 159.394
N -1.761 28.458 161.46
S -0.496 26.682 164.541
L 1.216 29.851 165.654
K 4.099 29.816 168.089
P 5.802 32.623 169.953
E 8.576 32.742 167.391
D 5.991 33.907 164.899
T 5.625 37.313 166.489
A 7.3 39.279 163.734
A 6.99 42.35 161.56
Y 4.977 41.241 158.565
Y 5.131 42.837 155.151
C 4.265 42.133 151.545
A 6.238 42.53 148.348
A 6.461 42.592 144.579
T 8.793 42.761 141.613
W 7.75 41.704 138.142
R 11.076 40.046 137.47
W 9.778 36.503 137.341
S 12.605 35.313 139.543
C 14.451 36.765 142.501
P 12.621 35.497 145.55
L 15.765 34.935 147.563
D 16.919 38.499 148.037
P 15.266 41.165 150.139
E 16.934 43.988 148.261
G 15.846 42.679 144.893
Y 12.447 44.26 145.316
Q 10.963 47.536 144.176
Y 7.674 47.569 146.026
W 6.917 47.581 149.723
G 3.967 48.331 151.954
Q 3.783 49.829 155.415
G 3.386 46.76 157.573
T 1.434 45.157 160.374
Q 2.755 43.822 163.65
V 1.504 40.379 164.555
T 1.775 39.056 168.078
V 1.689 35.422 169.091
S 1.122 35.979 172.778
S 2.467 33.278 175.041
H -0.736 32.609 176.919
H -0.241 28.876 177.175
