tag x y z
G 9.083 51.729 88.617
A 7.458 50.039 91.572
Q 8.567 46.953 93.445
V 5.759 44.522 94.121
S 6.652 41.633 96.382
S 4.945 38.826 98.25
Q 3.995 38.436 101.885
K 4.025 35.328 104.032
V 0.401 35.225 105.1
G -0.167 34.524 108.765
A -3.744 34.668 109.967
H -5.774 34.074 106.841
E -8.947 36.118 106.832
N -11.956 33.957 106.109
S -11.182 35.081 102.589
N -9.749 33.707 99.38
R -12.021 36.034 97.481
A -9.539 38.794 98.157
Y -7.336 38.331 101.189
G -5.87 35.214 102.727
G -6.17 32.852 99.8
S -4.873 34.421 96.623
T -1.311 35.593 97.082
I -1.044 38.899 98.888
N 1.486 41.324 97.489
Y 2.834 44.707 98.501
T 4.158 47.647 96.531
T 7.386 49.495 97.181
I 8.658 52.659 95.554
N 11.979 54.31 96.262
Y 11.753 58.025 96.882
Y 15.371 58.964 97.416
R 18.519 58.864 95.348
D 20.627 57.063 97.916
S 20.807 53.357 98.611
A 21.203 54.218 102.257
S 17.791 55.816 102.117
N 16.145 52.633 100.916
A 13.886 50.544 103.098
A 14.99 47.225 104.519
S 13.779 44.481 102.225
K 13.944 41.676 104.752
Q 13.798 39.125 101.968
D 17.206 37.882 102.995
F 18.837 34.54 102.354
S 19.926 31.704 104.594
Q 23.006 29.524 104.451
D 24.487 26.285 105.695
P 26.088 26.578 109.099
S 29.076 24.637 107.833
K 31.569 27.474 108.001
F 31.195 27.0 111.728
T 29.858 23.506 112.255
E 32.299 21.609 110.088
P 35.404 23.728 109.759
I 37.217 20.552 108.817
K 39.459 19.896 105.854
D 38.202 16.414 105.117
V 34.571 15.567 104.511
L 32.351 14.474 107.362
I 29.922 11.615 106.948
K 27.661 11.45 109.972
T 27.496 7.678 110.07
A 31.143 6.707 109.97
P 33.795 7.001 112.647
M 34.972 10.542 113.215
L 38.584 9.629 113.816
N 39.756 6.834 111.572
