tag x y z
Q 130.739 22.508 -24.708
V 128.004 21.101 -22.451
Q 124.821 22.261 -24.197
L 121.117 21.388 -23.979
V 118.503 22.353 -26.522
E 114.768 21.829 -26.034
S 112.249 21.621 -28.845
G 108.657 20.617 -29.549
G 106.815 23.443 -27.838
A 103.601 24.499 -29.524
L 99.985 25.492 -29.181
V 97.895 22.458 -28.18
Q 94.231 22.096 -27.233
P 93.27 20.827 -23.774
G 93.164 17.012 -23.748
G 95.794 16.984 -26.489
S 99.122 15.191 -26.636
L 102.619 16.512 -27.315
R 106.228 15.383 -27.075
L 109.214 17.553 -26.194
S 112.83 16.811 -27.016
C 116.041 17.728 -25.236
A 119.136 17.377 -27.447
A 122.35 17.037 -25.432
S 125.899 17.826 -26.513
G 129.17 17.585 -24.595
F 128.27 14.67 -22.326
P 126.574 11.211 -22.623
V 122.912 11.247 -21.601
N 123.313 7.701 -20.244
R 125.927 8.649 -17.712
Y 123.95 11.458 -16.026
S 120.448 11.817 -14.611
M 118.345 14.334 -16.445
R 115.301 16.327 -15.57
W 112.55 18.518 -16.958
Y 111.371 21.647 -15.17
R 108.782 24.163 -16.261
Q 108.011 27.767 -15.441
A 104.683 29.492 -16.008
P 104.717 33.304 -16.0
G 104.325 34.595 -12.458
K 105.049 31.262 -10.809
E 108.321 29.634 -9.733
R 110.223 27.112 -11.876
E 109.119 23.679 -10.627
W 110.639 20.247 -11.193
V 108.444 18.171 -13.543
A 110.164 14.849 -14.224
G 113.432 12.949 -14.097
M 115.297 9.762 -14.95
S 118.248 8.148 -13.149
S 121.689 7.937 -14.798
A 121.412 4.156 -15.205
G 117.903 4.534 -16.644
D 116.318 2.132 -14.139
R 114.166 4.748 -12.341
S 111.835 7.559 -13.408
S 110.123 10.123 -11.154
Y 107.387 12.706 -11.566
E 105.806 15.559 -9.629
D 102.343 14.572 -8.36
S 100.476 16.946 -10.668
V 101.784 15.2 -13.808
K 102.009 11.591 -12.596
G 100.125 9.284 -14.97
R 99.971 11.893 -17.734
F 103.655 12.486 -18.636
T 106.359 9.999 -19.489
I 110.056 10.689 -19.524
S 112.345 8.615 -21.718
R 115.701 8.783 -23.522
D 117.411 7.537 -26.708
D 121.02 6.959 -25.702
A 122.228 6.69 -29.304
R 120.733 10.01 -30.356
N 121.816 11.508 -26.976
T 118.33 12.965 -26.553
V 115.773 13.056 -23.689
Y 112.02 13.233 -24.286
L 108.921 14.301 -22.371
Q 105.76 12.643 -23.633
M 102.71 14.613 -22.492
N 99.084 13.428 -22.596
S 95.843 14.84 -21.151
L 97.226 18.354 -21.451
K 95.602 20.915 -19.147
P 95.708 24.702 -19.644
E 97.458 24.594 -16.246
D 100.37 22.859 -18.041
T 101.126 26.042 -20.01
A 104.731 27.01 -19.336
V 108.252 27.179 -20.684
Y 109.78 23.721 -20.334
Y 113.509 23.214 -19.582
C 115.784 20.212 -19.357
N 118.557 19.985 -16.869
V 121.676 18.073 -16.076
N 124.558 18.46 -13.681
V 128.026 17.923 -15.109
G 130.357 19.518 -12.592
F 127.957 22.455 -12.496
E 124.254 22.61 -13.333
Y 123.179 23.332 -16.911
W 119.827 24.362 -18.348
G 118.597 24.473 -21.935
Q 117.047 27.675 -23.295
G 113.516 26.291 -22.9
T 110.559 25.631 -25.213
Q 107.106 27.263 -24.945
V 104.127 24.942 -24.511
T 100.738 26.656 -24.661
V 97.637 24.608 -23.84
S 94.606 26.55 -25.102
