tag x y z
Q -3.511 20.56 10.775
L -0.591 21.742 8.637
Q -0.374 21.214 4.895
E 2.637 22.414 2.841
S 2.505 23.15 -0.91
G 4.421 24.885 -3.739
G 7.336 22.423 -4.027
G 8.732 21.499 -7.427
L 11.696 21.077 -9.708
V 13.686 24.308 -10.126
Q 16.917 25.077 -11.972
P 19.826 26.353 -9.844
G 19.663 30.15 -9.415
G 15.826 29.917 -9.506
S 13.218 31.061 -6.929
L 10.281 29.247 -5.387
R 7.78 30.147 -2.665
L 6.383 27.467 -0.413
S 3.082 27.778 1.498
C 1.651 26.143 4.595
A -2.09 26.33 5.457
A -2.719 25.9 9.174
S -5.92 24.939 11.027
G -7.145 23.636 14.387
F -5.033 25.823 16.644
T -4.708 29.548 17.401
F -2.213 30.219 14.633
N -1.618 33.834 15.538
N -0.438 32.794 19.066
Y 2.402 30.478 17.945
W 5.972 30.667 16.641
M 6.154 28.773 13.331
Y 9.096 27.061 11.685
W 10.266 25.712 8.35
V 12.445 22.63 8.526
R 13.84 20.397 5.787
R 14.95 16.811 5.244
A 17.622 16.378 2.603
P 18.201 12.938 1.105
G 19.84 10.659 3.707
K 19.825 13.357 6.396
G 18.085 14.365 9.618
L 15.729 17.295 9.823
E 17.409 20.645 9.731
W 15.617 23.782 10.757
V 15.727 26.543 8.189
S 13.595 29.493 9.432
M 11.314 30.582 12.281
I 8.988 33.532 12.881
N 7.231 34.923 15.98
P 3.394 35.151 16.344
G 3.04 38.77 15.078
G 5.473 38.1 12.286
I 8.003 40.774 13.33
I 10.821 38.588 14.656
T 12.504 36.081 12.372
K 15.607 33.897 12.545
Y 17.329 31.924 9.768
A 19.8 29.067 9.679
E 23.249 30.186 8.368
S 22.87 28.055 5.208
V 19.886 30.213 3.98
K 20.577 33.695 5.367
G 20.296 36.351 2.653
R 18.45 33.889 0.384
F 15.206 32.775 2.18
T 12.45 34.908 3.75
I 9.848 33.51 6.144
S 6.55 35.367 6.495
R 3.028 34.713 7.658
D -0.502 35.938 7.147
N -2.348 35.608 10.408
A -5.675 36.482 8.763
K -5.292 33.596 6.317
N -3.475 31.312 8.805
T -0.759 30.726 6.251
L 2.979 30.521 6.542
Y 5.307 31.263 3.611
L 8.903 30.527 2.687
Q 10.361 32.565 -0.155
M 13.458 30.791 -1.483
N 15.838 32.615 -3.85
S 19.182 31.699 -5.451
L 18.432 28.013 -5.014
T 21.342 25.583 -5.201
S 21.561 21.839 -5.427
E 22.199 21.715 -1.688
D 18.699 23.097 -1.047
T 17.125 19.918 -2.431
A 14.891 18.444 0.313
V 11.424 17.811 1.598
Y 10.381 21.031 3.352
Y 7.946 20.997 6.276
C 6.166 23.709 8.299
A 6.152 22.915 12.038
K 4.531 24.208 15.22
D 6.217 23.832 18.654
W 9.505 22.759 16.967
A 12.186 21.409 19.373
T 9.655 20.393 21.978
G 7.591 17.208 22.591
L 4.571 19.101 21.225
A 6.346 19.463 17.833
K 4.12 18.836 14.809
K 4.778 19.306 11.106
G 2.928 18.655 7.841
Q 3.501 15.826 5.354
G 5.929 18.084 3.533
T 6.571 19.402 0.031
Q 9.444 18.214 -2.223
V 11.876 20.762 -3.587
T 14.362 19.454 -6.188
V 17.035 21.858 -7.375
S 18.551 20.431 -10.526
S 20.378 21.681 -13.635
