tag x y z
V -86.4 -0.356 -33.614
Q -85.175 -3.672 -32.16
L -82.562 -4.01 -29.369
Q -80.652 -6.986 -27.95
E -78.239 -7.138 -25.011
S -75.4 -9.686 -25.123
G -72.621 -10.571 -22.7
G -74.108 -10.786 -19.213
G -73.668 -13.8 -16.946
L -71.626 -13.924 -13.748
V -68.088 -12.828 -12.818
Q -65.679 -12.446 -9.872
A -65.724 -9.17 -7.963
G -62.76 -7.018 -9.002
D -63.277 -7.947 -12.63
S -64.061 -5.734 -15.604
L -66.864 -6.708 -17.973
R -67.844 -5.405 -21.392
L -71.5 -5.418 -22.455
S -73.031 -5.039 -25.901
C -76.35 -3.869 -27.327
V -77.089 -4.588 -30.962
A -79.733 -2.667 -32.88
S -81.707 -4.0 -35.826
G -82.726 -1.633 -38.596
R -80.599 1.115 -40.102
A -81.773 3.877 -37.77
F -79.232 3.132 -35.044
S -76.954 5.886 -36.299
S -79.714 8.36 -35.383
Y -80.584 6.945 -31.963
G -79.385 8.229 -28.625
M -78.478 5.138 -26.622
G -78.618 4.459 -22.893
W -77.812 1.868 -20.274
F -80.01 1.31 -17.218
R -79.867 -1.326 -14.485
Q -82.058 -3.099 -11.896
A -81.005 -5.169 -8.878
P -83.327 -7.763 -7.311
G -86.212 -5.933 -5.664
K -85.148 -2.388 -6.449
E -86.061 0.141 -9.132
R -84.383 0.368 -12.518
A -81.734 3.142 -12.346
F -79.796 5.174 -14.936
V -76.138 4.361 -15.674
A -74.901 5.997 -18.854
A -75.989 7.508 -22.13
I -74.408 8.647 -25.395
S -75.849 10.976 -28.004
R -76.145 10.382 -31.729
S -72.972 12.285 -32.642
G -71.251 10.439 -29.781
G -69.645 13.564 -28.348
L -72.111 14.084 -25.477
T -72.124 11.31 -22.878
Q -73.803 11.187 -19.453
Y -73.12 9.394 -16.189
A -74.546 8.493 -12.826
E -72.345 10.364 -10.375
S -71.289 7.424 -8.23
L -71.144 4.991 -11.131
K -68.792 7.23 -13.076
G -65.17 6.674 -14.023
R -65.659 2.947 -13.484
F -68.121 2.661 -16.356
A -67.66 3.818 -19.939
I -70.167 4.038 -22.746
S -69.321 4.091 -26.456
R -70.736 3.261 -29.869
D -69.784 1.814 -33.23
N -72.374 2.843 -35.812
A -70.539 0.588 -38.24
K -71.689 -2.428 -36.251
N -74.919 -0.712 -35.239
T -73.751 -1.329 -31.687
V -73.483 0.364 -28.309
Y -71.097 -0.918 -25.645
L -70.758 -0.631 -21.889
Q -67.338 -1.063 -20.331
M -67.591 -1.92 -16.652
G -64.237 -1.403 -14.968
S -63.743 -3.059 -11.571
L -66.85 -4.915 -10.421
K -68.499 -5.084 -7.0
P -71.34 -7.127 -5.449
E -73.599 -4.063 -5.729
D -73.247 -4.089 -9.482
T -75.238 -7.312 -9.561
A -78.427 -6.598 -11.483
V -80.183 -6.896 -14.834
Y -78.788 -4.43 -17.356
Y -80.971 -2.859 -20.039
C -80.131 -0.942 -23.202
A -82.494 1.713 -24.517
G -82.947 3.878 -27.571
D -83.749 7.516 -28.057
L -85.37 8.47 -31.345
Y -84.587 12.11 -30.666
G -80.901 11.276 -30.541
L -79.827 12.566 -27.139
G -80.038 9.97 -24.416
S -81.289 10.951 -20.967
H -81.069 10.02 -17.291
M -84.853 9.756 -17.41
E -85.83 6.375 -18.785
N -89.347 7.473 -19.617
E -87.714 9.483 -22.394
Y -86.643 6.352 -24.317
D -88.773 4.839 -27.065
S -87.001 1.471 -27.479
W -85.847 -1.153 -25.03
G -83.858 -4.383 -24.811
Q -84.765 -7.745 -23.315
G -82.104 -7.008 -20.711
T -79.048 -9.06 -19.755
Q -78.033 -10.652 -16.447
V -74.839 -9.459 -14.818
T -74.051 -11.36 -11.614
V -70.996 -10.39 -9.524
S -69.351 -12.836 -7.1
S -68.686 -12.571 -3.345
H -71.255 -10.665 -1.248
