tag x y z
V 38.956 -9.732 -14.136
Q 37.431 -13.127 -14.92
P 33.64 -13.698 -14.698
Q 32.544 -16.486 -12.343
E 28.824 -16.267 -11.59
S 26.239 -18.54 -9.957
G 22.757 -18.807 -8.455
G 19.394 -18.592 -10.188
G 17.008 -20.854 -12.072
L 13.354 -20.621 -11.069
A 11.374 -19.351 -8.08
Q 7.774 -18.56 -7.146
A 6.454 -15.021 -7.636
G 8.139 -12.573 -5.271
G 11.109 -14.566 -4.021
S 14.511 -13.78 -2.527
L 17.625 -15.044 -4.317
R 21.317 -14.172 -4.003
L 24.088 -14.011 -6.614
S 27.804 -14.821 -6.452
C 29.96 -12.926 -8.955
V 33.548 -14.006 -8.336
V 36.454 -12.316 -10.11
S 38.855 -15.159 -10.887
G 42.288 -14.084 -9.672
I 43.644 -10.7 -10.772
T 42.522 -7.664 -8.74
F 38.791 -6.91 -8.629
A 38.127 -4.226 -6.015
S 40.106 -1.87 -8.262
E 37.168 -1.407 -10.641
A 33.473 -0.486 -10.563
W 31.295 -3.419 -11.606
G 27.621 -4.327 -11.98
W 25.096 -6.938 -13.108
Y 23.317 -7.35 -16.443
R 20.512 -9.537 -17.79
R 19.509 -11.337 -20.986
A 15.765 -11.612 -21.548
P 14.718 -14.722 -23.542
G 14.396 -12.394 -26.536
K 15.679 -8.966 -25.514
Q 19.33 -7.939 -25.839
R 21.97 -7.197 -23.201
E 20.63 -4.8 -20.579
L 22.612 -3.328 -17.697
I 20.647 -3.084 -14.448
A 22.44 -2.875 -11.091
A 25.772 -1.057 -10.767
I 27.683 -0.534 -7.52
N 30.278 2.221 -7.147
N 33.957 1.615 -6.389
E 33.108 1.631 -2.679
G 30.422 2.556 -3.012
R 27.066 4.328 -3.191
T 25.067 2.409 -5.784
N 22.769 3.477 -8.617
Y 20.008 1.129 -9.752
V 17.571 1.2 -12.664
D 14.09 2.606 -11.992
S 13.003 -1.032 -11.99
V 15.246 -2.699 -9.411
K 15.309 0.538 -7.395
G 14.254 -0.246 -3.837
R 13.443 -3.722 -5.121
F 16.99 -5.076 -5.385
T 20.318 -3.88 -3.971
V 23.733 -5.013 -5.216
S 26.837 -5.214 -3.022
R 30.613 -5.532 -3.359
D 33.053 -7.271 -1.024
N 36.772 -6.867 -1.704
A 37.31 -9.725 0.75
K 36.451 -12.662 -1.508
N 36.034 -10.575 -4.664
V 32.323 -11.31 -5.057
M 29.295 -9.335 -6.238
Y 26.004 -10.176 -4.543
L 22.716 -8.904 -5.949
Q 20.165 -8.779 -3.136
M 17.07 -9.851 -5.059
N 13.684 -9.584 -3.339
S 10.086 -9.726 -4.576
L 11.164 -11.351 -7.837
K 8.532 -10.373 -10.397
P 7.72 -12.897 -13.157
E 8.937 -10.174 -15.519
D 12.399 -10.871 -14.109
T 13.264 -13.797 -16.38
A 16.752 -13.705 -17.897
V 20.348 -14.927 -17.789
Y 22.292 -12.717 -15.387
Y 25.933 -11.709 -15.798
C 28.499 -10.027 -13.563
N 30.869 -7.538 -15.195
A 32.57 -4.162 -14.762
N 30.715 -1.035 -15.851
L 32.869 1.283 -17.971
Q 33.892 4.8 -16.939
T 31.266 5.706 -17.116
G 30.621 4.224 -20.544
T 32.539 6.588 -22.813
L 35.822 4.921 -21.862
S 37.648 2.228 -23.828
G 38.671 -1.091 -22.296
A 42.046 -2.817 -22.441
R 41.24 -6.532 -22.377
L 38.15 -7.764 -20.529
Y 36.237 -10.989 -21.164
W 32.657 -12.268 -21.029
G 31.083 -14.938 -18.833
Q 28.667 -17.831 -19.264
G 25.76 -16.553 -17.183
T 23.089 -18.29 -15.129
Q 19.534 -18.809 -16.379
V 16.731 -17.494 -14.164
T 12.957 -17.888 -14.478
V 9.915 -16.513 -12.652
S 6.241 -17.251 -13.297
S 3.269 -16.505 -11.042
