tag x y z
Q -67.46 11.124 11.177
V -67.986 13.85 8.544
Q -68.329 17.481 9.597
L -68.165 20.953 8.002
V -67.456 24.268 9.732
E -67.672 27.579 7.897
S -66.078 30.748 9.215
G -65.115 34.173 7.9
G -68.435 35.96 7.791
A -68.633 39.623 8.659
L -70.196 42.965 7.947
V -68.549 44.575 4.935
Q -69.317 47.626 2.815
P -70.407 47.488 -0.832
G -67.389 46.935 -3.119
G -65.542 45.306 -0.243
S -63.831 41.955 -0.132
L -64.208 39.002 2.212
R -62.827 35.478 2.254
L -64.88 32.629 3.705
S -63.3 29.327 4.664
C -64.579 25.912 5.702
A -62.81 23.276 7.776
A -63.654 19.736 6.797
S -63.101 16.641 8.875
G -64.029 13.015 8.291
F -63.04 12.788 4.644
P -60.392 14.037 2.211
V -61.421 17.344 0.745
N -59.602 16.287 -2.447
R -61.757 13.245 -3.152
Y -65.13 14.965 -3.272
S -66.666 17.896 -5.081
M -67.195 20.751 -2.602
R -69.803 23.44 -3.065
W -70.888 26.758 -1.548
Y -74.499 27.8 -1.15
R -76.063 30.924 0.324
Q -79.486 31.547 1.831
A -80.906 35.049 2.039
P -83.555 35.861 4.624
G -86.775 34.122 3.593
K -85.432 32.913 0.274
E -84.513 29.493 -1.051
R -80.981 28.213 -0.462
E -79.098 29.095 -3.656
W -76.088 27.362 -5.215
V -73.09 29.687 -5.485
A -69.882 27.882 -6.478
G -68.256 24.477 -6.603
M -65.212 22.537 -7.651
S -64.896 18.971 -8.912
S -63.499 16.117 -6.859
A -60.299 16.225 -8.903
G -59.907 19.984 -8.579
D -59.601 20.403 -12.336
R -62.919 22.268 -12.732
S -64.663 25.182 -11.025
S -68.197 26.468 -11.602
Y -70.104 29.508 -10.474
E -73.692 30.735 -10.712
D -74.212 33.583 -13.152
S -74.726 36.245 -10.482
V -71.257 35.788 -8.931
K -69.209 34.643 -11.936
G -66.086 36.845 -12.044
R -66.319 38.156 -8.456
F -65.997 34.959 -6.445
T -63.223 32.416 -6.607
I -63.458 28.996 -4.996
S -60.287 27.138 -4.019
R -59.009 24.551 -1.555
D -55.98 23.494 0.481
D -55.848 19.684 0.266
A -53.322 19.361 3.088
R -55.23 21.543 5.556
N -58.471 19.959 4.334
T -59.961 23.414 3.973
V -62.162 25.02 1.316
Y -62.205 28.766 0.576
L -64.511 31.246 -1.116
Q -62.853 34.499 -2.12
M -65.309 37.336 -2.628
N -64.661 40.7 -4.274
S -66.868 43.547 -5.448
L -69.441 42.541 -2.844
K -72.921 43.869 -3.567
P -75.802 44.231 -1.096
E -77.568 41.251 -2.713
D -74.681 39.051 -1.592
T -76.027 39.311 1.933
A -76.884 35.822 3.18
V -75.782 32.918 5.327
Y -73.13 30.993 3.418
Y -72.998 27.213 3.753
C -70.401 24.786 2.524
N -71.674 21.487 1.214
V -70.419 17.982 0.408
N -71.874 14.593 -0.436
V -70.181 11.594 1.122
G -72.798 8.884 1.34
F -75.464 11.394 2.329
E -75.45 15.182 2.051
Y -73.66 17.274 4.67
W -73.944 20.97 5.502
G -71.939 23.26 7.722
Q -73.874 25.32 10.255
G -73.165 28.377 8.123
T -71.523 31.784 8.423
Q -73.15 35.193 8.05
V -72.198 37.764 5.416
T -73.827 41.202 5.565
V -73.136 43.82 2.901
S -74.306 47.351 3.712
S -72.944 50.832 4.426
