tag x y z
Q -33.107 27.175 -55.708
V -31.974 30.542 -56.997
Q -32.609 33.805 -55.171
L -31.222 37.36 -55.119
V -31.418 39.868 -52.278
E -30.228 43.445 -52.686
S -29.491 45.732 -49.77
G -27.648 48.966 -49.113
G -30.16 51.507 -50.33
A -30.446 54.839 -48.582
L -31.031 58.545 -48.858
V -27.759 60.266 -49.777
Q -26.878 63.823 -50.734
P -25.62 64.763 -54.202
G -21.906 63.987 -54.539
G -22.223 61.356 -51.85
S -21.22 57.728 -52.002
L -23.161 54.544 -51.387
R -22.331 50.868 -51.757
L -25.058 48.419 -52.721
S -24.683 44.692 -52.247
C -26.593 41.574 -53.242
A -26.625 38.167 -51.612
A -26.972 35.295 -54.043
S -28.034 31.775 -53.144
G -28.732 28.74 -55.318
F -25.771 29.082 -57.665
P -22.116 30.104 -57.712
V -21.773 33.837 -58.267
N -18.517 33.072 -60.109
R -20.059 30.956 -62.862
Y -22.563 33.472 -64.162
S -22.517 37.03 -65.408
M -24.145 39.297 -62.817
R -25.754 42.628 -63.703
W -27.265 45.652 -61.988
Y -30.3 47.496 -63.303
R -32.161 50.505 -61.957
Q -35.757 51.66 -62.421
A -36.729 55.274 -61.823
P -40.313 56.13 -60.977
G -42.43 55.563 -64.076
K -39.472 54.84 -66.328
E -38.238 51.686 -68.015
R -35.869 49.424 -66.112
E -32.39 50.481 -67.264
W -29.198 48.41 -67.39
V -26.446 49.889 -65.239
A -23.46 47.56 -64.871
G -22.343 43.969 -65.208
M -19.421 41.604 -65.063
S -18.703 38.454 -67.07
S -19.053 34.955 -65.685
A -15.269 34.651 -65.483
G -14.847 38.018 -63.764
D -12.361 39.156 -66.407
R -14.588 41.91 -67.845
S -16.75 44.71 -66.454
S -19.143 46.956 -68.384
Y -21.121 50.074 -67.532
E -23.721 52.18 -69.25
D -22.456 55.539 -70.431
S -24.256 57.568 -67.772
V -22.436 55.905 -64.853
K -19.109 54.955 -66.452
G -16.378 56.197 -64.1
R -18.578 56.736 -61.023
F -19.784 53.176 -60.367
T -17.652 50.093 -59.865
I -19.072 46.584 -59.914
S -17.274 43.799 -58.043
R -17.922 40.466 -56.331
D -16.817 38.226 -53.471
D -16.849 34.669 -54.844
A -16.555 33.052 -51.417
R -19.385 35.023 -49.8
N -21.371 34.69 -53.035
T -22.057 38.423 -52.938
V -22.083 41.093 -55.655
Y -21.419 44.787 -55.0
L -22.05 48.105 -56.706
Q -19.855 50.937 -55.514
M -21.312 54.353 -56.265
N -19.494 57.697 -56.055
S -20.362 61.215 -57.178
L -24.043 60.371 -56.916
K -26.306 62.682 -58.9
P -30.033 63.256 -58.454
E -30.715 61.263 -61.613
D -29.261 58.179 -59.94
T -32.415 58.012 -57.828
A -34.123 54.68 -58.501
V -34.754 51.178 -57.243
Y -31.656 49.1 -57.93
Y -32.06 45.447 -58.875
C -29.452 42.754 -59.247
N -29.958 40.269 -62.029
V -28.748 36.86 -63.17
N -29.686 34.261 -65.762
V -29.517 30.655 -64.604
G -31.96 28.727 -66.781
F -34.464 31.568 -66.613
E -33.987 35.189 -65.584
Y -33.966 36.106 -61.886
W -34.366 39.438 -60.128
G -33.913 40.532 -56.569
Q -36.762 42.438 -54.991
G -34.715 45.624 -55.227
T -33.227 48.302 -52.961
Q -34.073 52.013 -52.997
V -31.54 54.775 -53.574
T -32.652 58.38 -53.204
V -30.297 61.224 -54.02
S -31.449 64.62 -52.764
S -30.466 67.397 -50.342
K -32.284 66.044 -47.275
