tag x y z
V -39.804 47.583 -69.592
Q -41.142 47.847 -66.021
L -39.974 48.744 -62.522
V -42.164 47.425 -59.694
E -41.431 48.976 -56.294
S -42.505 47.217 -53.075
G -41.935 48.362 -49.484
G -42.296 51.72 -47.753
G -44.675 53.308 -45.257
L -44.484 55.058 -41.882
V -42.135 54.349 -38.94
Q -40.876 55.642 -35.592
P -37.192 56.578 -35.387
G -34.979 53.529 -34.835
G -37.381 51.757 -37.173
S -36.739 49.482 -40.127
L -37.837 48.896 -43.751
R -36.926 46.741 -46.727
L -37.4 48.351 -50.126
S -37.377 46.187 -53.23
C -37.32 46.997 -56.939
A -38.226 44.105 -59.218
A -37.116 44.55 -62.805
S -38.458 43.136 -66.069
G -37.584 43.824 -69.712
F -33.855 44.091 -68.981
N -31.11 42.256 -67.085
I -29.986 44.108 -63.948
K -26.586 42.442 -64.461
D -25.94 45.046 -67.177
T -26.617 48.126 -65.044
Y -26.083 50.266 -62.005
I -29.356 49.783 -60.113
G -30.302 51.542 -56.876
W -32.284 54.323 -55.226
V -32.257 58.088 -55.304
R -34.369 60.217 -52.953
R -36.081 63.585 -52.737
A -36.811 65.187 -49.398
P -39.354 68.05 -49.098
G -37.003 71.048 -49.303
K -34.463 69.53 -51.658
G -33.343 68.021 -54.979
E -32.51 64.361 -55.561
E -29.467 62.696 -54.064
L -28.163 59.22 -54.728
V -28.956 56.914 -51.82
A -27.347 53.667 -52.934
R -26.405 51.542 -55.933
I -24.923 48.149 -56.807
Y -23.402 46.682 -59.969
P -25.056 43.251 -59.871
T -22.115 41.843 -61.863
N -19.606 43.145 -59.313
G -21.686 43.474 -56.207
Y -19.7 46.732 -56.007
T -21.659 49.353 -54.074
R -21.861 53.054 -53.286
Y -23.633 54.836 -50.414
A -24.559 58.393 -49.601
D -22.328 59.608 -46.786
S -25.456 60.119 -44.681
V -26.626 56.472 -44.811
K -23.325 54.593 -44.461
G -23.556 51.8 -41.888
R -27.339 51.927 -41.639
F -28.416 50.979 -45.176
T -27.274 47.997 -47.189
I -28.048 47.481 -50.858
S -28.039 44.003 -52.399
A -29.129 42.331 -55.631
D -30.491 38.884 -56.464
T -29.87 38.227 -60.161
S -31.892 35.015 -59.823
K -35.152 36.896 -59.195
N -33.87 39.907 -61.163
T -34.468 42.128 -58.15
A -32.84 44.737 -55.898
Y -33.035 45.265 -52.138
L -32.393 48.165 -49.79
Q -32.249 47.274 -46.097
M -33.032 50.535 -44.269
N -31.979 50.232 -40.604
S -31.705 52.707 -37.72
L -33.908 55.264 -39.489
R -33.787 58.986 -38.699
A -36.129 61.958 -39.136
E -33.984 63.246 -42.026
D -34.573 59.998 -43.943
T -38.156 61.069 -44.695
A -38.55 61.192 -48.48
V -39.913 59.624 -51.636
Y -37.488 56.89 -52.767
Y -37.343 55.986 -56.479
C -35.333 52.989 -57.649
Y -33.281 53.684 -60.778
Y -30.94 52.102 -63.307
H -28.627 52.99 -66.143
Y -26.638 50.526 -68.257
Y -22.983 50.148 -67.243
G -20.568 52.27 -69.286
W -21.622 53.078 -72.847
H -25.074 52.224 -74.213
P -26.321 52.598 -77.8
G -28.653 54.938 -79.515
Y -31.267 57.351 -78.242
G -33.625 55.089 -76.267
L -33.571 54.777 -72.508
S -30.172 54.172 -70.943
Y -31.482 55.605 -67.658
S -34.878 54.989 -66.001
S -36.425 55.635 -62.596
G -39.658 54.309 -61.034
Q -42.699 56.167 -59.673
G -41.331 55.982 -56.136
T -42.458 54.96 -52.666
L -42.989 57.292 -49.712
V -40.864 56.906 -46.6
T -41.941 58.636 -43.4
V -40.099 58.766 -40.102
S -41.815 60.711 -37.307
