tag x y z
V 10.276 42.594 -27.91
Q 10.192 40.642 -24.663
L 9.305 41.295 -21.013
V 10.81 38.901 -18.434
E 8.9 39.185 -15.167
S 10.178 37.785 -11.882
G 9.092 37.778 -8.211
G 5.722 37.665 -6.449
G 3.827 34.701 -5.033
L 2.679 34.041 -1.482
V 3.459 36.446 1.368
Q 2.183 37.346 4.812
P 0.329 40.555 5.648
G 2.822 43.25 6.629
G 5.46 41.481 4.548
S 7.157 42.619 1.354
L 7.968 41.463 -2.191
R 10.002 42.804 -5.061
L 8.952 42.484 -8.686
S 11.225 42.985 -11.66
C 10.69 43.435 -15.383
A 13.66 42.918 -17.703
A 13.018 44.441 -21.155
S 14.636 43.335 -24.399
G 14.035 44.558 -27.984
F 13.684 48.223 -27.015
N 15.091 50.859 -24.695
I 13.124 51.621 -21.533
K 14.371 55.197 -21.676
D 11.914 55.766 -24.566
T 8.939 54.556 -22.545
Y 6.814 54.855 -19.524
I 7.319 51.496 -17.841
G 5.475 50.211 -14.757
W 2.878 47.805 -13.378
V -0.845 47.497 -13.457
R -2.841 45.016 -11.372
R -6.121 43.204 -11.561
A -8.202 41.307 -9.056
P -11.354 39.215 -9.641
G -13.535 41.943 -8.161
K -12.188 45.025 -9.809
G -11.094 46.886 -12.916
E -7.448 47.052 -13.904
E -5.547 49.984 -12.33
L -2.147 51.607 -12.577
V 0.09 50.646 -9.639
A 3.254 52.616 -10.41
R 5.246 53.882 -13.38
I 8.563 55.518 -14.12
Y 10.011 57.446 -17.061
P 13.553 56.185 -16.954
T 14.698 59.193 -19.027
N 14.419 61.42 -15.949
G 13.269 59.142 -13.101
Y 9.81 60.755 -12.801
T 7.25 58.516 -11.125
R 3.598 58.18 -10.232
Y 1.811 55.759 -7.889
A -1.696 54.552 -7.248
D -3.17 56.428 -4.349
S -3.605 53.276 -2.293
V 0.126 52.298 -2.465
K 1.743 55.669 -1.721
G 4.329 55.373 1.052
R 4.595 51.599 0.686
F 5.662 50.865 -2.923
T 8.75 52.123 -4.728
I 9.458 51.801 -8.451
S 12.941 52.328 -9.862
A 14.892 51.465 -13.01
D 18.386 50.457 -14.001
T 18.984 51.492 -17.595
S 22.279 49.629 -17.824
K 20.279 46.414 -17.331
N 17.187 47.632 -19.195
T 15.226 46.647 -16.099
A 12.529 48.164 -13.869
Y 11.827 47.268 -10.197
L 8.847 47.488 -7.894
Q 9.624 47.178 -4.178
M 6.33 46.478 -2.417
N 6.41 47.059 1.362
S 3.843 46.52 4.166
L 1.597 44.366 2.011
R -2.114 44.073 2.874
A -4.899 41.678 1.885
E -6.204 44.245 -0.657
D -2.91 44.126 -2.587
T -3.779 40.572 -3.593
A -3.837 40.523 -7.405
V -2.146 39.651 -10.663
Y 0.508 42.284 -11.332
Y 1.542 42.89 -14.96
C 4.638 44.695 -16.174
Y 3.773 47.12 -19.012
Y 5.222 49.958 -21.101
H 4.194 52.388 -23.773
Y 6.422 54.66 -25.787
Y 6.635 58.196 -24.547
G 4.278 60.41 -26.536
W 3.379 59.641 -30.12
H 4.363 56.356 -31.633
P 3.797 55.316 -35.252
G 1.422 52.744 -36.543
Y -0.967 50.019 -35.553
G 1.798 47.703 -34.357
L 2.537 48.198 -30.704
S 3.03 51.439 -28.85
Y 1.826 49.642 -25.73
S 2.397 46.154 -24.357
S 2.33 44.127 -21.15
G 3.695 40.824 -19.832
Q 2.154 37.538 -18.688
G 1.884 38.803 -15.103
T 2.845 37.488 -11.665
L 0.285 36.339 -9.061
V 0.626 38.08 -5.668
T -1.365 36.651 -2.659
V -1.248 38.367 0.701
S -2.558 35.877 3.231
S -1.959 34.682 6.804
