tag x y z
Q -39.521 43.559 7.419
V -36.9 43.274 10.042
Q -33.7 42.946 8.114
L -30.702 41.109 9.379
V -27.413 41.687 7.581
E -24.318 39.51 7.911
S -20.785 40.793 7.502
S -20.778 40.803 7.513
S -20.787 40.779 7.485
G -17.262 39.539 7.921
G -17.203 36.632 5.529
G -14.337 35.855 3.119
L -12.014 33.325 1.755
V -9.144 32.163 4.018
V -9.205 32.169 4.1
Q -6.607 29.481 4.403
A -7.249 26.483 6.692
G -6.129 27.027 10.324
G -7.031 30.759 9.938
S -9.893 32.674 11.638
L -12.791 34.919 10.655
R -15.269 36.893 12.707
L -18.837 37.216 11.42
S -21.2 39.951 12.606
S -21.22 39.867 12.631
C -24.881 40.469 12.165
A -27.068 43.419 13.011
A -30.803 43.943 12.755
S -32.278 47.145 11.144
R -34.424 48.302 14.091
R -34.54 47.63 17.813
S -37.554 45.547 18.817
S -34.611 39.633 23.895
W -34.293 38.097 20.458
A -32.254 34.953 20.689
M -29.789 35.09 17.783
M -29.874 35.038 17.772
A -28.331 32.184 15.882
W -25.982 31.207 13.079
F -26.689 28.442 10.583
R -24.77 27.352 7.527
Q -25.662 25.775 4.192
A -23.605 24.208 1.38
P -24.27 21.81 -1.507
G -24.729 18.281 0.091
K -25.592 19.767 3.508
E -29.215 20.69 4.408
R -28.839 24.016 6.18
E -27.476 23.264 9.65
F -27.263 24.791 13.057
V -24.01 26.404 14.07
A -24.525 28.402 17.279
K -27.082 30.37 19.296
I -27.234 32.818 22.131
S -30.107 33.927 24.389
G -31.292 37.552 24.521
D -29.578 38.056 27.886
G -26.288 36.488 26.653
R -26.393 33.865 29.45
L -27.135 30.743 27.316
T -25.038 29.661 24.301
T -24.751 26.405 22.506
Y -23.003 25.049 19.387
G -23.345 22.47 16.626
D -21.196 19.39 17.395
S -18.819 19.989 14.518
V -17.876 23.53 15.691
K -17.831 23.265 19.418
G -14.532 24.36 20.87
R -13.582 26.247 17.691
F -16.342 28.889 17.288
T -17.565 31.302 19.883
I -20.814 33.227 19.713
S -21.348 36.538 21.558
R -23.451 39.654 21.422
D -23.468 43.31 22.396
K -25.157 43.432 25.713
G -28.936 44.231 25.445
K -28.79 44.66 21.623
N -29.596 42.395 18.676
T -26.103 42.413 17.304
V -24.309 39.125 17.318
Y -20.916 37.802 16.506
L -19.356 34.498 15.499
Q -15.675 34.129 16.159
M -14.446 31.303 13.965
D -11.057 29.828 14.86
S -9.066 26.825 13.559
L -11.006 26.92 10.294
K -11.275 23.703 8.245
P -12.242 23.211 4.598
E -15.318 21.461 5.989
D -16.542 24.84 7.364
T -16.975 26.236 3.807
A -20.621 27.324 3.49
V -22.925 30.304 3.303
Y -23.497 31.42 6.943
Y -26.895 32.839 7.847
C -27.814 34.777 10.896
C -27.846 34.913 10.881
A -31.306 34.327 12.328
A -33.439 35.784 15.136
D -36.155 33.981 17.152
D -38.242 35.205 20.067
N -37.637 31.768 21.673
Y -34.158 30.545 22.573
V -35.11 26.869 22.481
T -36.393 26.87 18.888
A -33.671 29.249 17.624
S -31.574 26.232 16.721
W -34.395 24.646 14.621
R -34.385 25.265 10.785
S -37.985 26.286 11.204
G -37.676 28.171 14.436
P -36.494 31.631 13.669
D -38.846 34.294 12.428
Y -36.167 36.339 10.687
W -33.203 35.367 8.528
G -30.35 37.14 6.81
Q -29.444 36.527 3.184
G -26.223 34.788 4.085
T -22.562 35.437 3.697
Q -19.999 33.216 2.102
V -17.171 31.708 4.177
T -14.705 29.635 2.224
V -11.652 27.803 3.714
S -8.972 26.671 1.264
S -6.758 23.817 2.213
