tag x y z
V -3.813 36.081 -4.574
Q -1.542 33.083 -5.23
L -1.839 29.342 -5.636
V 0.947 27.399 -4.003
E 1.392 23.804 -5.007
S 3.147 21.44 -2.55
G 4.453 17.885 -2.182
Q 10.384 8.563 -8.38
A 8.265 5.422 -7.86
G 6.608 3.211 -7.183
G 4.152 3.729 -5.738
S 2.014 6.827 -5.04
L 2.154 10.54 -3.974
R 0.004 13.355 -2.505
L -0.392 16.978 -3.58
S -1.495 20.092 -1.791
C -2.548 23.466 -3.0
A -2.928 26.309 -0.505
A -4.123 29.888 -0.915
S -2.655 33.147 0.375
R -6.183 34.474 1.006
R -9.672 33.221 1.776
S -12.544 34.178 -0.523
S -16.131 34.67 0.647
R -17.055 32.894 -2.599
S -17.058 29.176 -3.361
W -14.508 28.084 -5.999
A -14.012 24.856 -7.893
M -10.396 23.636 -7.821
A -8.28 21.742 -10.292
W -5.141 19.892 -11.123
F -3.556 20.168 -14.554
R -0.219 18.692 -15.733
A 4.494 17.636 -18.945
K 3.158 18.732 -24.569
E 0.462 21.219 -23.478
R -0.955 21.609 -19.979
E -3.299 18.638 -19.689
F -6.385 18.209 -17.467
V -6.111 15.849 -14.453
A -8.894 16.411 -11.972
K -11.364 18.896 -10.653
I -13.613 19.201 -7.598
S -16.557 21.493 -6.946
G -16.951 24.051 -4.173
D -18.798 21.812 -1.732
G -16.782 18.745 -2.648
R -19.797 16.846 -4.075
L -18.637 16.778 -7.728
T -15.324 15.477 -9.006
T -14.33 14.559 -12.514
Y -11.166 13.002 -13.884
G -9.292 12.701 -17.175
D -9.355 9.324 -18.955
S -5.64 8.685 -18.47
V -5.82 8.972 -14.664
K -9.295 7.634 -13.969
G -9.331 4.674 -11.559
R -6.052 5.747 -9.977
F -6.241 9.367 -8.829
T -8.439 10.81 -6.044
I -9.007 14.523 -5.672
S -10.464 15.884 -2.457
R -10.495 19.157 -0.468
D -10.525 20.553 3.071
N -12.374 23.833 3.267
A -11.655 24.614 6.889
E -7.903 24.209 6.391
Y -8.108 25.731 2.888
L -6.243 22.969 1.041
V -6.801 20.734 -1.989
Y -5.395 17.231 -2.108
L -4.597 15.042 -5.075
Q -4.057 11.444 -4.184
M -2.237 9.874 -7.106
D -1.764 6.09 -7.135
L 2.208 6.128 -10.472
K 4.135 5.493 -13.733
P 6.973 7.283 -15.657
E 4.596 8.956 -18.168
D 3.172 10.937 -15.261
T 6.195 13.233 -15.242
A 4.847 16.797 -15.112
V 4.86 20.316 -13.829
Y 1.71 19.834 -11.731
Y -0.473 22.912 -11.502
C -3.317 23.629 -9.153
A -6.027 25.957 -10.453
A -9.34 27.63 -9.526
D -12.553 28.593 -11.327
D -15.945 29.983 -10.205
N -17.568 27.789 -12.839
Y -17.062 24.088 -12.253
V -17.963 23.306 -15.848
T -14.951 25.205 -17.204
A -12.442 24.25 -14.496
S -11.413 21.239 -16.582
W -10.642 23.495 -19.592
R -7.205 25.06 -20.263
S -8.677 28.585 -20.45
G -11.268 28.356 -17.597
P -9.277 28.921 -14.468
D -9.081 32.563 -13.449
Y -6.152 31.492 -11.072
W -3.084 29.372 -11.541
G -0.317 28.296 -9.239
Q 3.154 28.374 -10.774
G 3.475 24.598 -10.628
T 5.17 21.928 -8.572
Q 7.66 19.69 -10.383
V 6.969 15.948 -10.21
T 8.94 13.08 -11.792
V 9.23 9.272 -11.911
