tag x y z
Q -28.192 -41.443 6.754
V -25.331 -39.308 8.018
Q -25.177 -35.592 8.741
L -21.938 -33.745 8.89
V -20.8 -30.48 10.533
E -17.316 -28.989 9.997
S -15.65 -26.732 12.624
G -12.222 -25.241 13.149
G -11.758 -23.018 10.116
G -10.572 -19.397 10.014
L -7.513 -17.203 9.363
V -3.948 -18.483 9.491
Q -0.567 -17.163 8.412
A 1.267 -19.017 5.681
G 3.718 -21.609 7.098
G 1.359 -22.188 10.093
S -1.071 -24.975 11.007
L -4.777 -25.364 11.645
R -6.886 -28.346 12.691
L -10.359 -28.942 11.262
S -12.888 -31.39 12.462
C -15.99 -32.975 11.022
A -18.725 -34.141 13.419
A -21.133 -36.848 12.497
S -24.455 -37.026 14.29
R -24.668 -40.822 14.827
R -22.673 -43.914 15.932
S -23.318 -45.518 12.504
S -21.007 -42.94 10.891
R -18.213 -45.422 11.764
S -19.346 -47.574 8.802
W -18.666 -44.727 6.347
A -15.444 -43.638 4.735
M -15.02 -39.96 5.323
A -13.238 -37.452 3.11
W -12.265 -33.819 3.009
F -12.584 -31.811 -0.267
R -12.076 -28.044 -0.728
Q -13.311 -25.426 -3.087
A -12.17 -21.938 -3.804
P -14.914 -19.734 -5.333
G -14.97 -20.15 -9.106
K -12.719 -23.237 -8.969
E -13.448 -26.915 -9.159
R -13.934 -28.741 -5.893
E -10.75 -30.651 -5.153
F -10.096 -33.828 -3.212
V -7.924 -33.352 -0.061
A -7.906 -36.525 2.025
K -9.899 -39.608 2.893
I -10.027 -42.282 5.587
S -11.701 -45.678 5.878
G -14.457 -46.506 8.392
D -11.957 -48.313 10.65
G -9.222 -45.678 10.137
R -6.8 -48.204 8.635
L -6.709 -46.75 5.093
T -5.915 -43.115 4.199
T -5.2 -41.39 0.867
Y -4.216 -37.721 0.128
G -4.48 -35.351 -2.861
D -1.086 -34.8 -4.453
S -0.895 -31.118 -3.429
V -1.292 -31.774 0.34
K 0.665 -35.041 0.68
G 3.12 -34.859 3.634
R 1.627 -31.55 4.945
F -1.899 -32.712 5.959
T -2.961 -35.66 8.119
I -6.465 -37.131 8.264
S -7.54 -39.209 11.252
R -10.747 -40.182 13.036
D -12.187 -40.864 16.496
N -15.142 -43.205 16.24
A -15.94 -42.786 19.918
E -16.759 -39.078 19.438
Y -17.764 -39.58 15.71
L -15.238 -36.984 14.577
V -12.912 -36.97 11.607
Y -9.967 -34.605 11.868
L -7.807 -32.757 9.389
Q -4.502 -31.514 10.723
M -3.049 -29.004 8.231
D 0.64 -28.074 8.533
S 2.91 -25.805 6.484
L -0.11 -23.985 5.104
K 0.27 -22.16 1.732
P -1.865 -19.366 0.263
E -3.149 -21.929 -2.332
D -4.698 -23.852 0.55
T -7.254 -21.066 0.91
A -10.74 -22.488 0.464
V -13.953 -23.735 1.795
Y -13.24 -27.145 3.242
Y -16.028 -29.765 3.051
C -16.304 -33.074 4.803
C -16.446 -33.017 4.869
A -18.163 -35.915 3.002
A -19.243 -39.472 3.674
D -19.21 -42.44 1.266
D -20.133 -46.038 2.073
N -17.437 -46.928 -0.527
Y -13.912 -45.98 0.435
V -12.637 -46.161 -3.169
T -15.193 -43.641 -4.547
A -14.782 -41.324 -1.54
S -12.04 -39.341 -3.371
W -14.189 -38.96 -6.544
R -16.403 -35.809 -6.816
S -19.468 -37.938 -7.558
G -18.819 -40.648 -4.908
P -19.893 -39.363 -1.503
D -23.652 -39.515 -0.617
Y -23.455 -36.877 2.173
W -21.753 -33.509 2.466
G -21.35 -30.88 5.121
Q -21.944 -27.166 4.552
G -18.189 -26.402 4.767
T -15.792 -24.337 6.875
Q -13.745 -21.405 5.469
V -9.951 -21.513 5.695
T -8.039 -18.429 4.66
V -4.258 -18.505 4.497
S -2.787 -15.074 4.219
S 0.483 -14.471 2.302
