tag x y z
V -10.748 7.399 23.741
Q -12.32 5.395 20.879
L -10.221 3.735 18.176
Q -11.478 2.368 14.82
E -9.241 0.38 12.463
S -9.645 0.106 8.691
G -7.705 -0.856 5.582
G -7.811 -4.609 6.135
G -8.464 -7.316 3.575
L -7.471 -10.326 1.546
V -4.314 -9.59 -0.448
Q -1.763 -11.66 -2.376
A 1.572 -12.618 -0.813
G 4.037 -9.912 -1.879
G 1.299 -7.23 -1.846
S 0.849 -4.204 0.419
L -1.873 -2.717 2.559
R -2.198 0.49 4.506
L -4.018 0.22 7.822
S -5.644 3.302 9.446
C -6.832 3.955 12.994
A -9.066 6.936 13.664
A -9.261 8.196 17.242
S -12.553 9.75 18.446
G -13.319 11.694 21.632
R -9.927 12.594 23.071
T -7.095 13.879 20.877
L -4.5 11.466 19.451
S -1.507 13.69 20.262
S -2.118 12.859 23.926
Y -1.063 9.244 23.491
A 1.683 6.951 22.274
M 0.098 4.596 19.756
G 0.862 1.067 18.673
W -0.225 -1.773 16.457
F -0.682 -5.326 17.613
R -1.915 -8.433 15.871
Q -3.421 -11.797 16.754
A -3.884 -14.903 14.592
P -6.576 -17.296 15.878
G -5.443 -19.63 18.693
K -2.252 -17.568 19.054
E -0.951 -15.013 21.478
R -1.451 -11.337 20.703
E 1.861 -9.85 19.427
F 3.248 -6.336 19.371
V 4.073 -5.081 15.841
A 5.002 -1.341 15.988
A 4.905 1.77 18.205
I 5.163 5.533 17.859
N 5.583 7.966 20.753
R 4.14 11.471 20.929
S 7.276 12.934 19.281
G 7.09 10.582 16.249
S 9.925 8.235 17.255
T 9.106 4.673 16.332
F 10.021 1.067 17.155
Y 9.326 -2.24 15.424
A 9.175 -5.946 16.271
D 11.901 -7.911 14.539
A 9.337 -9.873 12.465
V 8.271 -6.692 10.608
K 11.357 -4.45 10.828
G 12.067 -3.122 7.342
R 8.718 -4.112 5.781
F 6.173 -2.166 7.911
T 6.099 1.579 8.685
I 4.14 3.22 11.495
S 3.256 6.899 11.212
R 0.965 9.475 12.782
D -1.01 12.546 11.733
N -2.421 14.309 14.807
A -4.192 16.953 12.726
K -6.397 14.082 11.506
N -6.319 12.011 14.744
T -5.179 8.928 12.831
V -2.317 6.47 12.949
Y -1.252 4.444 9.929
L 0.53 1.124 9.426
Q 2.054 0.777 5.984
M 2.576 -2.929 5.304
N 4.83 -3.922 2.385
S 6.105 -7.293 1.153
L 3.278 -9.091 2.967
K 3.706 -12.846 3.582
P 1.089 -15.446 4.728
E 2.726 -15.491 8.211
D 1.394 -11.932 8.57
T -2.205 -13.04 8.304
A -3.874 -11.895 11.517
A -6.389 -9.531 13.09
Y -4.575 -6.208 13.475
Y -5.466 -4.093 16.533
C -4.594 -0.514 17.291
A -3.7 0.614 20.788
A -3.386 3.937 22.595
D -1.059 4.307 25.574
R -0.939 7.426 27.807
F 2.707 6.876 28.719
S 4.929 8.239 25.969
P 8.59 7.153 26.456
V 11.601 9.189 25.335
V 13.057 5.975 23.951
P 10.344 4.09 22.107
G 9.958 0.39 22.693
P 7.489 -2.46 22.842
I 4.142 -1.446 24.414
P 2.975 -3.955 27.031
V -0.722 -4.818 26.844
N -1.355 -4.029 30.525
T -0.389 -0.386 29.946
V -2.807 0.129 27.077
D -5.55 2.711 27.731
S -7.651 1.732 24.766
W -7.99 -0.949 22.11
G -9.631 -0.758 18.724
Q -12.082 -3.291 17.24
G -9.451 -4.962 15.056
T -9.217 -5.359 11.313
Q -8.585 -8.617 9.477
V -5.613 -9.076 7.184
T -5.284 -12.303 5.245
V -2.339 -13.118 3.019
S -2.727 -15.873 0.376
S -0.499 -18.185 -1.731
