tag x y z
Q -4.354 -20.627 37.982
V -7.144 -21.938 35.723
Q -7.393 -21.983 31.931
L -10.891 -21.833 30.343
Q -12.257 -22.638 26.881
E -15.767 -22.126 25.622
S -17.582 -23.955 22.888
G -21.102 -24.432 21.513
G -21.768 -21.137 19.709
G -22.728 -20.454 16.09
L -25.684 -19.322 13.999
V -29.233 -19.709 15.344
Q -32.774 -18.654 14.5
A -34.533 -16.167 16.73
G -36.581 -18.349 19.139
G -34.092 -21.258 19.04
S -31.604 -22.548 21.562
L -27.94 -23.388 22.253
R -25.88 -24.739 25.126
L -22.522 -23.067 25.609
S -19.925 -25.011 27.598
C -16.733 -24.099 29.332
A -14.018 -26.683 29.987
A -11.422 -25.814 32.659
S -7.753 -26.895 32.799
G -5.365 -26.535 35.726
R -7.064 -25.837 39.035
T -10.452 -27.462 39.705
L -13.565 -25.513 38.719
S -15.256 -26.339 42.018
S -12.853 -23.86 43.655
Y -14.094 -20.768 41.788
A -17.271 -18.788 41.39
M -18.027 -19.045 37.668
G -19.88 -16.762 35.318
W -20.656 -15.754 31.737
F -20.289 -12.391 30.089
R -20.931 -11.188 26.596
Q -19.75 -8.436 24.293
A -21.28 -6.915 21.197
P -19.076 -4.981 18.738
G -18.801 -1.379 19.928
K -20.398 -2.06 23.283
E -19.493 -2.736 26.913
R -18.702 -6.263 28.124
E -21.938 -7.158 29.99
F -22.434 -9.466 32.933
V -24.8 -12.384 32.034
A -24.881 -15.121 34.656
A -23.034 -16.243 37.808
I -23.007 -19.41 39.863
N -21.154 -19.633 43.173
R -19.442 -22.63 44.712
S -22.566 -23.944 46.447
G -24.486 -23.872 43.157
S -26.571 -20.733 43.779
T -27.22 -18.664 40.684
F -27.789 -15.05 39.649
Y -28.78 -13.495 36.334
A -28.841 -10.13 34.502
D -32.396 -8.779 34.099
A -32.009 -8.981 30.329
V -31.515 -12.764 30.487
K -33.595 -14.257 33.361
G -36.243 -16.808 32.523
R -34.341 -17.657 29.33
F -30.763 -18.655 30.19
T -29.645 -21.121 32.788
I -26.157 -21.421 34.165
S -25.091 -24.66 35.77
R -21.873 -26.405 36.784
D -20.704 -29.985 36.817
N -17.724 -30.218 39.139
A -17.099 -33.884 38.147
K -16.759 -33.106 34.4
N -15.116 -29.799 35.379
T -17.318 -27.804 32.988
V -19.762 -24.856 33.285
Y -22.801 -24.488 31.012
L -25.059 -21.691 29.749
Q -28.332 -23.043 28.384
M -29.777 -20.342 26.17
N -33.485 -20.483 25.173
S -35.815 -18.082 23.305
L -32.839 -16.408 21.654
K -33.365 -12.868 20.338
P -31.266 -10.938 17.828
E -30.168 -8.696 20.745
D -28.392 -11.737 22.235
T -25.886 -11.863 19.355
A -22.438 -11.407 20.916
A -19.163 -13.092 21.776
Y -19.775 -14.999 24.988
Y -16.957 -15.321 27.53
C -16.664 -17.799 30.378
A -15.048 -16.403 33.579
A -13.616 -17.695 36.871
D -13.624 -15.651 40.078
R -11.53 -16.43 43.135
F -14.075 -14.77 45.422
S -17.269 -16.861 45.786
P -19.99 -14.976 47.661
V -22.447 -16.615 50.041
V -25.268 -14.753 48.291
P -24.86 -14.86 44.491
G -24.427 -11.605 42.673
P -22.954 -10.073 39.596
I -19.243 -10.704 39.031
P -17.267 -7.493 38.602
V -15.65 -7.429 35.184
N -12.132 -6.169 36.233
T -11.358 -8.649 39.019
V -11.893 -11.914 37.142
D -9.229 -14.625 37.681
S -9.493 -15.827 34.127
W -11.333 -15.523 30.866
G -11.818 -17.862 28.013
Q -11.35 -16.809 24.388
G -15.122 -16.663 23.755
T -17.5 -18.26 21.216
Q -19.7 -16.232 18.84
V -23.419 -16.565 19.114
T -25.242 -14.891 16.197
V -29.053 -15.01 16.162
S -30.967 -13.957 13.022
S -34.692 -13.504 12.242
