tag x y z
E -11.279 -3.885 -19.99
V -8.735 -1.686 -18.268
Q -9.247 -0.202 -14.883
L -7.008 1.973 -12.762
V -7.468 2.56 -9.011
E -5.735 5.413 -7.147
S -4.839 5.359 -3.457
G -2.346 6.808 -0.977
G -3.678 10.355 -0.465
G -4.048 12.111 2.863
S -3.48 15.321 4.762
S -3.38 15.261 4.773
V 0.184 16.36 5.331
V 0.218 16.359 5.275
Q 2.071 19.261 6.683
P 3.898 21.608 4.218
G 7.261 20.026 3.394
G 5.853 16.501 3.919
S 5.666 13.411 1.818
L 3.119 10.964 0.36
R 3.335 8.091 -2.121
L 0.325 7.659 -4.405
S -0.395 4.333 -6.175
C -2.131 3.682 -9.469
T -3.016 -0.04 -9.477
A -4.044 -1.387 -12.901
S -6.085 -4.431 -13.776
G -7.371 -5.939 -17.012
Y -5.672 -6.246 -20.377
T -3.276 -3.465 -19.716
F -0.533 -4.411 -22.163
S -1.72 -1.854 -24.779
Q -1.523 1.082 -22.303
E 2.162 1.965 -22.562
F 2.003 5.508 -21.246
V 0.674 6.461 -17.802
I 0.067 9.915 -16.372
W -0.87 11.398 -13.016
F -3.116 14.441 -13.229
R -4.697 16.582 -10.515
Q -7.788 18.721 -10.143
A -8.542 21.237 -7.477
P -12.168 22.539 -7.032
G -12.816 25.345 -9.53
K -9.553 24.697 -11.448
E -8.621 22.991 -14.658
R -7.04 19.486 -14.728
R -6.995 19.687 -14.415
E -3.207 19.606 -14.655
I -0.913 16.753 -15.774
V 1.833 16.519 -13.179
S 3.817 13.518 -14.438
G 3.969 10.883 -17.129
I 6.002 7.735 -17.8
S 6.632 5.449 -20.737
L 6.412 1.959 -19.247
R 8.27 0.481 -22.17
K 11.227 2.919 -22.361
G 11.369 4.665 -18.931
W 11.093 8.203 -20.318
T 9.429 10.565 -17.864
Y 7.649 13.906 -17.914
Y 7.143 16.311 -14.995
A 5.304 19.594 -14.811
D 7.848 22.324 -14.099
S 6.372 23.107 -10.732
V 6.885 19.561 -9.414
K 10.328 18.92 -10.833
G 12.725 17.901 -8.093
R 9.8 17.09 -5.765
F 7.743 14.397 -7.432
T 9.057 11.101 -8.917
I 7.043 8.665 -11.059
S 8.005 5.008 -11.082
Q 6.607 1.601 -11.886
D 6.378 -1.907 -10.379
N 5.507 -4.376 -13.06
A 4.943 -7.377 -10.702
K 2.265 -5.319 -8.921
N 1.027 -3.77 -12.23
T 1.295 -0.417 -10.367
V 2.652 3.063 -11.102
Y 3.644 5.236 -8.122
L 3.957 8.976 -7.598
Q 6.396 9.856 -4.791
M 5.567 13.366 -3.587
N 8.25 15.001 -1.469
N 8.49 18.589 -0.166
L 4.68 18.998 -0.548
K 3.314 22.527 -0.874
P -0.134 24.075 -0.287
E -0.427 24.481 -4.092
D -0.306 20.695 -4.469
T -3.689 20.298 -2.721
A -6.086 18.53 -5.174
M -7.693 15.248 -6.174
Y -5.139 13.079 -7.973
Y -5.991 10.583 -10.749
C -4.012 8.339 -12.982
A -4.765 7.573 -16.655
A -3.191 5.58 -19.491
A -2.994 5.499 -23.266
P -1.27 3.471 -26.044
T 0.387 6.599 -27.434
A 1.821 9.854 -26.09
T 0.544 12.356 -28.644
H -2.658 13.78 -27.063
A -3.889 14.266 -23.54
L -7.392 13.521 -24.767
Y -6.532 9.869 -25.457
F -5.611 9.093 -21.828
D -8.362 7.163 -20.149
Y -9.353 4.703 -17.397
W -8.878 6.878 -14.297
G -10.573 5.733 -11.099
Q -12.173 7.626 -8.208
G -8.907 9.436 -7.449
T -7.297 10.129 -4.126
Q -7.319 13.422 -2.191
V -4.044 15.186 -1.253
T -4.271 18.099 1.242
V -1.255 20.138 2.244
S -1.701 22.557 5.171
