tag x y z
S 123.244 122.444 -2.583
Q 121.155 119.311 -3.148
V 121.415 115.701 -4.336
Q 122.604 115.39 -7.944
L 123.18 112.197 -9.903
V 124.555 112.144 -13.445
E 125.261 109.018 -15.497
S 127.737 108.943 -18.361
G 127.994 106.288 -21.05
G 127.496 106.098 -24.795
G 125.774 102.75 -25.166
L 126.487 101.652 -28.717
V 128.016 98.354 -29.728
Q 126.408 95.462 -31.616
P 126.289 92.128 -29.674
G 128.505 92.358 -27.944
G 131.751 93.159 -26.156
S 131.846 95.711 -23.342
L 130.882 99.089 -21.837
R 131.7 101.112 -18.712
L 128.929 103.272 -17.223
S 129.617 106.161 -14.846
C 127.703 108.062 -12.16
A 128.989 111.308 -10.643
A 127.439 112.172 -7.29
S 127.278 115.492 -5.465
G 125.729 116.686 -2.213
F 126.667 113.481 -0.41
T 129.566 111.078 0.122
L 128.923 108.212 -2.295
G 130.433 105.524 -0.079
S 128.124 106.28 2.845
R 125.011 105.017 1.027
Y 123.451 101.949 -0.589
M 123.268 102.558 -4.346
S 121.634 100.719 -7.242
W 121.645 100.451 -11.036
V 118.291 100.057 -12.792
R 117.212 100.092 -16.445
Q 113.941 100.872 -18.223
A 113.492 99.311 -21.667
P 111.337 101.075 -24.252
G 107.719 100.46 -23.258
E 108.32 98.511 -20.043
G 108.856 98.613 -16.28
F 112.039 98.961 -14.233
E 114.402 96.04 -13.706
W 116.865 95.851 -10.827
V 120.393 95.598 -12.208
S 122.991 96.033 -9.484
S 123.587 97.273 -5.939
I 126.637 98.422 -3.97
E 127.045 98.771 -0.197
P 128.961 101.36 1.858
S 131.191 98.403 2.75
G 132.01 98.188 -0.955
T 130.218 94.865 -1.325
A 128.304 94.419 -4.581
W 125.143 92.385 -5.181
D 123.791 91.741 -8.675
G 120.358 90.555 -9.762
D 119.419 87.727 -12.116
S 120.25 90.053 -14.982
A 123.976 90.216 -15.617
K 125.418 88.012 -12.909
G 128.746 86.769 -14.239
R 128.624 89.688 -16.655
F 128.622 93.042 -14.847
T 130.82 94.075 -11.92
T 129.74 97.052 -9.822
S 132.554 99.26 -8.516
R 133.32 102.59 -6.849
D 135.996 105.279 -6.515
D 135.617 107.225 -3.28
A 138.053 110.074 -3.942
K 136.368 110.809 -7.285
N 132.947 110.254 -5.678
T 131.769 108.238 -8.669
L 129.834 104.981 -9.059
Y 131.014 102.721 -11.889
L 129.307 99.836 -13.702
Q 131.378 97.509 -15.895
M 129.313 95.622 -18.471
S 130.487 92.761 -20.681
N 129.018 90.175 -23.059
L 126.107 92.48 -23.889
Q 123.058 91.38 -25.89
P 120.049 93.015 -27.618
E 117.793 92.363 -24.603
D 120.048 94.712 -22.643
T 118.728 97.781 -24.505
G 117.085 100.624 -22.577
V 117.917 103.718 -20.536
Y 120.199 103.028 -17.552
Y 119.562 105.052 -14.384
C 121.906 105.264 -11.401
A 119.604 105.212 -8.385
T 119.531 105.878 -4.679
G 118.507 102.709 -2.839
Y 119.165 99.017 -2.409
R 117.416 96.825 -4.971
T 115.65 99.953 -6.141
D 112.933 98.725 -8.499
T 110.712 101.759 -8.486
R 110.27 105.498 -8.106
I 110.065 105.978 -4.353
P 109.346 109.369 -2.777
G 112.575 110.561 -1.155
G 114.809 108.676 -3.558
S 117.192 110.371 -5.972
W 117.966 109.384 -9.557
G 120.101 110.326 -12.527
Q 118.626 111.683 -15.763
G 119.289 108.384 -17.536
T 121.852 106.986 -19.983
Q 121.013 105.423 -23.345
V 122.179 101.936 -24.306
T 121.481 100.347 -27.686
V 123.066 96.971 -28.405
