tag x y z
Q 9.028 48.559 17.596
V 10.714 49.485 20.838
Q 12.197 53.068 20.975
Q 12.244 53.033 20.976
L 13.083 54.483 24.358
Q 14.998 57.428 25.764
E 16.13 57.678 29.39
S 17.157 60.877 31.188
G 17.27 62.354 34.739
G 20.756 61.037 35.43
G 23.441 63.31 36.712
L 26.109 63.808 39.383
V 25.073 63.66 43.033
Q 26.7 63.325 46.444
P 26.197 60.239 48.679
G 22.681 60.304 50.34
G 21.599 62.186 47.17
S 18.434 61.536 45.201
L 17.555 61.366 41.475
R 14.515 60.593 39.412
L 15.191 58.82 36.138
S 12.691 58.881 33.272
C 12.33 56.586 30.349
A 10.14 57.83 27.455
A 8.898 55.309 24.91
S 7.464 55.662 21.395
G 6.575 53.229 18.572
F 5.533 50.157 20.608
T 2.551 49.458 22.912
F 4.133 50.755 26.137
S 0.951 50.42 28.308
S 0.94 46.671 27.543
A 4.688 45.986 27.938
I 6.66 44.729 30.927
M 9.384 47.333 31.641
T 12.744 46.916 33.361
W 15.727 48.903 34.48
V 19.273 47.443 34.326
R 22.544 49.303 35.072
Q 26.102 48.789 33.831
A 29.27 50.101 35.493
P 32.531 50.556 33.509
G 33.857 46.995 32.949
K 31.519 45.448 35.502
G 28.548 43.26 34.652
R 25.15 44.194 33.253
E 23.142 44.356 36.568
W 19.332 44.122 36.638
V 17.686 46.829 38.83
S 13.872 46.632 38.804
T 10.907 45.326 36.787
I 7.327 46.537 36.646
G 4.302 44.78 35.167
S 2.16 46.619 32.577
D -0.353 48.185 34.891
G 2.228 49.057 37.722
S 0.897 46.801 40.5
I 3.692 44.152 40.242
T 7.173 45.529 40.894
T 10.277 43.394 41.659
Y 13.671 44.682 42.73
A 17.273 43.634 43.1
D 18.462 43.104 46.722
S 21.18 45.707 46.22
V 18.596 48.557 45.674
K 15.712 47.347 47.856
G 14.208 49.918 50.139
R 16.26 52.599 48.326
F 14.879 52.703 44.693
T 11.218 52.694 43.55
I 10.1 51.758 40.021
S 6.888 53.212 38.583
R 5.197 54.237 35.322
D 2.636 56.598 33.895
N 0.98 54.66 31.079
A -0.974 57.741 29.958
R 2.369 59.588 29.214
N 4.348 56.644 27.737
T 6.942 56.952 30.464
L 8.818 54.78 32.979
Y 10.427 56.098 36.238
L 13.06 55.154 38.763
Q 13.006 57.067 42.014
M 16.603 56.688 43.337
N 17.116 57.646 46.942
S 19.936 57.078 49.452
L 22.483 57.02 46.644
K 25.965 55.758 47.375
P 29.166 55.665 45.159
E 28.568 51.958 44.285
D 25.392 53.068 42.372
T 27.579 54.855 39.774
A 26.587 53.55 36.332
V 24.592 53.866 33.116
Y 20.956 53.199 33.731
Y 19.097 51.582 30.746
C 15.354 50.981 30.324
T 14.531 47.828 28.402
S 11.621 45.919 26.943
A 11.373 43.021 24.43
G 15.09 42.794 23.835
R 15.511 46.551 23.156
R 16.993 49.334 25.233
G 17.542 53.055 25.226
P 20.903 54.881 24.901
G 21.187 55.074 28.779
T 21.405 57.816 31.43
Q 24.634 58.376 33.363
V 24.2 58.413 37.07
T 27.305 59.297 39.113
V 27.6 59.464 42.915
S 30.686 61.028 44.455
S 31.992 63.068 47.41
