tag x y z
V -10.633 -8.823 -0.185
Q -10.479 -8.427 3.591
L -8.107 -5.948 5.192
V -7.964 -6.596 8.923
E -6.146 -4.041 11.066
S -5.079 -4.305 14.679
G -2.551 -2.954 17.149
G -3.791 0.541 17.931
G -4.146 1.997 21.389
L -3.809 5.006 23.633
V -0.267 5.826 24.653
V -0.219 5.811 24.5
Q 1.766 8.629 26.136
P 4.065 10.697 23.957
G 7.277 8.714 23.578
G 5.452 5.38 23.618
S 5.116 2.654 21.022
L 2.577 0.515 19.213
R 2.821 -2.236 16.641
L 0.137 -2.301 13.975
S -0.74 -5.386 12.008
S -0.766 -5.453 12.114
C -2.534 -5.739 8.691
C -2.586 -5.744 8.811
A -3.79 -9.233 7.979
A -4.811 -9.955 4.429
S -4.602 -12.769 1.907
S -4.597 -12.751 1.893
R -1.153 -13.747 0.707
S -2.507 -13.235 -2.808
I -2.742 -9.518 -1.995
I 0.238 -8.959 0.315
S 2.775 -10.986 -1.65
N 1.886 -9.573 -5.086
N 1.375 -5.904 -4.371
A 3.135 -3.033 -2.717
M 1.374 -2.517 0.61
G 1.026 0.652 2.619
W -0.009 2.015 5.954
Y -2.175 5.096 5.772
R -3.68 7.291 8.469
Q -6.442 9.845 8.852
A -6.804 12.323 11.696
P -9.865 14.476 12.42
G -10.016 17.471 10.078
K -7.355 16.033 7.764
Q -7.158 13.904 4.636
R -6.009 10.306 4.698
E -2.282 10.092 3.955
L 0.225 7.346 3.166
V 2.942 7.09 5.789
A 4.817 3.88 4.926
R 5.048 1.594 1.914
I 6.708 -1.746 1.247
S 7.06 -2.877 -2.364
S 6.244 -6.448 -3.331
G 10.022 -6.94 -3.459
G 10.507 -5.559 0.049
R 11.719 -2.009 -0.598
T 10.507 0.382 2.11
T 9.689 4.085 1.818
Y 8.399 6.461 4.468
A 6.752 9.817 4.815
D 9.259 12.387 6.079
S 7.232 12.858 9.242
V 7.776 9.249 10.389
K 11.299 8.476 9.105
G 13.482 6.97 11.807
R 10.458 6.229 13.995
F 8.179 3.863 12.052
T 9.187 0.624 10.329
I 7.029 -1.296 7.873
S 7.652 -4.981 7.25
R 6.016 -8.171 5.994
R 6.13 -8.211 5.985
D 6.126 -11.466 7.872
N 7.545 -14.728 6.46
A 4.202 -15.993 5.285
K 3.44 -12.675 3.593
T 0.06 -12.667 5.306
T 0.705 -9.753 7.688
V 2.141 -6.296 7.121
Y 3.403 -4.703 10.327
L 3.972 -1.066 11.259
Q 6.218 -0.651 14.278
M 5.576 2.871 15.594
M 5.513 2.831 15.663
N 8.203 4.083 18.02
S 8.703 7.438 19.707
L 5.079 8.358 19.147
K 4.094 12.027 19.067
K 4.058 12.017 19.015
P 0.715 13.754 19.544
E 0.72 14.487 15.786
D 0.594 10.715 15.105
T -2.952 10.493 16.493
A -5.226 9.101 13.755
V -7.088 6.055 12.551
Y -4.57 3.866 10.705
Y -5.518 1.762 7.687
C -3.653 -0.67 5.534
C -3.697 -0.801 5.597
N -4.11 -1.151 1.818
A -2.324 -1.801 -1.426
A -0.002 1.066 -2.424
S 0.636 0.649 -6.132
L 2.705 3.423 -7.729
V 0.337 3.129 -10.667
R -3.018 2.234 -9.13
R -2.999 2.179 -9.123
G -2.774 3.295 -5.471
P -4.978 1.383 -3.007
L -7.61 -1.27 -3.623
D -11.171 -0.051 -4.234
H -12.143 -0.507 -0.591
W -10.871 -0.043 2.935
G -10.934 -2.012 6.168
Q -12.172 -0.701 9.499
G -8.784 0.628 10.594
T -7.205 0.681 14.033
Q -7.31 3.691 16.336
V -4.157 5.409 17.573
T -4.247 8.165 20.206
V -1.111 9.756 21.542
S -1.852 11.99 24.491
S -0.795 12.992 27.983
