tag x y z
E 7.2 25.259 13.947
V 10.35 23.621 12.588
Q 13.694 23.789 14.387
L 16.972 23.894 12.428
V 20.406 22.579 13.437
V 20.403 22.611 13.425
V 20.411 22.65 13.431
E 23.501 22.907 11.234
S 26.508 20.625 11.16
S 26.473 20.55 11.14
G 29.523 19.901 8.976
G 31.683 22.896 9.799
G 35.427 22.616 10.18
L 38.669 23.967 8.828
V 39.922 23.09 5.366
V 39.912 23.148 5.35
V 39.911 23.118 5.348
Q 42.7 24.166 2.983
P 41.978 26.657 0.237
G 40.85 24.604 -2.744
G 39.202 22.083 -0.441
S 35.592 20.967 -0.01
L 33.098 20.806 2.846
L 33.105 20.86 2.864
R 29.516 19.603 3.011
L 27.174 21.313 5.451
S 23.919 19.823 6.674
C 20.85 21.642 7.934
C 20.836 21.644 7.892
A 18.665 19.204 9.833
A 15.031 20.125 10.41
S 12.884 18.705 13.206
G 10.132 17.965 10.687
S 9.057 18.189 7.054
I 10.296 21.269 5.229
S 8.831 20.187 1.894
S 6.177 22.892 2.242
V 8.508 25.713 3.322
D 8.595 28.471 0.704
V 12.372 28.869 0.913
V 12.364 28.771 0.84
M 15.224 27.107 2.709
S 18.397 29.186 2.683
W 22.049 29.085 3.592
Y 23.583 32.31 4.918
R 27.04 33.108 6.163
Q 28.529 35.786 8.413
Q 28.558 35.806 8.332
A 32.21 36.602 8.941
P 33.498 38.868 11.741
G 32.856 42.558 11.075
K 30.831 41.825 7.936
Q 27.15 41.607 7.043
R 25.328 38.294 7.011
E 25.045 37.224 3.369
L 22.572 34.996 1.582
L 22.575 34.986 1.566
V 24.642 32.277 -0.131
A 22.106 29.896 -1.712
F 18.494 28.854 -1.445
I 16.153 26.119 -2.552
T 12.394 26.644 -2.876
D 9.53 24.29 -2.035
R 9.409 23.452 -5.755
G 13.137 22.746 -5.897
R 14.323 25.888 -7.675
T 17.804 26.987 -6.575
N 19.94 30.103 -6.938
Y 23.371 31.211 -5.741
K 25.366 34.218 -4.681
V 27.402 35.212 -7.717
V 27.411 35.23 -7.719
S 30.756 34.584 -6.017
V 29.901 30.902 -5.328
K 28.005 29.942 -8.472
G 29.665 26.978 -10.185
R 31.399 25.709 -7.045
F 28.625 25.447 -4.39
T 25.518 23.284 -4.679
I 22.442 23.417 -2.465
S 20.168 20.401 -2.351
R 17.463 18.82 -0.253
D 16.372 15.393 0.901
N 12.71 15.614 1.876
S 12.61 12.064 3.223
K 15.278 13.116 5.715
N 14.1 16.695 6.281
M 17.58 17.875 5.33
M 17.598 17.9 5.383
V 19.107 20.641 3.267
V 19.08 20.627 3.198
Y 22.751 20.416 2.238
L 25.362 22.888 1.067
Q 28.194 21.267 -0.888
M 31.129 23.681 -1.021
M 31.107 23.707 -1.071
N 34.012 23.206 -3.465
S 37.165 25.127 -4.363
S 37.14 25.152 -4.381
L 36.919 27.036 -1.104
K 38.683 30.39 -0.71
P 39.828 32.218 2.427
E 36.99 34.707 1.725
D 34.479 31.895 2.295
T 35.492 31.723 5.984
A 32.415 32.442 8.101
D 29.748 31.041 10.348
D 29.746 31.029 10.352
Y 27.186 29.366 8.067
L 23.537 29.379 9.148
C 20.398 28.005 7.628
C 20.349 27.854 7.824
R 16.992 29.634 7.543
A 13.426 28.515 6.814
E 10.963 31.145 5.545
S 7.336 31.221 4.489
R 5.418 34.461 4.02
T 1.915 34.719 5.459
S -0.66 33.077 3.199
W -4.182 31.681 3.164
S -3.102 28.15 4.128
S -0.18 29.411 6.228
P -1.625 32.515 7.923
S 1.192 32.571 10.49
S 1.168 32.629 10.507
P 4.526 33.608 8.952
L 7.522 31.288 9.289
D 10.98 32.714 9.891
V 13.348 30.386 11.713
W 17.144 30.498 11.935
G 19.602 27.822 12.965
R 22.474 28.686 15.304
G 25.253 28.098 12.778
T 28.29 25.956 12.027
Q 31.826 27.358 11.733
V 33.737 27.206 8.443
T 37.408 28.191 8.28
V 39.312 28.168 5.015
S 42.943 28.521 5.934
S 46.354 26.934 5.739
