tag x y z
E 27.128 -19.499 13.302
V 24.581 -16.735 12.817
Q 24.894 -14.579 9.719
L 22.741 -11.706 8.513
V 23.016 -10.836 4.84
E 21.551 -7.67 3.29
S 20.854 -6.945 -0.334
G 19.056 -4.294 -2.387
G 20.867 -0.983 -1.767
G 21.94 1.585 -4.367
L 21.374 4.964 -6.047
V 17.767 6.285 -6.102
Q 16.057 9.5 -7.274
A 14.514 11.602 -4.507
G 10.863 10.629 -4.158
G 11.639 7.063 -5.237
S 11.1 3.699 -3.606
S 11.073 3.672 -3.637
L 13.573 0.999 -2.679
R 13.315 -2.38 -1.004
L 16.079 -3.825 1.16
S 16.206 -7.424 2.263
C 17.981 -9.159 5.103
A 18.377 -12.938 5.158
A 19.417 -14.634 8.402
S 21.429 -17.878 8.611
G 22.228 -20.362 11.418
R 19.367 -19.302 13.686
S 15.648 -18.947 13.018
F 14.518 -15.537 14.337
S 10.849 -16.454 13.814
R 10.008 -15.984 17.504
D 12.42 -13.13 18.07
A 13.234 -9.649 16.765
M 15.035 -8.096 13.784
G 15.643 -4.457 12.903
W 17.194 -1.94 10.555
F 19.605 0.814 11.616
R 21.247 3.53 9.512
Q 24.392 5.628 9.77
A 25.084 8.815 7.812
P 28.701 9.987 7.323
G 30.169 11.355 10.552
K 27.096 10.379 12.57
E 26.259 7.536 14.947
R 23.99 4.643 13.91
D 20.262 5.303 14.543
V 17.356 2.897 14.47
V 15.039 2.842 11.472
A 12.495 0.193 12.425
A 12.145 -3.107 14.226
I 9.766 -6.054 14.065
N 8.702 -8.874 16.343
L 8.641 -11.856 14.002
N 6.026 -13.69 16.07
N 6.137 -13.678 16.224
G 2.972 -11.399 15.837
G 2.997 -11.64 15.664
G 4.418 -9.505 14.35
R 4.315 -5.911 15.652
T 6.622 -3.241 14.234
Y 8.205 -0.083 15.675
S 9.462 2.889 13.688
A 11.649 5.946 14.189
D 9.869 9.297 14.03
S 11.936 10.262 10.954
V 10.617 7.366 8.806
K 7.135 6.563 10.202
G 4.598 6.032 7.42
R 7.281 6.144 4.74
F 9.456 3.178 5.634
T 7.793 -0.05 6.636
I 9.545 -3.138 7.95
S 7.962 -6.519 7.232
R 8.789 -10.172 7.902
D 8.4 -13.5 6.08
N 9.132 -16.346 8.517
D 9.03 -19.08 5.882
K 12.156 -17.447 4.499
N 13.602 -16.137 7.778
T 13.815 -12.819 5.922
V 12.87 -9.253 6.827
Y 12.269 -6.364 4.438
L 12.664 -2.609 4.558
Q 10.267 -0.971 2.115
M 11.342 2.619 1.588
S 9.158 5.139 -0.221
S 9.125 5.143 -0.191
N 9.355 8.881 -0.861
L 13.111 8.69 -0.379
K 14.739 11.952 0.666
P 18.339 13.127 0.398
E 18.61 12.978 4.185
D 17.863 9.235 4.001
T 21.245 8.691 2.373
A 23.234 6.383 4.619
V 24.641 2.935 5.22
Y 21.673 0.715 6.217
Y 22.322 -2.166 8.615
C 20.302 -5.285 9.401
A 20.226 -6.38 13.05
A 18.879 -9.281 15.107
R 18.461 -10.418 18.712
E 16.788 -13.125 20.789
G 13.549 -11.996 22.395
D 10.882 -9.473 21.448
V 11.422 -5.737 21.391
G 9.224 -2.878 22.546
L 9.079 0.912 22.359
V 11.959 1.206 24.804
S 14.129 -1.677 23.757
Y 13.889 -1.592 19.98
K 15.876 1.603 19.415
R 19.031 0.503 21.263
S 21.829 -0.814 19.045
S 23.502 -2.445 22.042
N 20.394 -4.622 22.364
Y 21.287 -6.501 19.179
P 24.282 -8.81 19.007
Y 23.829 -9.783 15.344
W 24.527 -7.464 12.408
G 24.615 -7.525 8.639
Q 27.474 -5.972 6.671
G 25.655 -2.748 5.776
T 24.413 -1.573 2.397
Q 24.716 1.993 1.111
V 21.549 3.743 0.051
T 22.136 6.968 -1.84
V 19.275 9.358 -2.688
S 20.068 11.653 -5.611
S 18.656 15.153 -6.12
