tag x y z
Q -9.336 -4.198 16.496
V -11.877 -5.485 19.027
Q -15.395 -4.582 17.944
L -18.753 -4.984 19.654
Q -21.942 -3.922 17.924
E -25.353 -4.141 19.596
S -28.672 -4.057 17.683
G -32.367 -4.878 17.995
G -33.691 -2.202 20.357
G -36.54 0.185 19.491
L -39.988 1.12 20.761
V -42.189 -1.499 22.454
Q -45.357 -1.566 24.607
P -45.493 -2.576 28.312
G -45.759 -6.394 28.345
G -43.866 -6.55 25.064
S -40.676 -8.353 24.114
L -37.438 -7.928 22.127
R -34.309 -9.791 21.055
L -31.062 -7.848 21.347
S -27.944 -9.012 19.51
C -24.311 -8.122 19.9
C -24.279 -8.155 19.959
A -21.889 -8.914 17.068
A -18.26 -9.363 18.169
S -15.047 -9.353 16.1
G -11.322 -8.96 16.604
F -10.957 -11.311 19.569
T -11.724 -14.961 20.359
F -15.362 -14.521 21.367
S -15.787 -18.187 22.287
S -13.229 -17.642 25.14
A -14.743 -14.437 26.578
I -17.003 -13.839 29.531
M -19.758 -11.583 28.082
T -21.978 -9.106 29.948
W -25.085 -6.964 29.321
V -25.237 -3.648 31.24
R -27.804 -0.905 30.779
Q -28.154 2.765 31.584
A -31.56 4.176 32.22
P -32.13 7.947 32.007
G -31.388 9.665 35.331
K -29.734 6.551 36.868
G -26.304 4.991 37.22
R -25.197 1.997 35.17
E -27.043 -1.26 36.024
W -25.655 -4.77 35.361
V -28.273 -6.925 33.598
S -26.757 -10.366 32.961
T -23.481 -12.245 32.532
I -22.761 -15.451 30.583
G -19.567 -17.57 30.777
S -17.626 -18.357 27.64
D -19.13 -21.843 27.102
G -22.659 -20.572 27.801
S -23.463 -22.906 30.675
I -23.109 -20.34 33.505
T -25.595 -17.455 33.334
T -26.31 -14.844 36.051
Y -29.061 -12.16 36.236
A -29.886 -9.002 38.182
D -32.887 -9.5 40.489
S -34.752 -6.801 38.542
V -34.69 -8.973 35.318
K -34.655 -12.513 36.718
G -37.35 -14.646 35.058
R -38.07 -12.051 32.34
F -34.766 -11.921 30.412
T -32.648 -14.702 28.871
I -28.968 -14.259 27.996
S -27.411 -16.655 25.458
R -24.669 -16.864 22.923
D -23.853 -18.506 19.638
N -20.047 -18.967 19.696
A -19.807 -20.164 16.081
R -21.488 -16.924 14.857
N -19.658 -14.669 17.435
T -23.065 -13.409 18.633
L -24.332 -12.598 22.146
Y -28.08 -12.32 22.721
L -30.488 -10.89 25.283
Q -34.074 -11.951 24.909
M -36.435 -9.839 26.963
M -36.434 -9.782 26.923
N -40.026 -10.669 27.92
S -42.657 -8.754 29.885
L -40.994 -5.404 29.3
K -41.715 -2.621 31.778
P -41.355 1.192 31.41
E -38.381 1.126 33.783
D -36.591 -1.213 31.314
T -36.209 1.914 29.166
A -32.379 2.212 28.816
V -29.505 1.855 26.386
Y -28.223 -1.72 26.559
Y -24.516 -2.415 26.07
C -22.664 -5.683 25.522
C -22.681 -5.601 25.247
T -19.322 -5.57 27.351
T -19.371 -5.682 27.133
S -16.181 -7.653 27.568
A -12.806 -6.895 29.156
G -13.4 -3.187 29.712
R -14.719 -2.62 26.177
R -18.329 -1.965 25.175
G -20.244 -1.427 21.949
P -22.061 1.815 21.04
G -25.224 0.388 22.676
T -28.822 -0.065 21.534
Q -31.788 1.901 22.946
V -34.863 0.127 24.233
T -37.863 2.391 24.77
V -40.864 0.898 26.592
S -43.816 3.283 26.245
S -47.421 3.02 27.512
