tag x y z
Q -23.288 15.688 22.52
V -24.661 12.102 22.468
Q -24.29 11.069 26.127
L -25.27 7.763 27.885
Q -24.742 6.7 31.501
E -25.629 3.306 32.973
S -26.051 2.693 36.661
G -27.695 0.346 39.156
G -25.346 -2.644 38.814
G -23.791 -4.471 41.718
L -23.015 -7.83 43.27
V -25.928 -10.042 44.219
Q -26.491 -13.664 45.306
P -27.848 -16.16 42.756
G -31.591 -15.664 42.291
G -31.088 -12.028 43.237
S -32.488 -9.015 41.395
L -31.204 -5.705 40.131
R -32.693 -2.826 38.217
L -30.369 -1.133 35.688
S -30.833 2.394 34.317
C -29.519 4.285 31.358
A -29.824 8.101 31.375
A -29.569 9.504 27.886
S -28.897 13.016 26.471
G -27.803 14.861 23.317
F -30.167 13.172 20.875
T -33.892 12.588 20.384
F -34.463 9.72 22.791
S -38.139 9.168 21.868
S -36.973 8.279 18.329
A -34.102 5.923 19.217
I -34.211 2.157 19.211
M -32.35 1.356 22.445
T -30.43 -1.866 23.214
W -28.742 -3.456 26.243
V -25.522 -5.397 25.633
R -23.257 -7.29 28.003
Q -19.596 -8.245 28.051
A -17.952 -10.813 30.385
P -14.123 -10.983 30.526
G -12.602 -13.463 28.091
K -15.973 -13.703 26.32
G -17.524 -12.2 23.205
R -19.974 -9.325 23.558
E -23.503 -10.591 24.048
W -26.717 -8.853 22.998
V -29.291 -8.876 25.795
S -32.344 -6.947 24.817
T -33.702 -4.292 22.446
I -36.698 -1.935 22.763
G -38.381 0.152 20.013
S -38.773 3.912 20.293
D -42.358 4.069 21.608
G -41.452 1.207 23.993
S -44.04 -1.366 22.863
I -41.797 -3.735 20.853
T -39.288 -5.601 22.91
T -36.938 -8.459 22.005
Y -34.691 -10.602 24.206
A -31.799 -13.065 24.002
D -32.865 -16.712 24.612
S -30.485 -16.706 27.624
V -32.528 -14.015 29.414
K -36.091 -14.547 28.224
G -38.629 -14.601 31.036
R -36.063 -13.38 33.616
F -35.227 -9.833 32.368
T -37.583 -7.012 31.371
I -36.55 -4.056 29.232
S -38.529 -0.774 29.408
R -38.089 2.99 28.849
D -39.471 6.361 29.946
N -39.408 8.674 26.935
A -40.434 11.735 28.979
R -37.465 11.054 31.289
N -34.824 10.074 28.737
T -34.312 6.826 30.625
L -34.004 3.166 29.662
Y -34.313 0.395 32.282
L -33.44 -3.269 32.534
Q -35.174 -5.271 35.234
M -33.181 -8.387 36.113
N -34.707 -11.243 38.192
S -33.503 -14.793 38.903
L -29.925 -13.597 38.497
K -27.36 -16.319 37.919
P -23.554 -16.809 37.739
E -23.682 -16.644 33.936
D -25.294 -13.186 34.037
T -21.982 -11.756 35.394
A -20.878 -9.068 32.931
V -20.596 -5.301 32.421
Y -23.923 -4.197 30.934
Y -23.957 -1.357 28.427
C -26.764 0.674 27.088
T -26.354 1.514 23.409
S -27.816 3.26 20.407
A -26.656 3.802 16.862
G -23.172 2.43 17.53
R -22.659 4.571 20.635
R -22.513 3.106 24.115
G -22.114 4.242 27.735
P -19.288 3.415 30.255
G -21.242 0.39 31.49
T -22.432 -0.932 34.842
Q -20.83 -3.994 36.388
V -23.073 -6.924 37.443
T -21.534 -9.752 39.496
V -23.492 -12.798 40.756
S -21.763 -14.659 43.597
S -22.256 -16.386 46.946
H -18.662 -16.214 48.102
H -18.331 -12.45 48.32
H -20.862 -9.907 49.602
H -21.331 -6.227 48.695
H -21.063 -4.19 51.9
H -23.976 -1.728 52.385
E -24.521 0.594 55.368
P -26.415 3.942 55.627
E -24.656 7.104 54.301
