tag x y z
V -6.227 -13.888 -9.379
Q -4.477 -17.338 -9.099
L -3.909 -19.369 -5.886
Q -2.207 -22.809 -5.76
E -1.931 -25.001 -2.621
S 0.534 -27.85 -1.832
G 1.937 -29.843 1.117
G -1.144 -31.773 2.269
G -1.023 -35.512 2.865
L -1.899 -38.586 4.927
V -0.172 -38.203 8.33
Q -0.584 -39.988 11.722
P -2.343 -38.244 14.677
G 0.306 -36.276 16.568
G 2.113 -35.726 13.252
S 3.137 -32.576 11.371
L 2.85 -30.968 7.877
R 3.784 -27.644 6.18
L 1.357 -26.058 3.671
S 2.309 -23.781 0.76
C 0.305 -21.285 -1.267
S 1.447 -19.32 -4.347
A -0.393 -16.121 -5.274
S -0.493 -14.11 -8.553
G -3.041 -11.758 -10.156
F -3.333 -9.228 -7.262
K -1.133 -6.998 -4.988
F -0.22 -9.692 -2.399
N 2.066 -7.358 -0.333
D -1.16 -5.402 0.605
S -3.618 -8.337 1.108
Y -4.54 -9.936 4.455
M -4.16 -13.64 3.745
S -5.933 -16.617 5.347
W -5.794 -20.42 5.574
V -9.261 -21.971 5.41
R -10.465 -25.582 5.31
R -13.477 -27.411 3.906
V -14.666 -30.312 6.061
P -17.155 -32.879 4.656
G -20.567 -32.511 6.373
K -19.477 -29.158 7.929
G -18.442 -26.702 5.189
L -15.854 -23.924 5.206
E -13.926 -22.99 8.329
W -11.417 -20.173 8.755
V -8.192 -21.575 10.338
A -5.482 -18.88 10.374
G -4.826 -15.401 8.981
I -1.904 -12.999 8.692
W -1.558 -9.186 8.229
E -0.178 -7.911 4.861
D 3.147 -6.9 6.599
S 3.132 -9.908 9.087
S 2.702 -7.528 12.115
A -0.168 -9.839 13.334
A -1.111 -13.551 13.027
H -4.596 -14.835 13.945
Y -5.755 -18.38 14.735
R -9.041 -20.276 15.415
D -9.022 -21.497 19.077
S -8.847 -25.232 18.013
V -5.41 -24.7 16.255
K -3.922 -22.162 18.786
G -0.447 -23.325 19.88
R -0.331 -26.055 17.175
F -0.402 -24.022 13.929
T 1.831 -21.203 12.647
I 0.903 -19.053 9.601
S 3.683 -17.126 7.803
R 4.205 -15.352 4.468
D 6.996 -14.331 2.03
N 5.908 -11.086 0.283
A 9.078 -11.209 -1.903
K 8.147 -14.651 -3.398
N 4.315 -14.073 -2.956
M 4.07 -17.258 -0.831
L 1.857 -18.217 2.151
Y 2.688 -21.004 4.62
L 0.998 -23.005 7.412
Q 3.162 -25.049 9.797
M 0.852 -27.683 11.318
S 1.969 -29.787 14.292
S 0.402 -32.112 16.959
L -2.305 -32.983 14.361
K -5.723 -34.35 15.474
S -8.521 -35.962 13.332
D -10.554 -32.679 13.615
D -7.788 -31.153 11.39
T -8.725 -33.464 8.454
G -10.057 -31.43 5.504
L -9.344 -29.624 2.207
Y -7.076 -26.69 2.965
Y -7.134 -23.558 0.825
C -5.447 -20.156 1.075
V -7.673 -17.075 0.451
R -7.611 -13.287 0.776
R -9.226 -11.406 3.673
G -10.393 -12.667 7.06
Y -13.629 -14.018 8.463
S -17.121 -13.016 9.667
G -18.919 -14.228 12.806
D -18.298 -17.919 13.64
Y -14.986 -18.357 11.694
R -16.773 -18.036 8.27
P -14.371 -16.836 5.494
I -15.219 -13.6 3.664
N -13.963 -15.213 0.427
N -15.049 -18.719 -0.746
N -15.057 -18.725 -0.765
P -12.062 -20.633 -2.308
S -11.762 -20.782 -6.143
S -8.442 -22.748 -5.859
Q -7.964 -26.586 -5.982
G -6.78 -26.899 -2.351
T -4.587 -29.434 -0.516
Q -6.034 -32.529 1.286
V -4.898 -33.075 4.912
T -5.906 -36.555 6.209
V -5.041 -37.338 9.833
S -5.377 -41.178 10.016
S -3.694 -44.434 11.29
