tag x y z
Q 39.34 17.055 4.291
V 39.27 13.741 6.223
Q 42.271 11.589 7.246
L 42.034 8.078 8.717
Q 44.959 6.632 10.672
E 45.128 2.923 11.58
S 47.393 1.641 14.363
G 47.824 -1.382 16.628
G 48.459 -4.186 14.14
G 51.435 -6.458 13.593
L 52.467 -10.064 14.079
V 50.893 -12.62 16.468
Q 50.503 -16.372 17.007
A 47.315 -18.419 16.549
G 44.957 -17.967 19.508
G 46.553 -14.597 20.325
S 44.914 -11.175 20.317
L 45.372 -7.621 19.011
R 43.524 -4.327 19.377
L 43.364 -2.143 16.258
S 42.706 1.573 16.663
C 41.632 4.157 14.084
A 41.952 7.904 14.697
A 39.977 10.299 12.489
S 40.957 13.917 11.836
G 39.82 16.776 9.585
R 36.116 17.365 8.952
T 34.849 14.511 11.144
S 31.48 16.299 11.318
S 30.624 14.59 8.009
L 31.431 11.066 9.277
Y 28.754 8.639 10.469
S 29.12 4.844 10.184
M 32.63 3.56 10.876
G 33.785 0.117 9.755
W 36.688 -2.308 9.682
F 37.608 -4.028 6.454
R 40.394 -6.403 5.424
Q 42.278 -7.524 2.332
A 44.145 -10.829 2.256
P 47.046 -10.55 -0.212
G 45.579 -11.241 -3.672
K 41.842 -11.239 -2.93
E 38.968 -8.729 -2.807
R 38.617 -6.321 0.11
E 36.016 -7.692 2.539
F 33.732 -6.494 5.334
V 34.8 -7.432 8.865
A 32.832 -5.308 11.336
A 30.98 -1.974 11.463
I 29.274 0.331 13.97
S 26.724 3.172 13.749
R 27.477 6.814 14.642
N 25.786 6.49 18.057
G 27.347 3.07 18.673
A 23.968 1.393 19.305
N 24.038 -0.894 16.274
T 26.954 -3.134 15.286
Y 27.395 -5.724 12.521
Y 29.933 -8.508 11.924
T 30.85 -10.891 9.122
D 29.903 -14.452 10.147
S 33.495 -15.782 10.424
V 34.537 -13.235 13.097
K 31.382 -13.345 15.251
G 32.207 -14.114 18.895
R 35.912 -13.379 18.316
F 35.869 -9.719 17.248
T 34.39 -6.681 19.003
I 34.019 -3.209 17.499
S 33.544 -0.026 19.55
R 33.977 3.754 19.299
D 34.513 6.97 21.253
N 33.139 10.105 19.602
A 34.949 12.513 21.961
K 38.313 11.173 20.708
N 37.094 10.413 17.153
T 38.359 6.814 17.336
V 36.969 3.42 16.342
E 38.558 0.306 17.897
L 38.564 -3.397 17.006
Q 39.412 -5.939 19.7
M 40.546 -9.087 17.887
N 40.59 -12.261 19.997
S 41.164 -15.979 19.246
L 43.093 -15.19 16.063
K 43.411 -17.702 13.231
P 45.803 -17.936 10.237
E 42.708 -17.138 8.113
D 42.603 -13.641 9.653
T 45.937 -12.621 8.067
A 45.296 -9.473 6.0
V 45.774 -5.703 5.697
Y 43.109 -4.03 7.848
Y 41.449 -0.716 6.926
C 39.107 1.558 8.861
A 36.449 3.221 6.71
A 33.911 6.027 7.175
D 30.493 6.577 5.591
R 28.994 9.984 4.714
F 25.375 8.771 4.853
P 23.656 11.021 7.448
T 22.119 8.547 9.907
M 22.449 8.279 13.69
E 21.549 4.686 14.558
V 21.722 2.679 11.318
V 24.999 0.898 10.522
T 26.134 0.683 6.885
I 26.77 -2.987 6.05
M 27.872 -2.594 2.416
T 31.562 -2.151 1.558
N 31.195 0.003 -1.597
E 29.018 2.5 0.307
Y 31.946 3.602 2.491
D 33.546 6.821 1.322
Y 36.749 7.264 3.359
W 39.632 4.774 3.684
G 42.847 4.709 5.691
Q 46.242 3.526 4.419
G 45.897 0.171 6.215
T 47.698 -1.799 8.926
Q 49.159 -5.29 8.408
V 47.962 -8.165 10.614
T 49.848 -11.479 10.36
V 48.794 -14.601 12.263
S 51.032 -17.694 12.249
S 50.989 -21.124 13.93
