tag x y z
E 12.615 -16.443 0.751
V 14.099 -14.842 -2.477
Q 13.527 -17.089 -5.506
L 13.747 -16.714 -9.333
V 12.13 -19.526 -11.365
E 12.772 -19.614 -15.197
S 10.465 -21.407 -17.682
G 10.084 -21.803 -21.433
G 13.361 -23.197 -22.682
G 13.382 -25.852 -25.375
L 14.435 -27.276 -28.75
V 13.533 -24.981 -31.623
Q 14.553 -24.708 -35.371
P 16.388 -21.551 -36.779
G 13.929 -18.694 -37.397
G 11.73 -20.02 -34.585
S 10.511 -18.315 -31.422
L 10.567 -18.88 -27.692
R 9.215 -16.88 -24.752
L 11.132 -17.287 -21.486
S 9.646 -16.286 -18.118
C 11.147 -15.574 -14.714
A 8.751 -15.818 -11.753
A 10.151 -13.836 -8.767
S 9.21 -14.198 -5.098
G 10.504 -12.894 -1.731
F 10.79 -9.349 -3.207
T 8.897 -7.018 -5.549
L 9.979 -6.226 -9.173
D 9.631 -2.437 -8.578
D 12.46 -2.558 -6.024
Y 15.129 -4.329 -8.181
A 16.282 -4.681 -11.784
I 16.333 -8.134 -13.393
A 18.886 -9.405 -15.846
W 19.034 -12.403 -18.211
F 22.379 -14.127 -18.727
R 23.336 -16.873 -21.162
Q 26.116 -19.477 -21.11
A 26.594 -20.983 -24.603
P 28.342 -24.458 -24.66
G 32.099 -23.904 -24.248
K 31.712 -20.146 -23.624
E 31.49 -18.136 -20.398
R 28.293 -16.579 -18.882
E 27.291 -13.348 -20.695
G 24.662 -10.642 -20.068
V 21.804 -10.667 -22.608
S 19.229 -8.216 -21.339
G 18.152 -6.215 -18.247
I 14.858 -4.523 -17.175
D 13.811 -1.761 -14.663
S 10.144 -2.835 -13.984
G 9.443 0.586 -12.451
D 9.88 2.531 -15.719
G 10.151 -0.07 -18.518
S 13.909 0.581 -19.163
A 15.501 -2.286 -21.129
Y 19.057 -3.231 -22.199
Y 20.007 -5.673 -24.971
A 23.408 -7.126 -25.822
D 24.493 -6.296 -29.42
S 24.144 -10.016 -30.405
V 20.389 -10.084 -29.548
K 19.288 -6.461 -30.36
G 16.306 -6.311 -32.767
R 15.401 -10.006 -32.133
F 14.878 -10.258 -28.331
T 12.428 -8.241 -26.156
I 12.38 -7.975 -22.397
S 9.124 -7.045 -20.592
S 7.569 -7.28 -17.123
D 4.227 -8.209 -15.604
N 4.165 -6.43 -12.22
A 0.755 -8.075 -11.44
K 2.278 -11.572 -11.861
N 5.705 -10.356 -10.411
T 7.377 -11.966 -13.492
V 9.886 -10.952 -16.267
Y 9.633 -12.126 -19.898
L 12.22 -12.741 -22.589
Q 10.73 -12.834 -26.057
M 13.24 -14.418 -28.445
N 12.381 -14.005 -32.146
S 14.345 -15.143 -35.298
L 16.34 -17.747 -33.316
R 19.854 -18.549 -34.627
P 21.983 -21.679 -33.873
E 24.419 -19.406 -31.845
D 21.525 -18.609 -29.426
T 21.89 -22.241 -28.049
A 22.65 -21.824 -24.329
V 21.506 -22.065 -20.712
Y 19.506 -18.916 -19.978
Y 19.662 -17.544 -16.372
C 17.485 -14.974 -14.67
A 19.227 -12.914 -11.967
R 18.471 -9.985 -9.649
V 20.6 -6.801 -9.98
R 22.097 -5.541 -6.675
T 20.789 -2.074 -5.698
G 22.847 0.662 -7.328
W 24.108 -1.346 -10.322
G 22.981 -0.871 -13.971
L 20.789 -2.947 -16.309
N 24.024 -4.34 -17.953
A 25.792 -4.993 -14.596
P 28.243 -7.996 -14.678
D 27.59 -11.474 -13.141
Y 29.333 -10.607 -9.833
A 26.782 -7.707 -9.393
M 23.842 -10.168 -9.26
D 22.836 -11.162 -5.639
Y 20.369 -13.961 -6.646
W 20.184 -16.383 -9.592
G 17.676 -18.811 -11.07
K 18.493 -22.476 -11.889
G 18.386 -21.839 -15.649
T 16.399 -22.92 -18.717
L 18.086 -24.519 -21.793
V 17.448 -23.267 -25.369
T 18.609 -25.401 -28.336
V 18.524 -23.99 -31.874
S 19.345 -26.929 -34.113
S 20.343 -26.329 -37.805
