tag x y z
V 25.075 27.461 -14.569
Q 25.461 28.625 -18.206
L 24.659 32.364 -18.328
V 24.88 33.909 -21.804
E 25.79 37.593 -21.759
S 24.629 39.931 -24.567
G 23.79 43.627 -25.06
G 27.327 45.007 -25.306
G 28.636 47.464 -27.87
L 30.553 50.635 -28.736
V 28.902 53.747 -27.269
Q 29.749 57.499 -26.76
P 30.59 58.995 -23.273
G 27.368 59.807 -21.403
G 25.612 57.105 -23.442
S 23.446 54.127 -22.463
L 23.565 50.333 -22.759
R 21.396 47.434 -21.504
L 23.191 44.123 -20.91
S 21.16 40.901 -20.58
C 22.354 37.707 -18.899
A 20.293 34.674 -19.858
A 20.141 30.944 -18.962
S 17.722 29.312 -21.474
G 15.011 27.331 -19.661
F 16.977 27.125 -16.333
T 15.669 27.786 -12.724
L 17.094 31.061 -11.281
D 14.241 31.521 -8.736
Y 16.558 31.083 -5.756
L 19.876 32.217 -7.294
A 21.62 35.522 -6.474
I 23.297 36.784 -9.726
G 26.123 39.272 -10.16
W 27.591 41.392 -12.942
F 31.382 41.637 -13.083
R 33.79 43.488 -15.379
Q 37.41 43.052 -16.448
A 39.281 45.625 -18.51
P 42.352 44.011 -20.223
G 45.334 44.109 -17.829
K 43.185 45.126 -14.763
E 41.719 42.691 -12.158
R 38.075 41.364 -12.286
E 35.876 43.685 -10.225
G 32.335 43.239 -8.933
V 29.884 45.66 -10.524
S 26.377 44.908 -9.301
C 24.427 42.002 -7.719
V 20.712 40.938 -7.426
S 19.15 38.793 -4.754
S 16.852 35.845 -5.832
S 13.542 37.831 -5.555
G 15.06 41.019 -6.997
Q 14.285 43.005 -3.79
Y 17.92 43.413 -2.648
T 20.528 45.078 -4.887
Y 24.251 45.87 -4.324
Y 26.537 48.139 -6.339
A 30.253 48.928 -6.499
D 30.913 52.596 -5.408
S 32.154 53.467 -8.938
V 28.75 52.659 -10.611
K 26.092 53.988 -8.185
G 23.559 56.38 -9.671
R 24.428 55.258 -13.182
F 23.904 51.5 -13.224
T 20.65 49.646 -12.294
I 20.439 45.832 -11.968
S 17.108 43.918 -12.401
R 15.828 40.407 -13.161
D 13.003 38.435 -14.698
N 12.786 34.916 -13.223
A 9.977 33.836 -15.55
E 12.426 34.337 -18.417
S 15.512 33.433 -16.387
T 17.523 36.478 -17.456
V 19.207 39.357 -15.628
Y 19.521 42.956 -16.808
L 22.17 45.634 -16.315
Q 21.032 49.168 -17.314
M 24.094 51.349 -17.771
N 23.388 55.077 -17.979
S 25.911 58.031 -18.224
L 28.694 55.721 -19.494
K 32.386 56.756 -19.104
P 35.646 55.51 -20.746
E 36.607 53.897 -17.337
D 33.56 51.608 -17.756
T 35.25 49.99 -20.872
A 35.693 46.253 -20.145
V 34.34 42.757 -20.933
Y 31.233 42.314 -18.732
Y 30.781 38.89 -17.192
C 27.759 37.469 -15.438
A 27.936 34.823 -12.694
T 26.147 33.197 -9.724
D 27.102 35.171 -6.631
P 25.5 33.401 -3.59
E 24.395 35.901 -0.893
C 26.004 38.559 -3.192
Y 29.264 37.871 -1.191
R 31.692 38.84 -3.967
V 29.973 42.1 -4.967
R 29.487 43.007 -1.287
G 33.168 42.598 -0.7
Y 33.513 39.407 1.205
Y 34.664 37.091 -1.437
N 33.359 33.575 -2.037
G 36.59 32.686 -3.622
E 34.876 29.455 -4.185
Y 35.392 30.901 -7.506
D 36.262 31.203 -10.834
Y 33.603 30.418 -13.387
W 32.784 32.849 -16.12
G 32.238 32.155 -19.81
Q 32.299 34.455 -22.81
G 31.19 37.912 -21.579
T 29.993 40.964 -23.54
Q 32.334 43.773 -24.59
V 31.457 47.33 -23.641
T 33.488 50.137 -25.262
V 32.961 53.798 -24.288
S 34.35 56.149 -27.088
S 37.576 58.049 -26.066
