tag x y z
E 55.726 58.42 -51.337
V 55.856 59.98 -47.871
Q 59.144 61.462 -46.665
L 60.316 61.603 -43.032
V 62.747 64.274 -41.783
E 64.104 64.1 -38.22
S 65.591 67.072 -36.307
G 66.318 68.335 -32.786
G 69.492 66.404 -32.029
G 72.839 67.695 -30.788
L 75.166 67.87 -27.748
V 73.465 67.874 -24.29
Q 74.684 67.665 -20.617
A 74.159 64.212 -19.012
G 70.928 64.863 -17.004
G 69.408 67.467 -19.331
S 66.571 67.091 -21.83
L 65.8 67.401 -25.52
R 62.839 66.925 -27.795
L 63.295 65.284 -31.193
S 60.873 65.979 -34.02
C 59.977 63.924 -37.092
A 58.226 65.786 -39.878
A 56.239 63.613 -42.305
S 55.088 64.751 -45.742
G 52.013 62.605 -45.484
R 50.83 59.279 -44.242
T 50.29 56.418 -46.493
F 47.354 54.934 -44.694
S 45.1 56.463 -42.124
W 46.081 53.82 -39.621
S 49.834 54.423 -40.271
A 52.201 54.838 -37.332
V 55.549 56.498 -36.861
G 58.167 54.651 -34.808
W 61.398 55.958 -33.277
F 64.527 53.786 -33.4
R 68.077 54.351 -32.211
Q 71.558 53.163 -33.175
A 74.179 53.277 -30.449
P 77.972 52.639 -31.119
G 78.6 48.868 -30.951
K 74.924 47.963 -30.339
E 72.188 46.79 -32.756
R 69.345 49.182 -33.848
E 66.732 49.318 -31.078
F 63.052 50.268 -31.145
V 62.215 53.174 -28.772
A 58.459 54.012 -29.261
A 55.67 54.217 -31.865
I 52.462 56.278 -32.16
R 49.58 56.221 -34.707
W 48.389 59.515 -36.321
S 44.796 58.389 -35.594
G 45.855 58.551 -31.889
G 45.175 55.837 -29.265
S 47.761 54.345 -26.929
P 51.425 54.464 -27.995
Y 53.782 51.462 -28.026
Y 56.953 51.798 -25.846
A 60.04 49.606 -25.535
D 60.521 48.582 -21.905
S 63.951 50.087 -21.54
V 62.594 53.609 -21.964
K 59.051 53.466 -20.617
D 58.408 56.822 -19.354
R 61.403 58.753 -19.227
F 60.807 59.155 -22.942
T 57.536 60.377 -24.267
I 56.179 59.976 -27.812
S 53.482 62.437 -28.941
R 52.138 63.792 -32.239
D 50.812 67.045 -33.894
N 48.41 66.244 -36.837
A 48.085 69.972 -37.832
K 51.914 70.11 -38.152
N 52.305 66.445 -39.423
T 55.099 65.847 -36.857
V 55.868 63.143 -34.219
Y 57.88 64.227 -31.174
L 60.182 62.23 -28.916
Q 60.65 63.955 -25.551
M 63.778 62.689 -23.81
N 64.17 63.572 -20.084
S 66.982 62.632 -17.56
L 69.404 61.969 -20.474
R 72.331 59.591 -19.816
P 75.548 59.02 -21.874
E 74.111 55.555 -22.826
D 71.369 57.45 -24.79
T 74.103 58.758 -27.207
A 72.989 57.37 -30.603
V 71.636 58.216 -34.056
Y 67.852 58.546 -33.539
L 65.899 57.395 -36.607
C 62.257 57.784 -37.766
G 60.183 55.101 -39.537
E 56.651 54.632 -40.99
T 54.592 51.337 -40.539
S 51.098 50.003 -41.333
L 51.524 47.174 -38.761
F 51.136 48.986 -35.405
P 52.12 47.582 -32.851
T 55.66 46.626 -34.077
S 59.236 46.853 -32.809
R 60.505 45.109 -35.99
G 62.607 47.347 -38.281
S 61.567 45.392 -41.434
H 57.902 46.277 -40.675
Y 58.747 50.002 -41.237
D 58.491 50.803 -44.957
T 60.047 54.306 -45.096
W 62.82 55.894 -42.995
G 64.289 59.318 -42.27
Q 68.035 60.073 -42.399
G 68.527 60.334 -38.63
T 69.461 62.859 -35.943
Q 72.584 62.606 -33.76
V 72.115 62.82 -29.972
T 75.408 63.086 -27.976
V 75.114 63.193 -24.169
S 78.353 64.623 -22.756
S 78.738 63.413 -19.092
