tag x y z
Q -13.502 -2.752 -11.548
V -16.07 -1.09 -9.129
Q -18.726 1.684 -9.053
L -19.804 2.295 -5.418
V -23.287 3.434 -4.4
E -23.589 4.387 -0.785
S -26.757 4.673 1.318
G -28.285 6.026 3.554
G -27.186 8.195 6.402
G -29.467 10.343 8.455
L -30.235 11.785 11.842
V -29.697 9.855 15.044
Q -29.604 11.149 18.608
A -26.662 10.247 20.935
G -26.584 6.597 22.008
G -28.62 5.637 18.937
S -27.734 3.341 16.032
L -27.433 3.633 12.29
R -26.421 1.231 9.51
L -24.687 2.444 6.373
S -24.516 0.316 3.195
C -22.289 0.503 0.141
A -23.065 -1.587 -2.911
A -21.138 -2.332 -6.101
S -22.751 -3.211 -9.448
E -19.923 -5.668 -10.24
S -19.255 -9.148 -8.747
T -15.531 -8.16 -8.85
F -16.459 -6.436 -5.482
S -14.948 -9.523 -3.728
N -11.54 -8.661 -5.259
Y -11.289 -5.495 -3.126
A -10.627 -4.635 0.504
M -13.309 -2.111 1.618
G -12.897 0.877 3.882
W -15.214 3.374 5.532
F -13.856 6.922 5.781
R -15.388 10.028 7.273
Q -14.887 13.727 6.861
A -16.155 16.215 9.458
P -10.797 19.529 5.034
E -9.593 15.91 5.529
R -11.016 12.391 5.421
E -10.0 9.869 8.184
F -10.394 6.071 8.068
V -13.007 4.518 10.354
A -12.86 0.783 9.632
T -11.507 -1.56 6.967
I -12.202 -5.126 5.911
S -10.298 -7.584 3.761
Q -11.619 -9.156 0.502
T -12.997 -12.284 2.186
G -13.962 -10.62 5.484
S -11.134 -12.506 7.262
H -9.524 -9.329 8.648
T -10.943 -6.082 9.994
Y -9.301 -2.996 11.434
Y -10.839 -0.138 13.419
R -9.837 3.427 14.686
N -9.538 3.352 18.351
S -12.323 5.906 18.842
V -14.946 3.577 17.203
K -13.801 0.218 18.606
G -16.561 -1.748 20.293
R -19.202 0.675 18.893
F -18.829 0.198 15.1
T -18.772 -3.066 13.1
I -17.731 -3.329 9.499
S -19.02 -6.365 7.608
R -19.496 -7.569 4.066
D -21.815 -9.813 2.068
N -19.93 -10.755 -1.054
A -22.985 -12.626 -2.452
K -24.762 -9.203 -2.444
N -21.666 -7.115 -3.43
T -22.285 -5.014 -0.292
V -20.205 -3.661 2.599
Y -21.859 -2.381 5.799
L -21.02 -0.13 8.709
Q -23.168 -0.786 11.798
M -22.774 2.178 14.128
N -24.001 1.672 17.711
N -23.843 3.94 20.811
M -23.386 6.903 18.476
K -21.649 10.064 19.71
P -21.736 13.724 18.465
E -18.077 13.325 17.307
D -19.38 10.714 14.762
T -21.085 13.535 12.776
A -19.584 13.655 9.241
V -20.111 12.673 5.671
Y -19.157 8.981 5.466
Y -17.572 7.452 2.367
C -17.009 3.854 1.332
A -13.857 3.014 -0.603
A -12.419 0.011 -2.465
G -8.717 -0.82 -2.55
D -6.311 -3.731 -2.64
N -5.384 -4.1 1.112
Y -7.324 -3.652 4.386
Y -4.129 -2.643 6.229
Y -4.118 0.709 4.4
T -5.568 3.681 6.286
R -5.049 6.704 3.988
T -7.362 8.025 1.237
Y -4.752 7.741 -1.53
E -4.253 4.014 -0.675
Y -7.799 3.292 -1.931
D -8.833 3.423 -5.622
Y -12.646 3.72 -5.896
W -15.012 5.904 -3.881
G -18.708 6.231 -3.127
Q -20.632 9.532 -3.395
G -20.715 10.045 0.393
T -23.623 10.067 2.885
Q -24.319 12.59 5.646
V -24.528 11.246 9.234
T -25.556 13.628 12.054
V -25.568 12.804 15.779
S -27.202 15.213 18.239
S -27.602 15.901 21.984
