tag x y z
V 8.27 -15.577 -23.164
Q 4.93 -14.354 -24.642
L 2.813 -14.8 -27.814
V 0.222 -11.995 -28.126
E -2.602 -12.268 -30.722
S -4.963 -9.637 -32.225
G -7.155 -9.196 -35.322
G -10.027 -11.569 -34.605
G -13.627 -10.481 -35.0
L -17.018 -11.025 -36.581
V -17.298 -11.124 -40.371
Q -19.853 -12.3 -42.961
P -18.977 -15.236 -45.348
G -16.731 -14.028 -48.188
G -15.228 -11.559 -45.713
S -11.584 -10.995 -44.758
L -9.601 -10.723 -41.512
R -5.898 -10.362 -40.593
L -4.466 -11.971 -37.467
S -1.132 -10.919 -35.873
C 1.075 -12.645 -33.321
E 3.752 -10.775 -31.309
A 6.376 -13.383 -30.374
S 9.095 -12.404 -27.889
G 11.358 -14.01 -25.286
F 12.94 -16.886 -27.259
S 15.595 -17.751 -29.85
F 13.757 -18.322 -33.268
D 16.667 -20.273 -34.789
D 14.868 -23.523 -33.967
Y 11.246 -22.39 -34.117
A 8.263 -22.184 -36.394
I 5.5 -19.807 -35.37
G 1.99 -20.298 -36.567
W -1.672 -20.739 -35.997
F -4.052 -23.433 -34.902
R -7.808 -23.226 -34.405
Q -10.402 -24.959 -32.229
A -14.144 -25.081 -31.774
P -15.415 -25.283 -28.286
G -16.532 -28.421 -30.117
K -13.28 -29.982 -31.296
E -9.622 -30.626 -30.713
R -7.063 -28.205 -32.145
E -6.172 -28.278 -35.819
G -3.06 -26.734 -37.359
V -3.81 -23.922 -39.845
S -0.54 -22.381 -41.054
Y 3.052 -22.009 -39.795
I 6.254 -20.318 -40.858
S 9.897 -21.288 -40.114
M 11.451 -18.33 -38.195
S 14.85 -19.074 -39.787
D 14.435 -19.904 -43.55
G 10.801 -18.788 -43.955
R 9.474 -22.167 -45.261
T 5.73 -22.477 -44.701
Y 2.868 -24.882 -44.201
V -0.805 -24.12 -45.09
A -3.556 -26.654 -44.232
D -5.672 -28.168 -47.072
S -8.955 -26.791 -45.573
V -7.537 -23.236 -46.094
T -5.219 -23.469 -49.191
G -5.763 -20.578 -51.61
R -7.604 -18.507 -48.953
F -5.203 -18.118 -45.973
T -1.568 -16.901 -46.309
I 1.099 -16.586 -43.541
S 3.73 -13.746 -43.221
S 6.434 -12.788 -40.787
D 8.712 -9.961 -39.721
N 11.523 -10.76 -37.336
A 12.218 -7.335 -35.739
K 8.666 -6.599 -34.56
N 8.762 -10.296 -33.429
T 5.44 -10.648 -35.308
V 3.732 -13.261 -37.579
Y 0.572 -12.56 -39.734
L -2.318 -14.649 -41.034
Q -4.217 -13.079 -43.952
M -7.612 -14.795 -44.029
N -9.566 -14.243 -47.255
S -12.841 -15.715 -48.623
L -13.915 -16.629 -45.048
K -16.43 -19.497 -44.607
L -18.856 -20.418 -41.76
E -16.613 -23.455 -40.917
D -13.596 -21.122 -40.276
T -15.355 -19.982 -37.05
A -13.049 -20.93 -34.124
V -10.678 -19.519 -31.611
Y -7.279 -19.092 -33.285
Y -4.169 -19.657 -31.164
C -0.701 -18.443 -31.951
A 1.829 -21.24 -31.37
A 5.614 -21.664 -31.32
G 7.218 -25.041 -31.783
R 10.357 -26.923 -32.756
F 9.737 -28.988 -35.89
V 10.92 -31.282 -38.67
T 9.923 -31.195 -42.354
F 9.625 -33.952 -44.982
G 9.392 -31.876 -48.136
S 6.076 -30.003 -47.879
A 4.846 -32.085 -44.839
W 5.63 -31.051 -41.229
S 5.727 -32.478 -37.68
F 6.071 -30.554 -34.378
V 8.627 -32.322 -32.141
G 7.889 -30.961 -28.63
G 7.141 -33.237 -25.673
G 3.923 -31.363 -24.877
P 0.429 -31.231 -26.428
Y 0.452 -30.985 -30.274
G 4.319 -30.95 -30.119
I 4.137 -27.189 -29.327
D 6.284 -25.37 -26.729
Y 4.341 -22.057 -26.312
W 0.785 -20.883 -26.898
G -0.945 -17.527 -27.13
K -4.262 -16.799 -25.333
G -6.279 -17.095 -28.553
T -8.277 -14.743 -30.785
L -11.914 -15.467 -31.695
V -12.811 -15.494 -35.437
T -16.593 -15.619 -36.094
V -18.038 -16.093 -39.564
S -21.839 -15.673 -39.669
S -24.648 -14.51 -42.011
