tag x y z
Q 32.009 61.378 95.346
V 28.781 59.421 94.814
Q 26.938 58.918 91.519
L 23.233 58.035 91.921
Q 21.214 56.327 89.175
E 17.409 56.047 89.39
S 15.241 53.418 87.679
G 11.524 52.665 87.52
G 8.67 55.147 87.633
G 5.797 55.756 85.255
S 1.995 55.819 85.186
V -0.31 53.755 87.329
Q -3.913 53.761 88.516
A -4.903 54.223 92.154
G -4.456 51.046 94.188
G -1.65 49.881 91.927
S 2.07 49.823 92.606
L 5.461 50.851 91.268
R 8.961 49.915 92.424
L 11.658 52.593 92.291
S 15.338 51.748 92.569
C 18.477 53.815 93.112
E 22.038 52.632 92.715
A 25.042 54.37 94.271
S 28.599 54.402 92.922
G 31.67 56.058 94.42
L 32.063 56.71 98.14
S 30.102 54.343 100.374
T 26.743 55.685 101.546
T 25.571 55.887 105.163
V 21.996 56.787 104.258
M 19.919 56.652 101.101
M 19.924 56.631 101.079
A 16.494 58.206 100.644
W 13.695 59.039 98.273
F 12.412 62.58 98.227
R 9.452 63.735 96.224
Q 8.31 67.034 94.799
A 4.555 66.973 94.382
P 2.814 69.542 92.143
G 2.038 72.747 94.034
K 3.773 71.418 97.144
E 7.248 71.91 98.617
R 9.759 69.055 98.201
E 9.673 66.374 100.933
G 11.397 63.321 102.371
V 9.415 60.153 101.545
A 11.457 57.328 103.033
A 15.061 56.839 104.114
I 17.139 53.782 104.928
Y 20.453 53.517 106.779
T 23.004 51.594 104.71
G 24.621 49.822 107.643
D 21.675 48.501 109.649
G 18.777 48.844 107.226
F 16.764 50.977 109.675
P 13.981 52.804 107.778
Y 12.116 56.093 108.237
Y 8.829 56.926 106.469
A 6.823 60.133 105.996
D 3.497 59.928 107.816
S 1.577 60.014 104.531
V 3.149 56.849 103.096
K 3.478 54.728 106.25
G 2.034 51.263 105.7
R 1.881 51.792 101.927
F 5.553 52.246 100.949
T 8.46 49.956 101.821
I 12.097 50.96 101.451
S 14.749 48.228 101.329
Q 18.23 47.555 100.038
D 20.774 45.146 98.623
N 24.245 46.352 99.688
A 25.8 43.683 97.468
K 24.733 45.847 94.525
N 24.819 49.178 96.394
R 21.14 49.35 95.45
M 18.128 50.748 97.324
Y 14.457 50.082 96.485
L 11.169 51.849 97.159
Q 8.161 49.573 96.829
M 5.171 51.904 96.373
N 1.847 50.152 97.059
S -1.78 51.352 97.26
L -0.845 54.414 95.202
E -3.165 57.446 95.286
P -3.475 60.461 92.98
E -1.76 62.668 95.578
D 1.346 60.438 95.332
T 1.898 61.971 91.89
A 5.299 63.652 91.898
M 8.893 63.778 90.787
Y 10.781 61.327 92.989
Y 14.455 61.996 93.651
C 17.062 59.622 95.07
A 19.345 61.161 97.712
A 22.363 59.919 99.653
K 24.639 60.796 102.583
T 28.243 59.717 103.117
G 28.337 60.787 106.772
A 26.203 61.218 109.917
F 23.277 63.589 110.493
S 24.297 66.883 112.115
Y 22.351 67.938 115.206
G 19.115 69.606 114.134
S 19.197 67.768 110.813
L 16.283 65.314 110.296
W 16.02 62.457 107.777
W 13.386 64.328 105.77
M 15.453 67.498 105.298
S 16.913 67.917 101.814
R 19.784 69.93 103.282
A 21.008 66.805 105.09
Y 21.909 65.152 101.781
N 24.96 65.836 99.615
H 24.152 63.653 96.569
W 21.066 63.513 94.353
G 19.59 61.541 91.475
Q 18.098 63.285 88.449
G 14.455 62.673 89.337
T 11.854 60.124 88.276
Q 8.271 60.918 87.206
V 5.444 59.017 88.882
T 1.865 59.73 87.803
V -1.082 58.188 89.63
S -4.592 58.72 88.347
S -4.593 58.674 88.257
S -8.03 57.877 89.631
H -10.237 55.052 88.396
