tag x y z
K -0.984 1.254 30.797
V -0.425 1.556 26.996
Q -1.518 -1.274 24.678
L -0.791 -1.688 20.963
Q -2.676 -3.582 18.241
Q -1.188 -4.162 14.801
S -2.65 -4.96 11.341
G -1.888 -4.608 7.62
G 0.276 -7.635 6.884
G 0.557 -9.296 3.493
A 2.489 -10.923 0.67
V 3.419 -8.836 -2.385
Q 5.735 -8.994 -5.41
T 8.952 -6.979 -5.578
G 8.161 -3.309 -6.28
G 4.752 -3.456 -4.545
S 3.388 -1.624 -1.513
L 1.884 -2.433 1.888
K 0.652 -0.363 4.847
L 1.12 -1.297 8.492
T -1.178 0.176 11.108
C -0.723 0.292 14.871
L -3.477 1.417 17.253
A -2.576 2.573 20.769
S -4.995 2.405 23.728
G -4.841 3.376 27.398
N -2.541 6.176 28.546
T -1.721 7.467 25.041
A -0.999 11.007 26.275
S 2.192 9.549 27.82
I 3.573 8.425 24.4
R 6.758 10.284 23.376
A 7.508 8.259 20.217
M 6.084 5.461 18.103
G 8.244 3.24 15.937
W 8.645 0.155 13.805
Y 11.088 -2.714 14.154
R 11.447 -5.881 12.072
R 12.851 -9.401 12.289
A 13.958 -10.776 8.946
P 14.155 -14.609 8.594
G 16.656 -16.133 11.053
K 17.849 -12.691 12.154
Q 17.441 -10.511 15.228
R 14.941 -7.629 15.536
E 16.206 -4.404 13.924
W 15.068 -0.764 14.045
V 13.101 0.466 10.988
A 11.54 3.875 11.819
S 10.566 6.234 14.644
L 8.377 9.321 14.881
T 8.495 11.531 17.979
T 5.449 13.401 19.353
T 6.919 16.707 18.093
G 7.097 15.307 14.53
T 10.719 14.168 14.009
A 10.971 11.112 11.71
D 14.022 8.826 11.436
Y 14.577 5.71 9.317
G 17.011 2.783 9.201
D 19.762 2.847 6.536
F 18.055 0.156 4.466
V 14.835 2.227 4.185
K 16.317 4.559 1.509
G 13.279 6.863 1.249
R 10.872 4.002 0.477
F 8.898 3.86 3.778
T 6.924 6.662 5.417
I 6.045 6.672 9.116
S 3.158 8.854 10.243
R 1.109 9.296 13.39
D -2.516 10.207 13.814
N -3.749 11.901 17.01
A -7.415 11.356 16.0
N -7.003 7.552 16.056
N -3.913 7.358 18.344
A -2.341 5.348 15.581
A 1.006 4.99 13.88
T 1.312 3.84 10.279
L 4.116 2.637 8.022
Q 3.546 3.146 4.297
M 5.904 0.731 2.544
D 6.611 1.247 -1.163
S 9.151 -0.275 -3.558
L 9.331 -3.421 -1.435
K 12.092 -5.979 -2.04
P 12.551 -9.621 -0.921
E 15.048 -8.211 1.629
D 12.103 -6.499 3.374
T 10.532 -9.898 4.158
A 10.186 -9.87 7.976
V 7.884 -9.741 10.968
Y 7.271 -6.031 11.681
Y 6.663 -4.924 15.299
C 5.036 -1.677 16.42
N 6.399 0.002 19.519
A 5.616 2.994 21.772
D 8.066 4.772 24.11
G 7.056 7.178 26.845
R 7.178 8.183 30.494
R 4.581 7.132 33.028
F 4.151 7.831 36.735
D 3.999 4.544 38.719
G 2.51 6.283 41.763
A 5.934 7.05 43.252
R 8.39 7.912 40.423
W 8.465 8.704 36.711
R 9.475 5.666 34.725
E 10.349 5.134 31.106
Y 8.325 2.42 29.379
E 8.301 0.564 26.109
S 5.217 -1.142 24.691
W 5.105 -3.61 21.809
G 2.575 -4.979 19.363
Q 2.495 -8.699 18.517
G 4.063 -8.387 15.05
T 2.681 -8.26 11.499
Q 3.99 -10.689 8.815
V 5.347 -9.229 5.56
T 6.504 -11.344 2.612
I 8.008 -9.958 -0.596
S 9.003 -12.32 -3.394
S 10.797 -11.8 -6.692
