tag x y z
V -6.166 5.486 -41.833
Q -3.584 7.02 -44.24
L -4.89 9.024 -47.253
V -3.039 10.343 -50.366
E -4.742 12.216 -53.267
S -3.482 11.54 -56.845
G -4.5 13.064 -60.177
G -5.565 16.667 -60.516
G -4.038 19.557 -62.409
L -5.044 22.234 -64.899
V -7.835 21.578 -67.441
Q -10.446 23.609 -69.466
A -14.241 24.263 -69.225
G -16.287 21.156 -70.132
D -13.291 18.826 -69.679
S -12.976 15.785 -67.407
L -10.605 14.779 -64.606
R -10.227 11.565 -62.599
L -8.951 11.77 -58.998
S -7.699 8.891 -56.847
C -7.639 8.106 -53.192
A -4.856 5.761 -52.196
V -6.089 4.393 -48.826
S -3.926 2.474 -46.253
G -4.225 1.607 -42.527
S -13.044 3.355 -41.88
N -15.835 2.15 -44.132
V -16.858 5.351 -45.933
I -14.477 7.43 -48.031
G -15.62 11.031 -48.413
W -14.662 13.663 -50.971
F -14.471 17.368 -50.093
R -13.436 20.531 -51.97
Q -12.29 23.968 -50.741
A -11.78 27.014 -52.958
P -9.546 29.753 -51.377
G -11.753 32.229 -49.538
K -14.76 29.889 -49.848
E -16.758 27.399 -47.714
R -15.556 23.765 -47.719
E -18.033 21.598 -49.654
F -18.905 17.922 -49.552
V -18.655 16.326 -53.015
A -19.237 12.555 -52.687
A -19.073 9.478 -50.393
I -18.382 5.81 -51.18
S -18.646 2.721 -48.94
W -15.548 0.421 -49.156
S -17.452 -2.64 -47.667
T -20.573 -2.224 -49.979
G -20.237 -0.041 -53.111
S -22.913 2.478 -52.017
T -22.455 6.052 -53.198
Y -23.87 9.452 -52.231
Y -23.39 12.795 -53.951
G -23.575 16.223 -52.431
R -25.158 19.422 -53.8
S -21.837 20.784 -55.163
M -21.342 18.412 -58.173
K -24.644 16.483 -58.735
G -24.992 14.828 -62.155
R -21.39 15.788 -63.064
C -19.391 13.52 -60.755
A -19.138 9.806 -59.939
A -17.233 7.92 -57.229
S -15.909 4.395 -57.654
R -14.073 1.551 -55.896
D -10.887 -0.3 -56.859
K -5.4 -1.045 -55.671
N -6.67 0.244 -52.291
T -8.06 3.118 -54.421
V -11.216 5.278 -54.438
A -11.714 7.271 -57.648
L -13.599 10.501 -58.186
Q -14.616 11.125 -61.803
L -15.411 14.763 -62.577
N -17.169 15.837 -65.785
S -18.514 19.046 -67.406
L -15.814 20.886 -65.31
K -16.222 24.658 -64.949
P -13.849 27.322 -63.402
E -15.85 27.302 -60.132
D -14.955 23.634 -59.557
T -11.475 25.173 -59.086
A -10.437 24.122 -55.556
V -8.223 21.7 -53.636
Y -9.902 18.259 -53.525
Y -9.662 16.286 -50.271
C -10.227 12.666 -49.424
A -11.588 11.714 -45.962
A -12.51 8.6 -43.918
T -15.167 7.547 -41.332
L -16.967 4.508 -39.963
D -20.264 6.417 -40.652
W -22.747 6.791 -43.491
G -23.791 9.397 -44.682
K -21.811 12.255 -43.234
T -21.388 15.501 -45.199
L -19.619 17.719 -42.602
S -15.812 18.122 -42.444
D -16.218 17.803 -38.617
E -17.788 14.309 -39.01
Y -14.661 12.861 -40.737
D -11.722 11.452 -38.664
Y -8.864 10.884 -41.156
W -7.78 13.308 -43.9
G -5.553 13.503 -46.959
Q -3.064 16.224 -48.052
G -5.327 17.098 -50.999
T -4.862 17.702 -54.75
Q -5.351 20.961 -56.684
V -7.879 21.064 -59.552
T -7.889 24.165 -61.773
V -10.416 24.634 -64.584
S -10.102 26.99 -67.686
