tag x y z
A -1.429 5.754 -20.767
V -1.754 3.018 -18.041
Q -3.617 0.05 -19.458
L -5.154 -2.887 -17.626
Q -5.581 -6.463 -18.827
E -7.73 -9.202 -17.319
S -6.922 -12.866 -17.531
G -7.852 -16.164 -15.985
G -11.435 -16.543 -17.289
G -12.883 -19.836 -18.471
L -15.556 -22.485 -18.11
V -15.917 -23.793 -14.607
Q -18.275 -26.164 -12.902
P -20.793 -25.052 -10.279
G -19.064 -25.027 -6.962
G -15.677 -24.729 -8.501
S -12.919 -22.132 -8.206
L -11.157 -19.684 -10.549
R -8.559 -17.002 -9.978
L -8.598 -13.896 -12.132
S -5.683 -11.518 -12.632
C -5.491 -7.859 -13.647
A -2.123 -6.714 -14.885
A -1.348 -3.05 -15.178
S 1.223 -1.36 -17.442
G 3.046 1.761 -16.12
R 4.674 2.653 -12.88
T 1.888 4.014 -10.734
F -0.041 0.798 -9.855
S 0.342 1.143 -6.096
S -0.884 4.787 -6.064
Y -4.448 3.861 -6.937
N -7.393 2.019 -5.591
M -8.644 -0.768 -7.879
G -11.833 -2.728 -8.51
W -13.541 -5.552 -10.266
F -16.868 -5.38 -12.018
R -18.945 -7.869 -14.101
Q -21.369 -7.706 -16.97
A -23.719 -10.442 -18.263
P -25.714 -10.072 -21.406
G -28.903 -8.225 -20.786
K -27.521 -6.507 -17.664
G -25.26 -3.596 -17.019
R -21.696 -3.566 -15.64
E -21.986 -4.131 -11.837
F -19.717 -3.882 -8.807
V -18.012 -7.052 -7.56
A -15.135 -6.03 -5.293
S -12.584 -3.253 -4.62
I -9.314 -2.687 -2.747
T -7.432 0.385 -1.683
S -4.069 1.372 -3.05
S -2.206 -0.032 -0.034
G -4.358 -3.146 0.382
D -5.529 -1.919 3.764
K -9.273 -2.142 2.986
S -11.441 -4.146 0.673
D -15.125 -4.167 -0.176
Y -17.558 -6.65 -1.844
T -21.022 -6.75 -3.306
D -23.271 -8.724 -0.971
S -23.806 -11.682 -3.373
V -20.076 -12.535 -3.457
K -19.08 -11.824 0.173
G -17.574 -14.916 1.725
R -16.943 -16.526 -1.671
F -14.651 -14.144 -3.429
T -11.399 -12.582 -2.285
I -9.727 -9.541 -3.804
S -6.03 -8.934 -3.272
R -3.13 -7.116 -4.921
D 0.617 -7.582 -5.372
N 1.953 -4.063 -5.421
A 5.465 -5.222 -6.353
K 4.096 -6.977 -9.472
N 1.578 -4.505 -10.817
T -1.164 -7.212 -10.443
M -4.535 -7.488 -8.769
Y -6.351 -10.753 -8.247
L -9.873 -12.082 -7.748
Q -10.096 -15.494 -6.134
M -13.52 -16.873 -6.833
N -14.671 -19.867 -4.786
N -17.938 -21.734 -4.726
L -18.972 -20.396 -8.123
K -22.694 -20.299 -8.996
P -24.465 -20.04 -12.433
E -25.547 -16.417 -11.485
D -21.735 -15.538 -11.45
T -21.445 -16.072 -15.244
A -20.297 -12.75 -16.825
T -17.45 -10.881 -18.428
Y -15.281 -9.627 -15.514
Y -13.524 -6.275 -15.864
C -10.9 -4.657 -13.813
A -10.726 -0.893 -13.352
R -8.701 1.836 -11.606
G -10.351 3.914 -8.869
L -11.231 7.575 -9.289
G -10.691 9.67 -6.266
I -9.411 8.573 -2.918
Y -12.308 6.406 -1.759
I -13.274 2.975 -2.909
I -16.98 2.999 -3.849
R -19.453 0.601 -5.484
A -20.717 2.922 -8.201
R -19.867 2.409 -11.894
G -18.756 6.059 -11.89
G -16.068 5.444 -9.308
Y -13.596 3.781 -11.715
D -12.055 4.09 -15.205
H -9.298 2.531 -17.269
W -11.524 -0.495 -17.894
G -9.853 -3.588 -19.348
Q -11.217 -5.53 -22.257
G -12.519 -8.21 -19.886
T -12.255 -11.902 -19.23
Q -15.239 -14.305 -19.706
V -16.282 -16.525 -16.806
T -18.921 -19.185 -17.502
V -20.258 -21.35 -14.663
S -21.973 -24.347 -16.46
