tag x y z
Q 36.683 4.39 22.85
V 36.366 7.703 21.034
K 37.88 10.926 22.277
L 36.698 14.213 20.783
E 38.397 17.612 20.694
E 36.787 20.859 19.538
S 38.833 23.611 17.928
G 38.395 26.75 15.861
G 36.606 28.899 18.422
G 37.29 32.289 19.989
S 36.034 35.842 19.441
V 34.183 36.963 16.33
Q 32.361 40.101 15.151
T 28.654 40.163 14.312
G 28.056 39.246 10.675
G 31.261 37.242 10.573
S 31.874 33.601 9.732
L 33.674 30.907 11.686
R 34.445 27.226 11.182
L 34.604 24.819 14.119
T 36.247 21.422 13.808
C 35.893 18.291 15.901
A 38.82 15.865 15.831
A 38.141 12.257 16.848
S 40.752 9.76 18.072
G 40.702 6.15 19.29
R 38.434 3.425 17.916
T 37.204 5.578 15.032
S 36.707 2.844 12.442
R 33.054 2.167 13.297
S 29.747 3.978 12.776
Y 29.214 7.24 14.668
G 26.556 9.828 13.989
M 28.066 13.159 15.046
G 26.321 16.172 16.562
W 27.036 19.773 17.542
F 25.573 21.317 20.673
R 25.914 24.651 22.402
Q 25.362 25.997 25.895
A 24.932 29.703 26.541
P 25.287 30.964 30.153
G 22.141 30.309 32.184
K 20.501 28.414 29.315
E 20.509 24.609 28.928
R 22.548 22.691 26.348
E 20.729 22.747 23.006
F 21.111 20.884 19.712
V 22.688 22.748 16.745
S 23.431 20.291 13.951
G 23.842 16.574 13.343
I 25.335 14.371 10.625
S 25.143 10.653 9.838
W 28.115 8.269 9.6
R 27.985 8.294 5.796
G 27.412 12.062 5.734
D 24.314 11.866 3.552
S 21.839 12.756 6.281
T 22.062 16.024 8.196
G 19.928 18.021 10.597
Y 19.857 21.653 11.706
A 18.044 23.455 14.504
D 15.66 26.181 13.355
S 17.841 28.837 14.998
V 20.69 28.058 12.58
K 18.872 26.844 9.455
G 20.462 28.56 6.46
R 23.469 29.958 8.294
F 25.166 26.784 9.538
T 26.541 23.862 7.557
I 27.874 20.586 8.959
S 30.206 18.172 7.176
R 32.593 15.324 7.99
D 35.777 13.753 6.663
N 35.889 10.168 7.916
A 39.369 9.797 6.431
K 40.704 12.709 8.479
N 38.284 11.699 11.267
T 36.84 15.188 11.56
V 33.527 17.022 11.703
D 33.332 20.665 10.663
L 30.633 23.191 11.496
Q 30.61 26.205 9.148
M 28.913 29.087 10.922
N 28.043 32.179 8.87
S 26.136 35.406 9.559
L 26.941 35.025 13.261
K 24.894 36.905 15.857
P 25.384 37.672 19.571
E 22.64 35.089 20.185
D 25.117 32.448 18.977
T 27.513 33.16 21.831
A 28.024 29.923 23.768
I 30.327 26.996 24.449
Y 30.094 24.665 21.445
Y 30.322 20.949 22.21
C 30.982 18.171 19.74
A 29.425 14.726 20.322
A 29.332 11.176 18.951
A 26.557 8.547 19.062
A 27.443 4.933 18.259
G 25.444 3.95 15.185
S 24.714 5.481 11.786
A 22.137 8.126 12.587
W 22.448 11.546 14.212
Y 20.075 12.622 16.99
G 18.558 15.962 17.985
T 18.835 15.312 21.738
L 21.897 15.169 23.976
Y 20.555 11.993 25.604
E 21.444 9.714 22.675
Y 25.132 10.7 22.443
D 27.719 8.425 24.077
Y 30.879 10.579 23.859
W 31.386 14.31 24.394
G 34.085 16.902 23.837
Q 35.398 19.368 26.39
G 33.978 22.325 24.457
T 35.14 25.564 22.833
Q 33.966 29.053 23.669
V 32.577 31.093 20.788
T 32.012 34.775 21.521
V 30.172 37.094 19.153
S 30.446 40.851 19.669
S 29.064 43.941 17.935
