tag x y z
Q -3.318 4.086 6.974
V -6.842 4.249 8.39
Q -9.476 1.668 9.311
L -13.037 2.726 8.425
Q -16.41 1.846 9.976
E -19.801 3.106 8.737
S -22.834 3.546 10.971
G -26.336 4.969 10.594
G -27.477 2.574 7.869
G -31.013 1.247 7.615
L -34.496 2.106 6.412
V -36.031 5.574 6.145
Q -39.352 6.666 4.658
P -39.65 8.879 1.535
G -39.418 12.592 2.354
G -37.46 11.883 5.531
S -33.833 12.478 6.446
L -30.929 10.236 7.493
R -27.37 10.792 8.744
L -24.511 8.382 8.001
S -21.261 8.406 9.987
S -21.24 8.455 9.89
C -17.836 6.916 9.363
A -15.219 6.772 12.084
A -11.585 6.689 10.999
S -8.968 4.997 13.167
G -5.438 6.159 12.343
R -3.6 9.331 11.332
T -5.915 11.766 9.597
F -3.379 14.213 8.132
S -0.919 14.666 5.217
S -0.914 14.658 5.226
S -3.338 15.546 2.395
Y -5.967 13.29 3.955
A -9.386 13.07 2.273
M -12.579 11.17 2.995
G -15.464 10.374 0.675
W -18.78 8.632 0.288
F -19.601 6.304 -2.591
R -22.793 4.355 -3.212
Q -23.907 1.326 -5.189
A -27.533 0.956 -6.245
P -28.922 -2.331 -7.681
G -27.507 -3.103 -11.147
K -25.199 -0.105 -10.971
Q -21.526 0.746 -10.574
R -20.062 2.161 -7.364
E -20.635 5.887 -7.857
F -19.142 8.99 -6.248
V -21.423 10.862 -3.836
A -19.351 13.45 -1.932
A -15.867 14.07 -0.562
I -14.037 16.371 1.84
R -10.464 17.535 2.476
W -9.633 17.095 6.164
S -7.441 20.219 6.092
G -9.007 23.36 4.637
G -12.485 21.856 4.208
Y -12.787 21.769 0.411
T -15.805 19.647 -0.573
Y -17.406 18.382 -3.772
Y -20.768 16.707 -4.467
T -22.08 14.665 -7.379
D -24.744 16.604 -9.314
S -27.684 14.384 -8.273
V -27.179 15.071 -4.537
K -25.963 18.694 -4.536
G -28.188 20.78 -2.24
R -29.72 17.676 -0.602
F -26.695 16.014 0.992
T -24.044 17.637 3.184
I -20.653 16.117 3.979
S -18.891 17.318 7.148
R -16.288 16.624 9.862
D -16.578 16.487 13.651
T -12.197 11.6 13.864
T -15.481 11.107 11.998
V -17.004 12.057 8.637
Y -20.786 12.548 8.258
L -23.176 12.383 5.339
Q -26.368 14.254 6.165
M -29.005 13.136 3.711
M -29.013 13.106 3.739
N -32.131 15.252 3.327
S -35.361 14.975 1.282
S -35.362 14.974 1.282
L -34.796 11.271 0.63
K -36.193 9.552 -2.449
P -36.53 5.827 -3.246
E -33.708 6.312 -5.811
D -31.214 7.099 -2.996
T -31.484 3.419 -2.017
A -27.998 1.895 -2.174
V -25.12 0.412 -0.243
Y -23.101 3.421 0.971
Y -19.345 3.104 1.351
C -16.993 5.334 3.293
C -17.011 5.391 3.189
A -13.566 5.814 1.667
A -10.371 7.618 2.548
T -6.968 8.292 1.077
Y -3.726 10.224 1.443
L -3.408 12.348 -1.679
S -0.047 12.693 -3.427
S 2.234 15.426 -2.029
D 1.828 17.566 -5.169
Y -2.0 17.634 -4.991
S -3.74 20.994 -4.971
R -4.936 21.766 -1.44
Y -8.42 22.484 -2.849
A -8.994 19.467 -5.087
L -10.599 16.03 -4.791
P -10.64 12.896 -6.979
Q -13.899 11.085 -7.769
R -12.989 7.669 -9.184
P -13.303 4.744 -6.76
L -9.726 3.556 -7.458
D -8.417 7.002 -6.481
Y -9.193 6.121 -2.819
D -6.943 3.617 -1.036
Y -9.004 2.809 2.091
W -12.58 1.512 2.211
G -15.287 0.645 4.707
Q -17.432 -2.468 4.308
G -20.515 -0.536 3.199
T -23.928 -0.146 4.797
Q -27.378 -0.449 3.256
V -29.639 2.594 3.109
T -33.196 1.843 1.981
V -35.683 4.6 1.177
S -39.108 2.928 1.137
