tag x y z
Q 12.755 81.329 173.895
V 10.268 80.072 176.476
Q 10.485 78.252 179.81
L 8.264 77.827 182.856
Q 9.525 77.32 186.389
E 7.7 76.311 189.552
S 7.915 77.405 193.174
G 6.796 75.605 196.321
G 6.916 72.062 194.965
G 7.751 69.912 197.974
L 6.522 67.205 200.337
V 3.467 67.18 202.633
Q 1.03 64.696 204.222
A -2.703 64.198 203.644
G -4.741 67.273 204.568
G -1.988 69.836 204.081
S -2.056 72.925 201.875
L 0.755 73.145 199.322
R 0.607 76.523 197.569
L 2.509 76.491 194.238
S 3.404 79.04 191.571
C 4.395 78.914 187.892
A 6.674 81.604 186.516
A 6.437 82.133 182.768
S 8.919 84.426 181.042
G 9.402 84.681 177.289
R 7.703 86.246 174.29
T 3.972 85.961 173.482
F 0.762 87.984 173.781
N -2.134 86.418 171.814
S -3.644 83.816 174.177
A -0.721 82.226 176.048
V -2.288 80.928 179.243
M -0.548 79.146 182.075
G -1.428 75.497 182.815
W -0.211 72.795 185.207
F 0.428 69.06 184.802
R 0.809 65.893 186.848
Q 2.306 62.561 185.832
A 3.239 59.282 187.487
P 5.807 56.738 186.273
G 4.412 53.673 184.51
K 1.413 55.792 183.525
E 0.392 58.512 181.054
R 0.436 62.252 181.753
Q -2.693 63.875 183.174
F -3.561 67.585 183.342
V -4.39 69.771 186.357
A -5.742 73.333 186.006
T -5.62 76.24 183.539
I -6.547 79.947 183.64
D -7.166 81.625 180.315
W -5.096 84.702 179.491
S -8.211 86.276 178.076
G -10.214 87.296 181.106
E -12.741 84.47 181.383
Y -12.112 81.816 184.068
T -10.211 78.542 184.819
Y -10.475 74.83 183.908
Y -10.204 72.285 186.726
A -9.941 68.514 186.174
D -12.618 66.062 187.395
S -10.083 64.704 189.874
V -8.644 67.86 191.35
K -11.564 70.325 191.016
G -13.222 71.63 194.2
R -9.944 71.338 196.076
F -7.366 73.237 194.048
T -7.334 76.992 193.447
I -5.375 79.17 190.98
S -4.308 82.828 190.671
R -2.23 85.38 188.777
D 0.563 87.809 189.664
N -1.842 90.623 188.653
A 0.997 92.934 187.616
K 3.137 90.364 185.806
N 2.936 86.845 184.334
T 2.71 84.057 186.941
V 0.09 81.551 188.202
Y -0.302 80.737 191.899
L -2.275 77.563 192.464
Q -3.011 76.777 196.096
M -3.195 73.021 196.562
T -5.723 72.319 199.324
S -6.253 68.793 200.722
L -3.876 66.567 198.742
K -4.538 62.833 198.85
P -1.695 60.247 198.625
E -2.944 59.797 195.051
D -1.8 63.304 194.173
T 1.794 62.124 194.493
A 3.254 62.986 191.099
L 5.643 65.132 189.1
Y 4.027 68.525 188.432
Y 5.214 70.534 185.421
C 3.515 73.796 184.411
A 2.785 74.227 180.684
A 1.842 77.267 178.575
R -0.708 77.737 175.766
L -0.112 77.573 172.088
T -2.255 79.325 169.494
L -2.434 75.887 167.854
G -3.817 74.795 171.102
Q -1.653 71.718 171.295
F 0.849 71.736 174.111
D 4.154 72.809 172.613
Y 5.377 74.73 175.642
W 6.865 73.056 178.732
G 8.977 73.848 181.783
Q 11.13 72.532 184.629
G 8.485 70.717 186.689
T 8.653 69.575 190.322
Q 7.967 66.304 192.148
V 5.335 66.255 194.906
T 5.088 63.4 197.436
V 1.953 62.818 199.526
S 1.414 60.359 202.391
S -1.124 60.123 205.219
