tag x y z
E -46.067 31.322 -9.498
V -43.688 32.793 -12.068
Q -42.345 30.503 -14.781
L -40.807 30.105 -18.216
V -42.15 27.582 -20.709
E -39.679 26.797 -23.465
S -40.229 24.968 -26.724
G -38.794 24.419 -30.178
G -35.284 23.303 -30.997
G -33.991 19.88 -31.942
L -31.677 18.606 -34.664
V -30.816 20.219 -38.011
Q -28.206 20.001 -40.761
P -25.592 22.757 -40.695
G -27.096 25.823 -42.364
G -30.601 24.754 -41.37
S -32.865 26.683 -39.018
L -34.938 26.404 -35.862
R -37.275 28.543 -33.786
L -37.284 28.641 -30.012
S -40.16 30.004 -27.974
C -40.274 31.026 -24.332
A -43.618 31.831 -22.738
A -43.551 33.622 -19.415
S -46.259 33.455 -16.813
G -45.889 36.016 -14.048
F -44.422 39.017 -15.916
T -45.059 41.614 -18.526
L -42.064 40.844 -20.762
D -41.623 44.434 -21.918
Y -40.759 45.429 -18.333
Y -37.726 43.123 -18.398
S -34.732 41.98 -20.367
I -35.729 38.524 -21.534
G -33.806 36.243 -23.79
W -31.528 33.299 -24.295
F -28.096 32.196 -23.293
R -26.604 28.804 -24.101
Q -24.287 26.227 -22.609
A -22.769 22.992 -23.879
P -21.651 20.325 -21.388
G -18.178 20.903 -19.948
K -18.005 24.339 -21.582
E -18.478 27.873 -20.25
R -21.706 29.825 -20.754
E -22.109 31.694 -24.034
G -24.285 34.694 -24.811
V -26.993 34.444 -27.454
S -29.718 37.074 -27.536
C -31.798 39.487 -25.464
I -34.923 41.616 -25.989
S -35.903 44.506 -23.779
D -38.334 47.286 -22.797
S -41.358 48.812 -24.541
D -39.702 49.4 -27.912
G -38.256 45.887 -27.833
R -34.578 46.797 -28.12
T -32.619 43.712 -29.186
Y -29.097 42.518 -28.39
Y -27.036 39.723 -29.929
A -23.843 37.874 -29.114
D -21.213 38.535 -31.783
S -21.164 34.866 -32.787
V -24.868 34.85 -33.753
K -25.255 38.37 -35.213
G -27.115 38.427 -38.516
R -28.079 34.778 -38.101
F -30.345 34.799 -35.065
T -33.365 37.044 -34.565
I -35.164 37.612 -31.281
S -38.733 38.903 -31.225
R -41.635 39.373 -28.826
D -45.39 38.804 -28.877
N -46.809 41.009 -26.116
A -50.321 39.555 -26.319
K -48.976 36.024 -25.836
N -46.335 37.319 -23.423
T -43.953 35.161 -25.441
V -40.47 35.644 -26.856
Y -39.24 33.863 -29.973
L -35.73 33.162 -31.231
Q -35.398 32.517 -34.956
M -32.155 30.617 -35.522
N -31.006 30.616 -39.148
S -27.733 29.551 -40.803
L -26.966 27.283 -37.857
K -23.358 26.128 -37.471
P -22.037 23.128 -35.51
E -20.666 25.348 -32.71
D -24.247 26.487 -32.065
T -24.852 23.055 -30.559
A -25.774 23.625 -26.923
V -28.58 23.794 -24.407
Y -30.382 27.099 -24.795
Y -31.886 28.619 -21.655
C -34.541 31.331 -21.633
A -33.606 33.859 -18.954
T -34.7 37.025 -17.181
D -32.287 39.889 -16.552
C -30.94 38.59 -19.794
T -27.539 39.799 -20.947
V -25.317 38.976 -23.878
D -22.18 40.58 -22.436
P -19.432 37.888 -22.345
S -18.188 39.179 -18.979
L -21.602 39.101 -17.275
L -23.253 35.86 -18.416
Y -23.23 34.349 -14.923
V -25.382 37.109 -13.413
M -28.271 35.207 -15.002
D -29.6 32.87 -12.29
Y -33.337 32.961 -13.062
Y -33.831 30.857 -16.189
G -36.133 28.225 -17.594
K -34.143 24.975 -17.963
G -33.016 23.31 -21.155
T -34.059 23.423 -24.727
Q -31.508 21.304 -26.635
V -30.327 22.499 -30.035
T -28.016 20.24 -32.04
V -26.391 21.114 -35.362
S -24.797 18.195 -37.203
S -24.44 16.747 -40.699
A -26.633 13.647 -40.467
