tag x y z
Q -11.289 -29.53 -7.574
V -8.218 -29.163 -5.338
Q -7.992 -28.026 -1.708
L -5.884 -25.545 0.251
Q -5.268 -26.278 3.936
E -4.158 -23.228 5.926
S -2.672 -23.316 9.422
G -0.566 -21.323 11.861
G -2.524 -18.164 12.616
G -3.937 -16.876 15.878
L -3.256 -14.224 18.484
V 0.25 -12.761 18.83
Q 1.939 -9.962 20.796
A 3.406 -6.904 19.058
G 6.863 -7.807 17.79
G 6.101 -11.507 18.089
S 6.815 -14.134 15.442
L 4.332 -16.305 13.56
R 4.513 -19.01 10.889
L 1.663 -19.488 8.421
S 1.51 -22.755 6.491
C -0.478 -23.856 3.444
A -0.529 -27.29 1.807
A -1.985 -27.854 -1.672
S -4.044 -31.039 -1.862
G -4.556 -32.101 -5.469
S -2.977 -31.944 -8.908
I -1.603 -28.49 -9.733
F 0.284 -27.61 -12.938
A 4.075 -27.704 -12.699
L 4.198 -23.939 -13.293
N 2.426 -21.816 -10.673
I 2.55 -19.019 -8.093
M 1.846 -19.974 -4.497
G 1.476 -17.131 -2.009
W -0.461 -15.197 0.625
Y -2.922 -12.296 0.45
R -4.378 -10.232 3.313
Q -7.383 -8.03 4.116
A -6.817 -5.396 6.807
P -9.886 -4.168 8.75
G -11.717 -1.926 6.281
K -9.052 -2.158 3.575
Q -8.699 -3.978 0.241
R -7.155 -7.389 -0.418
E -3.397 -6.993 -0.728
L -0.594 -9.307 -1.852
V 1.702 -10.198 1.057
A 4.241 -12.738 -0.17
A 4.307 -14.972 -3.248
I 6.609 -17.718 -4.523
H 6.974 -18.979 -8.102
S 7.35 -22.707 -8.781
G 10.834 -21.875 -10.03
G 11.943 -20.631 -6.633
T 11.928 -16.839 -7.003
T 9.841 -14.711 -4.615
N 7.998 -11.389 -4.309
Y 6.794 -9.31 -1.348
A 4.74 -6.216 -0.567
N 6.686 -3.036 0.179
S 5.362 -3.121 3.748
V 6.607 -6.603 4.636
K 10.031 -6.661 2.938
G 12.75 -7.488 5.452
R 10.229 -8.69 8.016
F 8.285 -11.385 6.166
T 9.895 -14.272 4.308
I 8.271 -16.932 2.144
S 9.575 -20.41 1.36
R 8.225 -23.707 0.042
D 8.631 -27.466 0.43
N 10.259 -30.06 -1.823
A 7.425 -31.638 -3.796
A 4.613 -31.608 -1.24
N 3.687 -28.19 -2.702
T 3.512 -26.724 0.804
V 4.279 -23.061 1.47
Y 5.55 -21.638 4.757
L 5.291 -17.935 5.545
Q 7.659 -16.681 8.255
M 6.362 -13.486 9.87
N 8.813 -11.792 12.251
S 8.621 -8.415 14.02
L 4.82 -8.29 13.766
K 3.14 -4.877 13.847
P -0.472 -3.798 14.515
E -0.905 -2.915 10.815
D -0.226 -6.557 9.941
T -3.479 -7.547 11.658
A -5.675 -9.006 8.917
V -7.13 -12.098 7.252
Y -4.531 -14.206 5.455
Y -5.59 -16.243 2.41
C -3.464 -18.943 0.784
N -3.413 -18.604 -3.002
V -2.324 -20.625 -6.032
K -2.034 -19.286 -9.587
D -2.233 -22.336 -11.87
F -1.101 -21.865 -15.499
G -2.896 -24.865 -17.005
A -4.244 -22.841 -19.902
I -1.11 -20.813 -20.711
I -3.16 -17.866 -21.938
Y -4.654 -17.154 -18.535
D -4.333 -18.232 -14.904
Y -6.644 -20.234 -12.615
D -6.856 -19.035 -8.997
Y -7.346 -21.376 -6.051
W -7.994 -19.733 -2.69
G -7.7 -20.831 0.925
Q -10.45 -20.664 3.536
G -8.731 -17.872 5.464
T -6.917 -17.589 8.797
Q -7.13 -14.658 11.207
V -3.987 -13.008 12.559
T -4.412 -10.535 15.418
V -1.525 -8.423 16.72
S -1.892 -7.01 20.248
S -1.301 -3.282 19.772
