tag x y z
Q -11.181 -29.45 -7.727
V -8.146 -29.146 -5.448
Q -8.014 -28.109 -1.791
L -5.935 -25.668 0.262
Q -5.239 -26.403 3.932
E -4.217 -23.303 5.88
S -2.71 -23.553 9.363
G -0.661 -21.531 11.834
G -2.706 -18.391 12.433
G -3.733 -17.098 15.844
L -3.191 -14.42 18.481
V 0.299 -12.939 18.842
Q 2.031 -10.217 20.875
A 3.47 -7.15 19.14
G 6.923 -8.12 17.897
G 6.31 -11.845 18.215
S 6.881 -14.346 15.417
L 4.311 -16.51 13.642
R 4.465 -19.27 11.024
L 1.741 -19.666 8.396
S 1.405 -22.75 6.193
C -0.641 -23.813 3.17
A -0.892 -27.359 1.817
A -2.195 -27.906 -1.714
S -4.065 -31.207 -1.953
G -4.571 -32.119 -5.601
S -3.036 -31.938 -9.066
I -1.621 -28.528 -9.984
F 0.254 -27.561 -13.166
A 4.056 -27.578 -12.878
L 4.272 -23.824 -13.476
N 2.52 -21.902 -10.704
I 2.624 -19.047 -8.19
M 1.84 -20.083 -4.618
G 1.494 -17.172 -2.204
W -0.298 -15.321 0.582
Y -2.709 -12.377 0.476
R -4.393 -10.5 3.34
Q -7.359 -8.308 4.269
A -6.895 -5.647 6.945
P -9.931 -4.265 8.838
G -11.279 -1.632 6.449
K -8.719 -2.256 3.71
Q -8.781 -4.083 0.367
R -7.193 -7.478 -0.297
E -3.422 -7.004 -0.507
L -0.62 -9.333 -1.617
V 1.557 -10.428 1.297
A 4.118 -12.76 -0.249
A 4.13 -15.002 -3.321
I 6.63 -17.64 -4.437
H 6.995 -18.952 -7.985
S 7.545 -22.642 -8.757
G 10.974 -21.584 -10.001
G 12.118 -20.624 -6.517
T 11.912 -16.851 -6.99
T 9.888 -14.864 -4.449
N 8.02 -11.557 -4.167
Y 7.083 -9.509 -1.102
A 5.058 -6.366 -0.428
N 6.766 -3.082 0.465
S 5.455 -3.28 4.034
V 6.6 -6.842 4.729
K 9.898 -6.941 2.827
G 12.624 -7.4 5.428
R 10.244 -8.846 8.003
F 8.429 -11.639 6.154
T 10.119 -14.591 4.45
I 8.262 -17.073 2.246
S 9.512 -20.54 1.292
R 8.063 -23.838 0.07
D 8.278 -27.603 0.548
N 10.255 -29.782 -1.857
A 7.655 -32.212 -3.221
A 4.348 -31.892 -1.347
N 3.627 -28.386 -2.687
T 3.406 -26.799 0.766
V 4.214 -23.125 1.33
Y 5.504 -21.783 4.649
L 5.306 -18.082 5.519
Q 7.711 -16.859 8.203
M 6.379 -13.713 9.875
N 8.906 -12.054 12.186
S 8.571 -8.785 14.129
L 4.795 -8.495 13.737
K 3.022 -5.137 13.925
P -0.534 -4.012 14.822
E -1.103 -3.087 11.162
D -0.331 -6.681 10.168
T -3.533 -7.752 11.924
A -5.533 -9.086 8.986
V -7.173 -12.079 7.317
Y -4.569 -14.152 5.481
Y -5.592 -16.195 2.437
C -3.506 -18.873 0.741
N -3.409 -18.605 -3.043
V -2.398 -20.659 -6.08
K -1.962 -19.168 -9.553
D -2.102 -22.061 -12.024
F -0.693 -21.669 -15.542
G -2.253 -24.812 -17.011
A -4.262 -22.705 -19.45
I -1.106 -20.941 -20.688
I -3.052 -17.96 -22.061
Y -4.671 -17.176 -18.707
D -4.34 -18.232 -15.069
Y -6.636 -20.23 -12.782
D -6.873 -19.007 -9.182
Y -7.273 -21.281 -6.167
W -8.054 -19.78 -2.758
G -7.873 -20.974 0.837
Q -10.506 -20.754 3.562
G -8.532 -17.964 5.22
T -6.934 -17.682 8.652
Q -7.276 -14.893 11.211
V -4.158 -13.217 12.602
T -4.393 -10.793 15.525
V -1.475 -8.69 16.758
S -1.9 -7.3 20.278
S -1.282 -3.548 20.102
