tag x y z
Q -20.567 -4.278 19.812
V -18.817 -7.193 21.53
Q -18.277 -7.103 25.303
L -16.635 -9.38 27.884
V -17.857 -10.674 31.26
E -15.423 -12.48 33.595
T -16.558 -15.456 35.711
G -15.251 -18.377 37.76
G -13.602 -16.45 40.567
G -13.482 -17.958 44.033
L -11.617 -18.852 47.215
V -9.099 -21.664 46.894
Q -6.357 -23.478 48.801
P -2.684 -23.821 47.798
G -2.214 -26.336 44.978
G -5.864 -26.046 43.975
S -7.441 -25.285 40.603
L -10.08 -22.874 39.312
T -11.663 -22.028 35.951
L -12.341 -18.498 34.684
S -14.587 -17.56 31.76
C -14.391 -14.585 29.416
A -17.726 -14.508 27.58
G -18.373 -12.452 24.443
S -21.876 -11.187 23.683
G -22.595 -8.866 20.783
G -20.432 -10.637 18.218
T -17.602 -13.077 17.626
L -14.341 -12.583 19.473
E -13.059 -15.3 17.11
H -10.613 -13.024 15.278
Y -9.887 -10.903 18.343
A -6.952 -11.553 20.64
I -7.941 -11.899 24.289
G -5.579 -11.127 27.154
W -5.923 -11.939 30.839
F -4.611 -9.572 33.504
R -4.707 -9.589 37.285
Q -4.281 -6.936 39.945
A -3.274 -7.507 43.552
P -3.79 -4.927 46.336
G -1.22 -2.124 46.395
K 0.142 -3.475 43.119
E -0.287 -2.539 39.45
H -2.045 -4.71 36.856
E 0.117 -7.524 35.496
W -0.266 -9.44 32.228
L -0.897 -13.199 32.365
V -1.855 -14.684 28.999
C -2.232 -13.709 25.378
N -4.712 -15.89 23.513
R -4.718 -15.42 19.75
G -7.136 -17.27 17.493
E -6.885 -20.0 16.6
Y -4.541 -17.769 14.619
G -1.352 -17.239 16.597
S -0.045 -19.508 19.329
T -0.936 -18.682 22.94
V 1.585 -16.716 25.037
Y 2.004 -17.025 28.817
V 4.116 -14.996 31.217
D 6.88 -17.284 32.552
S 5.603 -17.327 36.173
V 2.251 -18.806 35.14
K 3.75 -20.969 32.365
G 2.622 -24.605 32.576
R 0.507 -23.678 35.587
F -2.118 -21.709 33.659
T -3.995 -22.813 30.548
A -6.043 -20.864 28.008
S -8.586 -22.319 25.581
R -11.479 -21.222 23.374
D -14.886 -22.626 22.632
N -16.063 -21.052 19.397
A -19.835 -20.683 19.177
K -19.701 -20.639 22.964
N -17.828 -17.487 22.099
T -15.776 -17.768 25.292
V -12.106 -17.705 26.251
Y -11.236 -19.834 29.275
L -8.427 -19.609 31.769
Q -7.925 -22.761 33.788
L -5.841 -21.966 36.858
N -3.794 -24.783 38.392
S -1.366 -25.115 41.306
L -2.376 -21.735 42.739
K -0.261 -19.945 45.355
P -1.269 -17.122 47.749
D 0.74 -14.813 45.479
D -1.744 -15.631 42.694
T -4.234 -13.611 44.754
G -6.009 -10.744 42.999
I -8.781 -9.667 40.639
Y -8.621 -11.265 37.189
Y -9.535 -9.266 34.084
C -9.994 -10.293 30.468
V -9.611 -7.796 27.631
S -8.852 -7.757 23.958
G -5.191 -6.844 24.128
C -1.867 -8.317 25.254
Y 1.223 -7.736 27.417
S 0.135 -4.196 28.182
W -3.223 -2.71 29.025
R -5.003 0.464 29.812
G -8.506 0.824 28.445
P -11.48 -0.351 30.213
W -11.408 -3.34 32.353
G -13.911 -4.63 33.219
Q -15.12 -5.665 36.647
G -12.87 -8.694 36.817
T -13.553 -11.883 38.768
Q -11.901 -12.339 42.168
V -9.414 -15.127 42.988
T -8.336 -15.732 46.606
V -5.87 -18.473 47.579
S -5.165 -19.042 51.271
