tag x y z
V 10.75 -3.261 -3.754
Q 11.36 -6.484 -5.675
L 12.222 -9.799 -4.022
V 14.112 -12.558 -5.856
E 14.573 -16.003 -4.291
S 17.235 -18.566 -5.168
G 18.894 -21.678 -3.748
G 15.974 -24.053 -4.114
G 16.433 -27.539 -5.459
L 16.199 -31.262 -4.905
V 17.78 -32.978 -1.917
Q 17.503 -36.439 -0.411
P 15.889 -36.768 3.026
G 18.378 -35.584 5.656
G 19.943 -33.11 3.228
S 20.4 -29.336 3.484
L 19.617 -26.282 1.385
R 20.112 -22.584 1.906
L 17.52 -20.271 0.403
H 18.53 -16.742 -0.554
H 18.544 -16.751 -0.559
C 16.366 -13.693 -1.112
A 17.722 -10.479 -2.588
A 15.676 -7.307 -2.164
S 16.044 -4.558 -4.771
G 15.64 -1.869 -2.127
S 16.445 -1.206 1.521
I 14.79 -3.579 3.984
A 16.332 -1.965 7.056
S 13.107 -0.293 8.165
I 10.766 -3.094 7.112
Y 9.34 -4.653 10.272
R 8.881 -8.322 9.203
T 10.921 -10.367 6.764
C 9.722 -13.955 6.461
W 9.747 -17.22 4.582
Y 6.439 -18.883 3.723
R 5.82 -22.157 1.935
Q 3.019 -23.684 -0.123
G 2.73 -27.402 -0.762
T 0.846 -28.849 -3.706
G -2.864 -28.091 -3.383
K -2.478 -26.485 0.039
Q -2.561 -22.932 1.383
R 0.554 -20.826 1.938
E 1.914 -21.048 5.493
L 4.483 -19.127 7.553
V 7.759 -20.995 8.075
A 10.02 -18.458 9.839
A 10.306 -14.724 10.424
I 12.793 -12.187 11.72
T 12.017 -8.613 12.732
S 13.984 -5.429 12.101
G 14.895 -5.625 15.779
G 16.291 -9.136 15.438
N 13.555 -11.188 17.136
T 12.711 -14.517 15.469
Y 9.784 -16.872 15.002
Y 9.727 -20.471 13.781
A 6.774 -22.698 12.925
D 6.656 -25.765 15.19
S 7.228 -28.03 12.182
V 10.698 -26.559 11.498
K 12.06 -25.506 14.898
G 15.643 -26.672 15.381
R 16.151 -27.475 11.704
F 15.802 -24.106 9.984
T 17.548 -20.817 10.705
I 16.406 -17.51 9.313
S 18.848 -14.642 8.917
R 18.599 -11.099 7.727
D 21.201 -8.592 6.477
N 19.935 -5.013 6.597
A 22.965 -3.564 4.808
K 23.004 -5.941 1.838
N 19.192 -6.236 1.829
T 19.032 -10.019 1.886
I 17.085 -12.632 3.813
D 18.281 -16.227 4.11
L 16.839 -19.544 5.236
Q 19.233 -22.307 6.21
M 17.38 -25.611 6.008
N 18.897 -28.677 7.664
S 17.672 -32.239 8.166
L 15.124 -31.908 5.375
K 12.135 -34.251 5.175
P 9.754 -35.121 2.317
E 7.115 -33.125 4.221
D 9.236 -30.008 3.588
T 8.565 -30.268 -0.143
A 6.915 -27.019 -1.253
V 7.358 -23.743 -3.078
Y 9.096 -21.354 -0.659
Y 8.367 -17.609 -0.833
C 10.206 -14.684 0.712
C 10.183 -14.699 0.731
N 8.079 -11.889 2.18
A 8.987 -8.379 3.312
D 6.127 -6.818 5.262
E 5.876 -3.399 6.925
A 2.962 -4.855 8.902
G 1.419 -1.536 9.929
I 4.64 0.019 11.258
G 5.734 2.896 9.032
G 3.282 1.735 6.391
F 1.351 -1.145 4.881
N 3.522 -2.349 1.99
D 3.835 -6.139 1.702
Y 6.275 -7.534 -0.848
W 6.414 -11.114 -2.112
G 8.992 -13.001 -4.126
Q 8.068 -15.228 -7.056
G 8.846 -18.4 -5.097
T 11.331 -21.255 -5.425
Q 10.714 -25.002 -5.441
V 12.185 -27.235 -2.75
T 11.846 -30.995 -3.219
V 12.955 -33.585 -0.681
S 12.818 -37.043 -2.222
S 14.636 -40.264 -3.006
A 15.622 -40.79 -6.635
H 12.736 -41.075 -9.074
H 12.117 -44.371 -10.86
S 11.227 -43.332 -14.411
