tag x y z
Q 18.136 -2.058 25.71
V 19.535 -0.348 22.63
Q 18.963 3.441 22.314
L 20.16 5.731 19.531
V 20.839 9.398 20.192
E 21.024 11.563 17.072
S 22.612 15.064 17.067
G 23.031 17.761 14.421
G 20.909 18.996 11.507
G 18.924 22.194 10.902
L 18.89 24.976 8.37
V 22.157 25.667 6.453
Q 23.217 27.68 3.383
A 23.996 26.002 0.074
G 27.738 25.339 0.051
G 27.933 25.215 3.823
S 28.776 22.213 5.914
L 27.622 20.517 9.086
R 28.027 17.341 11.093
L 25.53 14.651 12.156
S 26.365 12.341 15.052
C 24.729 9.149 16.3
A 25.654 7.219 19.515
A 24.225 3.927 20.46
S 23.899 2.911 24.086
G 22.605 -0.407 25.494
S 24.58 -2.629 23.185
I 27.016 -4.818 25.13
V 28.889 -5.304 21.868
N 30.142 -2.964 19.137
F 28.047 -2.265 16.068
E 28.308 -4.474 13.015
T 27.293 -1.603 10.72
M 26.248 1.96 11.611
G 25.37 5.012 9.567
W 22.701 7.184 7.959
Y 19.805 6.811 5.603
R 17.813 9.814 4.429
Q 14.347 10.351 3.094
A 13.685 13.305 0.891
P 10.003 14.173 0.763
G 8.253 12.48 -2.174
K 11.155 10.004 -2.241
E 12.049 6.568 -0.879
R 14.407 6.299 2.088
E 17.903 5.742 0.721
L 21.337 4.863 2.097
V 23.639 7.856 2.59
A 26.721 6.565 4.361
T 27.505 3.569 6.511
I 30.632 2.148 8.089
T 31.375 -1.38 9.364
N 33.216 -2.774 12.338
E 36.156 -3.377 9.903
G 35.952 0.378 9.255
S 34.89 -0.047 5.64
S 32.586 2.778 4.449
N 29.811 2.761 1.87
Y 28.341 5.913 0.289
A 25.476 6.901 -1.969
D 26.933 7.775 -5.406
S 25.55 11.312 -5.051
V 27.299 12.129 -1.784
K 30.579 10.454 -2.582
G 33.49 12.9 -2.184
R 31.159 15.378 -0.417
F 30.208 13.449 2.739
T 32.569 11.554 5.016
I 31.547 9.031 7.631
S 33.848 8.039 10.505
G 33.163 5.809 13.442
D 34.408 4.793 16.807
N 33.785 1.106 17.486
A 34.555 1.118 21.2
K 32.154 4.025 21.853
N 29.527 2.826 19.358
T 29.384 6.238 17.735
V 29.402 7.457 14.149
S 29.829 10.969 12.745
L 28.819 12.215 9.289
Q 30.686 15.308 7.978
M 28.555 16.952 5.305
N 30.494 19.342 3.076
S 29.398 21.286 0.005
L 25.707 20.952 0.746
K 23.366 20.941 -2.233
P 19.569 21.24 -2.708
E 19.336 17.451 -3.122
D 20.553 17.116 0.436
T 17.404 18.5 1.991
A 15.902 15.49 3.784
V 15.261 13.752 7.045
Y 18.365 11.802 8.065
Y 17.979 8.629 10.147
C 20.724 6.984 12.119
S 20.772 3.15 11.74
A 22.715 0.569 13.74
T 22.977 -3.17 13.477
T 22.98 -3.204 13.446
F 24.556 -5.46 16.02
G 25.582 -9.141 15.604
S 25.423 -12.101 18.039
R 25.454 -11.538 21.762
W 23.308 -13.625 24.063
P 20.381 -13.903 23.946
Y 20.341 -12.362 20.436
A 21.578 -13.51 17.075
H 21.354 -9.864 15.812
S 19.304 -6.668 16.042
D 18.801 -3.556 13.963
H 17.826 -0.097 15.109
W 16.575 3.163 13.627
G 16.675 6.711 14.968
Q 13.707 9.08 14.648
G 15.434 11.377 12.27
T 16.831 14.874 12.089
T 16.863 14.868 12.078
Q 16.083 17.179 9.19
V 18.73 19.066 7.305
T 17.392 21.931 5.207
V 19.651 23.53 2.647
S 18.536 27.166 2.111
