tag x y z
Q -4.851 -25.044 16.557
V -4.885 -21.197 17.14
Q -7.819 -19.366 18.831
L -8.096 -15.529 18.591
Q -9.99 -13.245 20.888
E -10.505 -9.658 19.629
S -11.403 -6.689 21.8
G -11.496 -2.914 22.029
G -12.759 -0.473 19.45
G -15.908 1.586 19.406
L -16.648 5.194 18.564
V -14.195 8.137 18.621
Q -14.075 11.667 17.342
P -11.768 12.605 14.457
G -8.225 12.987 15.831
G -9.121 10.439 18.539
S -7.377 7.227 19.558
L -8.315 3.661 20.408
R -6.612 0.369 21.179
L -7.591 -2.903 19.558
S -6.416 -6.178 21.141
C -6.186 -9.64 19.664
A -5.279 -12.411 22.102
A -3.928 -15.629 20.649
S -3.905 -19.076 22.277
G -2.892 -22.602 21.313
S -0.093 -23.302 18.837
I 1.741 -20.01 19.251
S 5.089 -21.385 18.121
S 3.745 -21.901 14.568
I 2.399 -18.357 14.066
T 4.594 -16.512 11.608
T 2.559 -13.284 11.439
M -0.355 -11.585 13.106
G -2.055 -8.481 11.864
W -5.091 -6.316 11.494
Y -6.957 -6.028 8.194
R -9.997 -3.9 7.303
Q -12.608 -3.948 4.502
G -11.247 -6.127 -0.59
R -9.853 -7.139 2.829
E -6.707 -4.962 3.06
L -3.66 -4.88 5.34
V -3.607 -2.274 8.099
A -0.621 -3.49 10.195
L 1.232 -6.729 10.727
I 3.893 -7.999 13.163
N 5.926 -11.143 12.485
S 7.307 -13.661 14.989
V 10.666 -11.771 15.296
G 8.808 -8.466 15.92
D 9.284 -6.78 12.502
T 6.309 -4.476 11.872
T 4.591 -3.455 8.603
Y 2.069 -0.618 8.101
A -0.275 0.334 5.254
G 0.71 3.715 3.764
S -2.672 5.072 4.777
V -1.941 4.472 8.535
K 1.818 4.809 9.093
G 2.839 7.301 11.789
R -0.717 7.16 13.145
F -1.159 3.45 14.022
T 1.356 1.373 16.023
I 1.254 -2.406 16.156
S 2.837 -4.133 19.168
R 2.813 -7.421 21.029
D 2.857 -8.406 24.667
N 4.536 -11.821 24.464
A 3.789 -12.435 28.161
K 0.078 -12.622 27.086
N 0.393 -13.528 23.397
T -1.642 -10.407 22.704
V -1.131 -8.134 19.761
Y -2.314 -4.526 19.982
L -3.263 -1.976 17.366
E -2.772 1.458 18.889
M -4.875 3.643 16.631
S -4.414 7.437 16.818
S -5.066 10.639 14.863
L -8.148 8.786 13.717
K -9.857 9.922 10.492
P -13.443 9.31 9.382
E -12.093 7.093 6.513
D -10.577 4.842 9.236
T -14.219 3.748 9.96
A -14.503 -0.006 9.307
V -14.621 -3.468 10.828
Y -11.042 -4.409 11.715
Y -10.179 -8.138 11.726
C -7.273 -9.814 13.427
N -5.471 -12.589 11.5
A -2.848 -15.103 12.568
F -1.008 -17.026 9.919
M 0.575 -20.354 10.793
S 3.115 -22.427 8.988
T 4.451 -25.879 10.091
N 7.596 -27.917 9.387
S 5.365 -30.306 7.399
G 4.544 -27.469 4.951
R 0.908 -27.337 6.143
T -0.376 -23.833 6.655
G -3.329 -22.226 8.397
S -4.952 -18.856 8.572
F -7.181 -17.758 11.471
W -9.478 -14.738 11.733
G -11.081 -13.026 14.684
Q -14.731 -12.0 14.602
G -14.08 -8.402 13.57
T -14.119 -5.269 15.734
Q -16.017 -2.121 14.691
V -14.205 1.248 14.71
T -16.234 4.335 13.857
V -14.712 7.805 13.658
S -17.363 10.477 13.415
S -18.517 13.967 14.514
