tag x y z
Q 18.969 1.212 -14.781
V 18.659 2.728 -11.244
Q 21.501 4.759 -9.68
L 21.585 5.369 -5.891
Q 23.322 8.184 -4.094
E 23.464 7.797 -0.299
S 24.391 10.543 2.117
G 24.132 11.577 5.763
G 26.308 9.106 7.674
G 28.66 9.79 10.562
L 29.47 9.646 14.247
V 26.901 10.431 16.943
Q 26.752 9.978 20.722
P 24.471 7.301 22.227
G 20.996 8.868 22.423
G 21.601 11.089 19.393
S 19.959 11.33 15.979
L 20.966 11.132 12.332
R 19.207 11.297 8.984
L 20.288 9.177 6.034
S 19.341 10.082 2.469
C 19.16 8.018 -0.696
A 18.467 9.716 -4.03
A 17.373 7.405 -6.816
S 17.934 8.22 -10.528
G 17.013 6.297 -13.73
S 13.88 4.113 -14.116
I 12.104 5.59 -11.084
S 8.648 4.174 -11.994
S 9.882 0.548 -12.129
I 11.143 0.601 -8.458
T 8.99 -1.612 -6.219
T 10.587 -1.001 -2.828
M 13.478 0.974 -1.496
G 15.059 0.303 1.84
W 17.937 0.432 4.249
Y 19.863 -2.595 5.268
R 22.839 -2.623 7.545
Q 25.89 -4.711 7.958
D 28.511 -5.007 10.684
P 31.984 -6.426 9.857
G 31.65 -10.16 8.988
K 27.921 -10.599 9.725
G 25.108 -10.961 7.184
R 23.297 -7.933 5.803
E 20.061 -7.287 7.648
L 16.815 -5.391 7.101
V 16.5 -2.013 8.775
A 13.462 -0.483 7.018
L 11.596 -0.544 3.686
I 8.999 1.543 1.974
N 7.211 0.229 -1.1
S 5.832 2.156 -4.024
V 2.442 2.711 -2.272
G 4.088 4.034 0.947
D 3.666 0.88 3.021
T 6.542 0.654 5.484
T 8.354 -2.197 7.283
Y 10.64 -1.967 10.305
A 13.106 -4.452 11.766
G 12.126 -5.397 15.344
S 15.384 -3.933 16.553
V 14.732 -0.377 15.141
K 10.954 0.1 15.159
G 9.854 3.227 17.068
R 13.361 4.715 16.868
F 13.873 4.859 13.117
T 11.421 6.277 10.573
I 11.678 5.643 6.846
S 9.983 8.082 4.491
R 10.006 9.139 0.835
D 9.747 12.344 -1.127
N 8.082 11.289 -4.393
A 8.789 14.623 -6.079
K 12.544 14.273 -5.315
N 12.719 10.521 -5.956
T 14.387 10.332 -2.495
V 14.073 8.06 0.594
Y 15.125 9.067 4.123
L 15.985 7.177 7.284
E 15.424 9.314 10.373
M 17.408 7.639 13.168
S 16.749 8.692 16.759
S 17.599 7.239 20.188
L 20.749 5.783 18.615
K 22.587 2.976 20.484
P 26.137 1.618 20.185
E 24.58 -1.512 18.582
D 23.301 0.642 15.66
T 26.938 1.089 14.465
A 27.154 -0.417 11.014
V 27.505 0.387 7.348
Y 23.98 1.267 6.066
Y 23.154 0.475 2.422
C 20.369 1.956 0.387
N 18.616 -0.669 -1.803
A 16.151 -0.297 -4.681
F 14.296 -3.403 -5.74
M 12.645 -3.701 -9.108
S 10.144 -6.482 -9.687
T 8.949 -6.637 -13.324
N 5.809 -7.99 -15.034
S 7.963 -10.512 -16.881
G 9.016 -11.977 -13.494
R 12.638 -10.764 -13.783
T 13.928 -8.738 -10.852
G 16.725 -6.244 -10.321
S 18.155 -5.205 -6.964
F 20.458 -2.168 -6.791
W 22.707 -1.169 -3.867
G 24.347 2.088 -2.923
Q 27.992 2.054 -1.866
G 27.043 2.197 1.84
T 27.411 4.833 4.522
Q 29.046 4.376 7.958
V 27.071 5.21 11.091
T 29.033 5.018 14.331
V 27.409 5.544 17.707
S 30.04 6.021 20.448
