tag x y z
Q 23.858 -12.765 -6.529
V 20.35 -13.339 -8.008
Q 18.494 -15.961 -5.94
L 15.014 -17.496 -6.055
V 14.064 -18.891 -2.634
E 11.127 -21.285 -2.196
S 9.125 -21.617 1.007
G 5.766 -22.994 2.212
G 6.644 -26.685 1.817
G 5.844 -29.35 4.409
L 3.755 -32.447 5.142
A 0.026 -32.159 4.496
Q -2.712 -34.671 3.753
A -4.986 -35.582 0.841
G -7.803 -33.093 0.285
G -5.779 -30.402 2.113
S -3.766 -27.417 0.883
L -0.325 -25.82 0.836
R 0.829 -22.467 -0.473
L 4.308 -22.149 -1.913
S 6.081 -18.816 -2.212
C 9.167 -17.946 -4.223
A 10.954 -14.755 -3.164
A 13.384 -13.393 -5.725
S 16.337 -11.181 -4.764
G 19.159 -9.42 -6.611
R 17.194 -8.303 -9.672
T 13.589 -7.309 -10.411
F 11.426 -9.937 -12.131
S 8.42 -7.642 -12.609
M 8.5 -7.98 -16.428
D 9.434 -11.69 -16.533
P 7.218 -14.764 -16.668
M 7.764 -16.946 -13.592
A 6.943 -20.613 -13.262
W 6.791 -23.688 -11.05
F 8.221 -27.111 -11.835
R 8.301 -30.259 -9.71
Q 10.42 -33.411 -9.435
P 8.373 -36.376 -8.099
P 10.307 -39.233 -6.462
G 12.179 -41.346 -9.026
K 10.98 -39.159 -11.89
E 12.316 -36.243 -13.961
R 11.478 -32.584 -13.372
E 8.176 -31.616 -14.998
F 6.235 -28.401 -15.697
V 3.56 -27.369 -13.16
A 2.419 -23.824 -13.905
A 3.594 -20.59 -15.509
G 2.297 -17.055 -15.698
S 2.997 -13.561 -17.003
S 4.137 -10.689 -14.783
T 0.614 -9.192 -14.927
G -1.044 -12.524 -14.083
R -3.345 -12.132 -17.102
T -1.91 -15.21 -18.794
T -1.397 -18.492 -16.913
Y -0.786 -22.138 -17.855
Y -1.113 -25.362 -15.904
A -0.09 -28.989 -16.368
D -3.218 -31.101 -17.037
S -2.599 -32.954 -13.734
V -2.931 -29.857 -11.547
K -5.333 -27.676 -13.538
G -8.223 -26.358 -11.413
R -6.458 -27.433 -8.206
F -3.356 -25.206 -8.384
T -3.236 -21.438 -8.894
I -0.15 -19.415 -9.748
S -0.113 -15.737 -8.73
R 2.358 -12.97 -8.12
D 3.158 -9.878 -6.138
N 5.481 -7.746 -8.249
A 6.022 -5.244 -5.431
K 7.385 -8.091 -3.248
N 9.258 -9.665 -6.196
T 7.559 -13.006 -5.411
V 5.559 -15.746 -7.13
Y 3.157 -18.137 -5.39
L 1.592 -21.536 -5.974
Q -1.711 -22.141 -4.199
M -2.048 -25.924 -4.017
N -5.611 -27.089 -3.231
S -7.19 -30.554 -3.078
L -3.807 -32.187 -2.583
K -3.226 -35.715 -3.87
P -0.494 -38.168 -2.876
E 0.741 -37.813 -6.488
D 1.569 -34.162 -5.705
T 4.452 -35.363 -3.505
A 7.619 -33.848 -5.013
V 10.368 -31.278 -4.734
Y 8.928 -28.017 -6.117
Y 11.153 -25.507 -7.94
C 10.362 -21.933 -8.921
A 11.846 -20.562 -12.157
A 12.072 -17.219 -13.918
A 12.752 -15.554 -17.3
P 12.153 -18.312 -19.859
Y 14.355 -18.156 -22.949
G 12.877 -20.995 -24.979
A 9.955 -20.714 -27.404
N 7.302 -21.129 -24.724
W 6.856 -21.299 -20.964
Y 6.452 -25.116 -20.937
R 10.051 -25.84 -21.945
D 12.442 -26.09 -18.996
E 14.653 -23.301 -20.407
Y 14.66 -20.575 -17.744
A 17.4 -18.123 -16.894
Y 16.952 -18.54 -13.115
W 16.032 -21.505 -10.894
G 15.309 -21.933 -7.167
Q 16.895 -24.759 -5.137
G 13.517 -26.32 -4.47
T 11.378 -27.219 -1.475
Q 9.859 -30.569 -0.421
V 6.09 -31.083 -0.548
T 4.765 -34.363 0.867
V 1.076 -35.38 0.795
S 0.158 -38.422 2.93
S -2.869 -40.659 2.213
