tag x y z
V -14.625 18.588 64.027
K -11.666 16.983 62.222
L -8.531 19.001 61.418
E -6.061 18.234 58.649
E -2.675 19.967 58.547
S -0.43 20.469 55.534
G 2.584 22.429 54.294
G 5.377 20.96 56.415
G 8.974 20.446 55.428
L 12.345 22.143 55.299
V 13.415 25.73 54.618
Q 16.687 27.698 54.914
A 17.076 30.397 57.586
G 15.424 33.662 56.482
G 12.991 31.751 54.261
S 9.189 31.458 54.315
L 6.736 28.577 54.759
R 2.922 28.493 54.944
L 1.066 25.86 56.983
S -2.617 25.004 56.502
C -5.216 23.724 58.973
A -8.35 22.543 57.141
A -11.569 21.584 58.929
S -14.148 18.99 57.897
E -17.19 20.959 59.118
R -18.573 24.525 58.855
T -18.756 24.835 62.691
F -14.961 25.445 62.688
S -15.62 28.993 61.457
R -17.495 29.835 64.716
Y -14.457 29.273 66.977
P -10.974 30.706 67.671
V -8.125 28.607 66.308
A -4.515 28.485 67.517
W -1.121 27.142 66.477
F 1.128 25.511 69.075
R 4.616 24.047 68.471
Q 6.522 21.282 70.228
A 10.178 20.256 70.268
P 10.961 16.548 70.93
G 10.192 15.55 74.543
A 9.092 19.123 75.324
E 5.69 20.787 75.861
R 3.331 22.376 73.295
E 4.186 26.093 73.378
F 1.822 28.846 72.194
V 2.582 30.46 68.799
A -0.506 32.36 67.586
V -4.311 32.46 67.832
I -7.055 33.94 65.597
S -10.624 34.907 66.535
S -13.677 33.241 64.961
T -14.174 36.519 63.053
G -10.684 36.294 61.52
T -9.833 39.943 62.342
S -8.398 39.657 65.884
T -5.061 37.897 66.468
Y -2.485 37.324 69.244
Y 1.146 36.275 68.754
A 3.859 34.941 71.051
D 6.327 37.834 71.45
S 8.86 35.424 69.882
V 7.066 35.422 66.5
K 5.299 38.808 66.334
G 6.293 40.55 63.094
R 7.536 37.348 61.43
F 4.48 35.049 61.557
T 0.933 35.842 60.371
I -2.156 33.82 61.297
S -5.23 34.146 59.024
R -8.313 32.19 57.945
D -10.33 31.607 54.764
N -14.027 31.229 55.554
A -14.869 29.686 52.146
K -12.206 26.986 52.603
V -12.839 26.467 56.356
T -9.028 26.765 56.718
V -6.638 28.597 59.043
Y -3.095 29.394 57.911
L 0.204 30.129 59.573
Q 2.399 32.182 57.239
M 5.965 32.0 58.55
N 8.49 34.571 57.329
N 12.133 35.278 58.276
L 12.371 31.759 59.709
K 15.087 31.012 62.303
R 16.549 27.682 63.517
E 14.713 28.375 66.795
D 11.402 27.845 64.9
T 12.258 24.191 64.158
A 9.488 22.154 65.785
V 6.379 20.073 65.233
Y 3.462 22.422 64.583
F -0.133 21.725 65.688
C -3.353 23.602 65.01
A -6.239 23.413 67.499
V -9.811 24.611 68.166
N -10.951 26.274 71.45
S -14.752 26.096 71.342
Q -15.083 27.678 74.819
R -13.127 30.796 73.718
T -11.372 30.633 77.114
R -7.704 31.166 78.117
L -6.404 30.966 74.536
Q -2.689 30.591 75.431
D -3.256 27.363 77.346
P -3.217 24.145 75.242
N -5.311 22.275 77.84
E -8.267 24.549 76.984
Y -8.331 23.252 73.365
D -10.74 20.408 72.577
Y -9.822 19.412 68.973
W -6.312 18.996 67.555
G -4.681 18.553 64.139
Q -2.179 15.703 63.695
G 0.981 17.829 63.811
T 3.589 18.379 61.098
Q 7.375 18.823 61.152
V 8.896 22.175 60.239
T 12.702 22.274 59.931
V 14.767 25.438 59.501
S 18.366 24.763 58.473
S 21.143 27.271 59.261
G 23.959 24.945 58.187
S 24.854 25.328 54.521
E 26.959 22.559 52.962
Q 24.409 19.73 53.33
K 22.022 21.587 51.004
L 24.272 22.208 47.993
I 23.172 19.235 45.863
S 19.462 20.05 46.384
E 20.293 23.679 45.557
