tag x y z
V -52.628 4.087 26.036
K -55.191 4.55 27.3
L -55.92 5.071 31.02
E -57.554 8.379 32.065
E -58.477 9.355 35.637
S -61.024 11.859 36.98
G -62.681 12.846 40.274
G -59.842 13.974 42.546
G -60.085 17.181 44.589
L -59.516 19.137 47.809
V -61.909 18.227 50.628
Q -61.961 18.041 54.412
A -61.647 15.196 56.951
G -64.71 12.931 56.905
G -65.553 13.858 53.301
S -66.349 11.539 50.391
L -64.936 11.346 46.848
R -65.447 9.003 43.903
L -62.494 8.377 41.583
S -62.715 7.16 37.995
C -60.313 5.138 35.861
A -61.222 5.234 32.165
A -59.945 2.989 29.373
S -60.714 3.629 25.699
E -59.742 0.03 24.819
R -61.912 -3.041 25.469
T -58.904 -5.262 26.299
F -59.55 -3.82 29.78
S -62.076 -6.286 31.266
R -59.629 -9.17 30.769
Y -57.315 -8.095 33.622
P -57.435 -7.015 37.302
V -57.117 -3.27 38.04
A -55.635 -1.598 41.103
W -55.39 1.784 42.794
F -52.119 3.076 44.161
R -51.366 6.388 45.876
Q -48.083 8.223 46.604
A -47.598 10.904 49.248
P -45.36 13.759 47.968
G -41.842 12.333 47.438
A -42.545 8.97 49.154
E -43.161 5.404 47.835
R -46.165 4.27 45.747
E -48.295 2.282 48.224
F -51.098 -0.203 47.446
V -54.697 0.835 48.024
A -57.081 -1.66 46.403
V -57.403 -4.21 43.6
I -60.389 -5.749 41.813
S -60.496 -9.005 39.834
S -61.234 -8.905 36.096
T -64.764 -10.096 36.958
G -65.852 -7.918 39.913
T -66.157 -11.107 42.019
S -63.168 -10.488 44.195
T -61.44 -7.524 45.829
Y -58.553 -6.817 48.186
Y -57.88 -3.757 50.297
A -54.902 -2.26 52.082
D -55.376 -2.14 55.858
S -55.553 1.6 56.477
V -58.395 1.957 53.93
K -60.469 -1.212 54.565
G -64.156 -0.384 55.157
R -63.652 3.314 54.287
F -62.913 2.623 50.588
T -64.736 0.548 47.997
I -63.461 -0.527 44.578
S -65.9 -1.623 41.862
R -65.911 -1.863 38.07
D -68.324 -1.222 35.212
N -67.297 -3.458 32.312
A -70.208 -2.062 30.305
K -68.246 1.231 30.246
V -64.894 -0.444 31.08
T -64.454 1.858 34.071
V -62.92 1.36 37.511
Y -64.282 3.421 40.407
L -62.831 4.142 43.826
Q -65.422 5.189 46.404
M -63.623 6.995 49.232
N -65.5 7.716 52.485
N -64.383 9.202 55.805
L -61.215 10.747 54.389
K -58.374 11.183 56.869
R -55.306 13.478 56.659
E -53.141 10.445 55.724
D -55.231 9.691 52.575
T -53.563 12.709 50.858
A -51.759 11.72 47.656
V -51.899 11.476 43.895
Y -54.027 8.407 43.212
F -53.164 5.959 40.462
C -55.086 3.224 38.712
A -53.034 0.65 36.809
V -53.39 -2.661 34.969
N -51.527 -5.915 35.685
S -51.678 -8.299 32.709
Q -49.391 -10.916 34.269
R -51.972 -11.201 37.105
T -48.996 -11.595 39.458
R -48.207 -10.09 42.87
L -51.053 -7.576 42.45
Q -50.002 -5.489 45.458
D -46.553 -4.731 44.021
P -46.522 -1.516 41.912
N -43.489 -2.592 39.805
E -45.497 -5.568 38.516
Y -47.794 -3.192 36.61
D -47.818 -2.753 32.842
Y -49.804 0.35 31.879
W -50.597 3.191 34.303
G -53.038 6.102 34.574
Q -52.583 9.881 34.388
G -52.915 10.451 38.154
T -55.446 12.61 40.024
Q -54.773 14.774 43.094
V -56.539 14.071 46.39
T -55.828 16.418 49.327
V -57.541 16.151 52.749
S -57.236 18.99 55.308
S -58.386 19.537 58.92
