tag x y z
Q -11.755 -2.885 1.028
V -14.129 -3.875 3.882
Q -15.945 -0.841 5.386
L -18.646 -0.059 7.929
V -19.733 3.533 7.443
E -21.658 5.192 10.271
S -24.187 7.841 9.407
G -26.962 9.841 11.073
G -25.268 11.27 14.178
G -24.932 14.839 15.428
L -26.353 17.288 17.962
A -29.777 16.508 19.417
Q -31.956 17.734 22.258
A -32.806 15.785 25.355
G -36.037 13.856 24.734
G -35.326 13.994 21.002
S -34.579 11.08 18.688
L -31.834 10.125 16.161
R -31.366 7.212 13.735
L -27.872 5.833 13.127
S -27.129 3.84 9.947
C -24.197 1.591 9.345
A -23.808 0.743 5.651
A -21.343 -2.073 5.067
S -19.364 -2.886 1.933
G -16.616 -5.092 0.486
R -18.386 -8.284 1.559
T -21.905 -9.547 2.392
F -22.993 -9.405 6.018
S -26.358 -11.067 5.385
M -25.58 -13.883 7.844
D -23.542 -11.906 10.372
P -24.77 -10.37 13.583
M -24.233 -6.63 13.727
A -24.139 -4.3 16.711
W -23.389 -0.865 18.215
F -20.973 0.148 20.909
R -20.289 3.632 22.219
Q -17.571 5.617 23.903
P -18.784 8.419 26.193
P -16.123 11.181 26.406
G -13.59 10.375 29.139
K -14.985 6.901 29.659
E -14.113 3.636 27.926
R -16.072 1.943 25.11
E -19.202 0.036 26.125
F -21.84 -2.279 24.563
V -25.158 -0.801 23.355
A -27.106 -3.239 21.102
A -26.607 -6.402 18.986
G -28.769 -8.546 16.714
S -28.813 -11.617 14.475
S -29.089 -11.191 10.726
T -32.702 -12.502 10.901
G -33.609 -10.025 13.625
R -34.677 -12.887 15.913
T -31.989 -12.544 18.596
T -31.335 -9.035 19.961
Y -29.617 -7.765 23.114
Y -29.478 -4.35 24.773
A -27.417 -2.698 27.472
D -29.634 -2.11 30.553
S -29.448 1.695 30.18
V -30.838 1.806 26.638
K -33.495 -0.938 26.753
G -36.869 0.37 25.513
R -35.383 3.614 24.189
F -32.974 2.23 21.521
T -33.879 -0.307 18.825
I -31.62 -2.314 16.484
S -32.794 -3.49 13.018
R -31.525 -4.184 9.496
D -31.939 -4.51 5.793
N -29.559 -7.275 4.579
A -30.597 -6.272 1.085
K -28.59 -3.125 1.928
N -25.842 -4.679 4.135
T -27.033 -2.057 6.56
V -27.788 -1.924 10.29
Y -29.742 0.783 12.128
L -30.015 2.065 15.646
Q -33.247 3.925 16.342
M -32.437 6.145 19.322
N -35.489 7.544 21.15
S -35.911 9.686 24.254
L -32.298 10.848 24.194
K -30.521 11.72 27.465
P -27.293 13.7 27.994
E -25.551 10.468 29.129
D -26.125 9.123 25.598
T -23.508 11.652 24.396
A -20.727 9.418 22.9
V -18.848 8.381 19.767
Y -21.008 5.517 18.342
Y -19.403 2.576 16.553
C -21.081 -0.219 14.57
A -19.504 -3.646 14.587
A -20.03 -6.957 12.885
A -19.266 -10.685 12.859
P -18.758 -11.294 16.611
Y -16.297 -14.109 17.441
G -16.316 -14.241 21.238
A -18.483 -16.112 23.772
N -21.36 -13.596 23.8
W -22.311 -10.477 21.866
Y -21.686 -8.01 24.758
R -17.995 -8.723 24.576
D -16.236 -6.413 22.084
E -14.773 -9.284 20.053
Y -16.081 -8.45 16.576
A -14.202 -8.894 13.319
Y -15.281 -5.547 11.757
W -15.641 -1.977 13.069
G -16.668 1.406 11.768
Q -14.874 4.671 12.556
G -17.732 5.956 14.687
T -20.086 8.891 14.404
Q -20.406 11.66 17.049
V -23.546 12.104 19.101
T -23.905 15.095 21.428
V -27.154 15.354 23.44
S -27.806 18.845 24.835
