tag x y z
Q -9.754 3.27 19.833
V -10.557 6.201 17.515
Q -7.632 7.185 15.316
L -7.038 9.578 12.458
V -3.69 9.173 10.708
E -2.235 11.923 8.533
S 0.408 11.25 5.884
G 1.612 12.702 2.592
G 3.175 15.664 4.392
G 6.687 17.056 4.16
L 8.813 19.46 2.165
V 7.836 21.055 -1.142
Q 8.861 23.934 -3.449
A 6.53 26.918 -3.92
G 4.117 26.623 -6.877
G 4.424 22.847 -6.443
S 1.853 20.353 -5.16
L 1.061 17.937 -2.317
R -1.693 15.436 -1.561
L -2.458 15.035 2.14
S -4.096 11.809 3.201
C -6.112 11.073 6.341
A -6.868 7.459 7.274
A -9.734 6.877 9.707
S -10.39 3.935 12.006
G -12.683 3.441 15.019
L -15.839 5.129 13.712
T -18.493 4.872 11.032
F -16.607 7.052 8.564
S -19.595 7.707 6.306
R -21.292 9.543 9.166
Y -18.787 12.302 9.916
V -18.008 15.625 8.339
M -14.275 15.444 7.718
G -12.036 18.466 7.917
W -8.567 19.922 7.791
F -7.202 22.644 10.024
R -3.676 24.106 10.117
Q -1.422 25.734 12.713
A 1.725 27.559 11.713
P 4.068 28.469 14.623
G 3.29 32.086 15.54
K -0.329 31.669 14.446
E -3.595 30.235 15.688
R -5.047 27.006 14.348
E -7.29 27.936 11.407
F -9.944 26.146 9.39
V -8.699 25.008 5.972
A -11.287 22.757 4.3
A -14.217 20.455 5.034
I -16.352 17.828 3.395
T -19.846 16.602 4.055
W -20.974 12.965 4.392
G -22.362 13.416 0.858
G -19.152 14.923 -0.503
T -20.043 18.639 -0.612
P -16.816 20.52 0.073
N -16.095 23.95 1.551
Y -12.926 25.983 1.948
A -11.314 28.847 3.893
D -10.979 32.013 1.776
S -7.218 31.757 1.323
V -7.111 28.22 -0.102
K -10.253 28.508 -2.279
G -9.481 27.515 -5.882
R -6.049 26.149 -4.946
F -7.019 23.215 -2.707
T -9.465 20.379 -3.323
I -10.865 18.089 -0.594
S -12.454 14.69 -1.244
R -13.418 11.489 0.537
D -13.347 7.794 -0.14
N -16.111 6.341 2.062
S -15.213 2.79 0.992
K -11.589 3.235 2.199
N -12.251 5.467 5.272
T -9.908 8.036 3.77
Q -10.106 11.724 2.949
Y -7.761 13.7 0.781
L -6.517 17.272 0.606
Q -5.058 18.106 -2.804
M -2.887 21.172 -2.363
N -1.932 23.083 -5.525
S -0.112 26.406 -6.198
L 1.52 26.13 -2.799
K 2.805 29.29 -1.105
P 5.129 30.086 1.833
E 1.913 31.152 3.639
D 0.777 27.531 3.449
T 3.549 26.316 5.775
A 1.927 24.762 8.889
V 1.192 21.544 10.746
Y -1.998 20.23 9.117
Y -4.497 18.248 11.171
C -7.355 16.103 10.009
A -10.465 16.057 12.13
A -13.793 14.286 12.1
G -16.927 15.774 13.534
L -20.668 15.754 13.99
G -21.144 19.438 15.022
W -22.99 21.953 12.88
D -20.689 24.52 11.281
S -17.724 23.016 9.434
R -15.602 26.083 9.922
Y -15.21 25.614 13.626
S -12.818 23.632 15.719
Q -15.554 22.795 18.279
S -17.711 21.127 15.586
Y -15.173 18.294 15.524
N -14.787 15.536 18.076
Y -11.859 13.538 16.632
W -8.396 14.836 15.794
G -5.292 13.62 14.021
Q -1.74 14.041 15.278
G -0.897 16.481 12.489
T 1.722 16.431 9.754
Q 4.29 19.068 8.824
V 3.955 20.808 5.496
T 6.936 23.046 4.712
V 7.001 25.269 1.612
S 10.168 27.088 0.531
S 10.527 30.165 -1.689
