tag x y z
V 21.064 24.989 10.18
Q 19.412 26.559 7.109
L 16.324 28.145 8.743
Q 16.638 30.594 11.591
E 13.45 31.817 13.3
S 13.2 35.236 14.971
G 10.716 37.5 16.785
G 8.569 35.88 19.416
G 8.652 36.164 23.166
L 6.136 37.275 25.754
V 3.04 39.28 24.705
P -0.076 40.06 26.676
A -3.435 38.595 25.59
G -4.835 40.628 22.691
G -1.302 41.496 21.629
S 0.599 41.271 18.409
L 3.796 39.633 17.264
R 5.641 39.269 14.043
L 7.689 36.101 13.574
S 10.24 35.892 10.757
C 12.243 33.083 9.228
V 15.296 33.591 7.014
D 16.425 30.773 4.677
S 20.124 30.684 3.735
G 19.497 28.513 0.646
R 22.583 26.256 0.891
T 21.304 22.615 0.953
F 17.511 22.525 0.405
S 15.62 24.199 -2.485
S 11.995 24.922 -1.548
T 8.842 26.128 -3.227
V 6.853 26.152 0.002
M 7.269 27.585 3.522
A 5.065 26.75 6.534
W 4.67 27.6 10.189
F 4.032 24.903 12.696
R 3.707 25.101 16.474
Q 4.155 22.696 19.291
A 2.858 23.157 22.784
P 4.385 20.833 25.452
G 2.523 17.547 25.532
K 0.715 18.21 22.288
E 1.451 17.077 18.689
R 3.081 19.464 16.231
E 0.296 21.535 14.695
F 0.083 23.248 11.327
V -0.362 27.02 11.427
A 0.052 28.404 7.869
T 1.689 27.682 4.511
I 2.786 29.84 1.589
R 4.228 29.306 -1.897
W 7.473 31.218 -2.67
S 6.283 32.073 -6.121
G 2.719 33.229 -6.314
G 2.302 33.785 -2.614
N -0.801 31.544 -2.309
T -1.619 31.049 1.35
Y -3.424 28.5 3.433
Y -4.419 28.765 7.142
A -5.488 26.478 10.018
D -9.066 27.232 11.133
S -8.006 28.202 14.69
V -5.89 30.888 13.172
K -7.995 32.443 10.401
G -8.715 36.125 10.548
R -5.781 36.734 12.957
F -2.558 35.383 11.509
T -1.034 36.38 8.194
I 1.858 34.608 6.548
S 3.81 36.438 3.815
R 7.242 36.184 2.182
D 9.87 38.549 0.853
N 11.266 36.13 -1.727
A 14.117 38.324 -2.948
R 15.19 38.473 0.708
N 14.393 34.801 1.364
T 12.22 35.669 4.345
V 8.898 34.413 5.626
Y 6.727 36.267 8.126
L 4.042 35.284 10.482
Q 2.076 38.254 11.761
M -0.014 37.26 14.763
N -2.84 39.508 16.002
S -5.514 39.173 18.679
L -3.315 36.591 20.482
K -4.943 34.151 22.966
P -3.233 32.149 25.772
E -3.822 28.929 23.721
D -1.47 30.333 21.042
T 1.46 29.653 23.489
A 3.945 27.263 21.906
V 7.283 26.878 20.205
Y 6.892 28.032 16.605
Y 8.861 26.32 13.774
C 9.204 27.374 10.146
A 9.677 24.495 7.71
G 10.289 24.273 4.007
G 10.022 21.813 1.117
T 7.885 21.105 -1.918
Y 4.581 19.935 -0.322
Y 1.898 22.645 -0.147
G -0.138 21.496 2.797
T -0.613 20.438 6.294
L 1.431 17.294 7.167
S 4.628 17.912 9.135
Y 6.518 14.841 7.774
K 6.07 16.036 4.203
Y 8.388 19.033 4.877
D 12.095 18.801 4.245
F 13.86 20.986 6.807
W 13.147 22.709 10.074
G 14.322 25.701 12.028
R 15.12 25.174 15.702
G 11.936 26.94 16.878
T 11.135 30.145 18.736
Q 9.039 30.391 21.949
V 5.856 32.519 21.934
T 4.306 32.925 25.411
V 0.883 34.643 25.477
S 0.156 35.813 29.058
S -2.937 34.475 30.723
H -3.034 37.267 33.187
H -1.904 40.43 31.392
H -4.04 41.791 28.503
H -3.332 44.406 25.841
