tag x y z
V -20.956 18.749 81.77
Q -22.215 17.089 78.525
L -23.891 13.995 80.046
Q -26.27 14.079 82.988
E -27.802 10.996 84.56
S -30.945 10.819 86.615
G -33.363 8.287 88.178
G -31.843 6.162 90.869
G -31.881 6.282 94.661
L -33.008 3.82 97.271
V -35.081 0.784 96.365
P -35.776 -2.455 98.174
A -34.302 -5.823 97.125
G -36.469 -7.24 94.298
G -37.295 -3.696 93.217
S -37.088 -1.646 90.033
L -35.569 1.591 88.774
R -35.114 3.323 85.492
L -31.974 5.36 84.928
S -31.758 7.931 82.2
C -28.945 9.918 80.696
V -29.25 13.027 78.51
D -26.532 14.128 76.074
S -26.221 17.832 75.205
G -23.728 16.829 72.457
R -21.919 20.245 72.444
T -18.253 18.988 72.606
F -18.179 15.243 71.788
S -19.537 12.959 69.076
S -20.549 9.425 70.043
T -21.885 6.516 68.155
V -21.894 4.366 71.329
M -23.361 4.825 74.86
A -22.88 2.658 77.914
W -23.54 2.303 81.616
F -20.851 1.545 84.104
R -21.069 1.278 87.914
Q -18.571 1.712 90.704
A -19.101 0.284 94.149
P -17.136 1.759 97.149
G -13.691 0.163 97.12
K -14.16 -1.454 93.701
E -13.097 -0.963 90.087
R -15.539 0.716 87.668
E -17.401 -2.19 86.111
F -19.01 -2.393 82.671
V -22.789 -2.873 82.805
A -24.287 -2.44 79.347
T -23.677 -0.768 76.026
I -25.773 0.331 73.014
R -25.153 1.868 69.552
W -27.188 5.051 68.739
S -28.021 3.705 65.349
G -29.296 0.178 64.901
G -29.464 0.023 68.678
N -27.552 -3.291 69.043
T -26.894 -3.918 72.772
Y -24.451 -5.941 74.863
Y -24.553 -6.813 78.64
A -22.282 -7.879 81.509
D -22.926 -11.452 82.649
S -24.187 -10.398 86.159
V -26.896 -8.213 84.717
K -28.353 -10.335 81.813
G -32.09 -10.985 82.04
R -32.535 -8.134 84.583
F -31.218 -4.889 83.043
T -32.271 -3.435 79.645
I -30.378 -0.672 77.934
S -32.271 1.338 75.305
R -32.078 4.764 73.609
D -34.302 7.561 72.327
N -32.245 8.772 69.345
N -32.142 8.799 69.45
A -34.225 11.846 68.494
R -34.117 12.998 72.159
N -30.547 11.946 72.733
T -31.355 9.872 75.784
V -30.152 6.533 76.992
Y -32.074 4.441 79.528
L -31.16 1.643 81.877
Q -34.162 -0.305 83.089
M -33.089 -2.252 86.145
N -35.383 -5.074 87.368
S -34.878 -7.75 90.141
L -32.44 -5.51 91.965
K -30.023 -7.138 94.496
P -27.888 -5.492 97.24
E -24.832 -6.24 95.162
D -26.257 -3.892 92.497
T -25.562 -0.939 94.88
A -23.156 1.625 93.367
V -22.723 4.945 91.747
Y -23.866 4.395 88.096
Y -22.128 6.336 85.248
C -23.212 6.812 81.636
A -20.413 7.159 79.19
G -20.126 7.957 75.535
G -17.679 7.389 72.679
T -16.896 5.41 69.54
Y -15.858 2.067 71.065
Y -18.446 -0.711 71.19
G -17.357 -2.779 74.184
T -16.539 -3.01 77.791
L -13.285 -1.093 78.441
S -13.835 2.095 80.413
Y -10.784 3.924 79.127
K -11.943 3.547 75.502
Y -14.929 5.854 76.266
D -14.667 9.557 75.546
F -16.721 11.371 78.16
W -18.596 10.687 81.42
G -21.414 11.894 83.525
R -20.788 12.614 87.251
G -22.876 9.585 88.303
T -26.093 8.741 90.058
Q -26.244 6.797 93.286
V -28.249 3.527 93.375
T -28.715 1.855 96.813
V -30.566 -1.498 97.064
S -31.595 -2.136 100.633
S -29.973 -5.15 102.319
H -32.886 -5.284 104.702
H -36.141 -4.19 103.052
H -37.675 -6.328 100.257
H -40.229 -5.493 97.587
