tag x y z
V -25.737 23.461 17.366
Q -24.092 21.888 20.36
L -22.402 18.777 18.892
Q -19.9 19.205 16.054
E -18.62 16.005 14.34
S -15.474 15.761 12.309
G -13.038 13.23 10.885
G -13.57 10.909 7.981
G -14.325 11.541 4.373
L -13.235 9.031 1.753
V -11.271 5.826 2.604
P -10.508 2.673 0.722
A -12.011 -0.629 1.892
G -9.854 -2.089 4.753
G -8.765 1.404 5.781
S -9.344 3.362 8.955
L -10.791 6.659 10.138
R -11.231 8.25 13.531
L -14.392 10.411 13.99
S -14.576 13.14 16.607
C -17.429 14.965 18.231
V -17.165 17.914 20.576
D -19.933 19.006 22.962
S -20.289 22.72 23.778
G -22.573 21.8 26.705
R -24.408 24.964 25.6
T -27.942 23.787 26.724
F -28.232 19.944 27.052
S -26.474 18.081 29.929
S -25.722 14.508 28.871
T -24.443 11.477 30.74
V -24.372 9.344 27.588
M -22.968 9.889 24.098
A -23.513 7.637 21.066
W -22.801 7.338 17.317
F -25.55 6.584 14.847
R -25.341 6.331 11.093
Q -27.771 6.683 8.328
A -27.25 5.456 4.88
P -29.338 6.849 1.992
G -32.453 4.7 1.819
K -32.229 3.434 5.426
E -33.32 4.732 8.86
R -30.814 5.704 11.637
E -28.914 2.666 12.815
F -27.296 2.541 16.246
V -23.455 2.144 16.115
A -21.947 2.582 19.601
T -22.628 4.232 22.934
I -20.623 5.252 26.033
R -21.176 6.735 29.534
W -19.207 9.983 30.211
S -18.748 8.767 33.758
G -16.777 5.583 33.9
G -16.735 4.916 30.218
N -18.837 1.65 29.886
T -19.502 0.99 26.156
Y -21.94 -1.021 24.042
Y -21.724 -1.757 20.274
A -23.945 -2.908 17.449
D -23.213 -6.45 16.236
S -22.164 -5.305 12.765
V -19.384 -3.209 14.234
K -18.087 -5.339 17.107
G -14.365 -5.932 17.024
R -13.762 -3.173 14.437
F -14.993 0.185 15.843
T -14.097 1.524 19.312
I -15.853 4.284 21.078
S -14.05 6.323 23.74
R -14.369 9.727 25.449
D -12.109 12.514 26.754
N -14.234 13.915 29.602
A -11.9 16.748 30.459
R -12.345 18.088 26.88
N -15.931 17.036 26.313
T -15.027 14.946 23.22
V -16.131 11.51 22.067
Y -14.297 9.396 19.45
L -15.263 6.672 17.073
Q -12.17 4.72 15.891
M -13.237 2.843 12.737
N -10.882 0.009 11.517
S -11.293 -2.59 8.713
L -13.846 -0.372 6.979
K -16.225 -2.071 4.509
P -18.31 -0.477 1.721
E -21.449 -1.184 3.862
D -20.077 1.265 6.463
T -20.732 4.122 4.068
A -23.164 6.554 5.655
V -23.61 9.961 7.253
Y -22.349 9.415 10.89
Y -24.063 11.367 13.702
C -23.047 11.8 17.362
A -25.926 12.222 19.823
G -26.126 12.922 23.534
G -28.673 12.364 26.285
T -29.347 10.393 29.524
Y -30.506 7.103 28.014
Y -27.915 4.336 27.768
G -29.22 2.329 24.847
T -29.805 2.088 21.182
L -33.153 3.953 20.608
S -32.576 7.073 18.609
Y -35.707 8.962 19.756
K -34.362 8.548 23.417
Y -31.39 10.813 22.671
D -31.731 14.552 23.403
F -29.523 16.296 20.831
W -27.689 15.594 17.615
G -24.771 16.795 15.541
R -25.325 17.499 11.884
G -23.573 14.386 10.689
T -20.269 13.741 8.947
Q -20.059 11.75 5.619
V -17.978 8.534 5.607
T -17.482 6.991 2.098
V -15.781 3.578 1.934
S -14.704 2.881 -1.572
S -16.075 -0.182 -3.158
H -13.364 -0.283 -5.869
H -10.16 0.82 -4.027
H -8.69 -1.307 -1.175
H -6.05 -0.493 1.393
