tag x y z
V 50.751 0.516 42.996
Q 49.154 1.407 39.672
L 46.013 3.303 40.721
Q 46.225 6.343 42.994
E 43.166 7.929 44.593
S 43.075 11.519 45.809
G 40.599 14.084 47.121
G 37.95 13.219 49.669
G 37.955 13.862 53.393
L 35.392 15.229 55.806
V 32.392 16.933 54.217
P 29.097 18.107 55.719
A 25.724 16.579 54.839
G 24.687 18.111 51.508
G 28.167 19.241 50.407
S 30.362 18.276 47.462
L 33.587 16.374 46.833
R 35.656 15.48 43.805
L 37.576 12.195 43.748
S 40.273 11.584 41.176
C 42.113 8.382 40.28
V 45.388 8.432 38.345
D 46.552 5.403 36.319
S 50.366 5.394 36.076
G 50.994 2.336 33.856
R 48.368 1.84 31.122
S 42.431 -1.966 30.808
T 39.38 -0.568 28.968
V 37.136 0.021 31.956
M 37.409 2.099 35.138
A 35.131 2.057 38.171
W 34.596 3.379 41.664
F 33.609 1.059 44.529
R 33.129 1.91 48.201
Q 33.279 0.026 51.495
A 31.987 1.06 54.9
P 32.868 -0.769 58.155
G 30.964 -4.028 58.627
K 29.673 -3.886 55.041
E 30.587 -5.547 51.756
R 32.307 -3.538 49.029
E 29.565 -1.802 47.042
F 29.596 -0.842 43.361
V 29.35 2.914 42.726
A 30.011 3.834 39.052
T 31.763 2.453 35.935
I 33.162 4.006 32.742
R 34.79 3.051 29.419
W 38.091 4.84 28.643
S 37.18 5.061 24.977
G 33.671 6.439 24.274
G 32.924 7.29 27.919
N 29.808 5.148 28.496
T 28.811 5.346 32.16
Y 26.74 3.224 34.529
Y 25.751 3.994 38.153
A 24.378 2.188 41.224
D 20.76 3.244 41.89
S 21.616 4.78 45.273
V 23.961 7.272 43.638
K 22.225 8.212 40.34
G 21.806 11.914 39.574
R 24.014 12.839 42.549
F 27.349 11.325 41.461
T 29.075 11.711 38.085
I 31.919 9.542 36.86
S 34.044 11.047 34.11
R 37.342 10.289 32.416
D 40.188 12.256 30.853
N 42.135 10.072 28.418
A 45.02 12.518 27.928
R 45.769 12.669 31.685
N 45.016 8.982 32.431
T 42.585 10.136 35.104
V 39.06 9.158 36.151
Y 36.885 11.356 38.387
L 33.91 11.036 40.66
Q 31.991 14.24 41.231
M 29.928 13.599 44.35
N 27.109 16.075 45.014
S 24.256 16.132 47.541
L 26.246 13.896 49.908
K 24.506 11.925 52.681
P 25.764 10.2 55.876
E 25.262 6.798 54.166
D 27.867 7.788 51.548
T 30.536 7.585 54.254
A 33.103 4.947 53.211
V 36.542 4.23 51.796
Y 36.312 4.852 48.036
Y 38.38 2.703 45.639
C 39.024 2.923 41.894
A 39.531 -0.239 39.886
G 40.517 -1.059 36.297
G 39.868 -4.099 34.104
T 38.151 -5.189 30.898
Y 34.775 -6.061 32.478
Y 32.092 -3.372 32.13
G 29.906 -3.894 35.163
T 29.239 -4.213 38.837
L 31.101 -7.332 40.052
S 34.167 -6.297 42.017
Y 35.967 -9.561 41.423
K 35.94 -9.065 37.618
Y 38.318 -6.085 37.91
D 42.02 -6.71 37.463
F 43.597 -4.08 39.762
W 42.739 -1.638 42.566
G 43.914 1.551 44.244
R 44.611 1.637 47.987
G 41.514 3.791 48.636
T 40.555 7.228 49.991
Q 38.31 7.927 53.014
V 35.09 9.886 52.512
T 33.198 11.085 55.623
V 29.763 12.718 55.549
S 28.577 14.295 58.798
S 25.537 12.917 60.659
H 25.334 16.18 62.611
H 26.603 19.075 60.475
H 24.621 20.35 57.451
H 25.574 22.443 54.402
