tag x y z
Q 36.509 12.097 -36.568
L 36.405 9.149 -34.162
V 38.459 6.144 -35.297
E 38.452 2.99 -33.192
S 40.766 0.017 -33.576
G 41.679 -3.207 -31.785
G 39.007 -5.504 -33.174
G 39.669 -9.124 -34.167
L 38.831 -12.814 -33.608
V 38.778 -13.942 -29.964
Q 38.307 -17.31 -28.27
A 35.715 -17.489 -25.464
G 37.431 -16.442 -22.244
G 40.038 -14.393 -24.092
S 40.829 -10.678 -23.879
L 41.007 -7.702 -26.227
R 41.975 -4.057 -25.866
L 40.232 -1.384 -27.902
F 41.472 2.095 -28.66
C 40.01 5.317 -30.073
A 41.756 8.325 -31.608
A 39.558 11.434 -31.578
S 39.576 14.412 -33.984
G 37.781 17.683 -34.123
F 36.667 18.628 -31.313
T 37.307 19.76 -27.769
F 38.245 16.464 -26.12
G 39.173 17.468 -22.585
T 35.725 18.805 -21.829
S 34.044 15.772 -23.333
N 32.421 12.879 -21.526
M 33.383 9.803 -23.555
A 31.767 6.377 -23.942
W 32.008 3.001 -25.646
L 28.897 1.399 -27.116
R 28.378 -1.775 -29.141
Q 25.949 -3.022 -31.788
A 25.248 -6.689 -32.522
P 23.633 -7.633 -35.85
G 19.934 -6.758 -36.114
K 19.902 -5.76 -32.431
R 19.891 -2.228 -31.017
R 23.035 -0.377 -29.906
E 23.918 -0.992 -26.277
W 25.827 1.315 -23.938
V 28.895 -0.405 -22.478
A 31.146 2.038 -20.626
L 31.464 5.697 -19.713
I 34.423 7.863 -18.754
T 33.557 11.271 -17.444
I 35.285 14.683 -18.05
S 37.038 14.335 -14.685
G 38.041 10.737 -15.41
Y 35.161 9.07 -13.504
T 33.875 5.68 -14.853
D 30.725 3.546 -15.193
Y 29.734 0.25 -16.845
A 26.738 -1.701 -18.123
D 25.582 -4.729 -16.12
S 26.525 -7.297 -18.759
V 30.074 -5.918 -18.554
K 30.681 -5.942 -14.824
D 34.226 -6.438 -13.603
R 35.333 -7.567 -17.059
F 35.672 -4.299 -19.008
T 37.769 -1.292 -18.097
I 37.516 2.125 -19.737
S 40.363 4.632 -19.487
R 41.385 7.916 -21.07
D 44.662 9.659 -21.891
N 44.342 13.406 -22.259
A 47.697 14.061 -23.96
K 46.614 12.17 -27.088
N 42.868 12.733 -27.41
T 42.471 8.998 -26.812
V 40.186 6.531 -25.009
S 40.709 2.799 -24.467
L 38.577 -0.206 -23.508
Q 40.124 -3.282 -21.913
M 37.856 -6.301 -22.268
N 38.506 -9.463 -20.215
S 36.768 -12.858 -20.071
L 35.027 -12.392 -23.437
K 31.915 -14.387 -24.298
P 30.177 -15.073 -27.624
E 27.393 -12.633 -26.726
D 30.027 -9.865 -26.53
T 30.313 -10.231 -30.301
A 29.474 -6.857 -31.861
I 30.857 -3.778 -33.511
Y 32.277 -1.574 -30.754
F 32.378 2.165 -31.167
C 33.428 5.203 -29.211
A 31.126 8.194 -28.704
R 30.93 11.562 -26.986
R 28.138 11.833 -24.442
V 26.379 15.162 -23.991
G 23.694 15.22 -21.345
S 21.531 12.228 -22.155
E 22.464 11.922 -25.815
Y 25.465 10.708 -27.765
D 26.808 13.687 -29.712
L 29.451 12.117 -31.943
W 30.312 8.48 -32.649
G 32.72 6.487 -34.821
Q 32.078 3.648 -37.252
G 33.62 1.23 -34.787
T 35.7 -1.924 -34.725
Q 34.529 -5.526 -35.054
V 34.853 -7.956 -32.156
T 33.981 -11.595 -32.868
V 34.08 -14.053 -29.993
S 33.8 -17.795 -30.644
S 33.801 -20.839 -28.385
