tag x y z
V 29.944 -45.104 0.139
Q 31.091 -48.252 1.97
L 33.763 -50.831 1.282
Q 33.128 -53.867 3.514
E 36.081 -56.293 3.507
S 35.95 -59.797 4.98
G 37.776 -63.132 5.057
G 41.45 -63.179 5.99
G 42.841 -64.229 9.35
L 45.435 -66.833 10.442
V 46.715 -69.411 7.977
Q 49.711 -71.755 7.924
A 52.238 -71.128 5.158
G 51.306 -72.681 1.812
G 47.598 -72.575 2.675
S 45.037 -70.22 1.129
L 42.605 -67.394 1.917
R 39.855 -65.721 -0.1
L 39.539 -62.011 0.687
S 36.258 -60.423 -0.395
C 35.174 -56.777 -0.414
A 31.613 -55.535 -0.854
V 31.06 -52.132 -2.477
S 28.047 -49.768 -2.745
G 26.209 -50.038 -6.084
S 26.682 -46.342 -6.753
I 30.388 -46.849 -7.215
F 31.055 -50.481 -8.162
R 30.72 -50.311 -11.922
L 32.654 -47.08 -12.002
S 35.724 -48.493 -10.286
T 38.893 -50.428 -10.88
M 38.857 -52.53 -7.724
G 42.215 -52.935 -6.059
W 43.866 -54.692 -3.155
Y 46.699 -52.986 -1.345
R 48.589 -54.337 1.685
Q 50.658 -52.711 4.443
A 53.225 -54.757 6.408
P 54.141 -53.351 9.844
G 56.697 -50.539 9.634
K 56.464 -50.53 5.824
Q 54.263 -48.511 3.464
R 51.005 -49.53 1.726
E 51.87 -51.267 -1.546
F 49.933 -52.485 -4.623
V 48.913 -56.174 -4.744
A 46.299 -56.549 -7.461
S 43.577 -54.769 -9.377
I 40.833 -55.467 -11.852
T 39.243 -52.784 -14.015
S 35.549 -52.44 -14.936
Y 36.32 -54.339 -18.133
G 38.215 -57.107 -16.344
D 41.828 -56.161 -17.01
T 43.876 -57.656 -14.157
N 47.307 -56.569 -12.886
Y 49.46 -58.024 -10.097
R 52.588 -57.092 -8.109
D 55.452 -59.293 -9.313
S 55.739 -61.209 -6.027
V 52.247 -62.456 -6.252
K 51.871 -63.595 -9.878
G 50.823 -67.211 -10.208
R 49.615 -67.473 -6.62
F 47.058 -64.684 -6.219
T 44.109 -64.288 -8.542
I 41.647 -61.357 -8.48
S 38.032 -61.366 -9.79
R 34.79 -59.337 -10.045
D 31.219 -60.437 -9.548
N 29.237 -57.639 -11.148
A 25.974 -59.051 -9.8
K 26.973 -59.19 -6.121
N 28.961 -55.928 -6.3
T 32.043 -57.604 -4.807
V 35.765 -58.171 -5.594
Y 37.534 -61.371 -4.644
L 41.249 -61.853 -3.996
Q 42.093 -65.564 -3.861
M 45.55 -66.064 -2.42
N 47.176 -69.452 -2.875
S 50.335 -70.975 -1.38
L 50.841 -68.093 1.004
K 54.276 -67.14 2.31
P 55.17 -65.155 5.468
E 56.265 -62.299 3.135
D 52.486 -61.968 2.526
T 51.591 -61.194 6.15
A 50.063 -57.699 6.306
V 46.939 -55.58 6.638
Y 45.095 -55.866 3.311
Y 43.042 -52.827 2.244
C 40.355 -52.856 -0.431
N 40.594 -49.961 -2.895
A 37.963 -48.482 -5.172
N 39.491 -46.142 -7.736
I 37.062 -44.252 -9.998
E 38.268 -44.842 -13.588
A 39.454 -42.148 -15.983
G 36.441 -41.344 -18.169
T 33.715 -41.521 -15.55
Y 32.76 -39.474 -12.477
Y 31.189 -39.759 -9.032
G 32.005 -37.187 -6.403
P 35.082 -35.121 -5.781
G 36.05 -38.548 -4.435
R 38.352 -40.42 -6.807
D 39.587 -42.993 -4.223
Y 37.828 -45.085 -1.572
W 39.343 -47.417 0.961
G 38.377 -50.317 3.139
Q 38.924 -50.361 6.867
G 41.738 -52.858 6.653
T 41.804 -56.56 7.494
Q 44.686 -58.618 8.898
V 46.201 -61.608 7.09
T 48.818 -63.652 9.0
V 50.793 -66.451 7.252
S 52.182 -68.464 10.076
S 55.173 -70.984 10.015
H 54.608 -74.608 11.078
H 56.273 -74.293 14.534
H 53.945 -71.441 15.579
H 50.461 -71.549 17.02
H 47.85 -72.019 15.094
H 45.73 -69.58 17.133
