tag x y z
V 34.736 -7.291 -13.752
Q 33.258 -4.14 -12.219
L 30.005 -3.203 -10.495
Q 29.219 0.49 -10.004
E 26.309 1.597 -7.773
S 24.614 4.975 -8.178
G 21.598 6.918 -6.93
G 20.932 7.094 -3.221
G 21.796 9.814 -0.726
L 19.614 11.843 1.64
V 15.825 11.505 1.426
Q 12.988 12.305 3.805
A 11.116 9.451 5.505
G 8.229 8.677 3.147
G 10.0 9.87 0.007
S 11.596 7.714 -2.647
L 14.937 6.87 -4.307
R 16.215 4.928 -7.323
L 19.412 2.856 -7.077
S 21.226 1.757 -10.209
C 24.092 -0.675 -10.71
A 26.152 -0.993 -13.888
V 27.617 -4.464 -14.415
S 30.285 -5.755 -16.805
G 28.826 -7.305 -19.955
S 30.958 -10.384 -19.407
I 28.687 -11.434 -16.493
F 25.308 -9.613 -16.545
R 23.278 -12.176 -18.507
L 25.077 -14.864 -16.517
S 23.79 -13.802 -13.105
T 20.907 -13.215 -10.752
M 21.395 -9.635 -9.559
G 20.695 -8.801 -5.925
W 20.685 -5.859 -3.553
Y 22.147 -6.407 -0.124
R 22.504 -3.835 2.655
Q 24.563 -3.31 5.815
A 23.462 -0.747 8.446
P 26.369 0.788 10.399
G 27.151 -1.717 13.148
K 25.11 -4.693 11.927
Q 25.691 -7.56 9.443
R 24.855 -7.63 5.713
E 21.33 -8.819 4.815
F 19.331 -9.672 1.664
V 16.988 -7.023 0.215
A 16.008 -8.043 -3.324
S 17.08 -10.221 -6.247
I 15.936 -10.849 -9.81
T 17.152 -13.789 -11.876
S 18.134 -13.844 -15.542
Y 14.62 -14.935 -16.493
G 13.105 -12.265 -14.281
D 11.967 -14.113 -11.126
T 11.922 -11.609 -8.266
N 12.395 -12.163 -4.548
Y 12.302 -9.653 -1.659
R 12.908 -9.652 2.097
D 9.598 -9.427 3.99
S 10.036 -5.855 5.284
V 10.445 -4.484 1.77
K 7.531 -6.105 -0.096
G 5.388 -3.448 -1.753
R 7.786 -0.56 -1.277
F 10.811 -1.821 -3.212
T 10.795 -3.204 -6.751
I 13.724 -4.714 -8.648
S 14.186 -4.762 -12.432
R 16.628 -5.3 -15.314
D 17.333 -3.356 -18.461
N 19.138 -6.232 -20.199
A 20.328 -3.804 -22.908
K 22.035 -1.16 -20.715
N 23.396 -3.976 -18.486
T 21.924 -2.542 -15.268
V 19.82 -3.446 -12.268
Y 17.58 -0.833 -10.708
L 16.108 -0.762 -7.223
Q 13.217 1.67 -6.99
M 12.691 2.312 -3.279
N 9.35 3.945 -2.426
S 8.02 4.944 1.034
L 11.525 4.885 2.549
K 11.395 4.3 6.326
P 14.302 5.057 8.672
E 14.976 1.29 9.141
D 16.148 1.342 5.51
T 19.181 3.488 6.303
A 22.216 1.474 5.293
V 24.998 1.06 2.787
Y 23.383 -0.772 -0.169
Y 25.509 -3.266 -2.111
C 25.01 -4.565 -5.647
N 25.526 -8.358 -5.931
A 26.082 -10.449 -9.064
N 25.562 -14.187 -8.426
I 26.39 -16.483 -11.414
E 23.642 -19.08 -11.92
A 23.615 -22.854 -11.703
G 23.891 -23.987 -15.299
T 26.195 -21.235 -16.538
Y 29.938 -20.554 -16.123
Y 32.441 -17.694 -16.135
G 35.571 -17.844 -14.041
P 36.492 -19.408 -10.663
G 34.514 -16.722 -8.883
R 30.804 -17.311 -8.444
D 30.071 -14.063 -6.527
Y 30.797 -10.394 -7.275
W 30.156 -7.278 -5.141
G 29.877 -3.54 -5.666
Q 31.603 -0.959 -3.507
G 28.367 0.191 -1.89
T 26.252 3.334 -1.972
Q 24.81 5.1 1.101
V 21.071 5.727 1.605
T 20.153 7.982 4.563
V 16.568 8.594 5.777
S 15.169 11.125 8.312
