tag x y z
Q 11.471 -4.091 -7.725
V 8.436 -4.314 -5.439
Q 8.182 -5.382 -1.799
L 6.125 -7.819 0.274
Q 5.456 -7.141 3.963
E 4.539 -10.216 6.005
S 3.071 -10.115 9.52
G 1.11 -12.333 11.896
G 3.23 -15.421 12.497
G 3.884 -16.444 16.083
L 3.3 -19.077 18.748
V -0.213 -20.46 19.243
Q -1.835 -23.328 21.136
A -3.226 -26.347 19.278
G -6.598 -25.379 17.826
G -6.017 -21.657 18.236
S -6.692 -19.16 15.456
L -4.094 -17.018 13.685
R -4.259 -14.274 11.048
L -1.499 -13.69 8.494
S -1.02 -10.633 6.289
C 1.003 -9.589 3.248
A 1.162 -6.024 1.939
A 2.362 -5.717 -1.658
S 4.246 -2.42 -1.892
G 4.995 -1.504 -5.501
S 3.44 -1.721 -8.958
I 1.959 -5.079 -9.959
F 0.139 -6.023 -13.172
A -3.658 -6.053 -12.845
L -4.001 -9.79 -13.472
N -2.229 -11.713 -10.704
I -2.356 -14.514 -8.129
M -1.466 -13.723 -4.521
G -1.168 -16.527 -1.986
W 0.853 -18.397 0.62
Y 3.305 -21.305 0.618
R 4.723 -23.263 3.557
Q 7.678 -25.506 4.382
A 7.001 -28.161 7.011
P 10.086 -29.57 8.795
G 11.474 -32.199 6.42
K 8.874 -31.56 3.723
Q 8.867 -29.813 0.341
R 7.349 -26.359 -0.169
E 3.562 -26.691 -0.361
L 0.737 -24.396 -1.491
V -1.408 -23.275 1.441
A -3.938 -20.867 -0.046
A -4.061 -18.634 -3.116
I -6.426 -15.956 -4.407
H -6.589 -14.654 -7.983
S -7.008 -10.943 -8.744
G -10.512 -11.879 -9.87
G -11.674 -12.9 -6.413
T -11.569 -16.671 -6.923
T -9.523 -18.707 -4.442
N -7.737 -22.052 -4.081
Y -6.671 -24.121 -1.063
A -4.822 -27.369 -0.352
N -6.62 -30.605 0.541
S -5.182 -30.521 4.067
V -6.299 -26.966 4.845
K -9.557 -26.629 2.896
G -12.236 -26.07 5.525
R -9.939 -24.597 8.156
F -8.063 -21.883 6.265
T -9.866 -18.966 4.616
I -8.016 -16.608 2.279
S -9.15 -13.091 1.363
R -7.758 -9.764 0.159
D -8.148 -6.015 0.659
N -10.098 -3.78 -1.72
A -7.288 -1.679 -3.202
A -4.191 -1.962 -0.999
N -3.174 -5.333 -2.488
T -3.019 -6.846 0.995
V -3.96 -10.513 1.353
Y -5.143 -11.848 4.712
L -4.982 -15.541 5.616
Q -7.439 -16.613 8.31
M -6.058 -19.739 9.978
N -8.483 -21.552 12.287
S -8.311 -24.871 14.172
L -4.533 -25.103 13.744
K -2.77 -28.469 13.881
P 0.761 -29.341 15.071
E 1.503 -30.421 11.492
D 0.577 -26.947 10.251
T 3.713 -25.754 12.034
A 5.822 -24.446 9.157
V 7.464 -21.462 7.479
Y 4.75 -19.551 5.635
Y 5.956 -17.51 2.654
C 4.043 -14.769 0.861
N 3.773 -15.095 -2.916
V 2.713 -13.027 -5.932
K 2.259 -14.417 -9.447
D 2.518 -11.589 -11.984
F 1.148 -12.071 -15.506
G 2.429 -8.925 -17.236
A 4.585 -11.037 -19.543
I 1.441 -12.811 -20.782
I 3.309 -15.882 -22.06
Y 4.932 -16.633 -18.702
D 4.517 -15.666 -15.052
Y 7.142 -13.865 -12.971
D 7.226 -14.65 -9.245
Y 7.689 -12.342 -6.267
W 8.349 -13.686 -2.767
G 8.494 -12.54 0.85
Q 10.863 -12.859 3.798
G 8.709 -15.572 5.356
T 7.148 -15.988 8.79
Q 7.493 -18.723 11.402
V 4.277 -20.322 12.649
T 4.518 -22.775 15.543
V 1.67 -24.887 16.92
S 2.198 -26.458 20.348
S 1.155 -30.11 20.102
