tag x y z
V 4.588 -1.994 27.633
Q 2.946 -1.528 24.171
L 0.297 -3.9 22.772
V -0.628 -4.499 19.104
E -3.564 -6.642 17.843
S -3.683 -8.258 14.363
G -5.949 -10.679 12.496
G -9.179 -8.78 12.02
G -11.104 -8.973 8.777
L -14.419 -9.359 6.922
V -15.793 -12.887 7.503
H -18.975 -14.549 6.342
P -21.273 -15.925 9.173
G -20.142 -19.386 10.304
G -16.546 -18.398 9.466
S -13.524 -18.464 11.782
L -10.886 -15.867 12.588
R -7.727 -15.874 14.719
L -6.618 -12.684 16.443
S -3.23 -12.037 17.963
C -1.98 -9.471 20.41
A 1.773 -8.965 20.752
A 3.491 -7.114 23.569
S 6.855 -5.33 23.748
G 9.594 -5.907 26.36
R 10.94 -9.148 27.897
T 8.533 -9.183 30.857
F 5.418 -10.695 29.052
S 5.09 -13.543 31.666
D 4.542 -10.807 34.314
Y 1.182 -10.028 32.593
A -2.408 -11.255 32.625
L -4.345 -10.329 29.448
G -7.876 -9.842 28.228
W -9.854 -9.282 25.028
F -12.641 -6.697 24.9
R -14.8 -5.65 21.956
Q -16.757 -2.61 20.859
A -19.784 -3.187 18.604
P -20.661 -0.204 16.32
G -21.617 2.812 18.489
K -21.926 0.731 21.694
D -20.03 0.466 24.973
R -17.016 -1.892 25.003
E -17.724 -5.32 26.56
F -15.667 -8.151 27.97
V -14.791 -11.126 25.681
A -12.114 -13.301 27.34
A -9.304 -13.224 29.907
I -6.183 -15.34 30.571
S -4.012 -15.505 33.706
W -0.115 -15.252 33.879
S 0.136 -18.929 32.699
G -2.476 -20.94 34.574
G -4.811 -21.805 35.932
S -7.953 -20.067 34.638
T -9.483 -18.37 31.631
Y -12.811 -16.618 31.591
Y -15.23 -16.103 28.687
A -18.238 -13.822 28.167
D -21.523 -15.787 28.163
S -22.208 -14.853 24.462
V -18.806 -16.293 23.277
Q -18.046 -19.234 25.622
G -17.376 -22.46 23.686
R -17.119 -20.724 20.257
F -14.0 -18.67 21.257
T -10.71 -19.755 22.841
I -8.024 -17.625 24.436
S -4.43 -18.851 24.59
R -0.905 -17.5 25.192
D 2.597 -18.084 23.857
N 5.183 -16.546 26.103
D 8.035 -17.215 23.664
K 6.209 -15.044 21.173
N 5.094 -12.391 23.735
S 1.538 -12.972 22.432
V -2.046 -13.834 23.387
Y -4.513 -15.21 20.833
L -8.232 -15.281 20.357
Q -9.454 -18.094 18.157
M -12.981 -17.317 17.036
N -15.149 -20.119 15.546
S -18.736 -20.077 14.094
L -18.848 -16.272 13.858
K -22.229 -14.498 13.959
P -23.219 -10.993 12.673
E -23.532 -10.01 16.413
D -19.758 -10.688 16.841
T -19.067 -7.608 14.591
A -16.861 -5.256 16.619
V -13.464 -3.673 17.004
Y -11.495 -6.189 19.172
Y -9.058 -4.837 21.755
C -6.559 -6.505 23.893
A -5.522 -5.31 27.375
A -2.732 -6.19 29.869
D -2.225 -5.91 33.627
K 0.637 -7.013 35.842
Y -1.535 -7.465 38.962
Y -5.111 -8.461 38.115
T -6.796 -11.317 36.234
G -10.434 -12.4 36.044
P -13.727 -11.834 34.211
G -14.633 -8.256 33.182
G -12.777 -5.479 35.056
E -12.3 -3.313 31.931
S -11.289 -0.215 33.947
V -8.843 -2.304 36.058
Y -6.433 -3.028 33.126
D -3.393 -0.788 32.929
Y -2.436 -1.229 29.26
W -4.422 -1.145 26.042
G -3.875 -2.157 22.414
R -5.053 -0.281 19.323
G -7.934 -2.486 18.248
T -8.481 -4.725 15.198
Q -11.771 -4.645 13.272
V -13.882 -7.818 12.876
T -16.796 -7.549 10.406
V -19.131 -10.552 10.222
S -21.594 -10.128 7.299
