tag x y z
Q -17.826 29.228 17.203
V -17.429 26.508 14.571
Q -20.848 25.314 13.401
L -21.95 22.186 11.565
Q -24.751 21.691 9.013
E -25.878 18.403 7.396
S -27.385 18.101 3.91
G -28.468 15.489 1.427
G -30.73 13.234 3.414
G -34.084 12.248 1.989
L -36.138 9.238 0.994
V -34.746 5.992 -0.436
Q -35.96 2.471 -1.23
A -34.697 -0.699 0.501
G -31.524 -1.401 -1.449
G -30.784 2.117 -2.57
S -28.098 4.624 -1.792
L -27.711 8.078 -0.405
R -24.914 10.551 0.2
L -24.779 12.82 3.275
S -22.553 15.864 3.613
C -21.679 18.235 6.458
A -20.342 21.75 5.907
A -18.375 23.359 8.725
S -19.01 27.138 9.052
G -17.428 29.8 11.302
R -13.764 30.617 11.848
T -11.273 27.747 11.808
F -7.485 27.555 11.657
S -6.956 23.888 10.87
S -8.416 20.465 10.145
F -10.241 18.418 12.737
V -11.789 15.08 13.479
M -15.369 14.74 12.323
G -17.999 12.008 12.568
W -21.487 10.745 11.828
F -23.992 9.599 14.432
R -27.628 8.57 13.987
Q -30.788 8.383 16.015
A -33.722 6.185 15.189
P -37.283 6.549 16.452
G -37.417 5.035 19.933
K -33.715 4.177 19.822
E -30.975 6.567 21.108
R -27.868 8.178 19.551
E -25.327 5.82 17.969
F -22.062 6.08 16.077
V -21.851 5.341 12.336
A -18.447 6.523 11.148
S -15.638 8.907 12.082
I -12.544 10.222 10.314
S -9.121 11.595 11.352
R -8.025 15.218 10.809
S -6.362 14.394 7.441
G -8.988 11.885 6.187
S -6.351 9.11 6.347
V -7.658 6.868 9.166
T -11.352 6.023 9.513
R -13.559 3.899 11.804
Y -16.946 2.33 11.125
A -19.739 1.037 13.321
D -20.642 -2.63 12.804
S -23.794 -1.739 10.886
A -21.614 0.512 8.739
K -18.624 -1.487 7.513
G -18.957 -2.42 3.886
R -21.862 -0.184 3.046
F -20.703 3.249 4.126
T -17.643 5.225 3.156
I -16.587 8.296 5.116
S -14.305 10.863 3.529
K -13.21 14.387 4.291
D -12.405 17.511 2.234
N -10.252 19.901 4.286
A -10.31 22.967 2.022
K -14.054 22.624 1.626
N -14.11 21.838 5.347
T -16.775 19.196 4.761
V -17.306 15.567 5.617
S -19.243 13.077 3.53
L -21.091 9.804 4.13
Q -21.805 7.506 1.219
M -24.505 5.017 2.195
D -24.875 2.021 -0.127
N -27.272 -0.913 0.157
L -29.654 0.744 2.642
N -32.311 -1.178 4.596
P -35.068 0.143 6.814
D -32.953 -0.406 9.954
D -31.04 2.619 8.714
T -33.971 5.043 8.949
A -33.006 7.789 11.409
V -31.927 11.377 11.863
Y -28.248 11.481 10.968
Y -26.078 13.905 12.932
C -22.801 15.528 11.992
A -20.204 15.854 14.761
A -16.735 17.268 15.355
D -13.968 16.529 17.88
L -11.893 19.714 17.851
H -9.747 18.482 20.755
R -8.4 15.33 19.188
P -5.001 15.815 17.561
Y -4.697 12.451 15.748
G -6.686 9.279 15.113
P -10.341 8.98 14.097
G -13.019 9.966 16.587
S -14.341 7.545 19.192
Q -17.745 5.86 19.268
R -18.871 8.017 22.198
T -20.925 11.217 21.861
D -19.167 12.895 24.802
D -15.946 13.032 22.754
Y -17.761 15.203 20.217
D -18.124 18.864 21.232
T -19.665 20.381 18.095
W -22.817 19.036 16.367
G -25.347 19.95 13.719
Q -29.132 19.593 13.938
G -29.163 16.583 11.678
T -30.932 15.439 8.562
Q -33.563 12.848 7.988
V -32.866 9.548 6.293
T -35.801 7.287 5.531
V -35.459 3.828 4.074
S -38.879 2.323 3.541
S -39.306 -1.351 2.676
