tag x y z
Q -11.156 52.418 50.227
V -11.261 49.495 52.675
Q -7.832 48.539 54.103
L -6.808 45.33 55.895
Q -4.12 44.728 58.494
E -3.029 41.512 60.166
S -1.795 41.212 63.744
G -0.76 38.548 66.227
G 1.585 36.303 64.282
G 4.983 35.491 65.744
L 6.991 32.547 67.001
V 5.481 29.348 68.47
Q 6.653 25.839 69.334
A 5.675 22.717 67.398
G 2.397 21.789 69.094
G 1.517 25.139 70.579
S -1.003 27.673 69.42
L -1.135 31.14 67.94
R -4.025 33.525 67.291
L -4.223 35.865 64.277
S -6.409 38.958 63.899
C -7.164 41.306 61.023
A -8.447 44.828 61.51
A -10.518 46.459 58.776
S -9.742 50.18 58.233
G -11.451 52.915 56.225
R -15.12 53.781 55.781
T -17.377 50.777 55.507
F -21.186 50.635 55.765
S -21.964 47.044 56.573
S -20.538 43.607 57.197
F -18.61 41.61 54.59
V -16.982 38.232 53.97
M -13.373 37.882 55.218
G -10.727 35.16 54.992
W -7.232 33.81 55.649
F -4.702 32.758 53.048
R -1.021 31.761 53.636
Q 2.163 31.611 51.616
A 5.066 29.296 52.739
P 8.578 29.59 51.249
G 8.783 28.15 47.726
K 5.106 27.19 47.645
E 2.472 29.71 46.482
R -0.789 31.226 47.954
E -3.299 28.799 49.377
F -6.65 29.158 51.13
V -6.93 28.446 54.895
A -10.263 29.77 56.153
S -13.2 32.031 55.293
I -16.227 33.344 57.17
S -19.602 34.611 56.006
R -20.703 38.248 56.568
S -22.416 37.301 59.794
G -20.167 35.116 61.94
S -22.458 32.174 61.086
V -21.042 30.132 58.211
T -17.404 29.112 58.005
R -15.28 27.16 55.517
Y -11.92 25.44 56.009
A -9.042 24.194 53.807
D -8.121 20.574 54.396
S -5.069 21.237 56.543
A -7.152 23.605 58.557
K -10.151 21.735 59.975
G -9.84 20.652 63.532
R -6.898 22.865 64.307
F -8.059 26.307 63.187
T -11.244 28.152 64.034
I -12.214 31.369 62.235
S -14.293 34.104 63.871
K -15.611 37.592 63.128
D -16.61 40.699 65.106
N -18.77 43.001 63.018
A -18.582 45.93 65.409
K -14.765 45.832 65.672
N -14.745 44.876 61.991
T -12.092 42.282 62.804
V -11.608 38.637 61.966
S -9.646 36.067 63.953
L -7.642 32.925 63.317
Q -7.041 30.592 66.218
M -4.361 28.056 65.267
D -4.045 25.026 67.527
N -1.627 22.121 67.304
L 0.77 23.864 64.912
N 3.526 22.03 63.066
P 6.297 23.467 60.917
D 4.303 22.945 57.669
D 2.302 25.878 58.978
T 5.3 28.206 58.77
A 4.169 30.921 56.339
V 3.068 34.493 55.79
Y -0.615 34.705 56.613
Y -2.723 37.106 54.64
C -5.981 38.723 55.561
A -8.492 38.953 52.718
A -11.928 40.391 52.033
D -14.706 39.623 49.554
L -16.804 42.769 49.513
H -18.923 41.525 46.605
R -20.329 38.359 48.17
P -23.71 38.936 49.824
Y -24.064 35.569 51.566
G -22.11 32.375 52.135
P -18.467 32.132 53.232
G -15.696 33.131 50.865
S -14.243 30.645 48.376
Q -10.868 28.876 48.11
R -9.966 31.079 45.114
T -7.855 34.244 45.554
D -9.527 36.141 42.685
D -12.781 36.192 44.671
Y -10.976 38.363 47.23
D -10.554 41.971 46.104
T -8.982 43.482 49.233
W -5.928 42.192 51.116
G -3.486 43.271 53.795
Q 0.265 42.731 53.536
G 0.427 39.73 55.848
T 2.278 38.605 58.948
Q 4.904 36.031 59.724
V 4.117 32.842 61.534
T 7.101 30.644 62.44
V 6.802 27.116 63.843
S 9.927 25.478 65.294
