tag x y z
M 80.379 15.885 27.509
Q 80.638 12.299 28.575
V 77.735 9.831 28.685
Q 75.597 9.904 31.841
L 72.974 7.321 32.728
V 69.796 7.771 34.744
E 67.495 4.897 35.733
S 63.812 5.077 36.499
G 60.783 2.796 36.82
G 61.677 1.077 40.134
G 58.935 0.487 42.669
L 57.053 -1.87 44.914
V 55.12 -4.816 43.564
Q 53.713 -8.023 45.043
A 55.174 -11.32 43.74
G 53.81 -12.158 40.313
G 53.673 -8.553 39.257
S 55.701 -6.588 36.669
L 57.885 -3.493 36.418
R 59.45 -1.769 33.37
L 62.79 -0.142 34.147
S 64.087 2.651 31.92
C 67.453 4.312 31.602
A 67.924 7.619 29.787
A 71.373 8.402 28.505
S 72.575 11.999 28.147
G 75.662 13.584 26.624
R 76.502 10.939 23.99
T 74.596 8.698 21.658
L 73.408 5.563 23.488
S 73.932 3.72 20.146
S 77.739 3.941 20.784
Y 77.544 1.496 23.738
A 76.822 -2.041 24.698
V 74.526 -1.787 27.735
G 73.948 -4.11 30.639
W 71.691 -4.227 33.715
F 73.062 -5.309 37.066
R 71.46 -5.562 40.518
Q 72.738 -5.497 44.114
A 70.928 -6.002 47.342
P 72.439 -4.512 50.532
G 75.552 -6.288 51.711
L 75.453 -8.778 48.874
E 77.419 -9.175 45.639
R 76.444 -7.249 42.564
E 74.818 -9.568 40.019
F 74.68 -9.523 36.196
V 71.014 -9.411 34.948
A 71.12 -8.773 31.143
T 73.066 -7.215 28.327
I 72.299 -5.984 24.75
S 74.656 -5.069 21.858
R 74.728 -1.618 20.197
S 72.551 -2.907 17.329
G 70.033 -4.56 19.63
G 70.536 -7.814 17.734
S 72.432 -9.721 20.438
T 71.321 -10.226 24.057
H 72.168 -12.404 26.983
Y 70.45 -13.043 30.346
A 71.315 -14.436 33.703
D 69.901 -17.93 34.157
S 67.677 -16.886 37.016
V 65.851 -14.24 34.901
K 65.709 -15.898 31.523
G 62.114 -16.02 30.232
R 60.895 -13.438 32.721
F 62.917 -10.345 31.899
T 63.555 -8.685 28.528
I 66.187 -6.133 27.776
S 65.652 -3.802 24.824
R 66.804 -0.446 23.636
D 65.606 2.525 21.632
N 68.662 4.162 20.225
A 66.68 6.918 18.543
K 65.262 7.915 21.954
N 68.617 7.288 23.736
T 66.877 4.985 26.224
V 67.33 1.325 27.277
Y 64.613 -0.814 29.003
L 64.377 -3.812 31.233
Q 60.862 -5.472 31.231
M 60.547 -7.516 34.429
N 57.608 -9.981 34.513
S 56.664 -12.663 37.003
L 58.661 -10.906 39.712
K 59.835 -12.82 42.772
P 61.054 -11.692 46.15
E 64.52 -12.894 45.143
D 64.508 -10.015 42.568
T 64.443 -7.302 45.192
A 67.578 -5.08 44.815
V 68.83 -1.823 43.424
Y 69.062 -2.169 39.632
Y 71.876 -0.387 37.784
C 72.268 0.384 34.082
A 75.798 0.339 32.657
A 77.344 1.271 29.302
T 80.648 0.482 27.581
F 82.017 1.333 24.195
T 82.604 -1.416 21.705
P 83.377 -1.154 17.931
D 81.49 -4.36 17.067
G 77.711 -3.903 16.928
S 77.006 -7.442 18.089
W 79.325 -7.659 21.093
Y 77.941 -7.623 24.631
Y 79.377 -7.865 28.188
T 78.228 -9.937 31.1
R 80.92 -8.773 33.616
G 80.571 -5.569 35.642
S 84.296 -4.946 35.267
S 83.801 -4.546 31.493
Y 81.601 -1.47 31.891
D 83.039 1.989 31.918
Y 79.879 4.052 32.818
W 77.219 3.388 35.485
G 73.916 4.944 36.454
Q 72.839 5.73 39.986
G 70.376 2.866 40.344
T 66.63 2.354 40.901
Q 65.147 0.372 43.765
V 63.04 -2.68 42.896
T 61.061 -4.249 45.74
V 59.047 -7.413 45.451
S 56.872 -8.294 48.473
S 55.131 -11.492 49.409
