tag x y z
M 38.036 5.992 16.561
E 38.738 8.671 19.202
V 36.895 12.021 19.155
Q 38.568 14.437 16.742
L 37.493 17.776 18.239
V 37.183 18.811 21.895
E 35.843 22.29 22.815
S 36.744 24.427 25.828
G 35.146 27.592 27.208
G 31.703 29.227 27.316
G 29.428 31.071 29.742
L 27.362 34.19 30.311
V 28.87 37.584 29.49
Q 27.473 41.162 29.28
A 26.842 43.005 25.983
G 30.028 44.816 24.959
D 32.213 42.174 26.647
S 34.584 39.748 24.956
L 35.202 35.979 25.093
R 37.575 33.508 23.435
L 36.77 29.841 22.828
S 39.157 26.988 21.998
C 39.084 23.514 20.453
T 41.724 20.796 20.213
A 42.007 18.548 17.162
S 43.843 15.26 16.673
G 47.244 15.898 15.031
R 45.906 14.268 11.85
T 42.745 16.398 11.535
F 44.538 19.623 12.554
S 46.911 19.301 9.576
R 44.534 17.9 6.917
A 41.246 19.8 7.44
V 39.981 23.36 7.342
M 38.702 24.095 10.829
G 35.95 26.54 11.743
W 33.019 27.533 13.921
F 29.257 27.402 13.695
R 26.557 28.744 15.978
Q 23.015 27.563 16.662
A 20.9 30.549 17.78
P 17.595 29.923 19.644
G 15.141 28.159 17.296
K 17.414 28.595 14.243
E 19.579 26.23 12.154
R 23.335 26.512 12.848
E 25.077 29.114 10.678
F 28.731 29.349 9.564
V 30.753 31.774 11.715
A 34.48 31.523 10.887
A 37.082 29.331 9.149
I 40.87 28.884 9.111
S 43.089 27.116 6.541
A 44.336 23.528 7.068
A 47.563 23.154 9.098
P 47.429 26.751 10.44
G 51.036 27.04 11.661
T 53.187 30.106 11.001
A 50.813 31.338 8.244
Y 47.155 30.948 7.246
Y 44.009 32.46 5.736
A 41.01 33.364 7.874
F 37.411 33.813 6.645
Y 34.281 35.162 8.381
A 30.512 35.511 8.083
D 29.433 39.136 7.453
S 27.531 39.204 10.773
V 30.741 38.702 12.801
R 33.333 40.46 10.585
G 35.973 42.53 12.401
R 34.573 41.505 15.815
F 35.375 37.78 15.663
S 38.761 36.265 14.864
I 40.056 32.751 14.351
S 43.623 31.657 15.084
A 45.633 28.579 16.036
D 48.438 27.052 18.053
S 50.017 24.194 16.109
A 52.038 23.138 19.161
K 48.795 22.362 21.025
N 46.817 21.321 17.905
T 44.34 24.025 18.966
V 42.247 26.616 17.121
Y 40.6 29.638 18.781
L 37.525 31.843 18.32
Q 38.015 35.354 19.701
M 34.703 37.216 20.045
N 34.871 40.958 20.767
S 32.04 43.439 21.356
L 29.523 40.65 21.925
K 25.846 41.611 21.38
P 22.798 39.739 22.752
E 22.27 38.565 19.154
D 25.436 36.387 19.403
T 23.654 34.189 21.969
A 24.037 30.663 20.624
V 25.327 27.129 21.056
Y 28.807 27.356 19.497
Y 30.237 24.434 17.507
C 33.739 23.762 16.195
A 33.971 21.861 12.903
A 36.51 20.23 10.563
D 36.202 19.528 6.83
L 38.876 17.268 5.29
K 37.682 18.126 1.764
M 38.729 21.8 2.138
Q 42.239 23.279 2.364
V 41.693 27.062 2.285
A 39.572 28.942 4.835
A 36.177 29.656 3.249
Y 32.444 29.294 3.8
M 31.773 25.878 5.312
N 28.643 23.931 4.437
Q 27.566 22.129 7.599
R 26.561 19.16 5.408
S 30.257 18.747 4.474
V 31.639 18.766 8.042
D 33.46 15.494 8.835
Y 33.725 16.066 12.605
W 32.032 18.249 15.251
G 32.987 19.247 18.766
Q 30.31 19.316 21.48
G 28.302 22.54 21.414
T 29.055 25.122 24.102
Q 26.528 27.676 25.384
V 27.588 31.294 24.971
T 25.028 33.712 26.4
V 25.249 37.471 25.971
S 23.099 39.372 28.48
S 21.347 42.64 27.522
