tag x y z
V -25.428 -16.736 16.547
Q -23.435 -13.509 16.921
L -20.074 -12.009 15.992
L -18.898 -8.789 17.521
E -15.667 -6.992 16.52
S -13.447 -4.611 18.567
G -11.083 -2.5 18.758
G -9.875 -0.639 15.79
G -8.66 2.903 16.201
L -6.162 5.246 14.703
V -2.612 3.937 14.279
Q 0.551 5.398 12.664
P 1.791 3.654 9.502
G 4.285 0.928 10.469
G 2.204 0.353 13.606
S 0.393 -2.732 14.781
L -3.109 -3.434 15.895
R -4.807 -6.573 17.268
L -8.549 -7.058 16.411
S -10.919 -9.438 18.172
C -14.237 -10.955 17.426
A -16.3 -12.404 20.286
A -18.263 -15.28 18.844
S -21.364 -16.922 20.238
G -24.23 -19.271 19.507
F -22.329 -21.904 17.577
R -19.53 -24.517 17.889
F -16.516 -22.22 17.503
D -13.559 -24.586 17.611
A -13.944 -26.128 14.097
E -15.965 -23.461 12.273
D -14.765 -21.905 9.053
M -14.309 -18.216 9.697
G -12.599 -15.123 8.377
W -11.939 -11.405 8.182
V -13.21 -9.093 5.479
R -12.818 -5.379 5.077
Q -14.458 -2.458 3.416
A -12.214 0.351 2.426
P -13.335 3.929 1.591
G -15.454 3.667 -1.611
K -14.691 0.017 -2.417
G -16.631 -3.228 -1.963
L -16.162 -5.846 0.762
E -12.755 -7.466 0.197
W -11.597 -10.799 1.667
V -8.622 -10.478 4.054
S -8.075 -13.887 5.725
S -9.602 -17.241 6.55
I -9.195 -20.085 8.966
Y -10.797 -23.409 8.065
G -11.818 -26.597 9.873
P -10.346 -28.492 12.84
S -6.858 -28.214 11.31
G -6.99 -24.465 11.563
S -5.561 -24.066 8.066
T -4.984 -20.357 7.456
Y -5.103 -18.384 4.111
Y -4.449 -14.737 3.357
A -5.123 -12.207 0.622
D -1.912 -11.213 -1.166
S -1.995 -7.54 -0.061
V -1.664 -8.773 3.615
K 0.282 -12.077 3.432
G 3.225 -11.994 5.759
R 1.823 -8.976 7.685
F -1.436 -10.253 9.205
T -2.116 -13.374 11.2
I -5.506 -14.916 11.938
S -5.866 -16.885 15.181
R -8.429 -18.707 17.292
D -8.722 -18.654 21.084
N -10.941 -21.685 21.785
S -11.082 -21.172 25.499
K -12.819 -17.81 24.928
N -14.527 -18.487 21.543
T -12.784 -15.374 20.226
L -11.25 -14.905 16.768
Y -8.237 -12.579 16.437
L -6.505 -10.697 13.573
Q -2.98 -9.506 14.28
M -2.121 -6.636 11.874
N 1.497 -5.591 11.548
S 3.329 -3.156 9.383
L 0.232 -1.137 8.769
R -0.097 1.035 5.619
A -2.462 3.892 4.703
E -4.416 1.548 2.308
D -5.256 -0.828 5.203
T -7.739 1.851 6.326
A -11.169 0.202 6.352
V -13.98 -1.197 8.375
Y -13.001 -4.748 9.345
Y -15.477 -7.548 9.817
C -15.322 -10.947 11.33
A -17.466 -13.333 9.211
K -18.778 -16.837 8.773
Y -20.905 -19.14 6.597
T -24.463 -19.523 7.8
S -25.059 -22.883 6.151
P -22.083 -24.454 4.283
P -21.29 -25.74 1.739
Q -22.736 -22.645 0.023
N -22.179 -19.927 -2.569
H -21.783 -16.123 -1.827
G -18.788 -16.67 0.416
F -19.206 -15.664 4.073
D -22.728 -14.37 4.446
Y -22.827 -13.515 8.17
W -20.625 -10.735 9.64
G -20.586 -8.465 12.654
Q -21.009 -4.736 13.045
G -17.461 -4.022 12.016
T -14.641 -1.998 13.593
L -12.937 0.976 11.985
V -9.175 1.101 11.468
T -7.655 4.362 10.378
V -3.957 4.406 9.367
S -2.538 7.969 8.924
