tag x y z
V -43.225 0.027 68.128
Q -41.08 3.088 68.986
L -37.502 4.404 68.565
L -36.883 7.536 70.692
E -33.603 9.519 70.34
S -32.064 11.499 73.231
G -28.666 13.179 73.86
G -27.48 15.623 71.17
G -26.958 19.402 71.312
L -24.14 21.93 70.572
G -12.985 18.258 68.767
G -15.271 17.004 71.593
S -17.331 13.876 72.447
L -21.174 13.218 72.565
R -23.205 10.092 73.31
L -26.612 9.575 71.71
S -29.198 7.151 73.016
C -32.253 5.365 71.541
A -34.964 3.766 73.618
A -36.731 0.974 71.782
S -40.117 -0.535 72.572
G -42.426 -2.972 70.86
F -40.084 -5.583 69.374
R -37.607 -8.364 70.279
F -34.729 -5.931 70.892
D -32.085 -8.561 71.792
A -31.41 -9.908 68.276
E -32.636 -7.096 65.953
D -30.309 -5.622 63.448
M -30.204 -1.938 64.179
G -28.253 1.087 63.21
W -27.634 4.8 63.297
V -27.967 7.14 60.27
R -27.569 10.909 59.803
Q -28.688 13.857 57.581
A -26.368 16.935 57.401
L -29.149 11.012 54.585
E -26.211 8.66 55.266
W -25.282 5.394 56.983
V -23.228 5.815 60.185
S -23.108 2.492 62.051
S -24.783 -0.895 62.484
I -25.047 -3.674 65.029
Y -26.272 -7.049 63.722
G -27.828 -10.155 65.066
P -27.316 -12.277 68.222
S -23.544 -11.835 67.806
G -23.643 -8.073 68.119
S -21.264 -7.649 65.152
T -20.617 -3.937 64.682
Y -19.88 -1.955 61.559
Y -19.077 1.692 60.878
A -18.836 3.973 57.901
D -15.249 4.931 56.974
S -16.232 8.549 57.975
V -16.71 7.478 61.622
K -14.502 4.305 61.903
G -12.241 4.618 64.921
R -14.104 7.494 66.591
F -17.658 6.216 67.075
T -18.876 3.184 68.986
I -22.305 1.567 68.759
S -23.623 -0.667 71.549
R -26.757 -2.018 73.169
D -27.916 -2.387 76.816
N -30.256 -5.383 76.707
S -31.038 -4.607 80.375
K -32.825 -1.43 79.227
N -33.567 -2.061 75.476
T -31.514 0.953 74.54
L -29.211 1.44 71.591
Y -26.244 3.787 72.08
L -23.885 5.714 69.838
Q -20.702 7.054 71.489
M -19.04 9.785 69.408
N -15.443 11.067 69.92
S -13.09 13.534 68.258
L -16.056 15.332 66.645
R -15.506 17.441 63.445
A -17.876 20.033 61.873
E -18.389 17.377 59.143
D -20.376 15.451 61.844
T -23.06 18.189 62.181
A -26.374 16.434 61.346
V -29.683 15.102 62.643
Y -28.95 11.548 63.861
Y -31.482 8.777 63.636
C -31.928 5.45 65.19
A -33.214 2.853 62.645
K -34.47 -0.691 62.139
Y -35.686 -3.05 59.332
T -39.457 -3.427 59.312
S -39.49 -6.84 57.757
P -36.076 -8.221 56.726
P -34.563 -9.521 54.501
Q -35.572 -6.64 52.252
N -34.018 -3.961 50.155
H -34.072 -0.146 50.903
G -31.926 -0.725 53.989
F -33.442 0.397 57.278
D -36.921 1.715 56.503
Y -38.096 2.47 60.084
W -36.506 5.315 62.054
G -37.218 7.57 64.985
Q -37.647 11.322 65.065
G -33.897 12.07 65.067
T -31.808 14.24 67.382
L -29.678 17.299 66.412
V -25.833 17.225 66.986
T -24.266 20.509 65.81
V -20.342 20.425 65.71
