tag x y z
V 49.784 27.369 33.887
Q 47.793 29.772 36.055
L 45.746 32.593 34.525
Q 45.42 36.056 36.065
E 42.083 37.77 36.769
S 41.578 41.506 37.265
G 38.619 43.847 37.71
G 37.054 42.422 40.86
G 36.474 44.155 44.173
L 33.618 46.166 45.599
V 30.747 47.327 43.408
Q 27.396 48.869 44.182
V 24.139 47.034 43.606
G 23.084 47.856 40.068
G 26.704 48.76 39.223
S 29.018 47.381 36.528
S 29.029 47.405 36.512
L 32.334 45.536 36.335
R 34.882 44.775 33.636
L 36.506 41.457 34.515
S 39.622 40.522 32.587
C 41.803 37.442 32.475
K 45.342 37.179 31.127
A 45.313 33.737 29.462
S 48.244 31.425 28.615
G 49.401 33.407 25.589
F 49.356 30.319 23.329
T 47.49 31.968 20.496
F 49.104 29.452 18.115
R 46.323 27.05 19.09
S 42.59 27.345 19.635
S 40.96 27.25 23.07
A 37.729 27.618 24.943
M 37.728 30.286 27.64
G 35.257 31.288 30.279
W 34.318 32.328 33.763
Y 33.027 30.372 36.743
R 32.163 31.569 40.209
R 32.058 30.035 43.654
A 30.255 31.43 46.645
P 31.315 30.33 50.154
G 30.353 26.714 50.732
K 28.424 26.497 47.461
Q 29.186 24.578 44.301
R 31.081 26.252 41.478
E 28.77 27.375 38.673
L 29.286 28.458 35.096
V 28.907 32.177 34.497
A 29.964 32.493 30.851
S 32.056 30.647 28.306
L 33.206 30.737 24.705
T 33.966 27.65 22.651
T 37.025 27.382 20.4
T 34.832 28.874 17.68
G 33.356 31.668 19.81
T 29.957 30.172 20.692
A 28.773 31.737 23.963
D 26.98 30.067 26.868
Y 25.776 31.87 30.019
G 24.621 30.633 33.402
D 20.89 30.813 33.937
F 21.26 33.544 36.599
V 22.919 35.885 34.048
K 19.609 36.94 32.424
G 21.268 39.1 29.753
R 23.277 41.204 32.191
F 26.801 39.932 31.374
T 28.675 39.688 28.078
I 31.75 37.539 27.446
S 34.34 38.444 24.832
R 37.914 37.491 23.989
D 40.842 39.57 22.737
N 43.453 37.423 20.998
A 45.584 40.474 20.185
E 45.834 41.02 23.954
N 45.628 37.414 25.256
T 42.498 38.043 27.356
V 39.005 36.776 28.048
D 36.77 39.501 29.427
L 33.426 39.607 31.21
H 31.394 42.816 31.098
M 28.906 42.646 33.962
N 26.01 45.081 34.33
S 23.247 45.239 36.943
L 25.136 43.417 39.692
K 23.055 41.923 42.518
P 23.989 40.905 46.074
E 23.55 37.269 44.916
D 26.375 37.776 42.426
T 28.867 38.053 45.307
A 31.428 35.278 44.879
V 34.963 34.472 43.819
Y 35.163 34.598 40.006
Y 37.628 32.271 38.209
C 38.611 32.426 34.569
H 39.65 29.319 32.656
E 41.293 28.286 29.395
D 40.758 24.874 27.766
P 43.531 24.088 25.247
Y 41.99 22.853 22.002
G 38.669 23.044 23.814
M 39.704 20.154 26.071
M 39.696 20.142 26.06
E 38.29 20.613 29.568
S 40.629 17.815 30.634
L 43.581 20.216 30.173
R 41.812 23.19 31.778
Y 43.905 26.041 33.118
W 42.415 28.085 35.943
G 42.997 31.544 37.291
Q 43.557 32.289 40.968
G 40.119 33.777 41.433
T 39.122 37.304 42.267
Q 36.522 38.353 44.807
V 33.486 40.297 43.644
T 31.558 41.906 46.492
V 28.26 43.556 45.602
S 27.264 46.045 48.311
S 26.149 49.622 47.7
A 27.092 50.921 51.135
A 30.521 49.249 51.041
A 31.22 50.376 47.471
H 30.158 53.958 48.178
H 32.451 54.034 51.216
H 35.446 52.41 49.526
H 35.199 54.276 46.206
H 34.712 57.65 47.979
H 31.448 58.335 46.186
