tag x y z
V 49.625 4.448 67.161
Q 47.345 6.957 68.892
L 45.32 9.78 67.369
Q 45.028 13.21 69.004
E 41.661 14.878 69.666
S 41.168 18.571 70.263
G 38.217 20.862 70.888
G 36.604 19.34 73.942
G 35.859 21.215 77.109
L 32.967 23.126 78.615
V 30.131 24.359 76.449
Q 26.802 25.992 77.2
V 23.533 24.202 76.545
G 22.581 24.973 72.978
G 26.162 25.885 72.068
S 28.549 24.521 69.488
L 31.943 22.826 69.476
R 34.269 21.771 66.67
L 36.206 18.611 67.514
S 39.33 17.762 65.525
C 41.428 14.624 65.335
K 44.978 14.421 64.015
A 45.14 11.003 62.413
S 47.965 8.554 61.679
G 49.546 10.767 58.996
F 48.996 8.345 56.102
T 47.542 10.095 53.094
F 48.865 7.242 50.903
R 46.191 4.722 51.919
S 42.452 4.916 52.391
S 40.798 4.727 55.747
A 37.516 5.122 57.506
M 37.469 7.752 60.257
G 34.908 8.702 62.833
W 33.851 9.607 66.327
Y 32.456 7.561 69.187
R 31.523 8.733 72.627
R 31.324 7.056 75.993
A 29.864 8.559 79.103
P 31.388 7.18 82.326
G 29.489 4.052 83.298
K 27.785 3.694 79.907
Q 28.489 1.769 76.732
R 30.261 3.397 73.802
E 28.069 4.672 70.975
L 28.826 5.71 67.415
V 28.422 9.431 66.906
A 29.534 9.901 63.294
S 31.684 8.067 60.804
L 32.997 8.275 57.253
T 33.815 5.173 55.217
T 36.875 4.962 52.96
T 34.546 6.309 50.248
G 33.185 9.225 52.258
T 29.837 7.661 53.191
A 28.536 9.343 56.339
D 26.642 7.669 59.165
Y 25.34 9.383 62.312
G 24.115 8.054 65.624
D 20.354 8.228 65.996
F 20.649 10.816 68.8
V 22.406 13.279 66.467
K 19.148 14.278 64.708
G 20.874 16.605 62.246
R 22.805 18.595 64.837
F 26.358 17.398 64.013
T 28.372 17.231 60.783
I 31.43 15.062 60.166
S 34.099 16.037 57.673
R 37.658 15.04 56.851
D 40.548 17.139 55.599
N 42.693 14.666 53.676
A 45.4 17.321 53.254
E 45.54 18.409 56.922
N 45.28 14.751 58.069
T 42.176 15.323 60.194
V 38.65 14.212 60.831
D 36.391 16.924 62.286
L 33.059 16.906 64.098
H 31.016 20.112 64.077
M 28.502 19.855 66.931
N 25.584 22.297 67.258
S 22.707 22.479 69.738
L 24.589 20.571 72.414
K 22.465 19.101 75.219
P 23.249 17.722 78.687
E 22.743 14.193 77.27
D 25.727 14.806 74.973
T 28.19 14.989 77.906
A 30.765 12.23 77.439
V 34.323 11.481 76.399
Y 34.571 11.73 72.614
Y 37.063 9.41 70.864
C 38.145 9.605 67.257
H 39.136 6.506 65.332
E 40.855 5.611 62.084
D 40.349 2.256 60.368
P 43.096 1.495 57.836
Y 41.525 0.26 54.609
G 38.149 0.461 56.362
M 39.112 -2.512 58.564
M 39.117 -2.495 58.57
E 37.825 -2.1 62.124
S 40.208 -4.906 63.062
L 43.082 -2.441 62.535
R 41.344 0.47 64.288
Y 43.437 3.229 65.814
W 41.795 5.082 68.673
G 42.288 8.54 70.111
Q 42.956 9.333 73.757
G 39.545 10.941 74.144
T 38.48 14.5 74.901
Q 35.85 15.373 77.5
V 32.802 17.34 76.311
T 30.729 18.716 79.2
V 27.501 20.539 78.408
S 26.623 22.875 81.292
S 23.944 25.52 81.829
A 26.483 27.49 83.875
A 28.923 27.769 80.98
A 26.566 30.439 79.596
