tag x y z
K 13.616 18.059 37.401
V 15.223 16.3 34.441
Q 17.595 13.517 35.492
L 19.473 10.656 33.904
Q 19.078 7.066 35.146
E 22.489 5.578 35.922
S 23.443 1.92 36.34
G 24.315 0.925 39.923
G 26.64 -1.74 41.285
G 30.205 -0.588 40.598
L 32.332 -3.483 41.968
V 35.389 -4.395 39.878
Q 38.789 -5.997 40.455
V 42.093 -4.197 39.99
G 42.986 -4.597 36.327
G 39.38 -5.468 35.595
S 36.849 -3.918 33.234
L 33.58 -2.213 34.133
R 30.798 -0.732 32.019
L 28.706 2.189 33.249
S 25.533 3.223 31.454
C 23.143 6.131 31.678
C 23.07 6.066 31.716
K 19.584 6.38 30.255
A 18.168 9.728 29.102
S 14.677 10.749 28.139
G 16.552 12.557 25.436
F 13.936 14.679 23.717
T 16.884 16.491 22.11
F 19.438 13.724 22.737
R 20.873 13.694 19.202
S 22.06 17.329 19.547
S 23.411 17.033 23.091
A 26.909 16.808 24.445
M 27.373 14.184 27.116
G 29.951 12.793 29.465
W 31.152 11.453 32.773
Y 32.64 13.133 35.825
R 33.888 11.599 39.047
R 34.499 12.71 42.59
A 36.452 10.949 45.319
P 37.237 11.996 48.906
G 40.125 14.447 49.006
K 39.914 15.412 45.326
Q 37.926 17.908 43.346
R 35.454 16.68 40.756
E 37.268 15.659 37.593
L 36.156 15.094 34.033
V 36.503 11.444 33.019
A 35.245 11.416 29.437
S 33.036 13.56 27.236
L 31.596 13.795 23.742
T 30.894 17.152 22.105
T 27.834 17.827 19.988
T 30.038 17.093 16.96
G 31.399 13.81 18.326
T 34.851 14.803 19.617
A 35.956 12.793 22.638
D 37.857 14.188 25.601
Y 39.356 12.08 28.395
G 40.774 12.977 31.779
D 44.558 12.897 31.887
F 44.442 9.879 34.274
V 42.602 7.781 31.646
K 45.726 7.101 29.536
G 43.885 5.118 26.892
R 42.04 2.822 29.305
F 38.432 4.059 28.915
T 36.056 4.593 25.982
I 32.921 6.745 25.97
S 30.145 5.84 23.568
R 26.523 6.76 23.025
D 23.392 5.119 21.635
N 20.907 7.405 19.881
A 18.34 4.598 19.5
E 18.27 3.829 23.235
N 19.251 7.329 24.4
T 22.123 6.056 26.537
V 25.627 7.261 27.233
D 28.169 4.696 28.248
L 31.581 4.466 29.873
H 33.672 1.386 29.087
M 36.502 1.22 31.648
N 39.503 -1.111 31.436
S 42.629 -1.722 33.481
L 41.025 -0.232 36.552
K 43.171 1.05 39.418
P 42.477 1.786 43.108
E 42.774 5.501 42.234
D 39.727 5.062 39.975
T 37.533 4.439 43.028
A 35.068 7.328 43.116
V 31.462 8.316 42.522
Y 30.895 8.55 38.784
Y 28.203 10.833 37.356
C 26.884 10.921 33.811
H 25.576 14.119 32.275
E 23.791 15.453 29.185
D 24.211 19.038 27.958
P 21.332 19.983 25.626
Y 22.64 21.826 22.577
G 26.121 21.434 24.037
M 25.237 24.0 26.737
E 26.82 23.32 30.135
S 24.336 25.865 31.519
L 21.55 23.321 30.807
R 23.383 20.241 32.138
Y 21.316 17.245 33.3
W 22.89 14.72 35.68
G 22.599 11.086 36.663
Q 22.294 10.229 40.339
G 25.871 8.933 40.729
T 27.342 5.484 41.289
Q 30.242 4.501 43.515
V 32.839 2.464 41.629
T 34.969 0.432 44.018
V 38.142 -1.117 42.623
S 39.298 -3.991 44.834
S 39.528 -7.751 45.332
A 36.1 -7.585 47.038
A 34.42 -7.787 43.61
A 35.109 -11.515 43.793
H 32.749 -13.719 46.013
