tag x y z
Q 2.775 -7.729 34.059
V -0.936 -8.312 34.37
Q -1.824 -9.3 37.914
L -5.124 -10.852 38.927
Q -5.736 -11.033 42.674
E -8.62 -13.111 44.011
S -10.228 -13.141 47.372
G -13.268 -14.423 49.232
G -13.068 -18.206 49.164
G -13.46 -20.867 51.877
S -15.806 -23.393 53.474
V -19.468 -23.058 53.675
Q -22.491 -25.243 54.541
A -24.683 -26.282 51.604
G -27.568 -23.839 51.02
G -25.502 -20.798 51.998
S -23.819 -17.958 50.095
S -23.8 -17.992 50.064
L -20.338 -16.6 49.367
R -18.914 -13.868 47.184
L -15.573 -13.951 45.333
S -13.738 -10.85 44.152
C -10.99 -10.287 41.744
C -10.97 -10.378 41.644
T -9.055 -7.204 40.864
A -6.913 -6.745 37.823
S -3.917 -4.428 37.638
G -1.046 -3.808 35.237
Y -2.982 -4.441 32.025
T -3.13 -1.982 29.154
Y -5.828 -3.638 27.104
R -8.12 -0.91 25.711
K -11.024 -3.401 25.796
Y -11.513 -6.572 27.77
C -13.837 -8.972 29.522
M -13.442 -10.544 32.97
G -14.686 -13.964 33.869
W -14.682 -16.819 36.353
F -13.74 -20.452 35.745
R -13.718 -23.355 38.175
Q -11.94 -26.651 38.531
A -13.612 -29.239 40.748
P -11.032 -31.619 42.288
G -9.347 -33.966 39.754
K -11.262 -32.29 36.882
E -11.713 -30.405 33.796
R -11.653 -26.732 34.376
E -14.965 -25.207 33.188
G -16.211 -21.669 32.486
V -18.68 -20.194 34.918
A -19.408 -16.662 33.752
C -18.142 -13.546 32.024
I -18.991 -9.873 31.988
N -18.19 -7.201 29.303
S -17.55 -3.437 29.745
G -21.237 -2.608 29.157
G -22.072 -4.965 32.017
G -23.603 -7.585 29.721
T -23.312 -10.971 31.394
S -22.8 -14.477 29.952
Y -23.273 -17.58 32.002
Y -21.376 -20.623 30.664
A -22.314 -23.256 33.204
D -26.003 -24.322 32.972
S -25.923 -25.644 36.536
V -25.122 -22.248 38.038
K -27.819 -20.206 36.338
G -30.242 -18.586 38.765
R -27.88 -19.107 41.666
F -24.625 -17.261 40.676
T -24.392 -13.602 39.642
I -21.339 -11.94 38.072
S -20.992 -8.185 38.445
Q -18.321 -5.537 38.395
D -17.414 -2.332 40.214
N -17.656 1.127 38.716
A -14.053 1.141 37.59
K -13.806 -1.983 35.588
D -10.916 -3.264 37.575
T -12.828 -5.626 39.873
V -15.206 -8.482 39.162
F -17.419 -10.271 41.669
L -19.036 -13.664 41.727
R -21.968 -13.882 44.111
M -22.875 -17.507 44.777
N -26.232 -18.284 46.409
S -27.822 -21.599 47.272
L -24.471 -23.333 47.189
K -24.331 -27.092 46.552
P -21.672 -29.712 47.228
E -21.047 -29.922 43.432
D -19.937 -26.26 43.503
T -16.857 -27.38 45.47
A -13.922 -26.233 43.353
I -10.963 -23.954 42.91
Y -12.364 -20.786 41.315
Y -10.168 -18.772 38.94
C -10.683 -15.255 37.735
C -10.484 -15.244 37.788
A -9.52 -14.616 34.175
L -9.178 -11.714 31.791
S -9.786 -11.811 28.05
S -8.88 -9.18 25.517
N -12.185 -9.822 23.782
S -14.477 -6.871 23.427
V -17.5 -9.106 23.919
C -17.539 -12.302 26.086
P -15.95 -15.234 24.279
P -17.153 -18.837 24.371
G -16.502 -20.462 27.684
H -13.212 -22.054 26.769
V -9.829 -21.554 28.521
A -8.193 -20.835 25.157
W -9.938 -17.425 24.904
Y -8.586 -16.0 28.216
N -5.284 -14.138 28.164
D -4.552 -13.997 31.96
W -5.4 -16.081 35.003
G -5.529 -15.568 38.704
Q -3.885 -17.993 41.092
G -7.258 -19.505 42.197
T -9.387 -19.509 45.358
Q -10.864 -22.61 47.119
V -14.533 -22.83 47.658
T -15.719 -25.897 49.629
V -19.414 -26.598 50.248
S -20.453 -29.432 52.564
S -23.915 -30.879 53.409
