tag x y z
Q -24.906 -29.815 30.941
V -23.41 -28.828 27.428
Q -24.612 -30.837 24.387
L -24.261 -30.739 20.58
Q -26.755 -32.891 18.793
E -26.534 -33.117 15.022
S -29.068 -34.425 12.503
G -30.128 -34.229 8.874
G -28.019 -37.224 7.834
G -29.238 -39.78 5.333
L -28.619 -41.981 2.339
V -28.763 -39.958 -0.873
Q -27.973 -40.13 -4.634
A -24.795 -38.698 -6.032
G -25.655 -35.155 -7.168
G -28.112 -34.695 -4.341
S -28.145 -32.505 -1.266
L -28.717 -32.66 2.458
R -28.954 -30.064 5.223
L -27.262 -30.953 8.471
S -28.412 -29.282 11.683
C -26.719 -29.068 14.998
A -28.842 -28.103 17.984
A -26.852 -26.718 20.92
S -27.991 -26.692 24.534
G -26.261 -25.846 27.754
L -24.074 -23.29 26.016
T -23.784 -19.585 25.324
F -24.174 -20.174 21.582
D -23.923 -16.492 20.665
T -20.411 -16.315 21.925
Y -18.862 -19.483 20.399
A -17.35 -19.955 16.967
M -18.651 -23.077 15.37
G -17.383 -25.634 12.847
W -18.161 -28.763 10.893
F -15.703 -31.648 10.729
R -16.077 -35.063 9.225
Q -14.634 -38.551 9.483
A -14.882 -41.594 7.287
P -13.872 -44.947 8.807
G -10.1 -45.451 8.813
K -9.4 -42.072 7.211
K -7.991 -39.142 9.132
R -10.421 -36.54 10.449
E -11.139 -33.644 8.021
Y -12.068 -30.016 8.661
V -15.009 -28.905 6.555
A -16.094 -25.415 7.498
A -16.326 -22.842 10.287
I -18.199 -19.673 11.197
S -17.857 -16.582 13.456
W -20.139 -15.889 16.409
T -22.638 -13.863 14.282
G -21.456 -15.17 11.721
I -20.725 -12.48 9.222
S -17.486 -14.449 8.639
T -17.517 -17.956 7.146
Y -14.562 -20.2 6.337
Y -14.291 -23.286 4.103
A -11.994 -26.217 3.45
D -11.001 -27.002 -0.2
I -13.393 -29.939 0.028
A -16.387 -27.577 0.573
K -15.733 -24.491 -1.59
G -18.642 -23.864 -3.957
R -20.716 -26.851 -2.773
F -21.372 -26.405 0.918
T -22.654 -23.472 2.951
I -22.268 -22.986 6.675
S -24.63 -20.703 8.582
R -26.288 -20.257 11.966
D -29.438 -19.11 13.654
N -28.485 -17.78 17.056
A -32.109 -17.382 18.237
K -32.613 -21.16 17.79
N -29.145 -22.145 19.001
T -28.716 -24.003 15.755
L -25.896 -24.479 13.325
Y -26.388 -25.574 9.723
L -24.574 -27.093 6.749
Q -26.275 -27.072 3.331
M -24.491 -29.606 1.158
D -24.969 -29.62 -2.628
S -23.372 -31.739 -5.336
L -22.672 -34.612 -2.992
K -20.3 -37.358 -4.225
P -19.551 -40.903 -2.956
E -16.322 -39.649 -1.208
D -18.33 -37.238 0.951
T -19.567 -40.346 2.757
A -18.601 -39.875 6.406
V -19.863 -39.2 9.835
Y -20.245 -35.37 10.148
Y -19.651 -33.598 13.517
C -20.278 -30.07 14.649
A -17.926 -28.462 17.141
A -17.616 -25.246 19.174
Q -14.66 -23.051 20.032
K -14.559 -19.881 22.12
S -11.828 -18.322 19.877
L -11.7 -19.53 16.344
N -8.515 -21.286 15.5
V -9.123 -24.133 13.133
P -6.069 -26.323 13.842
A -6.196 -25.813 17.624
P -8.258 -27.947 20.08
W -11.959 -27.336 19.964
D -13.881 -27.092 23.209
Y -16.984 -29.189 22.5
W -18.026 -31.853 19.948
G -21.261 -33.53 18.925
Q -21.769 -37.282 18.526
G -22.135 -36.929 14.734
T -24.602 -37.734 11.918
Q -24.018 -40.342 9.206
V -23.982 -39.194 5.597
T -23.835 -41.834 2.869
V -23.736 -40.978 -0.839
S -24.107 -43.902 -3.284
S -24.215 -45.087 -6.857
