tag x y z
V -6.356 99.874 21.92
Q -9.947 100.356 20.763
L -11.548 100.155 17.321
Q -13.268 103.41 16.37
E -15.955 103.934 13.728
S -17.076 107.02 11.808
G -18.407 108.328 8.499
G -22.019 107.332 9.083
G -25.088 109.516 9.483
L -28.106 110.607 7.459
V -28.493 110.513 3.677
Q -31.211 110.281 1.005
A -31.797 107.175 -1.129
G -29.461 107.241 -4.118
G -26.858 109.096 -2.087
S -23.574 107.685 -0.819
L -21.621 107.294 2.42
R -18.145 106.17 3.487
L -17.541 104.396 6.796
S -14.151 104.532 8.515
C -12.621 101.811 10.684
A -9.494 102.867 12.574
A -7.875 102.038 15.914
S -7.329 104.284 18.937
R -3.529 104.125 18.713
S -0.827 103.337 16.154
I -1.106 99.839 14.684
F 1.263 97.896 12.428
S -1.353 96.064 10.367
I -5.048 95.276 10.044
D -4.724 91.782 8.588
T -8.461 91.168 8.208
A -11.635 93.251 8.471
N -15.383 92.625 8.466
W -18.316 95.016 8.135
Y -21.495 93.877 9.884
R -24.874 95.607 9.962
Q -28.126 95.099 11.855
P -31.403 96.512 10.459
P -34.223 97.277 12.955
G -36.054 94.061 13.845
M -33.646 91.822 11.945
Q -30.483 89.774 12.526
R -26.83 90.838 12.499
E -25.703 90.494 8.885
L -22.226 90.182 7.372
V -21.899 92.742 4.577
A -18.26 93.138 3.553
T -15.051 91.176 4.103
I -11.534 92.153 3.047
T -8.554 89.8 3.301
R -4.821 90.159 3.956
D -3.955 89.908 0.265
G -6.542 92.572 -0.537
N -9.326 90.448 -2.006
A -12.884 91.293 -1.002
N -16.404 89.869 -1.061
Y -19.845 91.322 -0.393
A -23.372 90.211 0.45
D -25.652 89.692 -2.548
S -27.897 92.436 -1.171
V -24.987 94.89 -1.206
K -22.633 93.612 -3.918
G -21.998 96.042 -6.764
R -22.96 98.937 -4.507
F -20.675 98.498 -1.496
T -16.868 98.401 -1.563
I -14.603 97.489 1.355
S -10.958 98.55 1.137
R -7.805 98.956 3.211
D -5.8 102.158 3.571
R -2.385 100.653 4.325
A -0.836 104.064 4.986
R -3.263 104.919 7.791
N -4.286 101.365 8.727
T -7.933 102.19 8.073
V -10.638 99.997 6.567
Y -13.237 101.9 4.554
L -16.691 100.828 3.398
Q -17.795 102.826 0.358
M -21.586 102.617 0.265
N -23.094 103.81 -3.019
S -26.685 103.925 -4.303
L -28.083 103.526 -0.793
K -31.507 101.958 -0.294
P -33.861 102.506 2.687
E -33.302 98.895 3.808
D -29.591 99.629 4.25
T -30.63 101.555 7.364
G -29.265 100.14 10.614
V -26.259 99.979 12.921
Y -22.951 99.113 11.248
Y -20.241 97.286 13.198
C -16.566 96.818 12.365
N -14.794 93.538 13.104
A -11.045 93.567 12.475
A -7.943 91.516 13.276
I -5.467 94.116 14.531
R -1.74 93.409 14.82
T -0.256 95.789 17.405
T 3.356 95.205 16.379
V 5.092 93.198 13.656
R 5.652 90.004 15.648
T 2.625 90.34 17.939
S -0.096 87.724 17.406
A -3.227 88.966 15.635
Q -5.973 89.72 18.158
E -9.666 90.047 17.284
Y -11.39 93.387 17.849
W -14.97 94.644 17.683
G -16.38 98.148 18.032
Q -19.375 100.229 19.062
G -21.551 100.452 15.962
T -22.311 103.645 14.065
Q -25.774 104.74 12.953
V -26.627 104.808 9.246
T -30.062 106.133 8.279
V -31.25 106.12 4.668
S -34.402 108.242 4.563
S -37.332 108.313 2.119
