tag x y z
D 65.359 55.151 -13.459
V 62.914 57.711 -12.065
Q 61.711 60.859 -13.854
L 60.352 63.979 -12.194
V 58.264 66.46 -14.168
E 58.134 69.886 -12.532
S 55.63 72.658 -13.267
G 54.161 75.885 -11.89
G 57.062 78.337 -11.987
G 56.965 82.038 -12.801
L 56.634 85.672 -11.744
V 54.329 86.524 -8.841
Q 53.158 89.717 -7.118
P 54.262 89.858 -3.446
G 51.648 88.642 -0.972
G 50.379 86.401 -3.747
S 50.515 82.637 -4.109
L 51.945 79.896 -6.323
R 51.411 76.159 -6.687
L 54.273 73.882 -7.702
S 53.729 70.299 -8.83
C 56.126 67.387 -9.254
A 55.033 64.12 -10.865
A 57.149 60.977 -10.586
S 57.202 58.141 -13.113
G 59.299 55.121 -14.059
S 60.845 52.75 -11.534
I 59.124 54.222 -8.481
F 58.597 52.352 -5.208
S 55.57 52.334 -2.897
I 57.656 53.725 -0.037
Y 59.092 57.144 -0.788
A 59.679 60.756 0.163
M 59.257 63.763 -2.124
G 60.272 67.333 -1.39
W 61.345 70.735 -2.636
Y 64.701 72.442 -2.324
R 65.399 76.006 -3.408
Q 68.472 78.093 -4.184
A 68.173 81.852 -3.784
P 70.463 84.012 -5.955
G 73.911 84.17 -4.364
K 73.013 81.529 -1.784
Q 73.213 77.764 -1.22
R 70.609 74.984 -1.448
E 68.019 74.728 1.32
L 65.2 72.345 2.172
V 61.769 73.919 1.693
A 59.287 71.145 2.418
S 59.075 67.371 2.128
I 56.383 64.726 2.488
S 56.74 60.999 3.133
S 54.607 58.04 2.056
G 53.652 57.324 5.662
G 52.131 60.804 5.8
G 54.844 62.626 7.734
T 55.81 66.146 6.665
N 58.827 68.394 7.225
Y 59.052 72.172 6.778
A 61.828 74.741 6.894
D 61.226 77.324 9.629
S 61.314 80.114 7.04
V 58.205 78.811 5.261
K 56.226 77.274 8.139
G 52.621 78.477 8.127
R 52.881 79.927 4.625
F 53.686 76.849 2.542
T 51.781 73.571 2.402
I 52.967 70.354 0.794
S 50.616 67.532 -0.166
G 50.257 64.695 -2.635
D 47.854 62.787 -4.824
N 49.039 59.176 -4.706
A 46.885 58.147 -7.667
K 48.868 60.478 -9.929
N 52.19 59.94 -8.116
T 52.408 63.711 -7.762
V 53.238 66.117 -4.941
Y 52.089 69.723 -4.669
L 53.633 72.747 -2.996
Q 51.104 75.447 -2.183
M 53.093 78.605 -1.525
N 51.006 81.384 0.016
S 51.879 84.879 1.255
L 54.979 85.025 -0.949
K 57.641 87.687 -0.349
P 60.705 88.836 -2.391
E 63.041 86.742 -0.209
D 61.257 83.63 -1.516
T 62.76 84.376 -4.938
A 64.788 81.313 -5.953
V 65.131 78.317 -8.234
Y 62.885 75.582 -6.834
Y 64.029 71.962 -7.23
C 61.949 68.74 -6.834
K 63.624 65.822 -5.034
R 62.476 62.224 -4.552
E 63.91 59.294 -2.596
D 62.636 55.81 -3.444
Y 62.949 53.185 -0.72
S 63.141 49.39 -0.733
A 63.516 46.49 1.694
Y 66.111 44.964 -0.634
A 68.252 47.909 -1.759
P 69.778 51.185 -0.529
P 67.677 54.356 -0.958
S 67.742 55.667 -4.529
G 67.571 59.372 -5.292
S 66.27 61.427 -8.155
R 66.111 65.142 -8.834
G 64.432 67.617 -11.101
R 65.762 70.356 -13.331
G 64.15 73.079 -11.233
T 61.797 76.001 -11.854
Q 62.368 79.732 -11.358
V 60.098 81.532 -8.896
T 60.364 85.325 -8.872
V 58.593 87.535 -6.326
S 58.812 91.286 -6.964
S 57.004 94.621 -7.38
