tag x y z
D 11.693 -5.228 -0.198
V 9.69 -7.966 1.538
Q 9.975 -8.198 5.325
L 10.439 -11.645 6.787
V 10.37 -13.103 10.247
E 10.997 -16.6 11.28
S 10.335 -18.394 14.565
G 9.956 -21.821 16.159
G 13.618 -22.496 16.858
G 14.839 -23.891 20.128
L 16.815 -26.612 21.794
V 15.902 -30.144 20.834
Q 17.312 -33.585 21.675
P 18.792 -35.646 18.813
G 16.064 -37.598 16.999
G 13.659 -34.83 18.024
S 11.37 -32.638 15.926
L 10.824 -28.933 15.409
R 8.436 -26.904 13.332
L 9.778 -23.515 12.172
S 7.609 -20.607 11.034
C 8.111 -17.829 8.604
A 5.857 -14.903 7.866
A 6.223 -12.448 4.977
S 4.922 -8.886 4.483
E 3.486 -9.822 1.086
S 1.47 -12.761 -0.195
I 3.703 -15.828 -0.333
L 1.606 -17.044 -3.264
S 2.821 -13.974 -5.221
F 6.422 -15.321 -5.112
N 7.789 -17.785 -7.619
H 9.513 -19.589 -4.726
M 9.829 -19.731 -0.996
A 12.918 -21.279 0.608
W 14.592 -22.184 3.881
Y 18.319 -21.623 4.406
R 20.7 -22.418 7.22
Q 24.005 -21.126 8.491
G 26.245 -23.025 10.84
P 28.753 -21.213 12.99
G 31.585 -20.005 10.814
E 29.736 -21.185 7.731
Q 28.037 -19.612 4.755
R 24.229 -19.644 4.4
E 23.176 -22.763 2.489
L 19.923 -23.651 0.762
V 17.933 -26.288 2.688
A 14.473 -26.537 1.116
V 12.48 -24.773 -1.588
I 8.804 -24.805 -2.658
T 7.021 -23.441 -5.764
R 3.491 -21.96 -5.859
E 1.687 -25.107 -6.89
G 3.504 -26.98 -4.148
S 6.498 -28.606 -5.867
T 9.416 -29.169 -3.426
D 13.137 -30.011 -3.277
Y 15.699 -30.468 -0.479
A 19.416 -30.584 0.281
D 20.703 -34.168 0.154
S 21.514 -34.086 3.892
V 17.947 -33.289 4.965
K 15.996 -35.07 2.222
G 13.524 -37.444 3.83
R 13.74 -35.701 7.227
F 12.525 -32.169 6.456
T 9.256 -30.984 4.862
I 8.62 -27.475 3.576
S 4.996 -26.358 3.281
R 2.673 -23.358 3.275
D -0.21 -22.375 5.559
N -3.559 -22.547 3.775
A -5.196 -20.157 6.264
K -2.344 -17.685 6.943
N 0.504 -15.931 5.078
M 3.143 -18.333 6.364
V 5.648 -20.999 5.347
Y 6.879 -23.852 7.549
L 9.867 -26.119 7.869
L 8.925 -29.316 9.671
M 12.143 -30.966 10.792
S 12.25 -34.577 12.008
N 14.997 -36.903 13.272
L 17.063 -33.829 14.094
R 20.816 -34.446 14.356
P 23.534 -32.431 16.077
E 24.905 -31.451 12.659
D 21.534 -29.785 11.91
T 22.434 -27.151 14.494
A 22.372 -23.765 12.747
V 20.49 -20.503 12.409
Y 17.612 -21.001 9.95
Y 16.246 -18.322 7.63
C 13.334 -18.143 5.216
N 13.345 -16.048 2.086
R 11.663 -15.554 -1.259
G 15.174 -15.357 -2.714
I 18.718 -14.384 -1.818
S 18.452 -10.824 -3.17
N 15.89 -9.919 -0.47
P 17.128 -8.58 2.878
W 17.181 -11.333 5.469
G 15.074 -11.707 8.588
Q 16.452 -12.364 12.074
G 16.646 -16.098 11.593
T 15.739 -18.598 14.298
Q 18.439 -20.623 16.078
V 18.045 -24.377 16.141
T 20.275 -26.358 18.479
V 20.251 -30.137 18.48
S 22.014 -31.261 21.651
S 21.783 -33.747 24.513
H 23.128 -30.925 26.655
