tag x y z
D 4.821 -3.742 -67.241
V 7.277 -5.956 -69.134
Q 6.951 -6.372 -72.936
L 7.223 -9.846 -74.39
V 7.511 -11.336 -77.815
E 7.366 -14.96 -78.796
S 8.11 -16.697 -82.075
G 8.979 -19.953 -83.75
G 5.555 -21.51 -84.274
G 4.498 -22.879 -87.667
L 2.969 -25.974 -89.276
V 4.58 -29.318 -88.525
Q 3.799 -33.021 -89.092
P 3.214 -35.311 -86.067
G 6.518 -36.445 -84.519
G 8.043 -33.158 -85.629
S 9.998 -30.579 -83.642
L 9.868 -26.828 -83.111
R 11.826 -24.347 -81.024
L 9.934 -21.402 -79.557
S 11.84 -18.282 -78.537
C 10.767 -15.542 -76.16
A 12.383 -12.105 -75.756
A 11.67 -9.773 -72.836
S 12.116 -6.009 -72.456
E 13.576 -6.378 -68.945
S 16.09 -8.664 -67.274
I 14.605 -12.129 -66.847
L 16.954 -12.546 -63.886
S 14.844 -10.043 -61.938
F 11.728 -12.276 -62.19
N 11.085 -15.21 -60.043
N 11.068 -15.158 -60.019
H 9.852 -17.312 -62.881
M 9.473 -17.431 -66.631
A 6.855 -19.72 -68.186
W 5.314 -20.923 -71.398
Y 1.53 -21.075 -71.812
R -0.745 -22.343 -74.538
Q -4.295 -21.749 -75.551
G -6.386 -23.855 -77.915
P -9.465 -22.519 -79.755
G -12.356 -21.7 -77.432
E -10.319 -22.627 -74.357
Q -8.608 -20.83 -71.471
R -4.815 -20.392 -71.406
E -2.936 -23.257 -69.742
L 0.479 -23.479 -68.157
V 2.881 -25.695 -70.129
A 6.317 -25.258 -68.571
V 7.981 -23.094 -65.955
I 11.59 -22.27 -65.099
T 12.871 -20.606 -61.98
R 15.567 -17.99 -61.736
E 17.958 -20.794 -60.722
G 17.049 -22.878 -63.783
S 14.823 -25.431 -62.06
T 12.039 -26.65 -64.343
D 8.624 -28.214 -64.236
Y 6.199 -29.375 -66.898
A 2.61 -30.247 -67.513
D 2.047 -34.017 -67.464
S 1.029 -33.865 -71.148
V 4.404 -32.56 -72.356
K 6.705 -34.153 -69.786
G 9.647 -35.898 -71.468
R 8.915 -34.169 -74.79
F 9.358 -30.433 -74.063
T 12.311 -28.601 -72.541
I 12.194 -25.064 -71.208
S 15.504 -23.224 -70.945
R 16.819 -19.726 -70.372
D 19.802 -17.689 -71.573
N 20.424 -15.051 -68.932
A 23.024 -13.24 -71.015
K 20.843 -12.929 -74.096
N 17.765 -12.417 -71.93
M 15.886 -15.161 -73.803
V 13.653 -18.088 -72.851
Y 13.12 -21.111 -75.113
L 10.721 -24.029 -75.448
L 12.16 -26.965 -77.368
M 9.282 -29.209 -78.446
S 9.958 -32.709 -79.716
N 7.649 -35.506 -80.807
L 4.905 -32.968 -81.461
R 1.351 -34.317 -81.411
P -1.9 -33.025 -82.959
E -3.158 -32.184 -79.445
D -0.182 -29.799 -79.09
T -1.884 -27.482 -81.604
A -2.403 -24.084 -79.929
V -1.187 -20.491 -79.629
Y 1.844 -20.383 -77.304
Y 2.794 -17.452 -75.068
C 5.686 -16.714 -72.741
N 5.352 -14.615 -69.604
R 6.855 -13.92 -66.188
G 3.459 -14.75 -64.699
I -0.296 -14.337 -65.243
S -0.555 -10.763 -63.981
N 1.69 -9.339 -66.723
P 0.222 -8.212 -70.129
W 0.498 -10.817 -72.898
G 2.329 -10.765 -76.188
Q 0.777 -11.659 -79.53
G 1.607 -15.351 -79.216
T 2.926 -17.816 -81.771
Q 0.679 -20.371 -83.504
V 1.744 -24.007 -83.491
T -0.144 -26.367 -85.762
V 0.495 -30.099 -85.797
S -1.262 -31.86 -88.698
