tag x y z
V 34.032 27.972 22.619
Q 36.05 31.13 22.968
L 33.346 33.726 23.616
V 32.474 33.727 27.294
E 29.563 35.424 29.136
S 29.79 37.007 32.537
G 27.907 39.433 34.747
G 24.644 37.578 35.406
G 22.861 37.739 38.744
L 19.746 38.646 40.727
V 18.021 42.032 40.651
Q 14.669 43.511 41.56
P 12.296 44.996 38.981
G 13.474 48.412 37.818
G 16.98 47.148 38.498
S 20.119 46.92 36.378
L 22.871 44.565 35.223
R 25.741 44.695 32.779
L 26.666 41.497 30.948
S 30.035 40.963 29.283
C 31.011 38.932 26.252
A 34.776 38.444 25.823
A 37.537 36.105 24.73
S 40.779 35.757 26.673
G 43.011 35.543 23.575
F 41.588 38.047 21.127
T 39.458 41.192 20.659
L 35.834 40.824 19.591
D 36.037 44.088 17.548
D 36.542 42.197 14.285
Y 33.311 40.163 14.656
A 29.546 40.614 14.46
I 28.354 39.718 17.972
G 24.839 39.077 19.289
W 23.316 38.647 22.699
F 20.605 35.982 22.85
R 18.168 34.949 25.65
Q 16.773 31.528 26.439
V 14.066 31.071 28.953
P 13.407 27.565 30.241
G 11.271 25.579 27.986
K 11.898 27.545 24.802
E 14.741 28.238 22.311
R 17.341 31.161 22.047
E 15.999 34.579 21.134
G 17.874 37.511 19.706
V 18.142 40.338 22.204
A 20.645 42.743 20.618
C 23.416 42.572 18.077
V 26.23 44.655 16.593
V 26.242 44.656 16.613
K 27.946 44.654 13.201
D 29.77 47.334 11.152
G 27.427 50.279 10.873
S 24.376 48.778 12.609
T 22.933 47.892 15.938
Y 19.595 46.086 16.315
Y 17.371 45.259 19.27
A 14.424 42.993 19.962
D 11.211 45.004 20.339
S 10.873 43.559 23.928
V 13.991 45.386 25.068
K 14.01 48.574 23.002
G 14.886 51.625 25.047
R 15.78 49.434 28.017
F 18.84 47.438 26.874
T 21.98 48.698 25.226
I 24.653 46.754 23.404
S 28.083 48.291 22.974
R 31.783 47.595 22.381
D 34.536 48.495 24.892
N 37.78 46.806 26.181
G 37.705 44.346 23.189
A 34.462 42.965 24.662
V 30.786 43.416 23.849
Y 28.514 44.501 26.699
L 24.791 44.319 27.274
Q 23.624 47.03 29.618
M 20.242 45.964 30.966
N 18.115 48.673 32.607
S 14.518 48.858 33.872
L 14.6 45.086 34.157
K 11.231 43.313 34.178
P 10.532 39.753 35.409
E 9.904 39.01 31.748
D 13.679 39.529 31.225
T 14.638 36.491 33.441
A 16.637 33.917 31.327
V 20.054 32.461 30.525
Y 21.894 34.967 28.332
Y 24.311 33.85 25.647
C 26.669 35.704 23.372
A 28.028 34.517 20.022
S 29.408 35.647 16.701
R 26.379 35.529 14.428
P 24.841 37.677 11.729
C 23.133 40.884 12.819
F 19.832 41.877 11.215
L 16.676 43.805 11.954
G 14.682 42.028 14.712
V 17.848 40.108 15.786
P 16.965 36.764 14.185
L 19.134 33.864 15.24
I 20.846 32.359 12.22
D 22.787 29.765 14.132
F 26.163 28.143 13.628
G 25.272 25.934 16.604
S 28.204 26.444 19.011
W 27.425 27.905 22.378
G 28.987 27.997 25.837
Q 27.631 28.162 29.363
G 25.821 31.486 29.195
T 25.122 33.613 32.237
Q 21.951 33.478 34.396
V 19.795 36.571 34.877
T 16.911 36.629 37.377
V 14.554 39.582 37.93
