tag x y z
Q 83.191 10.123 24.247
Q 83.18 10.112 24.299
V 83.419 11.948 27.502
Q 85.894 11.033 30.243
L 85.39 12.248 33.813
Q 88.087 12.879 36.408
E 86.953 12.916 40.024
S 88.979 14.329 42.889
G 88.756 16.211 46.142
G 87.391 13.616 48.531
G 88.95 12.024 51.576
L 88.66 12.01 55.345
V 87.186 15.01 57.156
Q 85.765 15.749 60.608
A 82.018 16.269 60.957
G 81.186 19.921 60.363
G 84.119 20.158 57.992
S 84.135 20.881 54.281
L 85.383 19.242 51.12
R 85.352 20.385 47.53
R 85.357 20.398 47.526
L 84.841 17.713 44.899
S 85.923 18.261 41.337
S 85.926 18.25 41.35
C 84.544 16.568 38.28
A 86.795 17.408 35.332
A 85.5 16.361 31.908
S 87.417 15.708 28.706
G 86.452 14.579 25.23
S 83.263 15.661 23.501
T 82.404 17.998 26.371
F 80.805 20.762 24.365
G 77.391 19.082 24.215
I 77.017 18.104 27.876
R 73.457 19.047 28.909
T 73.645 18.184 32.615
M 76.176 16.896 35.085
G 75.307 15.246 38.357
W 77.099 14.312 41.529
Y 76.05 10.913 42.8
R 76.891 9.264 46.024
Q 76.944 5.683 47.104
A 76.861 4.919 50.791
P 78.214 1.534 51.898
G 76.012 -1.335 50.682
K 73.556 1.115 49.135
Q 72.339 2.041 45.677
R 74.102 4.961 44.081
D 71.864 8.041 44.182
L 71.973 11.411 42.51
V 72.313 14.194 45.084
A 73.187 17.295 43.076
I 72.781 18.192 39.434
I 73.635 21.195 37.312
S 72.501 22.097 33.78
S 74.61 23.587 31.024
G 72.763 26.824 31.775
G 73.904 26.644 35.381
S 70.579 25.594 36.838
T 70.922 23.396 39.879
D 68.977 20.856 41.854
Y 69.669 19.04 45.078
A 68.574 15.977 46.984
D 66.721 16.985 50.172
S 69.439 15.438 52.325
V 72.137 17.783 51.013
K 70.147 20.994 50.377
G 71.721 24.098 51.886
R 74.927 22.188 52.65
F 76.215 21.083 49.286
T 76.616 23.407 46.355
I 77.145 22.287 42.804
S 78.759 24.667 40.337
R 80.532 24.513 37.023
D 83.492 26.248 35.419
N 82.968 25.999 31.682
A 86.464 27.218 30.858
K 87.901 24.346 32.897
K 87.905 24.35 32.889
N 85.121 21.887 31.976
T 84.77 21.096 35.608
V 81.781 20.651 37.836
Y 82.38 21.166 41.54
L 80.574 19.966 44.613
Q 81.266 22.239 47.547
M 80.39 20.11 50.572
D 79.898 22.061 53.776
S 78.605 21.081 57.212
L 79.553 17.487 56.517
K 77.884 14.794 58.559
K 77.923 14.831 58.638
P 78.815 11.143 59.129
E 75.66 10.359 57.103
D 77.439 11.927 54.09
T 80.104 9.199 54.087
A 80.029 7.586 50.636
I 81.917 7.327 47.429
Y 80.896 10.293 45.317
Y 80.724 10.077 41.538
C 79.947 12.483 38.751
N 78.099 11.543 35.605
A 75.296 12.63 33.36
R 72.349 10.482 32.66
V 71.609 10.12 28.977
G 68.332 8.271 28.692
I 68.672 4.975 30.574
T 72.425 4.914 30.291
M 75.145 7.347 31.323
L 77.175 9.861 29.392
A 80.415 8.273 30.558
H 81.764 5.086 32.087
W 81.614 5.587 35.84
G 84.951 6.705 37.254
Q 86.451 5.371 40.481
G 84.655 8.181 42.254
T 86.113 9.997 45.229
Q 85.713 8.574 48.7
V 84.269 10.878 51.297
T 84.551 9.781 54.905
V 83.231 12.033 57.643
S 84.444 11.135 61.124
S 82.978 12.189 64.467
