tag x y z
Q 51.776 22.363 35.486
V 51.538 18.837 34.021
Q 49.158 16.013 34.985
L 49.752 12.416 33.838
Q 47.118 9.768 33.204
E 48.267 6.171 33.204
S 46.319 3.285 31.751
G 46.589 -0.01 29.896
G 47.827 -2.362 32.572
G 46.312 -5.448 34.068
L 46.594 -9.207 34.173
V 48.023 -11.117 31.231
Q 49.502 -14.534 30.529
A 53.259 -14.854 30.081
G 54.087 -14.419 26.398
G 51.224 -11.976 26.112
S 51.124 -8.256 25.424
S 51.136 -8.26 25.4
L 49.845 -5.028 26.911
R 49.909 -1.429 25.838
L 50.383 1.232 28.463
S 49.317 4.78 27.809
S 49.322 4.783 27.783
C 50.631 7.861 29.541
A 48.425 10.779 28.594
A 49.499 14.237 29.67
S 47.582 17.44 30.318
S 47.573 17.43 30.366
G 48.393 21.031 31.231
S 51.696 22.598 30.198
T 52.586 19.767 27.785
F 54.247 21.805 25.054
G 57.565 21.978 26.906
I 58.005 18.305 27.765
R 61.521 17.166 26.747
T 61.369 13.517 27.748
M 58.909 11.069 29.198
G 59.735 7.797 30.867
W 58.008 4.601 31.879
Y 59.117 3.422 35.266
R 58.315 0.22 36.965
Q 58.318 -0.854 40.529
A 58.356 -4.575 41.273
P 56.999 -5.785 44.626
G 59.254 -4.616 47.473
K 61.68 -3.016 45.058
Q 62.716 0.515 44.222
Q 62.828 0.495 44.178
R 61.101 2.135 41.201
R 61.105 2.115 41.204
D 63.321 1.988 38.09
L 63.257 3.713 34.735
V 62.878 1.071 32.001
A 62.018 3.065 28.868
I 62.287 6.718 27.989
I 61.549 8.768 24.938
S 62.572 12.285 23.96
S 60.296 14.891 22.385
G 62.021 14.202 19.068
G 61.272 10.493 19.34
S 64.615 9.149 20.512
S 64.627 9.177 20.537
T 64.257 6.108 22.76
D 66.262 4.201 25.339
Y 65.524 0.984 27.238
A 66.629 -0.917 30.258
D 68.428 -4.114 29.257
S 65.725 -6.248 30.888
V 63.084 -4.95 28.467
K 65.1 -4.235 25.3
G 63.561 -5.836 22.229
R 60.322 -6.623 24.067
F 59.043 -3.225 25.137
T 58.596 -0.297 22.785
I 58.062 3.271 23.932
S 56.461 5.643 21.439
R 54.636 8.947 21.487
D 51.739 10.636 19.774
N 52.39 14.357 20.082
A 48.94 15.237 18.797
K 47.435 13.186 21.62
N 50.087 14.213 24.161
T 50.47 10.558 24.913
V 53.392 8.235 25.403
Y 52.796 4.551 24.915
L 54.6 1.544 26.223
Q 53.931 -1.465 23.987
M 54.813 -4.495 26.11
M 54.841 -4.498 26.091
D 55.303 -7.737 24.192
S 56.609 -11.153 25.208
L 55.656 -10.413 28.792
K 57.411 -12.377 31.537
P 56.439 -12.958 35.18
E 59.492 -10.84 36.027
D 57.773 -7.848 34.359
T 55.135 -7.857 37.038
A 55.207 -4.409 38.607
I 53.273 -1.218 38.904
Y 54.249 0.912 35.942
Y 54.473 4.683 36.192
C 55.138 7.42 33.705
C 54.934 7.513 33.733
N 57.014 10.574 34.622
A 59.876 12.807 33.554
R 62.906 13.587 35.652
V 63.575 17.282 35.898
G 66.855 17.605 37.726
I 66.386 15.692 40.912
T 62.602 15.884 41.134
M 59.873 14.876 38.702
L 57.868 16.855 36.221
A 54.627 15.669 37.802
H 53.335 14.137 40.997
W 53.603 10.381 40.581
G 50.284 9.015 39.413
Q 48.699 5.819 40.723
G 50.562 3.971 38.018
T 49.128 1.005 36.21
Q 49.482 -2.527 37.584
V 50.937 -5.146 35.293
T 50.697 -8.725 36.412
V 52.096 -11.445 34.202
S 50.887 -14.901 35.169
S 52.907 -18.055 34.464
