tag x y z
Q 68.453 33.613 8.301
V 64.975 32.136 7.922
Q 62.483 33.163 5.253
L 58.843 32.173 5.718
Q 56.347 31.865 2.895
E 52.661 31.853 3.887
S 49.904 30.497 1.674
G 46.559 28.726 1.817
G 44.252 31.483 2.957
G 41.354 33.128 1.213
L 37.598 33.187 1.379
V 35.603 30.235 2.711
Q 32.056 29.531 3.837
A 31.401 28.98 7.557
G 31.683 25.31 8.466
G 34.266 25.175 5.701
S 37.963 24.321 5.845
L 41.267 25.814 4.839
R 44.859 24.682 5.054
R 44.862 24.688 5.097
L 47.414 27.374 5.736
S 50.978 26.642 4.829
C 54.065 28.148 6.405
A 57.04 27.113 4.285
A 60.47 27.959 5.651
S 63.767 28.393 3.803
G 67.264 29.42 4.899
S 68.737 28.273 8.21
T 65.671 26.18 8.943
F 67.475 23.279 10.642
G 67.553 24.903 14.072
I 63.938 26.06 14.27
R 62.589 25.26 17.733
T 59.002 26.382 17.397
M 56.73 27.742 14.752
G 53.426 29.399 15.357
W 50.365 30.634 13.619
Y 49.178 34.033 14.755
R 46.0 35.753 13.799
Q 44.723 39.289 13.898
A 41.053 40.044 13.509
P 39.906 43.471 12.294
G 40.443 46.048 15.022
K 41.705 43.363 17.437
Q 45.075 42.29 18.891
R 47.319 39.835 17.133
D 47.077 36.477 18.939
L 49.073 33.27 18.811
V 46.514 30.511 18.174
A 48.585 27.435 17.357
I 52.19 26.474 17.886
I 54.38 23.455 17.178
S 57.832 22.487 18.475
S 60.549 20.801 16.436
G 59.658 17.583 18.25
G 56.044 17.793 17.147
S 54.482 18.97 20.385
S 54.465 18.952 20.391
T 51.571 21.302 19.799
D 49.515 23.807 21.717
Y 46.416 25.786 20.789
A 44.375 28.796 21.853
D 41.111 27.693 23.497
S 39.109 29.405 20.745
V 40.552 27.091 18.07
K 41.059 23.826 19.986
G 39.546 20.819 18.286
R 39.004 22.744 15.047
F 42.502 23.82 14.09
T 45.42 21.452 13.761
I 48.995 22.566 13.43
S 51.444 20.06 11.956
R 54.829 20.029 10.292
D 56.334 18.212 7.369
N 60.102 18.204 7.971
A 60.897 17.034 4.435
K 59.124 20.117 3.08
N 60.2 22.471 5.885
T 56.56 23.427 6.105
V 54.197 24.005 8.99
Y 50.538 23.599 8.231
L 47.483 24.94 9.913
Q 44.519 22.772 9.106
M 41.514 24.971 9.822
D 38.267 23.056 10.04
S 34.774 24.063 11.124
L 35.6 27.656 10.301
K 33.522 30.315 11.997
K 33.524 30.318 11.995
P 33.075 33.96 11.048
E 34.979 34.677 14.291
D 38.022 33.079 12.626
T 38.211 35.872 10.069
A 41.644 37.408 10.4
I 44.983 37.876 8.754
Y 47.011 34.847 9.793
Y 50.758 35.108 10.204
C 53.408 32.436 10.589
C 53.309 32.503 10.817
N 56.376 33.278 12.836
A 58.382 32.208 15.802
R 58.987 34.402 18.8
V 62.671 34.427 19.681
G 62.589 35.938 23.131
I 60.799 39.158 22.302
T 62.096 39.432 18.725
M 60.457 37.353 16.005
L 62.448 34.83 14.006
A 61.378 36.556 10.791
H 59.909 39.891 9.79
W 56.123 39.703 10.114
G 55.033 38.468 6.714
Q 52.253 39.709 4.446
G 50.127 37.415 6.504
T 47.482 35.323 4.799
T 47.483 35.29 4.899
Q 43.942 36.628 4.72
V 41.324 34.254 5.982
T 37.756 35.396 5.561
V 34.874 33.256 6.785
S 31.461 34.246 5.431
S 28.209 33.389 7.216
