tag x y z
N 50.826 -60.903 -85.631
M 47.104 -60.454 -84.572
Q 45.255 -57.123 -85.495
V 42.199 -55.38 -87.273
Q 43.251 -56.555 -90.786
L 42.229 -53.83 -93.219
V 43.015 -54.659 -96.788
E 43.077 -52.19 -99.726
S 42.482 -52.922 -103.437
G 42.367 -51.159 -106.79
G 45.66 -49.368 -107.164
G 46.775 -49.283 -110.747
L 48.5 -47.545 -113.548
V 46.391 -44.764 -115.067
Q 47.223 -42.41 -117.856
A 47.56 -38.994 -116.395
G 44.052 -37.56 -116.092
G 42.223 -40.748 -115.297
S 39.983 -41.869 -112.457
L 40.612 -44.713 -110.024
R 38.477 -46.118 -107.227
L 40.045 -47.49 -104.031
S 38.461 -49.96 -101.619
C 39.247 -51.099 -98.094
A 37.446 -53.78 -96.162
A 38.19 -54.318 -92.46
S 37.152 -57.192 -90.125
G 35.974 -59.049 -88.045
R 34.777 -58.802 -84.436
T 35.23 -55.022 -84.846
F 32.533 -52.438 -84.162
S 33.106 -48.888 -82.998
R 35.391 -46.609 -85.028
S 35.416 -42.792 -84.534
S 37.055 -42.363 -87.997
M 38.735 -43.94 -91.121
G 41.281 -42.542 -93.497
W 43.681 -42.713 -96.421
F 47.321 -41.697 -96.652
R 49.729 -41.654 -99.583
Q 53.376 -42.498 -99.317
A 56.108 -41.994 -101.961
P 59.352 -43.845 -101.202
G 61.897 -42.157 -98.953
K 59.086 -39.862 -97.908
E 56.595 -40.107 -95.05
R 52.841 -40.731 -94.975
E 50.818 -37.769 -96.169
F 47.183 -37.555 -95.01
V 44.91 -38.077 -97.999
A 41.318 -38.217 -96.798
S 39.119 -39.361 -93.93
I 35.484 -39.859 -92.995
V 33.969 -39.511 -89.567
W 32.1 -42.575 -88.344
A 28.908 -41.198 -86.759
D 28.249 -38.034 -88.803
G 29.985 -39.116 -92.012
T 31.695 -35.753 -92.312
T 34.465 -35.914 -94.766
L 38.057 -34.684 -94.59
Y 40.561 -34.03 -97.36
G 44.196 -33.024 -97.302
D 44.871 -29.886 -99.34
S 46.647 -31.425 -102.356
V 43.682 -33.669 -103.272
K 40.844 -31.434 -101.941
G 38.913 -30.946 -105.23
R 39.565 -34.307 -106.905
F 39.037 -37.191 -104.441
T 35.933 -38.4 -102.483
V 35.588 -40.657 -99.398
S 32.648 -43.089 -99.037
R 31.492 -45.885 -96.679
D 29.498 -49.194 -96.476
N 27.299 -51.366 -94.084
N 32.444 -53.451 -93.643
M 33.887 -51.281 -96.376
V 35.136 -47.81 -97.267
Y 36.206 -46.136 -100.563
L 38.334 -43.576 -102.231
Q 37.3 -42.185 -105.602
M 40.249 -40.473 -107.299
N 39.595 -38.351 -110.293
N 41.905 -36.484 -112.531
L 45.122 -38.153 -111.408
K 48.305 -36.182 -111.985
P 51.783 -37.841 -111.823
E 52.026 -36.11 -108.427
D 49.431 -38.487 -107.091
T 51.795 -41.289 -107.95
A 52.143 -42.828 -104.493
L 51.421 -45.81 -102.281
Y 47.916 -45.692 -100.802
Y 46.846 -46.985 -97.339
C 43.627 -46.975 -95.551
A 43.955 -46.682 -91.803
D 41.572 -47.047 -88.805
N 41.261 -44.55 -85.98
K 39.729 -46.198 -82.958
F 40.14 -43.266 -80.446
V 41.056 -39.761 -81.457
R 38.062 -37.34 -81.733
R 38.058 -37.331 -81.684
G 36.899 -37.534 -85.299
L 37.352 -34.071 -86.624
V 40.902 -33.81 -85.159
A 42.508 -37.004 -86.564
V 44.774 -35.956 -89.43
R 48.148 -37.551 -88.727
A 49.335 -41.071 -88.955
I 49.809 -41.256 -85.23
D 46.119 -40.816 -84.645
Y 45.681 -44.19 -86.332
D 45.779 -47.705 -84.777
Y 45.662 -50.17 -87.619
W 46.784 -50.054 -91.21
G 46.349 -52.184 -94.283
Q 49.189 -52.505 -96.741
G 48.87 -50.237 -99.719
T 48.017 -50.361 -103.351
Q 50.306 -48.581 -105.758
V 48.858 -45.71 -107.735
T 50.93 -44.823 -110.793
V 50.1 -42.225 -113.484
S 51.61 -41.203 -116.998
