tag x y z
N 1.464 -59.557 -85.225
M 5.173 -60.413 -84.551
Q 7.052 -63.662 -85.305
V 10.179 -65.372 -86.881
Q 8.948 -64.578 -90.409
L 9.928 -67.294 -92.92
V 9.643 -66.973 -96.685
E 9.904 -69.127 -99.792
S 9.948 -68.423 -103.539
G 10.386 -70.785 -106.482
G 6.847 -71.968 -107.08
G 5.253 -72.126 -110.488
L 4.017 -74.135 -113.35
V 5.942 -76.908 -115.014
Q 4.98 -79.497 -117.55
A 4.775 -82.956 -116.19
G 8.337 -84.249 -115.746
G 9.843 -80.844 -115.35
S 12.104 -79.733 -112.539
L 11.621 -76.854 -110.136
R 13.451 -75.476 -107.118
L 12.241 -73.998 -103.879
S 14.13 -71.488 -101.708
C 13.553 -70.17 -98.152
A 14.824 -67.433 -95.772
A 14.747 -67.221 -92.002
S 14.696 -63.699 -90.713
G 16.418 -61.783 -88.21
R 16.946 -62.938 -84.68
T 16.866 -66.64 -85.174
F 19.611 -68.961 -84.002
S 19.031 -72.492 -82.687
R 16.983 -74.678 -84.987
S 17.436 -78.431 -84.579
S 15.52 -78.882 -87.895
M 13.705 -77.393 -90.909
G 11.332 -79.067 -93.277
W 8.986 -78.729 -96.25
F 5.342 -79.757 -96.155
R 2.842 -79.72 -99.048
Q -0.924 -79.234 -99.015
A -3.439 -79.928 -101.739
P -6.517 -77.703 -101.2
G -9.044 -79.155 -98.791
K -6.627 -81.914 -97.802
E -4.048 -81.514 -94.962
R -0.314 -80.901 -94.985
E 1.705 -83.854 -96.21
F 5.203 -84.062 -94.874
V 7.704 -83.988 -97.685
A 11.366 -83.639 -96.689
S 13.43 -82.117 -93.868
I 17.029 -81.515 -92.889
V 18.14 -81.922 -89.326
W 20.072 -78.805 -88.409
A 23.196 -79.706 -86.416
D 24.136 -82.84 -88.432
G 22.388 -82.096 -91.803
T 20.788 -85.511 -92.093
T 18.174 -85.499 -94.742
L 14.771 -87.15 -94.434
Y 12.168 -87.577 -97.139
G 8.53 -88.523 -96.99
D 7.315 -91.581 -98.837
S 5.947 -90.506 -102.232
V 8.804 -88.176 -103.048
K 11.862 -89.888 -101.628
G 13.741 -90.23 -104.939
R 12.994 -87.068 -106.941
F 13.458 -84.451 -104.156
T 16.656 -83.442 -102.417
V 17.1 -81.011 -99.474
S 20.047 -78.792 -98.31
R 21.003 -76.2 -95.696
R 20.966 -76.159 -95.7
D 22.871 -72.943 -96.223
N 24.87 -70.604 -93.87
N 19.949 -68.142 -92.826
M 18.833 -70.199 -95.847
V 17.479 -73.644 -97.022
Y 16.461 -75.379 -100.325
L 14.255 -78.044 -101.956
Q 15.051 -79.563 -105.337
M 12.084 -81.025 -107.141
N 12.803 -83.307 -110.091
N 10.536 -85.22 -112.474
L 7.232 -83.603 -111.45
K 4.016 -85.565 -111.497
P 0.648 -83.818 -111.848
E -0.011 -85.28 -108.356
D 2.645 -83.0 -106.877
T 0.294 -80.123 -107.635
A -0.09 -78.39 -104.28
L 0.898 -75.589 -101.987
Y 4.409 -76.031 -100.556
Y 5.597 -74.693 -97.127
C 8.713 -73.906 -95.138
A 8.962 -74.847 -91.484
D 11.319 -74.053 -88.658
N 11.143 -76.68 -85.887
K 12.9 -75.108 -82.998
F 12.105 -77.928 -80.552
V 11.613 -81.6 -81.382
R 14.594 -83.961 -81.602
G 15.15 -83.362 -85.236
L 14.895 -86.977 -86.354
V 11.58 -87.705 -84.707
A 9.699 -84.58 -86.017
V 7.634 -85.249 -89.087
R 4.333 -83.468 -88.408
A 2.376 -80.228 -88.768
I 2.193 -80.314 -84.981
D 5.963 -80.632 -84.719
Y 6.991 -77.297 -86.346
D 6.772 -73.966 -84.515
Y 6.687 -71.435 -87.372
W 5.333 -71.602 -90.881
G 6.438 -70.046 -94.16
Q 3.772 -68.257 -96.228
G 3.737 -70.762 -99.103
T 4.27 -70.956 -102.879
Q 2.329 -72.882 -105.561
V 3.255 -75.823 -107.845
T 1.497 -77.388 -110.865
V 1.931 -79.754 -113.898
S 0.6 -81.337 -117.162
