tag x y z
Q 75.419 -44.564 29.437
L 74.82 -41.724 31.909
L 71.221 -40.759 31.113
C 71.141 -43.357 28.338
Q 68.379 -45.225 30.172
D 66.262 -43.849 27.3
V 66.747 -47.387 26.012
E 64.123 -48.17 28.654
N 62.224 -45.352 26.929
F 62.463 -47.596 23.845
Q 61.851 -50.961 25.517
K 58.522 -50.505 27.256
F 57.086 -48.864 24.139
V 58.103 -51.615 21.72
K 56.158 -54.119 23.827
E 53.09 -51.887 24.116
Q 53.1 -51.775 20.31
K 53.77 -55.512 20.263
Q 51.094 -56.548 22.752
V 48.462 -54.504 20.901
Q 49.609 -55.986 17.595
E 48.788 -59.31 19.2
E 45.385 -57.96 20.263
I 44.647 -57.015 16.648
S 45.834 -60.483 15.639
R 43.237 -61.987 17.986
M 40.164 -60.155 16.686
S 38.059 -61.602 13.865
S 35.129 -60.598 11.692
K 32.892 -63.634 12.211
A 30.242 -61.688 14.142
M 30.265 -58.739 11.749
L 29.67 -61.39 9.074
K 26.633 -62.893 10.859
V 25.113 -59.421 10.798
Q 25.826 -59.403 7.064
E 24.108 -62.753 6.514
D 21.218 -62.112 8.921
I 20.309 -58.931 7.009
K 20.084 -60.77 3.68
A 17.996 -63.472 5.38
L 15.477 -61.146 7.004
K 15.14 -59.161 3.777
Q 14.089 -62.45 2.175
L 11.457 -63.271 4.82
L 10.107 -59.725 4.845
S 9.825 -59.768 1.07
V 7.771 -62.936 0.803
A 5.568 -61.612 3.623
S 5.0 -58.211 2.063
S 4.307 -59.951 -1.282
G 1.533 -62.051 0.29
L 0.331 -58.919 2.068
Q -0.392 -57.281 -1.272
R -1.964 -60.434 -2.618
N -4.652 -60.642 0.044
A -4.994 -56.852 0.439
L -6.523 -57.163 -3.03
A -8.616 -60.027 -1.668
I -9.818 -57.719 1.081
D -10.857 -54.763 -1.01
K -12.763 -57.05 -3.338
L -14.481 -58.522 -0.285
K -15.28 -55.156 1.284
I -16.917 -53.959 -1.926
E -18.991 -57.09 -2.373
T -20.18 -57.104 1.265
A -21.269 -53.541 0.661
E -23.071 -54.401 -2.572
E -24.86 -57.238 -0.783
L -25.807 -54.955 2.118
K -27.548 -52.767 -0.466
N -29.382 -55.803 -1.821
A -30.759 -56.674 1.621
E -31.95 -53.09 1.955
I -33.96 -53.743 -1.221
A -35.741 -56.546 0.625
L -36.446 -54.249 3.572
R -37.814 -51.638 1.204
T -40.115 -54.213 -0.425
Q -41.636 -55.295 2.917
K -42.184 -51.671 4.003
T -43.985 -50.805 0.784
P -47.771 -51.263 1.006
P -49.721 -53.214 -1.677
G -50.966 -49.981 -3.274
L -47.412 -48.843 -4.046
Q -45.807 -52.18 -5.04
H -46.157 -51.472 -8.803
E -43.752 -48.602 -8.2
N -41.268 -50.955 -6.554
T -38.962 -51.388 -9.52
A -35.785 -52.18 -7.567
P -36.376 -55.969 -7.243
A -36.675 -56.107 -11.033
D -33.306 -54.326 -11.431
Y -31.819 -56.784 -8.968
F -32.804 -59.835 -11.004
H -31.945 -58.269 -14.365
T -28.522 -57.415 -12.886
L -28.404 -60.917 -11.37
V -28.578 -62.881 -14.644
Q -26.052 -60.74 -16.486
Q -23.859 -61.337 -13.45
F -24.443 -65.073 -13.986
E -23.501 -64.784 -17.667
V -20.403 -62.83 -16.658
Q -19.592 -65.434 -13.998
L -19.334 -68.681 -15.944
Q -17.424 -66.769 -18.624
Q -14.863 -65.929 -15.939
Y -14.996 -69.477 -14.583
R -14.392 -70.946 -18.037
Q -11.516 -68.468 -18.447
Q -10.18 -69.447 -15.038
I -10.371 -73.132 -16.025
E -8.237 -72.75 -19.138
E -5.637 -70.641 -17.315
L -5.469 -73.45 -14.766
E -4.996 -76.039 -17.514
N -2.239 -74.015 -19.191
H -0.645 -73.547 -15.779
L -0.314 -77.352 -15.508
A 1.199 -78.2 -18.905
