tag x y z
T 47.4 24.313 -4.829
E 47.766 26.456 -8.051
V 47.891 23.292 -10.318
Q 44.825 22.962 -12.63
L 44.232 19.984 -14.946
L 41.022 20.016 -16.995
E 40.058 16.701 -18.709
S 37.596 16.65 -21.671
G 36.629 14.463 -24.66
G 34.898 11.746 -22.625
G 31.427 10.697 -23.792
L 29.309 7.736 -24.998
V 30.89 5.785 -27.86
Q 29.969 2.487 -29.588
P 32.331 -0.567 -29.3
G 35.049 -0.583 -31.972
G 34.881 3.229 -32.023
S 37.415 5.864 -30.97
L 37.826 8.92 -28.669
R 40.428 11.633 -28.057
L 40.786 12.834 -24.471
S 42.554 16.063 -23.547
C 43.933 17.511 -20.296
A 44.448 21.32 -20.298
A 47.161 22.299 -17.819
S 47.739 25.635 -15.97
G 49.491 26.83 -12.811
F 52.815 25.032 -13.492
T 55.494 24.607 -16.211
F 53.665 21.761 -18.003
R 56.517 21.041 -20.448
D 58.736 20.027 -17.45
Y 56.486 17.363 -15.872
E 55.8 13.667 -16.483
M 52.071 13.107 -17.056
W 49.888 9.965 -16.63
W 46.519 8.715 -17.726
V 44.705 6.543 -15.128
R 41.181 5.065 -15.278
Q 38.491 4.051 -12.731
A 36.017 1.326 -13.869
P 32.651 0.904 -11.926
G 33.138 -1.317 -8.866
K 36.674 -2.302 -10.11
G 39.956 -0.724 -8.872
L 42.097 2.181 -10.144
E 44.175 1.337 -13.271
R 47.31 3.031 -14.68
V 46.722 3.305 -18.464
S 49.575 5.343 -20.032
A 52.44 7.723 -19.093
I 54.668 10.257 -20.978
N 57.948 12.061 -20.181
P 58.199 15.961 -20.287
Q 59.412 16.116 -23.977
G 56.891 13.483 -25.165
T 59.846 11.351 -26.478
R 59.412 8.365 -24.065
T 56.112 6.641 -23.231
Y 54.561 3.764 -21.26
Y 51.476 1.731 -21.966
A 49.633 -0.942 -19.958
D 49.535 -4.365 -21.833
S 45.68 -4.037 -21.858
V 45.934 -0.784 -23.965
M 49.254 -1.267 -25.905
G 48.856 -0.807 -29.686
R 45.305 0.631 -29.438
F 45.991 3.705 -27.234
T 48.286 6.69 -27.913
I 49.535 9.19 -25.301
S 50.822 12.545 -26.681
R 51.389 16.148 -25.608
D 51.331 19.671 -26.981
N 53.798 21.636 -24.84
S 52.976 24.882 -26.75
K 49.213 24.719 -25.942
N 50.058 23.027 -22.534
T 47.743 20.092 -23.249
L 47.999 16.294 -22.72
Y 46.159 13.845 -25.055
L 45.014 10.213 -25.122
Q 43.901 8.762 -28.47
M 41.76 5.707 -27.722
N 41.144 3.362 -30.696
S 39.391 -0.086 -31.048
L 37.333 0.707 -27.907
R 35.731 -2.105 -25.837
A 33.276 -2.243 -22.839
E 36.221 -2.93 -20.379
D 37.493 0.593 -21.286
T 34.286 2.014 -19.702
A 35.758 4.042 -16.82
V 36.357 7.592 -15.537
Y 39.674 8.791 -17.02
Y 42.031 11.073 -15.092
C 45.258 12.735 -15.95
A 47.801 13.333 -13.129
K 51.101 15.265 -12.909
L 54.278 14.215 -11.094
P 54.733 13.957 -8.0
F 51.025 12.835 -8.171
T 49.693 14.637 -5.071
F 45.871 15.123 -4.686
D 46.38 18.69 -6.063
D 48.256 17.219 -9.118
W 45.005 15.498 -10.403
G 42.2 16.377 -12.776
Q 38.398 16.182 -12.224
G 38.014 13.196 -14.644
T 36.169 12.522 -17.924
L 33.58 9.681 -18.199
V 34.042 7.221 -21.059
T 31.101 4.81 -21.676
V 31.44 1.961 -24.243
S 28.019 0.336 -25.028
