tag x y z
V -5.3 33.046 97.674
Q -8.109 31.028 99.306
L -7.772 27.353 100.295
A -10.374 24.721 101.163
E -9.327 21.449 102.742
T -11.202 18.211 103.391
G -10.25 15.023 105.224
G -8.555 14.54 108.567
G -9.352 13.414 112.077
L -9.023 9.987 113.642
V -8.192 6.766 111.777
Q -6.745 3.573 113.182
A -3.669 2.014 111.518
G -2.824 0.342 108.232
G -5.892 2.385 107.448
S -5.948 5.362 105.148
L -7.042 8.969 104.716
R -7.343 11.236 101.715
L -6.572 14.906 102.231
S -7.95 17.269 99.58
C -7.154 20.934 99.014
A -8.859 23.355 96.594
A -7.128 26.655 95.724
S -8.112 30.106 94.367
G -7.847 32.747 93.108
T -4.476 31.926 91.557
T -3.277 30.01 88.544
F -3.19 26.592 90.098
S -2.293 24.687 86.948
K 0.889 26.774 86.977
N 1.702 26.204 90.653
A 3.994 23.905 92.61
M 2.146 22.294 95.493
A 3.382 20.569 98.625
W 2.186 18.969 101.827
F 3.84 19.649 105.179
R 3.17 18.302 108.666
Q 4.039 19.325 112.231
A 4.229 18.201 115.844
K 7.908 19.197 115.644
R 6.829 21.609 110.499
E 8.473 19.399 107.846
F 8.075 18.419 104.198
V 5.865 15.417 103.382
A 5.091 15.389 99.644
G 5.351 17.793 96.724
I 4.275 17.974 93.114
N 5.077 20.212 90.153
W 2.645 22.077 87.854
N 2.256 19.258 85.304
A 2.273 16.452 87.898
V 5.063 14.612 86.041
S 7.451 15.235 88.939
T 6.78 14.404 92.6
N 8.837 14.2 95.796
Y 8.225 12.466 99.142
A 9.966 12.587 102.532
S 9.649 8.422 106.001
V 6.435 8.445 103.936
K 7.736 6.801 100.729
G 5.618 3.932 99.349
R 2.715 4.904 101.603
F 1.737 8.481 100.769
T 1.063 9.539 97.178
V 0.39 13.092 96.028
S -1.992 14.023 93.223
R -3.678 17.014 91.62
D -6.495 17.881 89.284
N -5.858 21.191 87.586
A -9.422 21.157 86.247
K -10.686 21.551 89.819
N -7.728 23.505 91.211
T -7.317 20.598 93.63
V -4.335 18.793 95.118
Y -4.605 15.498 96.988
L -2.686 13.498 99.527
Q -3.56 9.82 99.652
M -2.14 8.4 102.886
N -1.908 4.611 103.167
S -0.672 2.227 105.865
L -0.978 4.911 108.544
K 1.205 4.613 111.651
P 1.002 6.496 114.981
E 4.123 8.517 114.083
D 2.137 10.103 111.211
T -0.082 11.884 113.727
A 0.415 15.552 113.015
V -1.258 18.686 111.784
Y -1.166 18.602 107.981
Y -0.853 21.784 105.933
C -1.294 22.139 102.189
A 1.208 24.578 100.683
G 1.6 26.212 97.29
S 3.669 28.643 95.297
S 2.07 31.186 92.984
I 5.669 31.904 91.932
Y 7.222 28.563 90.973
S 5.783 25.821 88.742
D 8.587 23.445 89.706
D 8.632 23.494 89.699
I 10.972 23.493 92.671
S 13.835 21.049 92.36
G 16.81 20.326 94.592
A 17.104 21.163 98.277
A 14.622 24.038 98.062
T 11.783 21.6 97.398
V 11.448 20.904 101.131
W 11.888 24.437 102.459
A 8.604 25.764 103.836
T 9.983 29.093 102.614
S 9.797 28.025 98.94
Y 5.988 28.134 99.244
N 4.111 31.432 99.564
Y 0.597 30.218 100.384
W -0.672 27.903 103.108
G -3.915 26.278 104.161
Q -4.948 26.027 107.764
G -3.804 22.738 109.268
T -5.957 19.656 109.755
Q -5.37 17.355 112.695
V -4.669 13.805 111.612
T -4.501 11.355 114.516
V -3.716 7.664 113.999
S -4.573 5.53 117.058
S -2.887 2.308 118.148
