tag x y z
V 1.845 18.211 45.503
Q 3.556 20.726 47.796
L 7.327 21.081 48.282
V 9.373 22.181 51.338
E 13.086 22.982 51.207
S 15.364 22.736 54.231
G 19.021 22.449 55.172
G 20.128 25.945 54.229
G 22.723 27.787 56.3
L 26.14 29.403 56.471
A 29.089 27.608 54.914
Q 32.764 28.445 54.582
P 34.242 28.572 51.052
G 35.19 24.986 50.211
G 32.572 23.637 52.6
S 29.614 21.303 52.177
L 25.851 21.53 52.817
R 22.985 19.188 51.964
L 19.562 20.487 51.035
S 16.302 18.606 51.238
C 13.193 19.021 49.123
A 10.278 17.332 50.899
A 7.123 16.597 48.901
S 3.775 15.688 50.432
G 0.771 15.801 48.078
S 1.485 12.625 46.139
T 4.496 10.609 44.992
I 7.323 12.489 43.256
S 9.39 9.468 42.171
S 7.566 9.826 38.832
V 8.303 13.483 38.03
A 11.676 15.106 37.33
V 12.373 17.637 40.091
G 14.544 20.691 39.63
W 16.691 22.647 42.067
Y 17.017 26.382 41.413
R 18.749 29.398 42.972
Q 17.854 33.047 43.204
T 19.802 36.155 44.102
P 17.595 38.915 45.622
G 15.005 40.332 43.235
N 16.22 38.219 40.338
Q 15.048 35.231 38.332
R 15.241 31.679 39.698
E 18.157 30.008 37.906
W 18.427 26.268 37.195
V 20.988 24.305 39.187
A 20.174 20.614 38.723
T 17.282 18.247 37.947
S 16.8 14.756 39.392
S 16.763 11.481 37.484
T 13.627 9.783 36.136
S 12.963 6.17 35.118
S 14.203 7.085 31.633
T 16.812 9.822 32.256
T 19.923 10.572 34.325
A 20.365 13.549 36.679
T 21.288 16.791 34.901
Y 23.497 19.639 36.172
A 24.169 23.27 35.295
D 27.724 23.864 34.109
S 28.656 26.017 37.071
V 27.796 23.297 39.624
K 28.72 20.224 37.574
G 31.045 17.99 39.594
R 30.426 19.97 42.807
F 26.704 19.407 43.38
T 24.855 16.047 43.251
I 21.074 15.331 43.255
S 19.763 12.053 44.668
R 16.337 10.569 45.484
D 14.886 9.058 48.65
N 11.459 7.762 47.59
A 10.519 6.363 51.017
K 10.511 9.94 52.333
N 9.213 11.542 49.124
T 12.392 13.625 49.207
I 15.073 14.821 46.792
Y 18.519 15.768 48.047
L 21.087 18.255 46.747
Q 24.591 17.56 48.091
M 26.583 20.75 47.674
N 30.368 20.339 47.87
S 33.205 22.822 47.321
L 30.885 25.739 48.005
K 31.861 29.215 46.75
P 30.7 32.751 47.653
E 28.848 32.931 44.282
D 26.81 29.906 45.42
T 25.101 32.259 47.921
A 21.384 32.307 47.111
V 17.93 31.158 48.1
Y 17.53 27.6 46.765
Y 14.176 26.313 45.578
C 12.972 22.969 44.268
K 10.239 22.778 41.65
T 8.073 20.294 39.826
G 6.305 21.183 36.598
L 6.374 24.652 35.072
T 5.49 26.617 38.231
N 5.257 24.386 41.32
W 7.825 26.089 43.53
G 8.613 25.353 47.144
R 9.281 28.063 49.737
G 13.066 28.273 49.414
T 15.985 27.907 51.81
Q 18.899 30.352 52.228
V 22.454 29.246 51.542
T 25.298 31.647 52.253
V 28.99 31.101 51.642
S 31.591 33.289 53.436
