tag x y z
Q -21.072 -63.422 120.239
V -23.584 -63.739 117.372
Q -26.628 -65.719 118.534
L -29.6 -66.859 116.423
V -32.618 -68.595 117.987
E -35.387 -70.341 115.966
S -38.826 -71.498 117.134
G -42.2 -72.273 115.429
G -41.709 -75.593 113.612
G -43.874 -78.673 114.12
S -46.171 -81.331 112.607
V -49.043 -80.222 110.343
Q -51.02 -81.535 107.336
A -50.779 -80.146 103.751
G -52.718 -76.887 103.308
G -51.846 -75.889 106.882
S -49.861 -72.908 108.192
L -46.813 -72.474 110.422
R -45.022 -69.35 111.61
L -41.273 -69.59 112.229
S -39.564 -66.951 114.379
C -35.897 -66.025 114.646
T -34.487 -63.71 117.305
A -30.972 -62.337 116.844
S -28.317 -60.872 119.215
G -24.624 -59.931 119.064
F -24.839 -57.597 116.029
T -26.674 -54.459 114.782
F -29.903 -56.046 113.53
D -31.38 -53.063 111.565
D -28.359 -52.962 109.144
S -28.331 -56.783 108.572
D -29.904 -59.005 105.936
M -31.771 -61.937 107.476
G -32.798 -65.223 105.926
W -34.148 -68.752 106.291
Y -32.324 -71.831 104.968
H -33.732 -75.38 104.91
Q -32.452 -78.921 104.459
A -34.571 -81.979 103.813
P -32.621 -85.276 104.32
G -30.644 -86.083 101.161
N -30.884 -82.491 99.859
E -28.47 -79.518 100.158
C -28.772 -76.471 102.491
E -30.867 -74.02 100.422
L -32.072 -70.461 100.973
V -35.907 -70.448 101.238
S -36.41 -66.703 101.728
A -34.469 -63.552 102.735
I -35.369 -60.035 103.96
F -32.742 -57.374 103.225
S -31.789 -54.274 105.324
D -33.562 -52.049 102.688
G -36.854 -53.979 103.263
S -36.743 -55.971 99.965
T -37.467 -59.727 99.91
Y -36.29 -62.872 98.106
Y -38.369 -66.083 97.847
A -37.332 -69.412 96.315
D -39.482 -70.278 93.242
S -40.965 -73.291 95.133
V -42.255 -71.046 97.989
K -43.212 -67.913 95.945
G -46.756 -66.822 96.831
R -47.096 -69.248 99.785
F -44.457 -67.963 102.253
T -44.008 -64.421 103.633
I -40.828 -63.104 105.252
S -41.133 -60.102 107.597
R -39.022 -58.405 110.265
D -39.575 -56.473 113.49
N -36.296 -54.533 113.916
A -37.531 -53.396 117.378
K -37.79 -57.052 118.547
N -34.638 -58.194 116.559
T -36.921 -60.889 115.055
V -37.528 -62.34 111.557
Y -40.687 -64.268 110.743
L -41.433 -66.817 108.045
Q -45.186 -67.128 107.625
M -45.536 -70.467 105.862
N -49.013 -70.905 104.315
S -50.483 -73.595 101.958
L -47.858 -76.102 103.223
K -46.888 -79.052 100.993
P -45.162 -82.343 102.057
E -42.039 -81.054 100.114
D -41.736 -78.219 102.683
T -40.681 -80.933 105.232
A -37.184 -79.869 106.297
M -35.137 -78.578 109.212
Y -35.297 -74.737 108.953
Y -32.292 -72.609 109.967
C -32.093 -68.856 110.462
A -29.169 -66.909 108.888
A -27.643 -63.437 109.108
A -25.49 -61.375 106.755
T -23.689 -58.775 108.886
T -20.255 -57.406 107.98
T -19.178 -57.457 111.688
V -18.907 -61.293 111.714
A -17.291 -63.617 109.143
S -19.773 -65.16 106.661
P -19.865 -68.966 106.879
P -20.195 -71.252 103.798
V -23.959 -72.022 103.261
R -23.369 -75.77 104.112
H -22.523 -74.726 107.75
V -25.93 -73.041 108.321
C -27.764 -76.423 108.042
N -25.257 -78.018 110.445
G -26.151 -75.629 113.288
Y -23.479 -72.931 112.758
W -25.674 -70.432 114.68
G -29.016 -71.855 115.888
Q -29.888 -75.552 116.099
G -32.803 -75.134 113.693
T -36.554 -75.825 113.857
Q -38.088 -79.003 112.283
V -41.192 -78.648 110.039
T -43.031 -81.864 109.109
V -45.896 -81.794 106.557
S -48.116 -84.875 105.849
S -50.005 -85.597 102.58
H -53.706 -84.682 102.124
H -55.997 -85.825 99.219
H -59.718 -86.885 98.785
H -59.997 -90.727 99.29
