tag x y z
V 96.983 1.998 93.4
Q 97.173 -1.778 93.908
L 94.803 -3.179 96.534
Q 94.985 -6.544 98.319
E 92.344 -7.994 100.669
S 92.998 -10.545 103.409
G 91.355 -11.793 106.616
G 88.471 -13.699 105.021
G 87.679 -17.271 106.014
L 85.167 -19.913 107.142
V 83.211 -19.272 110.345
Q 80.107 -20.491 112.073
A 76.913 -18.4 112.274
G 77.411 -15.849 115.069
G 81.189 -15.698 114.471
S 83.504 -12.791 113.641
L 86.094 -11.819 111.059
R 88.385 -8.842 110.473
L 89.032 -8.052 106.83
S 91.895 -5.793 105.876
C 92.706 -4.129 102.607
T 96.372 -3.2 102.248
G 97.553 -0.774 99.593
S 100.874 -1.319 97.76
G 102.316 1.229 95.366
R 100.606 4.68 95.628
T 99.11 5.827 98.963
F 95.314 6.068 99.215
R 95.251 8.36 102.315
N 93.389 11.032 100.301
Y 90.844 8.77 98.666
P 87.483 7.675 99.98
M 87.413 3.889 100.41
A 84.634 1.327 100.416
W 83.997 -2.366 101.013
F 81.71 -4.126 98.564
R 80.537 -7.731 98.448
Q 79.438 -10.109 95.747
A 77.624 -13.41 96.329
P 78.054 -16.225 93.647
G 75.227 -15.346 91.171
K 74.571 -11.671 92.079
E 75.741 -8.073 91.53
R 78.251 -6.268 93.795
E 76.592 -4.482 96.689
F 77.785 -1.696 98.96
V 78.809 -2.795 102.454
A 80.585 0.2 103.974
G 82.371 3.407 103.088
I 84.788 5.83 104.748
T 85.885 9.374 103.852
W 89.473 10.67 103.896
V 89.33 14.194 105.367
G 87.708 13.201 108.679
A 87.318 9.409 108.189
S 83.508 9.5 108.534
T 81.777 6.142 108.102
L 78.756 4.882 106.223
Y 77.028 1.489 106.234
A 74.526 -0.544 104.252
D 71.336 -1.24 106.225
F 72.38 -4.931 106.628
A 75.794 -3.808 108.072
K 74.692 -1.263 110.711
G 75.532 -2.345 114.274
R 77.464 -5.411 113.094
F 80.252 -4.151 110.847
T 82.789 -1.413 111.45
I 84.905 0.204 108.751
S 88.096 2.041 109.727
R 91.366 3.118 108.194
D 94.97 3.715 109.189
N 96.779 6.072 106.863
A 100.293 5.216 108.098
K 99.755 1.492 107.364
N 97.851 2.265 104.108
T 95.078 -0.187 105.162
V 91.282 -0.186 105.453
Y 89.651 -2.563 107.878
L 86.245 -4.214 108.104
Q 85.407 -5.675 111.494
M 82.48 -8.096 110.97
N 80.533 -9.328 114.03
S 77.445 -11.545 114.338
L 77.913 -13.04 110.874
K 75.071 -14.946 109.217
P 74.931 -17.364 106.281
E 73.559 -14.623 104.015
D 76.796 -12.662 104.662
T 78.557 -15.292 102.482
A 80.325 -13.58 99.569
V 83.572 -12.286 98.093
Y 84.385 -9.019 99.849
S 86.456 -6.441 97.881
C 87.81 -3.015 98.762
A 87.731 -0.095 96.366
A 89.322 3.337 96.235
G 87.263 6.202 94.895
R 87.835 9.884 94.086
G 86.542 13.216 95.368
I 85.349 13.611 98.973
V 82.489 11.15 99.711
A 82.181 7.339 99.632
G 79.274 6.593 97.274
R 77.38 3.318 97.032
I 77.81 2.734 93.262
P 80.577 0.29 92.343
A 81.175 1.674 88.827
E 82.218 5.089 90.33
Y 85.223 3.501 92.077
A 88.468 3.566 90.107
D 90.697 0.981 91.868
W 89.732 -2.498 93.091
G 91.311 -5.462 94.856
Q 90.722 -9.137 93.937
G 88.635 -9.781 97.039
T 88.656 -12.193 99.956
Q 86.198 -15.078 100.471
V 83.831 -14.966 103.444
T 81.821 -18.146 104.125
V 79.4 -18.444 107.032
S 78.064 -21.952 107.722
S 74.618 -22.499 109.253
