tag x y z
D 23.478 -12.112 109.999
V 27.134 -13.084 110.479
Q 29.495 -15.292 108.381
L 31.703 -17.536 110.509
Q 35.065 -19.137 109.661
E 36.894 -21.587 111.998
S 40.538 -22.627 111.909
G 43.27 -24.049 114.16
G 42.144 -27.69 114.089
G 44.737 -30.406 113.562
L 46.298 -33.736 114.471
V 47.76 -33.742 118.012
Q 48.932 -36.25 120.627
A 46.794 -36.947 123.693
G 47.708 -34.572 126.529
H 48.786 -31.761 124.16
S 47.101 -28.426 123.277
L 45.405 -26.785 120.292
R 43.885 -23.322 120.085
L 40.858 -22.941 117.789
S 39.856 -19.572 116.283
C 36.727 -18.378 114.541
V 36.552 -15.073 112.638
G 33.191 -13.4 111.938
S 32.28 -10.948 109.151
G 29.065 -9.171 108.13
S 27.183 -7.923 111.203
R 29.133 -6.572 114.186
F 30.787 -9.395 116.166
D 30.066 -7.647 119.474
N 26.313 -8.081 118.864
Y 26.635 -11.905 119.144
A 26.935 -14.52 121.838
M 29.434 -17.066 120.454
G 29.406 -20.855 120.9
W 31.661 -23.785 120.118
F 30.049 -27.16 119.343
R 31.532 -30.425 118.192
Q 30.408 -33.557 116.371
A 32.404 -36.795 116.528
P 31.951 -39.21 113.583
G 28.607 -41.059 113.691
K 27.565 -39.179 116.873
E 25.293 -36.199 117.534
R 26.415 -32.557 117.681
E 27.129 -31.382 121.248
F 27.691 -28.102 123.044
V 31.252 -27.348 124.216
A 31.486 -23.728 125.334
A 29.8 -20.332 124.966
I 30.546 -16.681 125.756
S 28.417 -13.496 125.948
W 29.215 -10.45 123.772
S 30.877 -8.737 126.743
S 32.766 -11.842 127.972
G 30.771 -11.352 131.209
T 29.21 -14.794 131.01
T 30.622 -18.158 129.931
R 29.14 -21.679 129.888
Y 30.978 -25.008 129.539
L 30.17 -28.67 128.914
D 30.932 -30.493 132.184
T 33.535 -32.845 130.665
V 35.658 -29.901 129.317
K 35.766 -27.683 132.484
G 39.334 -26.922 133.609
R 40.676 -28.106 130.24
F 39.088 -25.764 127.674
T 38.78 -21.937 127.912
I 36.537 -19.805 125.699
S 37.415 -16.16 125.045
R 36.99 -13.469 122.422
D 38.401 -10.284 120.957
N 35.615 -8.142 119.524
A 37.905 -5.612 117.833
K 39.331 -8.579 115.812
S 35.891 -10.16 115.344
T 37.384 -13.404 116.721
V 36.441 -16.056 119.268
Y 38.902 -18.603 120.645
L 38.776 -22.053 122.174
Q 42.001 -22.909 123.987
M 41.93 -26.71 124.372
N 44.425 -28.153 126.864
S 45.046 -31.706 128.069
L 43.311 -33.094 124.993
K 41.953 -36.643 125.122
P 41.147 -39.086 122.271
E 37.421 -38.512 123.036
D 37.898 -34.81 122.063
T 38.26 -35.979 118.437
A 35.604 -34.216 116.352
V 34.822 -31.492 113.852
Y 34.527 -28.305 115.951
Y 31.896 -25.786 114.856
C 31.638 -22.126 115.721
A 28.127 -20.614 116.066
A 26.528 -17.207 116.756
R 23.269 -15.971 118.267
Y 22.11 -12.337 118.458
Q 22.255 -11.128 122.065
P 21.023 -7.794 123.481
R 23.593 -5.432 125.001
Y 21.704 -5.749 128.305
Y 20.989 -9.498 128.357
D 19.628 -11.604 131.279
S 22.233 -14.277 132.107
G 19.404 -16.817 132.504
D 18.675 -16.623 128.752
M 22.247 -17.907 128.022
D 20.991 -21.49 128.711
G 18.229 -21.55 126.053
Y 19.991 -20.19 122.942
E 19.283 -21.854 119.597
Y 22.332 -20.705 117.568
D 21.398 -19.748 113.962
N 24.714 -18.781 112.287
W 27.219 -21.619 111.742
G 30.746 -22.004 110.379
Q 31.852 -24.982 108.243
G 34.0 -26.524 111.0
T 37.62 -27.414 111.812
Q 38.817 -31.01 112.181
V 40.446 -31.987 115.447
T 42.035 -35.421 115.746
V 43.656 -36.51 119.014
S 45.848 -39.629 118.797
S 47.624 -41.884 121.311
