tag x y z
Q -1.774 13.765 -30.288
V -2.595 12.638 -26.774
Q -4.654 14.696 -24.423
L -4.711 14.19 -20.616
Q -7.199 15.648 -18.178
E -6.962 15.374 -14.36
S -9.599 15.598 -11.646
G -10.123 14.76 -7.996
G -7.854 17.421 -6.447
G -9.023 19.207 -3.3
L -8.554 20.123 0.336
V -7.745 17.217 2.633
Q -6.797 16.692 6.281
P -3.454 15.308 7.328
G -3.827 11.518 7.548
G -6.708 11.325 5.071
S -6.825 10.221 1.43
L -7.65 11.12 -2.189
R -7.911 9.272 -5.476
L -6.772 11.355 -8.48
S -8.157 10.661 -11.986
C -6.945 11.194 -15.471
A -8.931 10.707 -18.618
A -6.539 10.052 -21.499
S -7.557 10.474 -25.16
G -6.053 10.44 -28.632
S -3.144 8.23 -29.747
I -3.162 5.973 -26.708
Y -1.682 3.149 -28.865
S 1.523 5.255 -28.978
L 2.178 5.472 -25.259
I 4.719 3.192 -23.508
A 3.962 4.383 -19.988
M 1.893 6.83 -17.994
G 2.432 8.483 -14.625
W 2.136 11.383 -12.205
Y 4.405 14.319 -11.504
R 3.925 17.01 -8.923
Q 5.31 20.426 -8.232
A 4.967 22.516 -5.077
P 5.022 26.297 -5.569
G 8.586 26.545 -4.119
K 10.048 23.136 -5.104
E 11.338 21.309 -8.239
H 8.917 19.055 -10.094
E 9.009 15.462 -8.935
L 8.107 12.217 -10.679
V 5.588 10.648 -8.27
A 4.746 7.245 -9.827
T 4.697 5.484 -13.211
I 3.102 2.485 -14.802
S 4.553 0.788 -17.799
S 2.466 -1.174 -20.324
G 3.424 -4.566 -18.671
S 1.712 -3.238 -15.447
T 5.128 -2.587 -13.895
T 5.111 0.27 -11.398
Y 7.663 2.795 -10.18
Y 7.187 4.919 -7.097
A 9.254 7.71 -5.732
D 10.728 7.026 -2.259
S 8.61 9.627 -0.431
V 5.35 8.215 -1.601
K 6.353 4.482 -1.77
G 4.04 2.642 0.626
R 1.478 5.503 0.883
F 0.409 5.895 -2.834
T -0.862 3.505 -5.496
I -0.825 3.993 -9.285
S -3.378 2.059 -11.314
R -5.185 2.154 -14.732
D -8.514 1.11 -16.2
N -7.602 0.095 -19.755
A -11.276 -0.202 -20.737
K -12.092 3.403 -19.874
N -8.64 4.805 -20.773
T -8.27 6.21 -17.229
L -5.293 6.616 -14.894
Y -5.659 6.688 -11.107
L -3.524 7.7 -8.14
Q -4.759 6.493 -4.738
M -3.04 8.634 -2.078
N -3.24 7.454 1.541
S -1.959 8.962 4.792
L -1.431 12.449 3.378
K 1.095 14.756 5.068
P 1.161 18.577 4.491
E 4.456 18.019 2.559
D 2.259 16.454 -0.232
T 0.669 19.857 -1.079
A 1.289 20.521 -4.747
M -0.048 20.594 -8.252
Y -0.301 17.004 -9.425
Y 0.147 16.446 -13.203
C -1.065 13.448 -15.187
A 1.595 12.526 -17.735
A 2.569 10.093 -20.501
Y 5.503 8.777 -22.504
S 5.124 8.253 -26.269
D 6.967 5.474 -28.066
R 9.487 8.036 -29.36
L 11.041 7.752 -25.877
T 11.429 3.967 -26.126
D 15.204 3.531 -25.826
C 15.595 6.507 -23.416
S 15.175 5.338 -19.764
N 15.474 8.775 -18.068
C 13.704 11.02 -20.616
E 10.75 12.871 -19.104
A 7.161 12.436 -20.281
D 6.317 14.168 -23.51
Y 2.577 14.483 -22.83
W 1.115 16.38 -19.844
G -2.259 17.367 -18.362
Q -3.033 20.855 -17.017
G -2.561 19.693 -13.428
T -4.891 19.482 -10.401
Q -4.348 20.984 -6.92
V -4.018 18.848 -3.753
T -3.682 20.836 -0.472
V -3.085 18.959 2.733
