tag x y z
V 25.84 53.838 31.603
Q 25.272 54.814 28.164
L 24.124 54.548 24.63
Q 25.838 56.481 21.797
E 24.473 56.211 18.271
S 26.38 57.432 15.176
G 26.64 56.881 11.443
G 23.574 58.775 10.27
G 23.496 61.39 7.543
L 21.637 62.516 4.43
V 21.363 59.936 1.649
Q 19.402 59.346 -1.507
P 16.621 56.853 -2.021
G 18.258 53.533 -2.902
G 21.173 54.415 -0.662
S 22.691 52.586 2.274
L 24.043 53.475 5.693
R 25.705 51.774 8.529
L 24.599 52.817 11.936
S 26.659 52.219 15.076
C 25.957 52.117 18.759
A 28.577 52.014 21.501
A 26.74 50.648 24.539
S 28.164 50.181 27.992
G 28.692 46.634 29.358
S 25.86 46.938 31.93
I 23.377 47.391 29.192
F 24.859 45.256 26.531
S 26.313 42.152 28.041
G 23.925 39.179 28.023
N 21.038 41.218 26.833
V 18.914 41.408 23.789
M 19.712 44.614 21.94
G 17.746 46.52 19.326
W 17.187 49.551 17.088
Y 14.301 51.976 17.189
R 13.398 54.978 15.188
Q 11.315 58.055 15.627
A 9.961 59.835 12.586
P 8.388 63.273 12.074
G 4.936 63.361 13.727
K 5.089 59.81 15.087
L 6.123 58.113 18.271
R 9.142 55.94 18.559
E 8.859 52.674 16.576
W 10.654 49.351 17.049
V 12.823 48.322 14.089
A 15.084 45.373 14.824
A 16.472 43.234 17.61
I 19.187 40.655 18.136
T 19.865 38.147 20.858
P 23.215 37.639 22.541
Q 23.739 34.627 20.301
G 23.308 36.775 17.21
V 19.79 35.797 16.079
P 18.156 38.869 14.508
N 14.494 39.759 13.844
Y 12.814 42.703 12.154
A 9.751 44.876 11.88
D 7.807 44.196 8.699
S 8.603 47.721 7.495
V 12.309 47.017 7.189
K 12.49 43.244 6.704
G 14.691 42.198 3.786
R 16.411 45.618 3.709
F 18.059 46.242 7.077
T 20.511 43.916 8.786
I 21.22 44.057 12.466
S 24.374 42.658 13.997
R 26.35 42.848 17.234
D 30.007 42.644 18.242
N 30.195 40.967 21.644
A 33.928 41.673 22.116
K 33.426 45.459 21.912
N 29.8 46.073 23.043
M 28.87 47.403 19.658
L 25.604 47.188 17.775
Y 25.248 47.822 14.083
L 22.451 48.429 11.638
Q 23.166 48.094 7.954
M 20.445 49.861 6.052
S 19.765 49.328 2.332
S 17.297 50.436 -0.253
L 16.441 53.43 1.767
K 13.097 55.134 1.282
P 11.914 58.606 2.272
E 9.785 56.853 4.858
D 13.018 55.737 6.575
T 13.833 59.352 7.479
A 13.984 59.451 11.301
L 16.105 59.652 14.441
Y 17.475 56.154 15.056
Y 18.203 54.931 18.611
C 19.645 51.75 20.136
N 18.643 50.304 23.473
R 18.413 46.958 25.191
L 15.182 44.986 25.263
P 13.414 45.583 27.546
N 14.437 49.245 27.374
Y 16.788 50.955 29.764
R 14.827 54.027 30.677
S 17.449 56.641 29.541
W 17.855 56.959 25.778
G 20.921 58.161 23.824
Q 20.884 61.271 21.636
G 20.11 59.181 18.547
T 21.497 59.616 15.035
Q 19.597 61.422 12.272
V 18.973 59.777 8.978
T 17.414 61.719 6.148
V 16.502 60.015 2.916
S 15.773 62.49 0.177
S 16.38 62.664 -3.629
H 18.825 64.938 -5.545
