tag x y z
V 22.039 -43.326 31.154
Q 22.105 -45.132 34.532
L 20.035 -45.129 37.677
Q 21.104 -46.895 40.899
E 18.791 -46.834 43.888
S 19.887 -47.901 47.359
G 19.068 -47.506 51.048
G 15.998 -49.731 51.311
G 15.438 -52.471 53.842
L 12.965 -53.914 56.347
V 11.744 -51.446 59.025
Q 8.951 -51.085 61.557
P 5.913 -48.915 61.373
G 6.802 -45.44 62.632
G 10.323 -45.935 61.275
S 12.304 -43.874 58.822
L 14.604 -44.546 55.865
R 16.743 -42.616 53.571
L 16.739 -43.682 49.986
S 19.531 -42.749 47.562
C 19.884 -42.621 43.821
A 23.111 -42.128 41.913
A 22.053 -40.898 38.492
S 24.298 -40.188 35.568
G 24.741 -36.602 34.378
S 22.782 -37.202 31.132
I 19.703 -38.029 33.062
F 20.136 -35.777 35.992
S 21.561 -32.477 34.901
G 18.895 -29.843 34.232
N 16.072 -32.271 34.566
V 13.207 -32.722 36.922
M 13.843 -35.837 38.973
G 11.452 -38.003 40.942
W 10.714 -41.139 42.975
Y 8.282 -43.889 42.098
R 7.205 -47.028 43.82
Q 5.668 -50.278 42.861
A 3.731 -52.296 45.397
P 2.555 -55.94 45.546
G -0.247 -56.467 43.006
K -0.183 -52.901 41.659
L 1.495 -50.966 38.891
R 4.154 -48.355 39.416
E 2.974 -45.225 41.264
W 4.449 -41.707 41.231
V 5.572 -40.494 44.66
A 7.579 -37.271 44.554
A 9.373 -34.924 42.232
I 11.845 -32.044 42.429
T 12.922 -29.39 39.951
P 16.509 -28.426 39.281
Q 15.927 -25.399 41.466
G 14.946 -27.645 44.344
V 11.159 -27.178 44.382
P 9.619 -30.472 45.584
N 6.052 -31.811 45.257
Y 4.327 -34.952 46.47
A 1.61 -37.487 45.91
D -1.196 -37.12 48.439
S -0.389 -40.561 49.912
V 3.028 -39.395 51.176
K 2.659 -35.645 51.664
G 3.855 -34.416 55.016
R 5.891 -37.601 55.645
F 8.43 -37.984 52.825
T 10.914 -35.287 51.819
I 12.611 -35.308 48.455
S 15.855 -33.495 47.862
R 18.642 -33.346 45.278
D 22.37 -32.697 45.358
N 23.297 -30.912 42.151
A 27.054 -31.102 42.735
K 27.002 -34.944 42.852
N 23.945 -35.994 40.747
M 22.303 -37.544 43.757
L 18.642 -37.776 44.654
Y 17.357 -38.558 48.12
L 14.082 -39.52 49.681
Q 13.782 -39.198 53.401
M 10.869 -41.316 54.559
S 9.156 -40.902 57.945
S 6.259 -42.402 59.794
L 6.341 -45.438 57.627
K 3.205 -47.539 57.249
P 2.716 -51.1 55.979
E 1.117 -49.448 52.935
D 4.583 -47.971 52.083
T 5.979 -51.433 51.382
A 7.19 -51.423 47.733
L 10.102 -51.351 45.29
Y 11.179 -47.714 45.06
Y 12.75 -46.303 41.86
C 14.205 -42.923 40.794
N 13.983 -41.557 37.281
R 13.803 -38.212 35.541
L 10.533 -36.676 34.499
P 9.506 -37.475 31.826
N 10.869 -40.962 32.325
Y 13.962 -42.349 30.748
R 12.677 -45.649 29.392
S 15.181 -47.976 31.214
W 14.648 -48.253 34.924
G 17.171 -49.099 37.616
Q 16.944 -52.208 39.766
G 15.08 -50.316 42.476
T 15.439 -50.684 46.223
Q 13.047 -52.776 48.34
V 11.355 -51.259 51.335
T 9.288 -53.394 53.635
V 7.394 -51.902 56.531
S 6.288 -54.563 58.952
S 5.647 -55.423 62.529
