tag x y z
V 24.569 54.273 31.781
Q 25.22 55.157 28.186
L 24.102 54.833 24.612
Q 25.787 56.734 21.707
E 24.469 56.353 18.17
S 26.332 57.599 15.073
G 26.516 57.114 11.29
G 23.437 59.031 10.29
G 23.404 61.483 7.46
L 21.591 62.679 4.395
V 21.255 60.093 1.603
Q 19.41 59.551 -1.657
P 16.621 57.009 -1.974
G 18.293 53.728 -2.838
G 21.09 54.613 -0.419
S 22.947 52.681 2.305
L 24.015 53.661 5.781
R 25.627 51.821 8.577
L 24.574 53.088 11.98
S 26.617 52.275 15.062
C 25.826 52.335 18.671
A 28.368 52.215 21.498
A 26.61 50.808 24.553
S 28.058 50.356 28.009
G 28.628 46.851 29.409
S 25.777 47.175 31.966
I 23.308 47.623 29.187
F 24.738 45.432 26.579
S 26.191 42.344 28.136
G 23.852 39.334 28.122
N 21.037 41.444 26.882
V 18.846 41.635 23.851
M 19.684 44.826 21.993
G 17.718 46.733 19.39
W 17.161 49.765 17.149
Y 14.253 52.188 17.171
R 13.317 55.209 15.183
Q 11.222 58.29 15.678
A 9.911 59.949 12.558
P 8.451 63.469 12.124
G 4.952 63.483 13.587
K 5.159 60.026 15.133
L 6.111 58.347 18.356
R 9.098 56.154 18.63
E 8.645 52.878 16.723
W 10.622 49.598 17.08
V 12.765 48.618 14.08
A 14.92 45.595 14.915
A 16.356 43.411 17.679
I 19.083 40.835 18.237
T 19.754 38.335 21.006
P 23.118 37.855 22.621
Q 23.569 34.79 20.436
G 23.231 36.953 17.371
V 19.692 35.958 16.25
P 18.067 39.005 14.621
N 14.415 39.968 13.991
Y 12.786 42.916 12.258
A 9.705 45.073 11.902
D 7.739 44.445 8.722
S 8.512 47.986 7.514
V 12.25 47.245 7.312
K 12.386 43.482 6.852
G 14.505 42.513 3.859
R 16.279 45.855 3.683
F 17.907 46.349 7.094
T 20.407 44.082 8.879
I 21.177 44.267 12.544
S 24.365 42.884 14.037
R 26.37 42.98 17.269
D 29.997 42.723 18.336
N 30.101 41.2 21.789
A 33.839 41.88 22.219
K 33.419 45.662 21.851
N 29.771 46.231 23.05
M 28.833 47.564 19.636
L 25.482 47.399 17.885
Y 25.193 48.01 14.133
L 22.328 48.638 11.724
Q 23.059 48.296 8.025
M 20.353 50.027 6.045
S 19.636 49.451 2.323
S 17.153 50.632 -0.233
L 16.324 53.61 1.836
K 13.038 55.403 1.154
P 11.826 58.818 2.252
E 9.759 57.021 4.889
D 12.942 55.836 6.625
T 13.78 59.501 7.441
A 14.027 59.705 11.262
L 16.018 59.845 14.458
Y 17.429 56.397 15.091
Y 18.145 55.156 18.665
C 19.532 51.904 20.089
N 18.649 50.48 23.499
R 18.358 47.13 25.2
L 15.148 45.146 25.35
P 13.367 45.763 27.608
N 14.457 49.412 27.425
Y 16.81 51.141 29.804
R 14.864 54.226 30.696
S 17.428 56.876 29.54
W 17.821 57.16 25.806
G 20.773 58.287 23.76
Q 20.77 61.45 21.738
G 20.07 59.401 18.59
T 21.429 59.835 15.043
Q 19.515 61.643 12.303
V 18.872 59.961 9.045
T 17.406 61.827 6.134
V 16.484 60.16 2.923
S 15.706 62.565 0.138
S 16.342 62.787 -3.609
H 18.749 64.961 -5.656
