tag x y z
V 21.94 -43.982 31.223
Q 22.168 -45.5 34.74
L 20.032 -45.413 37.864
Q 21.026 -47.135 41.159
E 18.767 -47.02 44.182
S 19.781 -48.116 47.698
G 18.907 -47.718 51.391
G 15.864 -49.987 51.446
G 15.257 -52.527 54.136
L 12.816 -54.022 56.561
V 11.552 -51.547 59.199
Q 8.929 -51.196 61.882
P 5.898 -48.996 61.47
G 6.833 -45.558 62.732
G 10.269 -46.055 61.155
S 12.507 -43.884 59.006
L 14.535 -44.704 55.922
R 16.664 -42.612 53.687
L 16.734 -43.904 50.135
S 19.439 -42.789 47.753
C 19.678 -42.843 44.027
A 22.891 -42.348 42.023
A 21.9 -41.083 38.6
S 24.22 -40.364 35.712
G 24.708 -36.815 34.471
S 22.723 -37.435 31.25
I 19.66 -38.262 33.225
F 20.045 -35.959 36.1
S 21.454 -32.688 34.895
G 18.839 -30.01 34.191
N 16.082 -32.462 34.686
V 13.198 -32.922 36.975
M 13.845 -36.029 39.068
G 11.463 -38.168 41.045
W 10.685 -41.303 43.037
Y 8.213 -44.052 42.254
R 7.109 -47.199 43.916
Q 5.59 -50.426 42.928
A 3.673 -52.334 45.554
P 2.6 -56.004 45.614
G -0.306 -56.535 43.23
K -0.142 -53.062 41.695
L 1.504 -51.139 38.91
R 4.147 -48.53 39.454
E 2.803 -45.352 41.133
W 4.431 -41.898 41.275
V 5.519 -40.72 44.751
A 7.447 -37.471 44.529
A 9.339 -35.089 42.273
I 11.791 -32.211 42.428
T 12.875 -29.586 39.906
P 16.503 -28.679 39.287
Q 15.887 -25.584 41.372
G 14.989 -27.802 44.319
V 11.202 -27.318 44.37
P 9.58 -30.552 45.591
N 6.053 -31.976 45.191
Y 4.377 -35.146 46.455
A 1.605 -37.666 46.01
D -1.233 -37.307 48.52
S -0.487 -40.754 49.969
V 2.993 -39.555 51.136
K 2.626 -35.808 51.549
G 3.704 -34.625 54.968
R 5.733 -37.777 55.739
F 8.266 -38.065 52.894
T 10.854 -35.47 51.853
I 12.596 -35.499 48.522
S 15.877 -33.696 47.964
R 18.706 -33.483 45.442
D 22.413 -32.794 45.43
N 23.315 -31.187 42.146
A 27.054 -31.41 42.764
K 27.006 -35.227 43.033
N 23.934 -36.191 40.886
M 22.259 -37.724 43.901
L 18.58 -37.991 44.676
Y 17.311 -38.718 48.153
L 13.988 -39.704 49.711
Q 13.657 -39.358 53.467
M 10.73 -41.439 54.665
S 8.972 -40.975 58.037
S 6.096 -42.527 59.892
L 6.2 -45.527 57.663
K 3.068 -47.686 57.472
P 2.557 -51.22 56.128
E 1.042 -49.542 53.01
D 4.47 -48.018 52.157
T 5.88 -51.514 51.552
A 7.179 -51.604 47.941
L 10.05 -51.488 45.419
Y 11.162 -47.889 45.163
Y 12.701 -46.488 41.962
C 14.09 -43.091 40.966
N 14.015 -41.723 37.419
R 13.796 -38.407 35.663
L 10.515 -36.824 34.557
P 9.48 -37.656 31.911
N 10.93 -41.138 32.446
Y 14.018 -42.53 30.866
R 12.734 -45.864 29.592
S 15.172 -48.217 31.407
W 14.584 -48.423 35.083
G 17.004 -49.168 37.822
Q 16.818 -52.366 39.761
G 15.028 -50.5 42.573
T 15.381 -50.855 46.348
Q 12.98 -52.945 48.465
V 11.248 -51.388 51.427
T 9.206 -53.441 53.815
V 7.282 -51.979 56.688
S 6.049 -54.576 59.142
S 5.906 -55.689 62.761
