tag x y z
V 1.771 -43.441 -31.695
Q 1.7 -45.477 -28.384
L -0.078 -45.496 -25.042
Q 0.805 -47.101 -21.741
E -1.24 -46.967 -18.564
S -0.198 -48.018 -15.103
G -1.11 -47.482 -11.433
G -4.117 -49.772 -11.086
G -4.64 -52.345 -8.414
L -7.096 -53.669 -5.885
V -8.244 -51.174 -3.256
Q -10.862 -50.87 -0.524
P -13.929 -48.62 -0.904
G -13.115 -45.039 0.182
G -9.609 -45.554 -1.068
S -7.532 -43.697 -3.496
L -5.306 -44.424 -6.526
R -3.216 -42.481 -8.958
L -3.111 -43.758 -12.551
S -0.532 -42.699 -15.105
C -0.309 -42.72 -18.836
A 2.876 -42.514 -20.794
A 1.934 -41.305 -24.279
S 4.057 -40.657 -27.317
G 4.63 -37.037 -28.4
S 2.722 -37.391 -31.669
I -0.359 -38.513 -29.692
F 0.015 -36.089 -26.891
S 1.435 -32.844 -28.131
G -1.169 -30.19 -28.876
N -4.039 -32.627 -28.339
V -6.833 -32.976 -25.891
M -6.199 -36.148 -23.852
G -8.458 -38.213 -21.662
W -9.286 -41.274 -19.635
Y -11.8 -44.023 -20.274
R -12.864 -47.178 -18.564
Q -14.471 -50.46 -19.414
A -16.449 -52.147 -16.711
P -17.766 -55.748 -16.609
G -20.443 -56.408 -19.223
K -20.243 -52.857 -20.614
L -18.565 -51.024 -23.412
R -15.891 -48.422 -22.934
E -17.183 -45.236 -21.215
W -15.618 -41.738 -21.37
V -14.489 -40.52 -17.94
A -12.476 -37.282 -18.12
A -10.664 -35.004 -20.531
I -8.191 -32.121 -20.465
T -7.087 -29.585 -23.098
P -3.467 -28.691 -23.932
Q -3.859 -25.589 -21.765
G -4.997 -27.731 -18.835
V -8.78 -27.233 -18.564
P -10.374 -30.479 -17.321
N -13.937 -31.831 -17.616
Y -15.561 -34.932 -16.211
A -18.437 -37.347 -16.659
D -21.18 -37.033 -14.035
S -20.312 -40.406 -12.512
V -16.875 -39.168 -11.415
K -17.227 -35.463 -11.084
G -16.139 -34.228 -7.67
R -14.053 -37.346 -6.941
F -11.44 -37.726 -9.732
T -8.858 -35.195 -10.988
I -7.229 -35.33 -14.38
S -3.983 -33.574 -15.139
R -1.248 -33.49 -17.689
D 2.487 -32.802 -17.673
N 3.347 -31.133 -20.976
A 7.086 -31.501 -20.51
K 6.937 -35.366 -20.251
N 3.844 -36.36 -22.224
M 2.279 -37.819 -19.114
L -1.368 -37.953 -18.236
Y -2.585 -38.62 -14.719
L -5.834 -39.513 -12.993
Q -6.184 -39.099 -9.3
M -9.067 -41.167 -8.014
S -10.526 -40.498 -4.557
S -13.549 -41.841 -2.691
L -13.557 -45.046 -4.736
K -16.702 -47.127 -4.912
P -17.184 -50.722 -6.198
E -18.859 -49.192 -9.307
D -15.487 -47.618 -10.288
T -14.215 -51.181 -10.922
A -12.917 -51.345 -14.511
L -9.956 -51.469 -16.915
Y -8.891 -47.846 -17.352
Y -7.405 -46.532 -20.592
C -6.036 -43.224 -21.786
N -6.082 -41.733 -25.314
R -6.193 -38.528 -27.242
L -9.591 -37.042 -28.235
P -10.613 -37.805 -30.857
N -9.196 -41.27 -30.328
Y -6.158 -42.877 -31.883
R -7.453 -46.192 -33.26
S -5.118 -48.509 -31.304
W -5.565 -48.671 -27.614
G -3.005 -49.498 -24.98
Q -3.255 -52.465 -22.666
G -5.082 -50.591 -19.88
T -4.756 -50.783 -16.119
Q -7.124 -52.838 -13.925
V -8.84 -51.099 -11.042
T -10.83 -53.204 -8.599
V -12.62 -51.683 -5.638
S -13.903 -54.152 -3.08
S -14.225 -54.935 0.586
