tag x y z
V 107.852 -2.789 211.042
Q 107.924 -1.648 207.415
L 107.209 -1.63 203.722
Q 109.168 0.197 201.012
E 107.919 0.122 197.475
S 110.03 1.091 194.449
G 110.231 0.637 190.676
G 107.636 3.089 189.414
G 107.778 5.86 186.874
L 106.066 7.215 183.797
V 105.714 4.595 181.102
Q 103.866 4.454 177.835
P 100.832 2.34 177.021
G 102.076 -1.23 176.247
G 105.028 -0.758 178.571
S 106.255 -2.965 181.377
L 107.41 -2.205 184.875
R 108.613 -4.204 187.748
L 107.708 -3.014 191.183
S 109.422 -4.21 194.281
C 108.581 -4.013 197.843
A 110.928 -4.781 200.624
A 109.21 -5.736 203.807
S 110.307 -6.704 207.3
G 110.161 -10.366 208.394
S 107.461 -9.656 211.02
I 105.196 -8.632 208.111
F 106.521 -10.967 205.43
S 107.2 -14.213 207.199
G 104.402 -16.771 207.007
N 102.008 -14.126 205.736
V 99.973 -13.583 202.69
M 101.307 -10.466 200.945
G 99.824 -8.298 198.217
W 99.723 -5.168 196.143
Y 97.226 -2.305 196.167
R 96.855 0.918 194.3
Q 95.255 4.192 194.755
A 94.283 6.335 191.809
P 93.22 9.977 191.757
G 89.792 10.615 193.282
K 89.294 6.925 194.067
L 89.832 4.827 197.156
R 92.471 2.201 197.47
E 91.935 -0.915 195.338
W 93.254 -4.426 196.074
V 95.198 -5.648 193.051
A 96.941 -8.98 193.83
A 98.029 -11.235 196.634
I 100.201 -14.304 197.067
T 100.314 -16.935 199.82
P 103.5 -17.955 201.661
Q 103.619 -20.962 199.298
G 103.483 -18.744 196.253
V 99.874 -19.282 195.083
P 98.76 -15.913 193.499
N 95.425 -14.298 192.675
Y 94.324 -11.125 191.012
A 91.718 -8.469 190.658
D 89.806 -8.726 187.405
S 91.116 -5.343 186.286
V 94.689 -6.738 185.993
K 94.166 -10.467 185.424
G 96.377 -11.549 182.484
R 98.616 -8.451 182.643
F 100.324 -8.388 186.082
T 102.226 -11.094 187.865
I 102.78 -11.185 191.566
S 105.756 -13.023 192.974
R 107.547 -13.296 196.293
D 111.114 -14.255 197.21
N 110.778 -15.8 200.576
A 114.56 -15.694 201.265
K 114.919 -11.883 200.962
N 111.514 -10.66 202.226
M 110.82 -9.242 198.791
L 107.612 -8.871 196.891
Y 107.294 -8.052 193.239
L 104.671 -6.93 190.795
Q 105.489 -7.468 187.163
M 103.306 -5.212 185.048
S 102.659 -5.857 181.321
S 100.533 -4.095 178.702
L 100.159 -1.078 180.892
K 97.219 1.213 180.169
P 96.417 4.712 181.393
E 93.889 3.193 183.818
D 96.799 1.633 185.674
T 97.975 5.116 186.695
A 98.193 5.235 190.513
L 100.268 4.959 193.663
Y 101.05 1.259 194.225
Y 101.567 -0.043 197.773
C 102.423 -3.437 199.313
N 101.243 -4.781 202.628
R 100.272 -8.024 204.202
L 96.76 -9.505 204.246
P 95.052 -8.76 206.486
N 96.675 -5.276 206.362
Y 99.139 -3.881 208.832
R 97.692 -0.455 209.412
S 100.813 1.546 208.685
W 101.364 1.957 204.968
G 104.648 2.655 203.166
Q 105.038 5.689 200.928
G 104.244 3.726 197.811
T 105.668 4.111 194.337
Q 103.942 6.211 191.638
V 103.073 4.707 188.302
T 101.938 6.767 185.382
V 100.816 5.393 182.028
S 100.384 8.008 179.375
S 101.153 9.019 175.747
