tag x y z
V 14.348 -34.344 151.017
Q 16.152 -35.286 147.814
L 18.08 -35.113 144.513
Q 17.429 -36.876 141.232
E 19.62 -36.583 138.246
S 18.558 -37.937 134.833
G 19.458 -37.553 131.163
G 22.844 -39.225 130.903
G 23.786 -41.876 128.363
L 26.442 -43.059 125.929
V 27.814 -40.675 123.253
Q 30.646 -40.175 120.79
P 33.321 -37.552 121.011
G 32.115 -34.077 120.062
G 28.69 -35.171 121.244
S 26.295 -33.295 123.453
L 23.863 -33.969 126.4
R 21.399 -32.209 128.683
L 21.415 -33.42 132.268
S 18.505 -32.689 134.563
C 18.258 -32.655 138.278
A 14.967 -32.345 140.031
A 15.585 -31.02 143.511
S 13.308 -30.569 146.506
G 12.56 -26.996 147.619
S 14.393 -27.136 150.91
I 17.578 -28.045 148.946
F 16.994 -25.608 146.162
S 15.22 -22.481 147.379
G 17.683 -19.709 147.965
N 20.723 -21.948 147.495
V 23.66 -21.985 145.236
M 23.333 -25.217 143.206
G 25.966 -27.122 141.295
W 27.058 -30.159 139.307
Y 29.581 -32.745 140.324
R 31.054 -35.799 138.674
Q 32.95 -38.877 139.887
A 35.139 -40.807 137.429
P 36.542 -44.371 137.63
G 39.091 -44.647 140.503
K 38.673 -40.974 141.404
L 36.828 -38.91 143.956
R 33.986 -36.57 143.304
E 35.035 -33.535 141.204
W 33.132 -30.219 141.229
V 32.175 -29.131 137.73
A 29.961 -26.019 137.875
A 27.821 -23.864 140.122
I 25.04 -21.282 139.842
T 23.709 -18.805 142.4
P 20.054 -18.092 142.9
Q 20.337 -14.912 140.754
G 21.59 -17.125 137.914
V 25.332 -16.385 137.888
P 27.31 -19.482 136.811
N 30.979 -20.499 137.218
Y 32.926 -23.602 136.133
A 36.026 -25.718 136.686
D 38.724 -25.152 134.068
S 38.271 -28.735 132.834
V 34.822 -27.803 131.436
K 34.901 -24.007 130.89
G 33.704 -23.102 127.41
R 31.845 -26.39 126.954
F 29.212 -26.79 129.66
T 26.491 -24.404 130.708
I 24.667 -24.648 133.97
S 21.201 -23.16 134.402
R 18.321 -23.37 136.843
D 14.6 -22.956 136.741
N 13.589 -21.256 139.993
A 9.902 -21.719 139.175
K 10.46 -25.523 138.925
N 13.376 -26.446 141.288
M 15.314 -27.816 138.364
L 18.943 -27.677 137.583
Y 20.366 -28.439 134.198
L 23.809 -29.056 132.763
Q 24.104 -28.564 128.984
M 27.216 -30.462 127.729
S 29.094 -29.881 124.425
S 32.156 -31.263 122.737
L 32.165 -34.235 125.095
K 35.476 -36.11 125.334
P 36.423 -39.448 126.827
E 37.971 -37.639 129.798
D 34.343 -36.551 130.587
T 33.107 -40.044 131.438
A 31.661 -40.109 134.945
L 28.553 -40.301 137.092
Y 27.198 -36.824 137.319
Y 25.442 -35.675 140.495
C 23.713 -32.471 141.329
N 23.634 -30.965 144.826
R 23.453 -27.623 146.598
L 26.489 -25.771 147.856
P 27.551 -26.359 150.521
N 26.464 -29.932 149.917
Y 23.515 -31.736 151.483
R 25.154 -34.725 153.179
S 23.246 -37.473 151.178
W 23.646 -37.576 147.442
G 21.411 -38.617 144.568
Q 21.933 -41.736 142.45
G 23.47 -39.741 139.617
T 23.287 -40.336 135.916
Q 26.007 -42.152 133.998
V 27.697 -40.378 131.151
T 29.997 -42.35 128.872
V 32.087 -41.012 125.995
S 34.092 -42.686 123.165
S 34.874 -43.641 120.456
H 32.846 -43.599 117.124
H 30.854 -46.581 115.881
