tag x y z
V 31.486 185.166 250.232
Q 31.878 187.048 246.843
L 30.489 187.021 243.314
Q 31.605 188.717 240.105
E 30.139 188.523 236.624
S 31.58 189.498 233.246
G 31.326 189.051 229.477
G 28.215 191.096 228.825
G 27.896 193.655 226.091
L 25.746 194.962 223.276
V 24.886 192.502 220.489
Q 22.735 192.165 217.418
P 19.566 190.037 217.544
G 20.484 186.457 216.632
G 23.735 187.191 218.389
S 25.445 185.309 221.023
L 27.498 185.789 224.219
R 29.37 183.944 226.91
L 29.044 185.188 230.489
S 31.376 184.218 233.352
C 31.072 184.314 237.092
A 33.933 184.053 239.458
A 32.67 182.844 242.822
S 34.453 182.288 246.115
G 34.933 178.698 247.245
S 32.717 179.043 250.31
I 29.826 180.02 247.983
F 30.506 177.65 245.173
S 31.981 174.425 246.497
G 29.316 171.837 247.065
N 26.49 174.151 246.071
V 23.997 174.362 243.321
M 24.837 177.539 241.346
G 22.678 179.546 238.912
W 22.044 182.578 236.738
Y 19.451 185.295 237.074
R 18.52 188.495 235.329
Q 16.842 191.794 235.938
A 15.06 193.368 232.979
P 13.896 197.011 232.989
G 10.559 197.353 234.791
K 10.82 193.881 236.287
L 12.123 192.107 239.312
R 14.996 189.645 239.248
E 14.032 186.487 237.45
W 15.619 182.979 237.753
V 17.057 181.744 234.439
A 19.143 178.625 235.031
A 20.805 176.333 237.514
I 23.2 173.448 237.747
T 24.069 170.903 240.422
P 27.614 170.17 241.599
Q 27.565 167.009 239.429
G 26.803 169.283 236.446
V 23.088 168.617 235.865
P 21.51 171.8 234.378
N 17.915 173.052 234.295
Y 16.465 176.185 232.711
A 13.503 178.542 232.745
D 11.072 177.998 229.898
S 12.026 181.407 228.402
V 15.626 180.329 227.66
K 15.415 176.525 227.385
G 17.191 175.438 224.175
R 19.016 178.764 223.661
F 21.261 179.047 226.692
T 23.556 176.507 228.333
I 24.899 176.836 231.851
S 28.068 175.071 232.886
R 30.475 175.07 235.803
D 34.159 174.288 236.216
N 34.617 172.902 239.738
A 38.407 173.329 239.82
K 38.362 177.089 239.245
N 35.024 178.013 241.027
M 33.655 179.408 237.796
L 30.151 179.576 236.451
Y 29.465 180.116 232.707
L 26.372 180.982 230.64
Q 26.438 180.539 226.941
M 23.711 182.389 225.091
S 22.63 181.982 221.477
S 19.755 183.197 219.352
L 19.545 186.248 221.605
K 16.489 188.435 221.415
P 15.634 191.867 222.677
E 13.529 190.244 225.447
D 16.864 188.916 226.846
T 18.142 192.441 227.56
A 18.856 192.768 231.308
L 21.464 192.843 234.03
Y 22.61 189.237 234.574
Y 23.671 187.915 237.985
C 25.009 184.729 239.358
N 24.58 183.138 242.813
R 24.234 179.917 244.657
L 20.9 178.353 245.352
P 19.612 179.114 247.709
N 20.908 182.643 247.437
Y 23.749 184.22 249.332
R 22.176 187.443 250.379
S 24.703 189.968 248.878
W 24.548 190.064 245.114
G 27.372 190.945 242.76
Q 27.374 193.995 240.474
G 26.093 191.948 237.563
T 26.952 192.222 233.883
Q 24.743 194.18 231.458
V 23.467 192.488 228.361
T 21.682 194.548 225.706
V 20.247 193.187 222.457
S 19.355 195.556 219.556
S 19.887 196.481 215.743
