tag x y z
E -3.265 -24.08 -27.832
V -6.739 -24.227 -26.238
Q -9.685 -21.976 -27.124
L -13.303 -21.859 -25.942
L -15.498 -19.396 -27.847
V -19.044 -18.571 -26.716
S -21.949 -16.616 -28.227
G -25.747 -16.329 -27.989
G -26.334 -14.227 -24.867
G -28.024 -10.825 -24.743
L -31.273 -9.208 -23.583
V -34.6 -11.022 -23.111
Q -38.016 -10.589 -21.455
P -38.999 -12.634 -18.366
G -40.271 -16.091 -19.335
G -38.09 -15.807 -22.452
S -35.684 -18.055 -24.363
L -31.984 -18.113 -25.326
R -29.522 -20.616 -26.832
L -25.81 -20.297 -26.04
S -23.159 -21.962 -28.216
C -19.613 -22.78 -27.053
A -17.131 -23.716 -29.818
A -14.097 -25.68 -28.582
S -10.663 -26.233 -30.141
G -7.123 -27.202 -29.087
F -7.893 -30.487 -27.313
T -9.738 -33.809 -27.677
F -13.289 -32.471 -27.167
K -14.772 -35.997 -27.269
A -12.866 -37.207 -24.179
Y -13.58 -34.454 -21.623
P -16.861 -33.562 -19.923
M -17.925 -29.932 -20.427
M -19.72 -27.484 -18.148
W -21.484 -24.13 -17.954
V -20.844 -21.665 -15.12
R -22.109 -18.161 -14.366
Q -21.2 -15.158 -12.225
A -23.89 -12.686 -11.154
P -22.737 -9.037 -10.954
G -20.718 -8.642 -7.732
K -21.519 -12.156 -6.526
G -19.963 -15.617 -6.051
L -19.23 -17.867 -9.03
E -22.048 -20.398 -9.551
W -22.084 -23.824 -11.233
V -24.913 -24.24 -13.759
S -24.73 -27.565 -15.615
E -22.484 -30.378 -16.865
I -22.504 -33.03 -19.568
S -20.486 -36.252 -19.917
P -18.01 -36.958 -22.776
S -20.439 -39.163 -24.74
G -23.322 -36.775 -23.957
S -25.276 -39.611 -22.334
Y -25.207 -38.265 -18.754
T -26.254 -34.696 -17.894
Y -26.185 -32.849 -14.559
Y -28.073 -29.639 -13.687
A -28.049 -27.192 -10.782
D -31.054 -27.242 -8.438
S -32.065 -23.696 -9.455
V -32.214 -24.416 -13.219
K -33.324 -28.079 -13.451
G -36.094 -28.656 -16.018
R -35.808 -25.177 -17.546
F -32.253 -25.447 -18.9
T -31.038 -28.181 -21.263
I -27.369 -28.94 -21.953
S -26.313 -30.648 -25.182
R -23.143 -31.244 -27.189
D -22.253 -32.115 -30.78
N -18.981 -34.071 -30.532
S -18.551 -34.017 -34.326
K -18.478 -30.198 -34.463
N -16.717 -29.695 -31.086
T -19.615 -27.516 -29.911
L -21.444 -27.293 -26.578
Y -24.999 -25.92 -26.305
L -27.224 -24.61 -23.503
Q -30.939 -24.151 -24.2
M -32.278 -21.683 -21.615
N -36.073 -21.421 -21.182
S -38.505 -19.433 -18.994
L -35.8 -17.098 -17.674
R -36.055 -14.9 -14.57
A -34.251 -11.774 -13.321
E -32.27 -14.111 -11.026
D -30.571 -15.723 -14.064
T -28.968 -12.372 -15.03
A -25.248 -13.203 -15.133
V -22.225 -13.687 -17.407
Y -22.121 -17.28 -18.699
Y -18.937 -19.26 -19.432
C -18.371 -22.714 -20.929
A -15.373 -24.665 -19.581
K -13.476 -27.962 -19.65
D -11.461 -27.054 -16.539
P -13.07 -25.091 -13.639
R -9.718 -23.466 -12.751
K -9.228 -21.657 -16.086
L -11.927 -19.113 -17.027
D -9.708 -16.362 -18.497
Y -9.891 -17.505 -22.154
W -10.831 -14.786 -24.662
G -14.424 -14.78 -25.966
Q -15.428 -17.38 -23.376
G -17.896 -15.168 -21.487
T -21.282 -13.999 -22.758
L -23.728 -11.75 -20.877
V -27.341 -12.829 -20.34
T -29.704 -10.191 -18.917
V -33.397 -10.542 -18.05
S -35.2 -7.188 -18.122
S -38.367 -5.782 -16.538
