tag x y z
Q -32.566 5.196 -5.552
V -33.618 1.548 -5.16
Q -36.941 0.131 -3.962
L -38.307 -3.398 -4.378
Q -41.982 -4.393 -4.219
E -42.973 -8.057 -4.094
S -46.152 -9.326 -5.736
G -48.143 -12.54 -5.64
G -47.863 -15.344 -3.144
G -50.339 -17.142 -0.921
L -51.63 -20.623 -0.14
V -50.886 -23.437 -2.596
Q -51.478 -27.18 -2.604
P -48.456 -29.506 -2.343
G -47.187 -30.065 -5.864
G -48.853 -26.88 -7.117
S -47.372 -23.872 -8.876
L -47.08 -20.198 -7.972
R -45.403 -17.183 -9.588
L -43.818 -14.391 -7.556
S -43.104 -10.999 -9.105
C -40.938 -8.062 -8.054
A -40.582 -4.614 -9.625
A -37.546 -2.421 -8.939
S -37.988 1.356 -8.919
G -35.804 4.383 -8.339
S -33.162 6.256 -10.308
G -30.415 4.339 -8.483
F -31.324 1.022 -10.093
N -28.999 0.3 -13.02
N -29.126 -3.307 -14.269
N -28.467 -4.643 -10.785
A -28.499 -8.343 -10.063
M -31.875 -9.382 -8.658
G -32.77 -12.417 -6.599
W -35.09 -14.049 -4.097
Y -34.442 -15.024 -0.484
R -36.775 -16.852 1.884
Q -37.031 -17.368 5.638
A -38.814 -20.371 7.13
P -40.767 -19.903 10.4
G -37.84 -20.905 12.618
K -34.826 -20.76 10.297
Q -32.49 -18.069 9.005
R -32.771 -16.232 5.704
E -31.745 -18.361 2.75
L -31.132 -17.818 -0.957
V -33.688 -19.242 -3.384
A -32.533 -17.958 -6.772
A -30.767 -15.006 -8.366
I -30.122 -13.653 -11.856
T -27.683 -11.013 -13.096
S -28.176 -8.434 -15.842
F -26.221 -10.771 -18.142
G -28.887 -13.414 -17.489
S -26.647 -15.716 -15.444
T -28.732 -17.658 -12.923
N -27.876 -19.118 -9.519
Y -30.108 -21.577 -7.654
A -30.024 -23.171 -4.237
D -29.788 -26.947 -4.607
S -33.061 -27.53 -2.74
V -35.074 -25.55 -5.324
K -32.97 -26.378 -8.393
G -35.134 -27.36 -11.36
R -38.429 -26.926 -9.524
F -37.966 -23.133 -9.466
T -37.124 -20.907 -12.444
I -36.119 -17.232 -12.39
S -36.261 -14.658 -15.189
R -36.081 -10.886 -15.492
D -37.404 -8.134 -17.756
N -34.468 -5.738 -18.081
A -36.463 -2.921 -19.693
K -39.084 -3.069 -16.918
N -36.619 -3.842 -14.076
T -38.826 -6.744 -12.995
V -37.728 -10.174 -11.756
Y -40.011 -13.222 -11.731
L -39.788 -16.411 -9.66
Q -41.762 -19.345 -11.068
M -42.24 -22.137 -8.52
N -43.369 -25.66 -9.423
S -43.676 -28.962 -7.556
L -44.013 -26.994 -4.335
K -43.306 -28.813 -1.071
P -44.503 -28.028 2.474
E -40.874 -27.213 3.331
D -41.072 -24.381 0.768
T -43.366 -22.496 3.175
A -41.601 -19.233 4.054
V -41.656 -15.465 3.675
Y -40.095 -14.707 0.285
Y -38.059 -11.492 0.021
C -37.066 -9.837 -3.254
T -33.463 -8.617 -3.267
A -31.14 -6.581 -5.459
G -27.442 -5.943 -5.727
W -24.521 -7.406 -7.579
G -23.189 -10.883 -8.178
A -24.67 -14.319 -7.69
T -25.956 -13.533 -4.16
P -27.35 -9.971 -4.254
R -28.261 -8.721 -0.769
S -27.818 -4.933 -0.943
Y -31.526 -4.03 -1.135
W -34.601 -5.86 0.135
G -38.369 -5.831 -0.197
Q -40.966 -6.15 2.535
G -41.519 -9.847 1.801
T -44.515 -11.942 0.791
Q -45.914 -15.084 2.398
V -46.031 -18.434 0.588
T -47.779 -21.33 2.348
V -47.636 -24.886 0.98
S -49.859 -27.321 2.871
S -52.576 -29.848 2.112
H -56.0 -28.245 2.563
H -59.602 -28.464 1.37
H -59.894 -28.14 -2.414
