tag x y z
Q -34.117 5.155 -5.424
V -35.262 1.501 -5.356
Q -38.767 0.149 -4.704
L -39.977 -3.461 -4.942
Q -43.723 -4.157 -5.142
E -44.639 -7.842 -4.919
S -47.801 -9.341 -6.389
G -49.463 -12.736 -6.399
G -49.48 -15.467 -3.806
G -52.026 -16.763 -1.343
L -53.66 -20.16 -1.036
V -52.661 -23.041 -3.295
Q -53.481 -26.728 -2.913
P -50.531 -29.094 -2.336
G -48.9 -29.976 -5.637
G -50.486 -27.005 -7.404
S -48.783 -24.155 -9.226
L -48.675 -20.446 -8.376
R -46.768 -17.448 -9.722
L -45.258 -14.368 -8.092
S -44.223 -11.065 -9.646
C -42.132 -8.135 -8.43
A -41.998 -4.67 -9.999
A -38.803 -2.627 -9.614
S -39.238 1.145 -9.686
G -37.037 4.105 -8.909
S -34.097 5.978 -10.354
G -31.533 4.044 -8.304
F -32.517 0.895 -10.213
N -30.548 0.232 -13.403
N -30.729 -3.375 -14.632
N -29.97 -4.816 -11.213
A -30.012 -8.476 -10.268
M -33.395 -9.464 -8.845
G -34.248 -12.533 -6.802
W -36.65 -14.143 -4.352
Y -35.957 -14.93 -0.696
R -38.413 -16.628 1.654
Q -38.778 -17.381 5.358
A -40.826 -20.189 6.89
P -42.576 -19.727 10.289
G -39.746 -20.988 12.483
K -36.925 -21.018 9.958
Q -34.585 -18.223 8.848
R -34.464 -16.268 5.601
E -33.435 -18.348 2.599
L -32.692 -17.78 -1.086
V -35.201 -19.28 -3.51
A -34.119 -18.084 -6.95
A -32.291 -15.104 -8.428
I -31.527 -13.84 -11.92
T -29.042 -11.225 -13.086
S -29.59 -8.586 -15.752
F -27.782 -10.92 -18.174
G -30.396 -13.619 -17.576
S -28.149 -15.887 -15.498
T -30.321 -17.748 -13.0
N -29.448 -19.175 -9.588
Y -31.767 -21.504 -7.666
A -31.499 -23.092 -4.256
D -31.263 -26.847 -4.182
S -34.69 -27.062 -2.682
V -36.886 -25.561 -5.364
K -34.735 -26.522 -8.23
G -36.718 -27.692 -11.254
R -40.022 -26.942 -9.554
F -39.469 -23.173 -9.404
T -38.259 -21.282 -12.485
I -37.402 -17.576 -12.59
S -37.697 -15.094 -15.46
R -37.631 -11.325 -15.865
D -38.908 -8.592 -18.183
N -36.14 -6.058 -18.785
A -38.32 -3.298 -20.27
K -40.866 -3.552 -17.444
N -38.049 -4.138 -14.9
T -40.125 -6.865 -13.271
V -39.267 -10.423 -12.244
Y -41.458 -13.531 -12.267
L -41.179 -16.576 -9.993
Q -43.139 -19.537 -11.39
M -43.798 -22.084 -8.63
N -44.842 -25.641 -9.532
S -45.411 -28.852 -7.556
L -45.813 -26.815 -4.377
K -44.94 -28.909 -1.325
P -46.25 -27.851 2.11
E -42.694 -26.881 3.114
D -42.918 -24.072 0.533
T -45.369 -22.219 2.791
A -43.532 -19.02 3.737
V -43.436 -15.251 3.326
Y -41.783 -14.623 -0.047
Y -39.637 -11.483 -0.194
C -38.446 -9.85 -3.413
T -34.876 -8.552 -3.455
A -32.682 -6.38 -5.658
G -28.919 -5.981 -5.848
W -25.871 -7.292 -7.704
G -24.637 -10.797 -8.419
A -26.104 -14.211 -7.732
T -27.449 -13.464 -4.214
P -28.911 -9.941 -4.318
R -29.792 -8.639 -0.856
S -29.301 -4.86 -1.065
Y -32.963 -3.844 -1.384
W -35.927 -5.858 -0.125
G -39.674 -5.983 -0.586
Q -42.362 -6.213 2.07
G -43.035 -9.923 1.51
T -46.106 -11.721 0.163
Q -47.627 -14.726 1.921
V -47.784 -18.013 0.0
T -49.714 -20.745 1.818
V -49.682 -24.386 0.681
S -52.323 -26.261 2.674
S -54.682 -29.154 2.01
H -58.388 -28.311 1.847
