tag x y z
M -31.508 -34.181 53.162
Q -31.252 -35.643 56.629
V -28.186 -37.706 57.099
Q -27.025 -37.702 60.705
L -23.83 -37.801 62.707
V -23.284 -39.556 66.01
E -20.29 -38.773 68.224
S -18.819 -41.144 70.74
G -15.762 -40.681 72.838
G -15.16 -38.082 75.466
R -14.981 -38.716 79.137
L -12.843 -37.117 81.749
V -9.165 -37.427 81.036
Q -6.075 -36.294 82.986
A -3.682 -33.625 81.696
G -1.342 -35.448 79.304
D -3.588 -38.454 78.638
S -5.269 -39.746 75.468
L -8.761 -40.033 74.012
R -10.239 -41.336 70.818
L -13.366 -39.695 69.365
S -15.387 -41.404 66.671
C -18.232 -40.009 64.515
A -20.66 -42.423 62.819
A -22.942 -41.395 59.956
S -26.182 -43.297 59.459
G -27.399 -42.194 56.068
R -24.257 -41.081 54.212
T -22.599 -42.758 51.315
F -22.317 -40.388 48.411
T -22.992 -36.894 49.608
T -20.878 -35.773 52.493
Y -17.689 -34.974 50.608
L -15.803 -33.821 53.655
M -15.719 -34.393 57.429
G -14.456 -32.215 60.269
W -14.207 -31.846 64.015
F -15.102 -28.529 65.693
R -15.1 -27.765 69.44
Q -16.794 -25.226 71.706
A -16.37 -24.131 75.31
P -17.83 -21.016 76.96
G -15.957 -17.73 77.056
K -15.389 -18.173 73.346
E -16.932 -19.616 70.247
R -16.941 -22.582 67.942
E -13.364 -23.403 67.029
F -12.124 -25.414 64.045
V -10.106 -28.514 64.986
A -9.43 -30.803 61.974
A -10.849 -31.607 58.504
I -10.534 -34.473 56.112
R -11.997 -35.595 52.842
W -13.232 -39.141 52.373
S -11.824 -39.732 48.888
G -8.076 -39.633 49.376
G -7.88 -38.732 53.075
S -6.26 -35.273 52.853
T -6.146 -33.717 56.32
Y -5.978 -30.13 57.695
Y -5.751 -28.894 61.286
A -5.832 -25.402 62.678
D -2.363 -24.73 64.066
S -3.264 -24.752 67.728
V -3.501 -28.582 67.593
K -1.112 -29.945 65.03
G 1.013 -32.922 65.967
R -1.27 -33.383 68.966
F -4.396 -34.554 67.18
T -4.913 -36.973 64.295
I -8.061 -37.055 62.197
S -8.606 -40.234 60.21
R -11.43 -41.934 58.466
D -12.645 -45.288 57.525
N -15.338 -45.138 54.947
A -15.912 -48.854 55.111
K -18.023 -48.175 58.15
N -19.22 -44.589 58.127
T -16.789 -43.32 60.68
V -14.261 -40.533 61.137
Y -11.91 -40.468 64.148
L -9.993 -37.974 66.205
Q -7.02 -39.404 68.078
M -6.249 -36.818 70.752
N -2.86 -37.182 72.458
S -0.939 -34.969 74.894
L -4.16 -33.373 76.167
K -4.003 -30.174 78.217
L -6.281 -28.053 80.315
E -7.475 -25.761 77.593
D -8.576 -28.737 75.599
T -11.832 -29.011 77.505
A -14.956 -28.412 75.425
V -17.804 -30.105 73.554
Y -16.497 -31.753 70.377
Y -18.692 -31.861 67.245
C -18.298 -33.603 63.885
A -19.679 -31.991 60.758
A -20.044 -33.141 57.137
A -20.519 -31.292 53.862
A -22.719 -32.311 50.995
R -24.595 -29.581 49.092
P -23.764 -25.965 48.207
S -25.243 -22.748 49.619
Y -25.287 -18.995 48.572
S -22.988 -16.101 49.581
G -19.255 -15.296 49.356
D -18.53 -18.98 49.994
Y -16.974 -20.806 52.926
G -13.837 -22.922 53.323
Y -12.473 -25.852 55.285
T -12.319 -24.081 58.637
E -15.565 -22.132 58.324
A -18.257 -23.656 60.487
L -21.123 -22.211 58.473
R -19.732 -24.195 55.598
Y -20.941 -27.668 56.553
D -24.437 -28.855 55.87
Y -24.757 -31.111 58.898
W -23.69 -31.57 62.531
G -23.731 -34.07 65.389
Q -25.127 -33.533 68.848
G -22.02 -33.734 71.0
T -19.787 -35.378 73.588
Q -17.977 -33.236 76.153
V -14.295 -33.574 76.867
T -12.758 -32.476 80.101
V -9.056 -32.301 80.649
S -8.068 -31.892 84.297
S -6.263 -29.06 85.938
H -5.482 -31.96 88.313
H -5.896 -35.655 88.998
