tag x y z
Q 31.154 -1.196 1.626
V 32.713 -3.624 4.083
Q 34.176 -6.665 2.375
L 36.793 -9.377 2.317
Q 38.724 -10.748 -0.644
E 40.683 -13.984 -0.689
S 43.616 -14.571 -3.012
G 46.654 -16.789 -3.448
G 44.905 -20.082 -4.129
G 46.021 -22.414 -6.905
L 46.636 -25.89 -8.284
V 49.576 -27.46 -6.461
Q 51.204 -30.889 -6.073
A 50.643 -32.892 -2.886
G 53.351 -32.001 -0.379
G 53.32 -28.487 -1.792
S 52.74 -25.115 -0.115
L 50.488 -22.112 -0.621
R 49.903 -18.879 1.253
L 46.368 -17.476 1.093
S 45.597 -13.803 1.718
C 42.407 -12.311 3.092
A 42.301 -8.574 2.393
A 39.73 -6.258 3.932
S 38.387 -3.185 2.179
G 35.883 -0.604 3.4
F 36.75 -1.347 7.033
T 39.763 -2.117 9.202
L 40.387 -5.603 10.627
D 41.473 -3.998 13.907
S 39.697 -5.389 17.001
Y 38.123 -8.175 14.928
A 38.808 -11.906 15.057
I 39.248 -13.538 11.643
G 38.528 -17.109 10.63
W 39.344 -19.297 7.654
F 36.79 -21.858 6.434
R 36.734 -24.234 3.477
Q 34.251 -26.23 1.418
A 35.163 -29.257 -0.718
P 32.933 -30.691 -3.498
G 29.889 -32.462 -2.07
K 30.751 -31.533 1.524
E 29.58 -28.955 4.062
R 31.577 -25.818 4.839
E 34.243 -26.578 7.472
G 36.122 -24.443 10.028
V 39.856 -24.346 9.316
S 41.542 -21.801 11.538
C 40.998 -18.561 13.417
I 42.947 -15.725 14.997
S 41.879 -13.327 17.722
A 41.997 -9.558 17.214
S 45.347 -9.145 19.016
G 46.828 -12.188 17.341
G 47.549 -13.755 20.737
S 45.124 -16.658 20.33
T 44.98 -18.951 17.321
N 42.978 -22.101 16.722
Y 43.182 -24.931 14.188
A 41.035 -27.844 13.029
D 42.797 -31.055 14.083
S 43.404 -32.09 10.444
V 45.552 -29.032 9.685
K 47.291 -28.5 13.037
G 51.041 -27.984 12.603
R 50.626 -27.786 8.823
F 48.792 -24.451 8.591
T 49.718 -21.135 10.217
I 47.266 -18.27 10.447
S 48.627 -14.754 10.886
R 47.632 -11.126 10.586
D 49.051 -7.777 9.539
N 46.902 -4.968 10.83
A 48.933 -2.341 8.953
K 48.188 -4.081 5.65
N 44.69 -4.904 6.861
T 45.206 -8.531 5.832
V 45.249 -12.02 7.336
Y 47.137 -14.998 5.927
L 46.948 -18.751 5.906
Q 50.256 -20.471 5.308
M 49.48 -24.011 4.148
N 52.302 -26.561 4.176
S 52.44 -30.26 3.329
L 49.247 -30.046 1.29
K 47.158 -33.167 0.947
S 44.331 -34.08 -1.412
E 42.012 -33.605 1.574
D 42.864 -29.9 1.449
T 41.207 -29.392 -1.954
A 38.435 -26.86 -1.407
V 37.228 -23.346 -1.892
Y 38.716 -21.365 1.022
Y 36.782 -18.478 2.642
C 37.74 -15.936 5.278
A 35.294 -14.345 7.68
A 35.484 -11.352 9.995
D 33.621 -11.212 13.317
H 31.706 -14.49 13.62
P 30.163 -15.55 17.007
G 32.365 -18.53 17.932
L 35.379 -17.595 15.848
C 38.259 -16.909 18.301
T 35.917 -14.499 20.115
S 32.977 -14.355 22.558
R 24.767 -9.098 23.593
R 26.221 -7.489 20.468
R 25.568 -7.832 16.751
Y 28.345 -9.508 14.772
L 29.621 -8.169 11.468
E 29.64 -11.637 9.899
V 31.556 -10.472 6.804
W 32.4 -13.247 4.315
G 34.755 -13.236 1.348
Q 33.863 -14.81 -1.989
G 36.484 -17.56 -1.735
T 39.655 -18.745 -3.435
Q 40.14 -22.197 -4.945
V 42.81 -24.555 -3.662
T 43.338 -27.739 -5.671
V 45.823 -30.417 -4.637
S 46.897 -32.957 -7.277
S 48.239 -36.399 -6.34
