tag x y z
Q 18.266 -46.884 2.81
V 16.916 -44.323 5.315
Q 15.147 -41.524 3.46
L 12.604 -38.72 3.65
Q 10.462 -37.572 0.727
E 8.461 -34.318 0.724
S 5.34 -33.851 -1.379
G 2.282 -31.606 -1.578
G 4.015 -28.454 -2.788
G 2.623 -26.301 -5.566
L 1.943 -22.995 -7.26
V -0.869 -21.31 -5.378
Q -2.295 -17.798 -5.02
A -1.655 -15.607 -1.975
G -4.216 -16.263 0.752
G -4.387 -19.878 -0.378
S -3.526 -23.13 1.409
L -1.275 -26.159 0.936
R -0.587 -29.343 2.863
L 2.947 -30.751 2.791
S 3.757 -34.37 3.577
C 7.083 -35.735 4.736
A 7.164 -39.505 4.303
A 9.925 -41.708 5.665
S 11.133 -44.84 3.898
G 13.698 -47.466 4.904
F 13.064 -46.567 8.546
T 10.257 -45.713 10.954
L 9.708 -42.201 12.377
D 8.818 -43.488 15.842
S 10.874 -41.982 18.678
Y 12.325 -39.393 16.292
A 11.567 -35.675 16.287
I 10.892 -34.147 12.845
G 11.368 -30.607 11.566
W 10.398 -28.543 8.55
F 12.859 -26.078 6.99
R 12.648 -23.842 3.939
Q 14.988 -22.086 1.562
A 13.815 -19.144 -0.537
P 15.724 -17.789 -3.562
G 18.813 -15.861 -2.443
K 18.259 -16.623 1.242
E 19.745 -19.042 3.727
R 17.836 -22.112 4.896
E 15.647 -21.329 7.906
G 13.724 -23.373 10.456
V 9.972 -23.43 9.959
S 8.516 -25.865 12.448
C 9.211 -28.984 14.462
I 7.454 -31.711 16.387
S 8.721 -34.035 19.115
A 8.881 -37.824 18.874
S 5.676 -38.291 20.886
G 4.022 -35.335 19.157
G 3.408 -33.791 22.567
S 5.49 -30.695 21.794
T 5.636 -28.429 18.744
N 7.578 -25.319 17.751
Y 7.208 -22.669 15.023
A 9.188 -19.756 13.628
D 7.556 -16.418 14.535
S 6.692 -15.628 10.91
V 4.489 -18.715 10.51
K 2.954 -19.131 13.951
G -0.797 -18.795 13.531
R -0.824 -19.931 9.91
F 1.136 -23.218 9.812
T 0.425 -26.374 11.829
I 2.768 -29.338 12.178
S 1.418 -32.837 12.921
R 2.406 -36.522 12.728
D 0.822 -39.863 11.814
N 3.226 -42.536 13.078
A 1.118 -45.338 11.571
K 1.788 -43.891 8.108
N 5.306 -42.75 9.118
T 4.458 -39.307 7.836
V 4.665 -35.753 9.195
Y 2.442 -32.986 7.811
L 2.685 -29.232 7.514
Q -0.63 -27.489 6.979
M 0.084 -24.024 5.529
N -2.713 -21.438 5.403
S -2.965 -17.737 4.552
L 0.01 -18.126 2.23
K 2.186 -15.043 1.701
S 4.736 -14.169 -0.969
E 7.53 -14.529 1.577
D 6.463 -18.183 2.037
T 7.803 -19.011 -1.437
A 10.624 -21.551 -0.99
V 11.757 -25.138 -1.274
Y 10.464 -26.926 1.859
Y 12.547 -29.761 3.349
C 11.875 -32.106 6.229
A 14.529 -33.359 8.624
A 14.592 -36.262 11.058
D 16.53 -36.453 14.318
H 18.668 -33.313 14.46
P 20.26 -31.881 17.646
G 18.099 -29.256 19.37
L 15.353 -29.76 16.769
C 12.442 -30.458 19.172
T 14.715 -32.956 20.992
S 17.638 -33.536 23.401
R 25.142 -37.898 24.011
R 23.858 -40.25 21.289
R 24.481 -40.109 17.55
Y 21.823 -38.23 15.603
L 20.519 -39.623 12.321
E 20.399 -36.172 10.728
V 18.247 -37.32 7.779
W 17.252 -34.716 5.143
G 14.614 -34.912 2.408
Q 15.001 -33.629 -1.16
G 12.484 -30.794 -0.947
T 9.122 -29.807 -2.416
Q 8.623 -26.459 -4.164
V 6.131 -23.945 -2.78
T 5.443 -20.943 -4.983
V 3.023 -18.224 -3.942
S 1.753 -15.88 -6.664
S 0.022 -12.614 -5.807
A -0.951 -12.315 -9.484
