tag x y z
Q 193.413 29.014 69.376
V 196.497 29.744 71.483
Q 199.661 27.781 70.677
L 203.426 27.75 70.888
Q 205.923 26.179 68.478
E 209.604 25.619 69.196
S 212.356 25.627 66.618
G 216.131 25.901 66.279
G 217.201 22.591 67.768
G 219.653 20.214 66.203
L 223.104 18.823 66.49
V 225.934 20.985 67.766
Q 229.525 20.42 68.858
A 230.364 20.751 72.603
G 231.609 24.201 73.447
G 229.275 25.586 70.722
S 226.133 27.681 70.695
L 222.509 27.3 69.618
R 219.522 29.661 69.731
L 216.073 28.145 70.288
S 212.891 30.034 69.328
C 209.436 29.792 70.821
A 206.87 31.374 68.468
A 203.36 32.174 69.636
S 200.195 32.159 67.542
G 196.662 33.194 68.557
F 198.113 35.474 71.259
T 201.07 37.722 71.937
L 203.568 36.582 74.44
D 204.544 40.235 75.339
S 202.355 40.298 78.528
Y 202.752 36.694 79.736
A 205.484 35.008 81.666
I 207.284 32.501 79.438
G 209.657 29.684 80.276
W 211.789 26.915 78.963
F 211.976 23.365 80.279
R 214.007 20.362 79.168
Q 213.867 16.637 79.56
A 216.927 14.462 78.999
P 216.708 10.673 78.348
G 215.77 8.718 81.529
K 215.624 11.954 83.621
E 212.925 14.191 85.063
R 211.774 17.358 83.383
E 213.776 20.357 84.58
G 213.02 24.077 84.457
V 215.78 25.901 82.55
S 214.813 29.576 82.383
C 211.941 31.999 82.564
I 211.059 35.618 81.923
S 208.352 37.577 83.712
A 205.247 39.045 82.05
S 206.67 42.554 82.097
G 210.254 41.437 81.163
G 211.255 42.98 84.553
S 212.912 39.737 85.642
T 214.553 36.573 84.351
N 215.5 33.401 86.252
Y 217.912 30.532 85.457
A 218.484 27.073 86.801
D 221.832 26.485 88.522
S 222.89 24.083 85.784
V 222.567 26.753 83.032
K 223.132 30.124 84.677
G 225.912 32.122 82.991
R 225.626 29.982 79.826
F 221.972 30.469 78.742
T 219.999 33.647 78.122
I 216.24 34.024 77.748
S 214.807 36.991 75.838
R 211.611 38.14 74.15
D 211.187 39.837 70.745
N 207.757 41.458 70.575
A 208.234 42.403 66.901
K 208.5 38.677 66.062
N 206.127 37.478 68.848
T 208.883 35.038 69.777
V 210.888 34.139 72.868
Y 214.515 32.939 72.496
L 216.825 30.721 74.498
Q 220.434 31.563 73.657
M 222.576 28.558 74.728
N 226.359 29.029 74.856
S 229.203 26.693 75.959
L 227.031 23.671 75.365
K 227.853 20.423 77.142
S 226.718 16.824 76.596
E 224.451 17.113 79.724
D 222.422 19.781 77.814
T 221.264 17.08 75.304
A 217.502 17.057 75.744
V 214.117 17.822 74.3
Y 213.448 21.506 75.082
Y 209.923 22.855 75.555
C 208.552 26.324 75.975
A 205.589 27.161 78.127
A 203.412 30.25 78.571
D 201.46 31.474 81.604
H 201.675 28.712 84.237
P 201.296 29.314 87.992
G 204.736 29.526 89.54
L 206.617 30.013 86.288
C 208.044 33.515 86.781
T 204.608 34.438 88.176
S 202.494 33.832 91.256
E 201.567 30.303 92.178
S 198.682 31.389 94.417
G 196.571 33.688 92.17
R 193.16 32.3 91.195
R 192.844 34.085 87.814
R 192.669 31.866 84.723
Y 196.085 30.894 83.317
L 196.707 29.959 79.682
E 198.94 27.02 80.702
V 200.129 26.587 77.089
W 202.912 24.161 76.099
G 204.861 23.845 72.857
Q 205.721 20.465 71.305
G 209.447 20.149 71.937
T 212.642 20.653 70.007
Q 215.531 18.173 70.157
V 219.005 19.489 71.056
T 221.966 17.126 70.801
V 225.419 18.148 71.923
S 228.187 15.943 70.455
S 231.969 15.772 70.99
A 234.759 16.316 68.43
