tag x y z
Q 185.795 8.77 83.247
V 189.217 7.898 84.658
Q 190.306 9.767 87.804
L 192.546 9.678 90.833
Q 191.927 11.204 94.24
E 194.491 11.754 96.991
S 193.819 11.773 100.726
G 195.628 11.472 104.066
G 197.497 14.778 104.184
G 197.674 17.108 107.113
L 199.937 18.567 109.767
V 202.525 16.201 111.291
Q 205.484 16.578 113.592
A 209.038 16.023 112.328
G 210.269 12.473 112.991
G 206.667 11.182 112.642
S 204.855 9.106 110.005
L 202.054 9.678 107.538
R 200.343 7.481 104.951
L 198.862 9.055 101.84
S 196.28 7.229 99.677
S 196.252 7.248 99.682
C 195.572 7.572 95.972
A 192.204 6.037 94.979
A 191.321 5.301 91.355
S 187.869 5.35 89.805
G 186.836 4.444 86.256
F 189.833 2.11 85.964
T 191.916 -0.244 88.053
L 195.416 0.765 88.851
D 196.614 -2.925 89.168
S 198.126 -2.981 85.613
Y 199.474 0.552 85.346
A 202.616 2.164 86.618
I 201.728 4.719 89.321
G 203.761 7.47 90.912
W 203.83 10.276 93.443
F 205.132 13.784 92.817
R 205.34 16.782 95.136
Q 205.657 20.509 94.842
A 206.937 22.664 97.683
P 206.345 26.447 97.925
G 208.514 28.358 95.375
K 210.087 25.123 94.036
E 209.542 23.045 90.985
R 207.639 19.78 90.956
E 209.714 16.744 91.942
G 209.148 13.034 91.382
V 209.009 11.181 94.739
S 208.312 7.524 94.052
C 206.862 5.107 91.549
I 205.756 1.515 91.23
S 205.815 -0.525 88.045
A 202.73 -1.89 86.305
S 203.49 -5.423 87.559
G 204.292 -4.259 91.104
G 207.608 -6.116 90.946
S 209.63 -2.935 91.45
T 209.575 0.486 93.056
N 211.854 3.559 92.737
Y 212.58 6.477 95.075
A 214.003 9.992 94.621
D 217.249 10.746 96.38
S 215.579 13.02 98.877
V 213.138 10.306 100.136
K 214.979 6.999 99.603
G 215.134 4.899 102.766
R 212.219 6.853 104.325
F 209.234 6.5 101.946
T 207.554 3.389 100.575
I 205.112 3.179 97.694
S 202.65 0.293 97.53
R 199.482 -0.826 95.762
D 196.378 -2.574 97.078
N 194.461 -4.062 94.146
A 191.539 -5.083 96.417
K 190.982 -1.393 97.32
N 192.094 -0.052 93.935
T 194.362 2.329 95.853
V 198.073 3.199 95.915
Y 199.771 4.356 99.124
L 202.763 6.504 100.017
Q 204.112 5.51 103.431
M 206.209 8.441 104.717
N 208.42 7.711 107.723
S 210.944 9.928 109.545
L 209.332 13.044 108.158
K 211.367 16.236 107.846
S 210.373 19.874 107.39
E 211.662 19.689 103.804
D 208.896 17.14 103.006
T 206.279 19.98 103.35
A 204.52 20.109 99.977
V 201.443 19.384 97.968
Y 201.602 15.674 96.978
Y 200.068 14.365 93.757
C 199.607 10.9 92.364
A 199.783 10.056 88.694
A 198.917 7.004 86.626
D 200.351 5.766 83.292
H 202.695 8.49 82.023
P 205.596 7.843 79.65
G 208.793 7.628 81.69
L 207.101 7.118 85.088
C 208.29 3.578 85.967
T 207.605 2.706 82.323
S 208.983 3.343 78.863
E 209.233 6.85 77.568
S 209.434 5.796 73.922
G 206.413 3.511 73.383
R 203.694 4.92 71.14
R 200.705 3.13 72.757
R 198.051 5.394 74.3
Y 198.79 6.352 77.911
L 196.123 7.353 80.427
E 198.238 10.26 81.727
V 195.925 10.745 84.732
W 196.668 13.18 87.583
G 195.065 13.501 91.01
Q 194.275 16.878 92.589
G 196.861 17.14 95.362
T 196.955 16.676 99.124
Q 198.763 19.076 101.463
V 201.399 17.66 103.843
T 202.94 20.015 106.415
V 205.779 18.783 108.598
S 206.468 20.98 111.594
S 209.94 20.777 113.183
