tag x y z
V -5.517 17.879 31.786
Q -3.489 18.51 34.997
L -4.218 16.665 38.367
Q -3.467 18.32 41.766
E -3.359 16.577 45.167
S -3.976 18.658 48.303
G -3.182 17.381 51.767
G -0.39 15.188 53.101
G 2.621 15.78 55.291
L 3.441 14.473 58.764
V 0.912 12.614 60.924
Q 1.405 10.476 64.097
A 0.928 6.74 63.71
G -2.799 6.035 64.438
G -3.766 9.442 63.105
S -5.72 10.509 60.053
L -5.191 12.426 56.774
R -7.555 13.276 53.928
L -6.006 13.653 50.469
S -8.034 15.471 47.826
C -7.49 15.774 44.143
A -8.916 18.12 41.515
A -8.662 17.875 37.729
S -8.149 21.03 35.703
G -8.239 22.222 32.094
S -9.576 19.937 29.362
I -13.209 18.827 29.826
F -13.259 15.047 30.538
S -15.118 12.179 32.279
P -12.75 9.306 33.146
N -13.584 5.605 33.63
A -11.485 5.708 36.827
M -10.077 8.109 39.489
G -7.636 6.81 42.096
W -4.664 6.986 44.46
Y -1.253 5.277 44.096
R 1.818 5.462 46.308
Q 5.512 4.955 45.872
A 7.699 4.381 48.962
P 11.541 4.811 48.925
G 12.991 1.648 47.384
K 9.529 0.44 46.189
E 7.666 0.077 42.832
R 4.529 2.414 42.543
E 1.761 0.482 44.27
L -1.999 1.103 43.983
V -3.726 2.583 46.987
A -7.429 2.821 46.038
A -9.319 3.547 42.781
R -13.041 4.213 42.293
T -15.068 3.248 39.264
N -18.675 2.613 38.078
V -18.219 -1.014 39.27
G -17.173 0.131 42.795
S -13.924 0.796 44.717
T -10.658 -1.269 44.564
Y -8.105 -1.336 47.403
A -4.658 -2.653 48.274
D -5.156 -5.43 50.833
S -2.737 -3.426 53.014
V -5.154 -0.412 53.111
K -8.495 -2.439 53.244
G -10.807 -1.061 55.968
R -8.475 1.816 56.878
F -8.522 4.049 53.795
T -11.64 5.071 51.9
V -11.941 6.373 48.34
S -14.727 8.772 47.209
R -15.304 10.557 43.898
D -17.485 13.537 42.88
N -18.249 12.395 39.277
A -19.763 15.808 38.316
K -16.689 17.836 39.427
N -13.79 15.389 38.566
T -12.436 15.232 42.097
V -11.186 12.122 43.927
Y -10.631 11.848 47.711
L -8.649 9.497 49.984
Q -9.548 9.354 53.67
M -6.672 7.67 55.491
N -7.239 6.351 59.039
S -5.266 4.146 61.535
L -2.086 5.288 59.677
K 0.872 2.952 59.927
P 4.588 3.96 59.525
E 4.79 1.602 56.511
D 2.182 4.026 54.794
T 5.0 6.611 54.458
A 5.214 7.468 50.694
V 4.592 10.016 47.974
Y 0.86 9.725 47.053
Y -0.327 10.221 43.459
C -3.737 11.151 42.14
N -4.648 9.275 38.919
A -7.373 9.373 36.167
W -7.868 7.259 33.058
G -10.399 6.758 30.274
Q -11.138 7.657 26.637
D -12.881 10.351 24.476
G -12.464 11.497 20.857
W -10.243 14.498 21.685
L -7.818 13.461 24.398
G -7.885 9.826 23.013
Q -7.225 7.109 25.637
Y -5.687 8.92 28.586
D -3.839 8.173 31.784
Y -3.05 11.319 33.821
W -0.985 11.619 37.022
G -0.578 14.244 39.675
Q 2.973 15.282 40.675
G 2.388 13.741 44.128
T 2.288 14.682 47.797
Q 4.586 13.373 50.562
V 2.848 11.53 53.425
T 4.988 10.627 56.516
V 3.797 8.459 59.431
S 5.794 8.763 62.644
S 4.476 8.379 66.136
