tag x y z
V 0.244 -89.34 -6.721
Q -1.665 -91.554 -9.282
L -0.661 -92.407 -12.917
Q -3.603 -93.116 -15.098
E -3.265 -95.164 -18.27
S -5.429 -95.269 -21.404
G -5.351 -97.275 -24.632
G -4.307 -100.806 -25.414
G -6.22 -104.078 -25.659
L -6.616 -106.427 -28.637
V -5.043 -105.319 -31.924
Q -3.909 -107.254 -35.004
A -0.218 -107.479 -36.073
G 1.201 -104.63 -38.158
G -1.466 -102.409 -36.551
S -1.008 -99.354 -34.347
L -1.869 -98.415 -30.736
R -1.453 -95.28 -28.684
L -1.031 -95.549 -24.98
S -1.711 -92.438 -22.963
C -0.767 -91.547 -19.436
A -1.696 -88.682 -17.078
A -0.773 -87.911 -13.487
S -3.153 -86.692 -10.689
G -2.506 -86.275 -6.914
S 0.305 -83.812 -6.084
I 1.814 -81.383 -8.687
F 5.339 -82.334 -9.695
S 7.86 -82.267 -12.579
P 9.381 -85.748 -13.046
N 12.951 -86.317 -14.208
A 11.709 -89.233 -16.382
M 8.311 -90.484 -17.605
G 8.11 -93.699 -19.527
W 6.667 -97.042 -20.499
Y 7.517 -100.483 -19.219
R 6.151 -103.832 -20.239
Q 5.853 -107.254 -18.663
A 5.524 -110.191 -21.055
P 4.257 -113.712 -20.013
G 7.022 -115.449 -18.016
K 9.406 -112.495 -18.645
E 10.329 -109.784 -16.118
R 9.363 -106.086 -16.355
E 11.472 -104.298 -18.997
L 11.79 -100.689 -20.263
V 9.954 -99.97 -23.514
A 10.626 -96.195 -23.863
A 11.397 -93.33 -21.408
R 11.986 -89.594 -21.85
T 14.355 -87.446 -19.779
N 15.859 -83.986 -20.363
V 18.786 -85.928 -21.996
G 16.397 -87.527 -24.517
S 14.606 -90.82 -25.184
T 15.77 -94.314 -24.182
Y 14.234 -97.22 -26.128
A 14.362 -101.024 -25.792
D 16.305 -102.422 -28.814
S 13.155 -104.345 -29.995
V 10.851 -101.28 -30.125
K 13.535 -98.963 -31.679
G 12.023 -97.389 -34.809
R 8.497 -98.762 -34.209
F 7.615 -97.031 -30.944
T 7.716 -93.336 -30.066
V 7.621 -91.888 -26.551
S 6.536 -88.288 -26.124
R 5.863 -86.137 -23.045
D 3.798 -82.979 -22.594
N 5.945 -81.537 -19.785
A 3.245 -78.908 -19.0
K 0.404 -81.505 -18.552
N 2.559 -84.222 -16.799
T 1.507 -86.711 -19.518
V 3.39 -89.385 -21.437
Y 2.383 -91.211 -24.589
L 3.522 -94.361 -26.365
Q 3.02 -94.487 -30.168
M 3.193 -98.171 -31.079
N 3.259 -98.53 -34.859
S 4.004 -101.789 -36.742
L 3.04 -104.133 -33.865
K 4.068 -107.8 -33.567
P 3.067 -110.752 -31.265
E 6.309 -110.127 -29.222
D 4.717 -106.818 -28.144
T 1.906 -108.58 -26.254
A 2.478 -107.602 -22.628
V 1.112 -105.544 -19.709
Y 2.331 -101.981 -20.341
Y 3.037 -99.624 -17.4
C 3.341 -95.934 -17.203
N 6.116 -94.691 -14.867
A 7.322 -91.345 -13.495
W 10.281 -90.749 -11.244
G 11.839 -87.642 -9.839
Q 12.426 -85.785 -6.622
D 10.906 -82.767 -4.885
G 10.644 -81.37 -1.322
W 7.025 -82.498 -0.81
L 7.028 -85.995 -2.372
G 10.778 -86.537 -1.687
Q 12.225 -89.021 -4.133
Y 9.319 -90.561 -6.053
D 8.932 -93.391 -8.538
Y 5.248 -93.921 -9.467
W 3.595 -96.579 -11.645
G 0.373 -97.023 -13.555
Q -1.89 -99.994 -12.778
G -0.936 -101.648 -16.078
T -2.931 -101.946 -19.302
Q -3.005 -105.2 -21.268
V -1.982 -104.976 -24.924
T -2.549 -108.131 -27.06
V -1.165 -108.48 -30.631
S -2.764 -111.338 -32.657
S -2.389 -112.989 -36.205
