tag x y z
S -56.759 -45.902 95.536
T -56.595 -45.704 99.361
E -55.755 -48.156 102.214
V -58.7 -47.455 104.6
Q -61.349 -50.219 104.251
L -64.625 -50.33 106.251
L -67.056 -53.192 105.668
E -70.707 -52.921 106.692
S -72.547 -56.116 107.578
G -75.877 -57.093 109.12
G -78.574 -54.96 107.487
G -82.036 -56.045 106.298
L -85.845 -55.927 106.409
V -87.53 -55.982 109.799
Q -91.066 -55.438 111.259
P -91.563 -52.334 113.549
G -90.287 -53.003 117.064
G -87.593 -55.232 115.572
S -83.837 -55.378 116.143
L -80.646 -55.325 114.058
R -76.923 -55.202 114.788
L -74.788 -53.392 112.246
S -71.157 -54.451 112.048
C -68.51 -52.197 110.457
A -65.333 -54.333 110.034
A -62.392 -51.881 109.775
S -58.954 -52.509 108.201
G -55.973 -50.469 106.963
F -55.46 -48.173 110.007
T -54.909 -47.976 113.815
F -58.692 -48.274 114.536
R -57.903 -48.151 118.301
D -56.701 -44.487 117.874
Y -59.603 -42.961 115.881
E -63.057 -41.574 116.726
M -65.95 -43.224 114.867
W -69.492 -42.381 113.646
W -72.717 -43.97 112.362
V -74.722 -41.899 109.837
R -77.948 -42.693 107.96
Q -79.018 -41.478 104.485
A -82.616 -41.693 103.174
P -84.017 -40.139 99.996
G -85.513 -36.76 100.87
K -84.588 -37.035 104.537
G -81.029 -36.694 103.088
L -78.211 -37.602 105.568
E -78.501 -37.674 109.388
R -75.726 -38.142 111.976
V -76.907 -41.044 114.21
S -74.23 -41.901 116.763
A -70.589 -41.304 117.753
I -67.951 -42.936 120.05
N -64.447 -41.941 121.15
P -61.538 -44.425 120.292
Q -61.533 -45.786 123.89
G -65.306 -46.348 123.872
T -65.921 -44.38 127.166
R -67.741 -41.179 125.9
T -70.626 -41.576 123.335
Y -73.017 -39.399 121.263
Y -76.532 -40.177 120.106
A -79.042 -38.172 118.079
D -82.184 -37.426 120.159
S -84.268 -39.423 117.622
V -82.431 -42.762 118.278
M -81.634 -42.298 122.016
G -82.243 -45.263 124.297
R -83.23 -47.493 121.341
F -79.883 -47.428 119.547
T -76.474 -48.368 120.983
I -72.993 -47.629 119.581
S -70.143 -50.047 120.513
R -66.597 -51.166 119.474
D -64.183 -54.117 120.017
N -60.759 -52.635 119.272
S -59.095 -56.108 119.506
K -61.541 -57.321 116.795
N -61.274 -53.87 115.019
T -65.079 -53.769 114.463
L -67.642 -50.963 115.0
Y -71.235 -51.797 115.983
L -74.77 -50.505 116.136
Q -77.329 -52.282 118.267
M -80.563 -50.865 116.82
N -83.533 -52.113 118.851
S -87.229 -50.964 119.108
L -86.99 -50.085 115.392
R -89.415 -47.593 113.737
A -90.302 -46.643 110.092
E -88.251 -43.409 110.385
D -85.082 -45.477 110.773
T -85.639 -46.898 107.231
A -82.403 -45.603 105.643
V -78.886 -46.58 104.487
Y -76.418 -46.687 107.296
Y -72.745 -45.785 107.007
C -69.745 -45.86 109.347
A -66.989 -43.246 109.226
K -63.448 -42.686 110.629
L -62.116 -39.179 111.544
P -61.893 -36.415 110.162
F -63.82 -37.768 107.982
T -63.153 -37.485 104.083
F -64.252 -39.772 101.209
D -61.7 -42.496 101.975
D -62.794 -42.997 105.617
W -66.357 -44.271 104.707
G -67.941 -47.711 104.748
Q -69.841 -49.197 101.761
G -73.162 -48.846 103.618
T -75.99 -51.26 104.516
L -79.729 -51.085 103.787
V -82.248 -51.206 106.698
T -85.957 -51.634 105.943
V -89.179 -51.869 108.041
S -92.673 -53.491 107.403
S -94.363 -50.02 107.811
