tag x y z
Q -13.702 23.441 24.773
V -12.752 20.582 25.055
Q -10.035 22.203 27.171
L -7.049 19.889 27.481
V -4.7 20.113 30.459
E -1.36 18.276 30.521
S 0.82 17.363 33.479
G 3.556 14.912 34.4
G 6.631 16.493 32.853
G 10.001 16.649 34.535
L 13.776 16.413 34.245
V 14.906 12.766 34.226
Q 18.051 10.758 33.497
A 18.649 8.943 30.241
G 17.048 5.517 30.537
G 14.417 6.858 32.909
S 10.667 7.129 32.951
L 7.832 9.672 33.077
R 4.08 9.509 32.631
L 2.197 12.389 31.075
S -1.487 12.918 31.651
C -4.023 14.961 29.747
A -7.328 15.841 31.405
A -10.136 16.877 29.053
S -13.126 19.031 30.015
G -16.63 18.653 28.563
R -18.68 15.487 27.945
T -17.647 14.787 24.335
F -14.181 13.313 25.089
S -15.233 9.791 24.188
S -15.979 10.739 20.575
Y -12.529 12.236 19.813
G -9.304 10.693 18.63
M -6.547 11.842 21.014
G -2.896 12.458 20.335
W 0.423 13.562 21.737
F 2.81 15.862 19.87
R 6.124 17.364 20.906
Q 8.278 20.351 20.021
A 12.021 20.323 20.663
P 14.205 23.443 20.728
G 14.494 25.11 17.359
K 12.449 22.421 15.637
E 8.87 22.08 14.396
R 6.062 20.317 16.254
E 6.057 16.581 15.509
F 3.765 13.598 16.039
V 4.379 11.209 18.94
A 1.372 8.943 19.491
A -2.395 8.703 18.984
I -5.335 6.63 20.117
R -8.735 6.116 18.486
W -11.921 7.32 20.212
N -12.793 3.716 21.111
G -9.261 2.698 22.141
G -9.319 0.19 19.283
S -6.027 1.207 17.715
T -2.937 3.145 18.668
Y -0.368 4.817 16.437
Y 3.244 5.785 17.151
A 6.142 7.67 15.632
D 8.845 5.203 14.66
S 11.309 6.751 17.074
V 9.17 6.039 20.173
K 7.732 2.609 19.321
G 8.114 0.134 22.156
R 9.266 2.837 24.586
F 6.114 4.973 24.786
T 2.565 3.81 25.318
I -0.574 5.85 24.883
S -3.811 4.904 26.62
R -7.098 6.534 27.526
D -9.838 6.306 30.127
N -13.094 7.559 28.652
A -14.74 7.412 32.094
K -12.084 9.701 33.663
N -11.793 11.885 30.538
T -8.002 11.346 30.538
V -5.287 10.281 28.101
Y -1.853 9.087 29.249
L 1.581 8.774 27.717
Q 3.848 6.353 29.569
M 7.402 7.277 28.558
N 9.985 4.571 29.329
S 13.637 4.159 28.379
L 13.891 7.885 27.789
K 16.598 9.321 25.521
P 18.097 12.823 25.299
E 16.4 13.14 21.872
D 13.031 12.941 23.659
T 13.58 16.347 25.287
A 10.736 18.652 24.236
V 7.498 20.307 25.253
Y 4.714 17.704 24.942
Y 1.175 18.643 23.907
C -2.112 16.795 24.097
A -4.563 17.221 21.19
A -8.117 16.145 20.302
G -9.599 15.678 16.84
R -12.565 14.147 15.054
W -10.567 11.703 12.946
D -11.729 8.105 13.368
K -8.928 5.816 12.266
Y -6.98 7.793 9.649
G -4.961 10.987 9.569
S -3.887 10.91 13.235
S -0.248 11.877 12.538
F -1.267 15.245 11.088
Q -1.502 18.225 13.424
D -4.011 19.774 10.996
E -6.512 16.994 11.772
Y -6.811 18.095 15.423
D -8.924 20.994 16.676
Y -8.038 21.309 20.385
W -4.627 21.599 22.028
G -3.321 21.907 25.591
Q -0.694 24.338 26.874
G 1.789 21.473 27.282
T 4.17 19.969 29.829
Q 7.98 20.041 29.675
V 10.225 16.993 29.431
T 14.04 17.022 29.647
V 16.196 13.918 29.483
S 19.883 14.246 30.405
S 22.948 12.197 29.477
