tag x y z
V -22.895 46.845 -0.963
Q -22.951 45.398 2.532
L -20.44 45.661 5.355
Q -20.011 42.957 8.103
E -18.325 43.965 11.384
S -16.904 41.622 13.919
G -14.586 41.442 16.863
G -16.481 43.405 19.518
G -17.758 42.328 22.958
L -16.855 42.629 26.616
V -13.278 43.369 27.614
Q -11.515 44.501 30.792
A -10.119 48.045 31.146
G -6.541 47.977 29.855
G -7.232 45.043 27.441
S -7.438 45.153 23.583
L -9.934 44.346 20.818
R -9.527 44.223 17.059
L -12.612 45.124 15.113
S -12.902 44.023 11.525
C -15.172 45.244 8.817
T -15.516 43.313 5.554
A -17.2 44.577 2.419
S -19.189 42.55 -0.114
V -17.311 44.189 -3.03
N -13.701 44.202 -4.064
I -11.988 46.966 -2.189
I -9.191 48.981 -3.844
G -6.588 51.394 -2.51
G -8.652 54.538 -3.33
N -11.609 53.503 -1.094
H -12.121 55.443 2.207
W -12.777 53.631 5.45
A -13.918 55.062 8.755
W -15.045 53.885 12.178
Y -17.572 55.78 14.245
R -18.956 55.014 17.695
Q -22.203 55.822 19.268
A -22.802 56.289 22.968
P -26.3 55.658 24.441
G -28.809 58.224 22.993
Q -25.953 59.953 21.104
Q -25.362 60.386 17.391
R -22.387 58.567 15.925
D -18.989 60.262 16.418
L -15.995 59.832 14.163
V -13.308 57.631 15.722
A -10.769 57.025 12.929
S -10.609 57.347 9.142
L -8.28 55.985 6.563
S -7.984 57.543 3.1
R -5.369 56.561 0.586
Y -3.161 59.319 2.127
N -3.91 59.698 5.878
A -5.073 57.839 8.998
N -6.823 60.363 11.287
Y -8.091 59.789 14.877
A -10.346 61.465 17.406
D -8.393 63.114 20.23
S -9.523 60.618 22.862
V -8.161 57.578 20.957
K -5.048 58.908 19.28
G -2.06 56.761 20.285
R -4.348 53.863 21.423
F -6.325 52.984 18.311
T -5.045 52.099 14.807
I -7.132 51.956 11.701
S -5.779 49.73 8.932
R -6.856 47.974 5.836
D -6.243 44.758 3.826
N -7.631 45.301 0.31
A -7.049 41.584 -0.624
K -9.538 40.753 2.136
N -11.904 43.647 1.282
A -11.583 44.612 4.862
A -10.551 47.331 7.31
Y -9.657 46.979 11.032
L -9.712 49.132 14.147
Q -7.012 47.876 16.594
M -8.081 49.216 19.999
N -5.387 49.09 22.65
S -5.423 50.155 26.32
L -9.225 50.163 26.368
K -10.962 52.447 28.886
P -14.537 52.381 30.133
E -15.044 55.654 28.179
D -14.539 53.527 24.982
T -17.773 51.669 25.657
A -20.079 52.266 22.64
I -21.593 50.733 19.523
Y -18.907 50.888 16.803
F -19.831 51.224 13.175
C -17.661 50.938 10.074
A -18.313 53.063 6.977
L -17.109 52.639 3.495
E -16.732 55.76 1.276
N -18.768 57.678 3.891
Y -21.773 55.99 2.328
Y -22.132 52.31 3.189
W -22.455 51.301 6.856
G -22.065 48.29 9.105
Q -24.867 47.5 11.516
G -22.912 48.209 14.664
T -20.67 46.192 16.994
Q -21.107 46.499 20.738
V -17.999 47.1 22.748
T -18.232 47.174 26.566
V -15.137 47.923 28.598
S -15.543 46.935 32.23
S -13.826 48.983 35.043
