tag x y z
V 23.4 79.755 -1.244
Q 22.382 81.179 2.137
L 19.17 80.883 4.013
Q 17.914 83.552 6.311
E 15.342 82.658 9.019
S 13.238 85.086 11.061
G 10.224 85.168 13.352
G 11.391 83.175 16.396
G 11.161 84.18 20.078
L 9.008 83.784 23.18
V 5.297 82.941 23.237
Q 2.861 81.836 25.817
A 1.534 78.257 25.61
G -1.447 78.187 23.259
G -0.111 81.05 21.191
S 1.101 81.245 17.58
L 4.283 82.257 15.811
R 5.203 82.217 12.103
L 8.765 81.362 11.043
S 10.095 82.529 7.708
C 13.164 81.451 5.741
T 14.36 83.288 2.681
A 16.822 81.869 0.239
S 19.519 83.905 -1.551
V 18.633 82.156 -4.921
N 15.479 82.244 -7.01
I 13.338 79.427 -5.812
I 11.193 77.387 -8.182
G 8.373 74.886 -7.833
G 10.61 71.836 -7.696
N 12.651 73.068 -4.735
H 12.274 71.12 -1.487
W 11.878 72.959 1.851
A 11.928 71.558 5.33
W 11.999 72.736 8.992
Y 13.824 70.697 11.654
R 14.039 71.465 15.383
Q 16.693 70.774 17.974
A 16.877 70.526 21.785
P 20.213 71.446 23.527
G 22.857 68.803 22.666
Q 20.353 66.585 20.721
Q 20.131 65.829 16.984
R 17.672 67.93 14.894
D 14.343 66.259 14.262
L 12.249 66.702 11.1
V 9.229 68.923 11.77
A 7.747 69.489 8.343
S 8.777 69.132 4.75
L 7.348 70.466 1.566
S 8.115 69.102 -1.849
R 6.226 70.137 -5.059
Y 3.375 67.801 -4.25
N 3.44 66.944 -0.568
A 3.572 68.687 2.811
N 4.465 66.234 5.527
Y 4.55 66.729 9.269
A 5.834 65.091 12.388
D 2.98 63.426 14.357
S 3.424 65.955 17.198
V 2.691 68.97 15.04
K 0.404 67.849 12.282
G -2.619 70.192 12.022
R -1.155 72.766 14.422
F 1.866 73.644 12.216
T 1.635 74.403 8.452
I 4.605 74.579 6.108
S 4.024 76.807 3.066
R 6.035 78.55 0.418
D 6.025 81.769 -1.639
N 8.42 81.245 -4.592
A 8.205 84.871 -5.733
K 9.693 85.786 -2.367
N 12.161 82.911 -2.423
A 10.715 81.89 0.823
A 9.096 79.221 2.999
Y 7.154 79.551 6.195
L 6.201 77.567 9.224
Q 2.897 78.747 10.73
M 2.913 77.385 14.303
N -0.479 77.508 16.019
S -1.594 76.302 19.44
L 2.007 76.133 20.661
K 2.946 73.838 23.475
P 5.906 73.844 25.863
E 7.283 70.773 24.115
D 7.573 72.993 20.949
T 10.486 74.835 22.58
A 13.551 74.312 20.391
I 15.854 75.951 17.95
Y 14.177 75.611 14.534
F 16.229 75.372 11.281
C 15.058 75.81 7.728
A 16.656 73.579 5.062
L 16.579 73.882 1.332
E 16.914 70.659 -0.757
N 18.116 69.146 2.575
Y 21.438 70.611 1.628
Y 21.489 74.295 2.559
W 20.685 75.265 6.128
G 19.559 78.324 8.068
Q 21.44 79.377 11.173
G 18.74 78.37 13.598
T 15.954 80.339 15.332
Q 15.073 79.925 19.077
V 11.367 79.383 19.801
T 10.38 79.381 23.517
V 6.876 78.469 24.622
S 6.373 79.022 28.405
