tag x y z
Q 24.366 2.225 -14.898
L 22.073 3.786 -12.293
V 22.592 6.811 -10.066
E 20.814 7.406 -6.721
S 19.836 10.763 -5.126
G 17.307 12.386 -2.788
G 18.607 11.31 0.613
G 18.966 13.464 3.701
L 18.077 14.008 7.343
V 14.425 13.69 8.296
Q 12.451 13.619 11.555
P 10.506 10.445 12.475
G 7.15 10.491 10.696
G 8.572 12.538 7.813
S 8.858 11.915 4.056
L 11.547 11.749 1.315
T 11.499 10.948 -2.393
L 14.557 9.081 -3.684
S 15.455 8.928 -7.338
C 17.28 6.299 -9.423
C 17.554 6.556 -9.344
T 18.245 7.566 -12.924
A 19.943 6.398 -16.163
S 19.867 9.876 -17.585
G 17.637 9.956 -20.718
F 18.104 6.211 -21.123
T 14.761 4.524 -20.698
L 14.319 2.345 -17.673
D 10.813 1.127 -18.516
H 12.49 -1.761 -20.334
Y 13.941 -3.076 -17.046
D 12.892 -4.308 -13.666
I 14.358 -2.09 -10.972
G 14.83 -2.763 -7.297
W 15.537 -0.419 -4.423
F 17.8 -1.821 -1.675
R 19.254 -0.47 1.565
Q 22.162 -1.214 3.838
A 21.914 -0.035 7.43
P 24.668 -0.252 10.063
G 25.054 -3.751 11.51
K 22.45 -5.119 9.125
E 22.833 -6.94 5.864
R 21.842 -5.481 2.477
E 18.055 -5.76 2.105
G 15.572 -5.421 -0.726
V 13.04 -2.656 -0.132
S 10.901 -2.397 -3.276
S 10.895 -2.424 -3.27
C 10.92 -3.503 -6.909
I 9.156 -2.371 -10.047
N 8.404 -5.046 -12.641
N 8.168 -3.264 -15.991
S 7.746 -6.404 -17.899
D 4.553 -7.464 -16.07
D 3.58 -3.96 -14.841
D 3.835 -4.892 -11.187
T 5.35 -3.687 -7.878
Y 6.777 -5.438 -4.804
Y 7.538 -4.241 -1.239
A 9.302 -5.596 1.848
D 6.842 -6.317 4.672
S 8.524 -3.595 6.747
V 7.781 -0.783 4.229
K 4.394 -1.928 2.89
G 1.908 0.912 2.834
R 4.615 3.48 3.644
F 6.839 3.29 0.541
T 5.784 3.483 -3.103
I 7.968 2.761 -6.148
F 7.097 4.45 -9.456
M 8.155 6.13 -12.681
N 6.986 9.333 -14.369
N 6.4 10.08 -18.077
A 10.138 10.592 -18.644
K 10.584 6.861 -18.051
D 14.261 7.342 -17.347
T 13.96 7.51 -13.567
V 12.613 5.167 -10.907
Y 11.361 6.929 -7.76
L 10.912 5.689 -4.209
Q 8.397 7.704 -2.209
M 9.056 7.139 1.496
N 6.297 8.182 3.905
S 6.0 7.866 7.704
L 9.732 7.325 8.079
K 11.09 5.487 11.116
P 14.591 5.152 12.646
E 14.703 1.618 11.286
D 14.669 3.215 7.824
T 18.052 4.874 8.432
A 20.405 3.439 5.771
I 22.289 3.981 2.503
Y 19.791 3.31 -0.334
Y 20.85 1.777 -3.67
C 19.123 0.748 -6.9
C 19.202 0.848 -7.009
A 20.007 -1.956 -9.395
E 18.52 -4.117 -12.097
A 16.503 -6.902 -10.474
R 15.114 -9.05 -13.248
G 11.565 -10.176 -12.487
C 11.765 -8.787 -8.929
K 12.589 -12.311 -7.718
R 12.412 -12.368 -3.914
G 15.109 -14.926 -3.099
R 18.184 -13.266 -4.611
Y 21.046 -11.457 -2.866
E 23.728 -10.737 -5.438
Y 23.108 -7.685 -7.718
D 25.266 -5.35 -9.791
F 25.398 -2.068 -7.868
W 27.069 0.675 -9.93
G 25.826 3.593 -7.819
Q 27.233 5.262 -4.709
G 23.704 5.207 -3.307
T 22.15 7.957 -1.198
Q 22.059 8.201 2.62
Q 22.075 8.236 2.629
V 18.797 8.467 4.562
T 18.933 9.308 8.265
V 15.806 9.326 10.395
S 16.283 10.995 13.807
S 14.705 13.455 16.265
