tag x y z
M -28.842 33.407 19.895
Q -25.212 34.464 19.341
V -22.902 31.695 20.586
Q -19.278 32.754 21.16
L -16.083 31.046 22.332
V -13.781 33.006 24.686
E -10.333 31.619 25.59
T -8.469 32.569 28.787
G -5.347 31.398 30.613
G -2.516 32.521 28.322
G 0.642 34.113 29.634
L 4.376 33.642 30.054
V 5.721 30.31 31.343
Q 9.284 29.255 32.03
A 10.579 26.275 30.078
G 9.524 23.091 31.839
G 6.468 24.767 33.372
S 2.708 24.198 33.092
L -0.357 26.167 32.02
R -4.09 25.568 31.818
L -6.229 27.124 29.109
S -10.022 27.444 29.4
C -12.693 28.269 26.874
A -16.148 29.441 27.915
A -18.936 29.214 25.351
S -21.94 31.536 25.64
G -24.382 28.783 24.57
N -24.872 25.037 24.993
I -22.039 22.911 23.603
F -23.67 19.451 23.836
F -23.621 19.426 23.809
S -24.368 19.341 20.103
F -20.817 20.133 18.977
N -19.569 16.896 17.422
V -15.983 17.89 18.237
M -14.308 20.636 20.259
G -10.609 21.245 20.205
W -7.517 23.415 20.487
Y -5.365 24.72 17.615
R -2.244 26.886 17.776
Q -0.676 29.463 15.43
A 2.986 30.347 15.896
P 4.807 33.217 14.135
G 5.049 32.809 10.36
K 3.3 29.437 10.619
Q -0.127 28.168 9.707
R -2.624 27.097 12.347
E -2.298 23.451 13.475
L -4.286 20.928 15.527
V -3.167 20.383 19.133
A -5.948 18.256 20.703
A -9.626 17.393 20.144
I -12.493 15.702 21.991
T -15.906 14.334 20.947
S -19.098 14.983 22.894
S -19.124 14.962 22.858
G -18.766 11.451 24.343
D -15.205 12.2 25.62
T -12.985 10.404 23.078
T -9.735 12.354 22.749
T -6.887 12.662 20.244
Y -3.622 14.595 20.207
A -1.032 15.79 17.755
D 2.178 13.745 17.813
S 4.147 16.658 19.262
V 2.044 17.013 22.427
Q 1.241 13.388 23.261
G 1.77 12.635 26.932
R 2.171 16.303 27.89
F -1.243 17.859 27.163
T -4.701 16.74 28.303
I -7.97 17.999 26.778
S -11.245 17.744 28.673
R -14.805 18.892 28.119
D -17.752 19.749 30.387
N -21.016 19.807 28.418
A -22.939 20.94 31.517
K -20.727 24.014 32.126
N -20.242 24.823 28.411
A -16.455 24.724 28.809
V -13.388 23.048 27.293
Y -9.918 22.961 28.872
L -6.324 22.212 27.876
Q -3.832 21.252 30.59
M -0.295 21.807 29.246
N 2.704 20.289 31.025
S 6.439 20.19 30.306
L 6.302 23.255 28.089
T 9.184 24.279 25.821
P 9.764 27.307 23.547
E 8.452 25.09 20.698
D 4.992 25.578 22.257
T 4.987 29.402 21.989
A 1.925 30.307 19.871
V -1.53 31.866 19.97
Y -3.937 29.11 21.079
F -7.489 28.999 19.678
C -10.481 26.975 20.779
N -12.59 25.484 17.966
A -16.081 23.898 17.827
R -17.401 21.776 14.927
R -21.006 20.796 14.243
R -21.019 20.887 14.158
N -21.969 18.433 11.408
P -25.288 17.217 9.901
I -26.725 13.697 10.09
N -28.395 13.894 6.688
G -27.527 15.437 3.384
P -24.22 16.628 1.969
Y -21.286 16.945 4.279
Y -20.442 20.27 5.769
T -19.02 21.671 8.968
T -20.217 24.742 10.831
A -17.116 26.002 12.641
Y -16.733 28.383 15.604
W -13.452 29.975 16.766
G -12.471 32.057 19.77
Q -10.25 35.13 19.523
G -7.256 33.194 20.882
T -4.888 33.498 23.842
Q -1.113 34.076 23.706
V 1.216 31.488 25.306
T 4.937 32.41 25.491
V 7.453 29.868 26.844
S 10.8 31.355 27.901
S 13.986 29.358 27.274
