tag x y z
V -22.749 31.107 20.596
Q -19.168 32.379 20.994
L -16.014 30.663 22.199
V -13.788 32.63 24.554
E -10.372 31.294 25.624
T -8.469 32.197 28.778
G -5.381 30.966 30.619
G -2.518 31.921 28.341
G 0.762 33.586 29.292
L 4.501 32.899 29.882
V 5.86 29.598 31.297
Q 9.403 28.374 32.038
A 10.599 25.335 30.128
G 9.397 22.342 32.126
G 6.425 24.241 33.58
S 2.6 23.868 33.252
L -0.419 25.877 32.037
R -4.176 25.21 31.848
L -6.215 26.737 29.064
S -9.994 27.108 29.329
C -12.674 27.885 26.865
A -16.148 28.986 27.772
A -18.887 28.732 25.162
S -21.821 31.111 25.529
G -24.233 28.523 24.192
N -24.765 24.856 24.919
I -21.95 22.627 23.582
F -23.661 19.244 23.789
S -24.371 19.364 20.071
F -20.725 19.74 19.07
N -19.428 16.498 17.51
V -15.883 17.51 18.378
M -14.223 20.26 20.386
G -10.524 20.804 20.269
W -7.436 22.967 20.525
Y -5.267 24.218 17.659
R -2.123 26.267 17.788
Q -0.419 28.695 15.404
A 3.27 29.58 15.831
P 5.009 32.47 13.967
G 5.095 31.915 10.193
K 3.459 28.507 10.469
Q 0.129 26.97 9.609
R -2.377 26.354 12.314
E -2.146 22.719 13.605
L -4.257 20.32 15.668
V -3.119 19.871 19.252
A -5.927 17.851 20.854
A -9.589 16.99 20.335
I -12.407 15.282 22.14
T -15.774 13.889 21.101
S -19.01 14.518 23.031
S -19.059 14.489 22.992
G -18.56 11.0 24.459
D -15.03 11.808 25.805
T -12.858 9.969 23.269
T -9.614 11.961 22.863
T -6.813 12.269 20.411
Y -3.53 14.205 20.386
A -0.937 15.359 17.964
D 2.176 13.115 18.141
S 4.189 16.048 19.527
V 2.141 16.475 22.723
Q 1.314 12.872 23.563
G 1.679 12.236 27.264
R 2.095 15.883 28.197
F -1.269 17.433 27.361
T -4.747 16.403 28.439
I -7.989 17.644 26.933
S -11.321 17.432 28.768
R -14.861 18.568 28.131
D -17.791 19.453 30.342
N -21.08 19.551 28.422
A -22.764 20.725 31.672
K -20.489 23.783 32.126
N -20.219 24.504 28.368
A -16.447 24.38 28.699
V -13.36 22.691 27.248
V -13.407 22.599 27.318
Y -9.927 22.572 28.893
L -6.322 21.838 27.933
Q -3.856 20.893 30.668
M -0.315 21.371 29.296
N 2.568 19.808 31.252
S 6.342 19.772 30.577
L 6.275 22.749 28.265
T 9.235 23.694 26.082
P 9.816 26.66 23.686
E 8.531 24.584 20.741
D 5.098 24.877 22.383
T 5.086 28.697 22.009
A 2.069 29.691 19.828
V -1.38 31.303 19.803
Y -3.8 28.585 20.968
F -7.337 28.461 19.596
C -10.337 26.527 20.78
N -12.474 24.988 17.997
A -15.921 23.409 17.903
R -17.283 21.314 15.02
R -20.867 20.496 14.221
N -21.811 17.981 11.478
P -25.1 16.879 9.942
I -26.498 13.317 10.2
N -28.116 13.525 6.8
G -27.208 14.979 3.474
P -23.902 16.046 1.963
Y -21.017 16.385 4.335
Y -20.248 19.749 5.855
T -18.799 21.185 9.014
T -20.005 24.282 10.869
A -16.922 25.506 12.671
Y -16.604 27.875 15.625
W -13.325 29.442 16.765
G -12.217 31.49 19.738
Q -10.04 34.593 19.315
G -7.003 32.736 20.614
T -4.712 33.016 23.604
Q -0.912 33.555 23.496
V 1.263 30.926 25.171
T 5.014 31.755 25.457
V 7.528 29.242 26.837
S 10.897 30.533 27.997
S 13.988 28.324 27.555
