tag x y z
V 0.399 6.957 54.112
Q -1.574 8.711 51.372
L -0.114 6.867 48.363
A -0.788 3.326 47.131
E 2.094 1.255 45.756
T 1.937 -1.923 43.672
G 4.021 -4.299 41.549
G 6.852 -5.719 43.656
G 7.946 -9.298 44.246
L 10.433 -11.953 43.167
V 12.61 -11.427 40.092
E 15.497 -13.297 38.454
P 18.888 -11.545 38.505
G 19.185 -9.627 35.236
G 15.404 -9.465 34.89
S 12.976 -6.542 34.908
L 10.126 -5.366 37.119
R 7.855 -2.316 37.187
L 6.539 -0.601 40.32
S 3.484 1.655 40.372
C 2.398 4.348 42.813
A -1.118 5.781 42.54
A -2.885 8.581 44.402
P -6.559 7.941 45.347
E -7.197 11.451 46.721
F -3.858 13.255 46.676
R -3.162 15.541 43.693
L 0.134 13.846 42.83
Q 0.344 15.576 39.438
Y 1.406 18.863 41.043
Y 4.425 17.496 42.905
T 7.916 16.115 42.543
A 7.7 12.366 43.142
G 10.468 9.997 44.144
W 11.276 6.402 44.925
F 13.265 5.28 47.945
R 14.542 1.946 49.213
Q 15.682 0.346 52.435
A 17.488 -2.969 52.874
E 19.213 2.702 56.123
R 16.727 4.327 53.73
E 18.149 5.947 50.593
W 16.802 7.889 47.627
V 16.686 6.038 44.306
A 15.145 8.436 41.788
C 12.929 11.503 41.524
I 10.985 13.214 38.765
S 9.595 16.718 38.358
A 5.85 17.364 38.369
G 5.882 17.923 34.609
G 8.082 14.893 34.017
G 10.818 16.771 32.178
V 13.57 16.423 34.769
T 14.821 13.314 36.565
Y 17.654 12.396 38.924
Y 19.076 8.964 39.764
T 21.364 7.709 42.501
G 24.697 6.465 41.15
S 24.159 2.751 41.76
V 20.998 2.578 39.628
Q 22.012 5.015 36.883
G 21.314 3.512 33.466
R 19.351 0.572 34.872
F 16.339 2.216 36.524
T 13.906 4.664 34.923
I 11.35 6.811 36.716
S 8.27 8.087 34.872
R 4.786 9.441 35.516
D 1.285 9.657 34.051
N -0.315 12.785 35.477
A -3.681 12.009 33.885
K -3.79 8.86 36.032
R -2.053 10.579 38.958
T 0.482 7.764 38.924
V 4.258 7.447 39.153
Y 6.332 4.465 37.992
L 9.689 2.833 38.562
Q 10.95 0.637 35.728
M 13.776 -1.554 37.021
D 15.997 -3.265 34.447
S 19.138 -5.406 34.75
L 18.288 -6.136 38.376
K 21.008 -7.226 40.802
P 20.911 -9.096 44.124
E 22.015 -5.825 45.745
D 18.777 -4.194 44.536
T 16.867 -6.328 47.051
T 16.875 -6.329 47.056
A 14.998 -4.006 49.409
V 11.689 -2.49 50.426
Y 10.818 0.2 47.872
S 8.546 3.144 48.59
C 7.224 6.127 46.656
C 7.235 6.131 46.683
A 6.763 9.631 48.08
A 5.703 13.086 46.955
D 7.632 16.202 47.976
L 5.612 19.199 49.155
E 8.665 21.151 50.269
Y 9.844 22.674 46.986
S 7.948 24.13 44.025
Q 10.451 22.468 41.688
I 12.625 19.357 41.718
M 15.963 19.699 43.527
M 15.961 19.669 43.536
P 19.258 18.092 42.463
S 19.947 14.834 44.329
C 16.224 14.702 45.102
R 16.494 17.071 48.065
G 13.181 17.601 49.84
S 11.007 16.481 52.739
Y 8.904 13.981 50.742
G 6.279 14.068 53.492
V 3.567 12.099 51.68
R 4.394 8.427 51.098
G 3.166 4.955 50.197
Q 3.475 1.793 52.299
G 6.256 0.283 50.216
T 6.74 -3.054 48.483
Q 9.285 -5.843 48.795
V 11.476 -6.396 45.756
T 13.56 -9.561 45.936
V 16.163 -10.348 43.293
S 17.087 -14.022 43.403
S 17.353 -17.051 41.137
A 15.504 -19.018 43.804
H 12.065 -20.075 42.568
