tag x y z
Q 115.113 -49.229 60.372
V 114.264 -45.829 61.843
Q 115.091 -44.982 65.457
L 115.831 -42.229 67.977
Q 118.832 -42.75 70.256
E 118.553 -41.336 73.778
S 121.646 -40.564 75.837
G 123.162 -38.41 78.56
G 121.211 -39.582 81.594
G 122.685 -40.67 84.911
L 122.701 -40.097 88.658
V 122.819 -36.551 90.015
Q 122.34 -34.724 93.333
P 119.18 -32.672 93.906
G 119.644 -29.241 92.328
G 122.028 -30.822 89.822
S 122.037 -30.816 86.021
L 122.088 -33.166 83.042
R 121.626 -32.386 79.299
L 120.07 -35.274 77.29
S 120.485 -36.097 73.613
C 118.054 -37.448 71.016
A 119.757 -38.593 67.823
A 117.964 -39.846 64.732
S 119.123 -43.177 63.326
G 118.121 -44.216 59.821
F 116.648 -40.807 59.041
T 117.091 -37.05 59.248
L 115.039 -35.214 61.882
D 115.37 -31.689 60.367
Y 111.75 -31.314 59.226
Y 110.18 -33.016 62.248
A 109.07 -31.619 65.55
I 110.674 -33.522 68.417
G 109.433 -34.096 71.927
W 110.379 -35.72 75.2
F 108.259 -37.814 77.508
R 109.409 -39.646 80.603
Q 108.335 -42.702 82.494
A 109.202 -43.694 86.024
P 108.292 -47.075 87.507
G 104.79 -46.884 89.002
K 103.841 -43.932 86.787
E 102.271 -43.32 83.351
R 104.143 -41.97 80.35
E 104.322 -38.274 81.1
G 104.982 -35.526 78.58
V 108.018 -33.396 79.344
S 108.942 -31.062 76.513
C 108.449 -30.395 72.817
I 110.293 -28.461 70.107
S 109.246 -27.473 66.593
S 111.321 -28.221 63.498
S 112.365 -24.568 63.28
G 112.961 -24.239 67.026
G 110.67 -21.219 66.953
T 108.173 -23.107 69.087
T 108.932 -24.868 72.359
N 106.554 -26.423 74.883
Y 107.062 -27.685 78.425
A 105.004 -29.604 80.959
D 103.912 -27.242 83.708
S 106.066 -28.928 86.355
V 109.356 -28.622 84.449
K 108.706 -25.158 83.038
G 111.622 -22.795 83.635
R 113.883 -25.585 84.89
F 114.343 -27.401 81.536
T 115.443 -26.098 78.145
V 114.933 -27.957 74.888
S 117.016 -27.119 71.832
R 117.923 -28.818 68.598
D 120.785 -28.941 66.131
N 119.642 -29.978 62.673
A 123.147 -29.926 61.238
K 124.004 -32.581 63.813
N 120.661 -34.421 63.498
T 120.295 -34.227 67.284
V 117.925 -32.739 69.864
Y 118.971 -31.794 73.378
L 117.207 -31.392 76.693
Q 119.087 -29.26 79.213
M 117.811 -30.111 82.669
N 118.569 -27.638 85.44
S 117.572 -27.573 89.108
L 116.811 -31.294 89.079
K 114.414 -32.644 91.708
P 113.757 -36.16 93.048
E 110.456 -36.203 91.125
D 112.412 -36.01 87.881
T 113.727 -39.545 88.321
A 112.56 -41.584 85.33
V 113.555 -42.955 81.949
Y 113.495 -40.226 79.302
Y 112.317 -40.907 75.744
C 112.469 -39.073 72.409
V 109.555 -39.075 69.737
A 109.44 -37.424 66.386
D 106.237 -35.779 65.166
F 104.739 -33.293 62.708
A 104.182 -30.455 65.129
C 104.712 -29.057 68.602
P 102.446 -29.595 70.515
L 102.587 -33.271 69.583
I 99.773 -34.703 67.464
R 100.372 -38.385 68.097
E 100.103 -40.155 71.445
Y 103.419 -40.904 73.113
D 105.209 -43.962 71.773
Y 108.711 -45.436 72.062
W 111.304 -44.701 69.369
G 114.144 -46.09 71.469
Q 115.257 -47.627 74.769
Q 115.431 -47.625 74.677
G 115.531 -44.271 76.477
T 118.099 -42.936 78.929
Q 117.801 -43.256 82.711
V 117.733 -40.132 84.893
T 118.129 -40.554 88.649
V 118.023 -37.647 91.082
S 118.833 -38.812 94.619
S 120.685 -37.631 97.737
H 123.651 -39.625 99.035
