tag x y z
Q 73.004 -11.338 23.218
V 71.73 -8.502 21.02
Q 72.677 -5.032 22.271
L 72.44 -1.445 21.045
Q 74.27 1.22 23.029
E 73.961 4.919 22.258
S 76.467 7.548 23.334
G 77.647 11.062 22.571
G 74.74 12.973 24.081
G 74.838 15.812 26.576
L 74.212 19.478 27.319
V 74.87 22.043 24.57
Q 73.981 25.609 23.537
P 71.772 26.376 20.515
G 73.724 26.567 17.261
G 76.015 23.853 18.574
S 76.93 20.475 17.129
L 76.925 16.9 18.441
T 77.832 13.499 17.062
L 75.785 10.569 18.332
S 77.026 7.01 18.029
C 75.337 3.661 18.463
A 77.252 0.408 18.865
A 75.674 -2.904 17.856
S 76.557 -6.451 18.887
G 75.045 -9.921 19.126
F 73.473 -9.828 15.668
T 74.472 -9.1 12.083
F 74.468 -5.308 11.91
S 74.489 -5.144 8.101
S 71.299 -7.255 8.004
Y 69.083 -4.331 9.072
S 68.099 -0.826 8.075
M 68.646 1.501 11.047
Y 66.792 4.388 12.718
W 67.205 7.377 14.978
V 64.105 8.207 16.999
R 63.681 10.692 19.848
Q 61.312 11.177 22.778
A 60.813 14.547 24.467
P 59.154 14.895 27.916
G 55.366 14.638 27.655
K 55.582 14.048 23.918
G 55.172 11.035 21.66
L 58.038 9.139 20.056
E 59.315 10.954 16.98
W 61.193 9.482 14.005
W 61.244 9.435 14.073
V 64.347 11.474 13.262
S 66.33 9.676 10.581
S 66.711 6.362 8.766
I 69.288 4.517 6.663
N 69.233 1.349 4.581
R 71.546 -1.604 5.06
V 74.504 -0.39 3.011
G 73.986 3.335 3.517
S 73.05 4.084 -0.105
N 69.669 5.524 0.863
T 68.743 7.763 3.791
D 65.825 9.851 5.029
Y 65.053 12.58 7.554
A 62.122 14.112 9.392
D 61.28 17.509 7.904
S 62.216 19.205 11.178
V 65.84 18.048 11.005
K 66.468 17.866 7.251
G 69.523 19.88 6.221
R 70.862 19.923 9.787
F 71.267 16.211 10.587
T 73.27 13.525 8.829
I 72.913 9.793 9.398
S 75.593 7.254 8.457
R 76.891 3.807 9.361
D 80.12 1.807 9.446
N 79.217 -1.821 8.889
A 82.809 -2.882 9.563
K 82.744 -1.07 12.911
N 79.158 -2.197 13.658
T 78.315 1.427 14.405
L 75.57 3.92 13.541
Y 76.094 7.69 13.573
L 73.963 10.805 13.799
Q 75.653 14.113 13.048
M 73.586 16.957 14.482
N 74.281 20.544 13.372
S 72.677 23.904 14.181
L 71.045 22.408 17.275
K 67.796 24.023 18.439
S 65.923 23.992 21.751
E 63.293 21.864 19.967
D 65.901 19.126 19.56
T 65.97 18.485 23.311
A 65.053 14.803 23.791
L 66.184 11.278 24.599
Y 67.658 9.804 21.379
Y 67.408 6.112 20.532
C 69.043 3.828 18.018
A 66.897 0.958 16.634
V 66.252 -1.422 13.72
G 62.688 -0.088 13.521
M 60.877 3.062 14.702
Y 58.668 1.103 17.08
A 61.229 -1.57 18.033
A 61.399 -2.497 21.718
P 64.508 -3.464 23.723
P 66.705 -5.266 23.014
W 66.124 -4.102 19.432
R 66.153 -0.505 20.585
G 68.834 0.978 22.841
Q 68.406 2.71 26.191
G 69.056 6.068 24.554
T 71.277 9.073 25.132
Q 70.044 12.414 26.44
V 70.686 15.599 24.505
T 69.677 18.95 25.927
V 69.839 22.226 24.017
S 69.364 25.414 26.054
S 70.56 29.022 26.544
