tag x y z
Q 72.609 33.869 36.222
V 70.685 31.24 38.204
Q 72.004 27.783 37.362
L 71.446 24.227 38.594
Q 73.638 21.615 36.91
E 73.229 17.874 37.432
S 75.995 15.292 37.047
G 77.047 11.782 38.015
G 74.546 10.005 35.798
G 75.389 7.05 33.593
L 74.949 3.337 32.918
V 74.954 0.976 35.896
Q 74.311 -2.717 36.47
P 71.068 -3.458 38.348
G 71.764 -3.779 42.066
G 74.429 -1.159 41.494
S 75.036 2.218 43.079
L 75.275 5.773 41.795
T 75.903 9.101 43.465
L 74.328 12.139 41.819
S 75.528 15.698 42.238
C 73.911 19.068 41.641
A 75.99 22.24 41.713
A 74.198 25.535 42.269
S 75.192 29.064 41.273
G 73.606 32.472 40.797
F 71.684 32.436 44.075
T 72.06 31.692 47.774
F 71.957 27.886 47.738
S 71.252 27.74 51.474
S 68.138 29.892 50.948
Y 66.078 27.001 49.567
S 64.851 23.517 50.23
M 65.976 21.191 47.461
Y 64.307 18.422 45.527
W 65.181 15.461 43.38
V 62.549 14.626 40.794
R 62.776 12.183 37.903
Q 61.053 11.72 34.554
A 60.999 8.207 33.117
P 60.37 7.448 29.406
G 56.738 8.109 28.493
K 55.96 8.885 32.138
G 55.047 11.957 34.17
L 57.28 13.717 36.685
E 57.896 11.8 39.893
W 59.188 13.345 43.113
W 59.25 13.387 43.068
V 62.017 11.25 44.557
S 63.461 13.009 47.574
S 63.668 16.337 49.395
I 65.726 18.132 52.023
N 65.309 21.373 53.988
R 67.805 24.214 53.944
V 70.32 23.072 56.548
G 69.804 19.365 55.877
S 68.216 18.423 59.187
N 64.986 17.168 57.611
T 64.738 14.763 54.671
D 61.873 13.014 52.867
Y 61.615 10.144 50.38
A 59.053 8.764 47.952
D 57.772 5.331 49.011
S 59.335 3.696 45.939
V 62.888 4.719 46.902
K 62.626 4.378 50.679
G 65.566 2.552 52.218
R 67.591 2.698 49.018
F 68.298 6.385 48.418
T 69.989 9.035 50.548
I 69.703 12.762 49.904
S 72.239 15.201 51.369
R 73.621 18.692 50.806
D 76.846 20.645 51.36
N 75.987 24.323 51.748
A 79.597 25.514 51.805
K 80.209 23.646 48.55
N 76.869 24.748 47.025
T 76.066 21.142 46.114
L 73.183 18.678 46.515
Y 73.608 14.919 46.366
L 71.557 11.804 45.869
Q 73.154 8.505 46.839
M 71.285 5.687 45.089
N 71.659 2.033 46.12
S 70.202 -1.268 44.927
L 69.123 0.387 41.679
K 66.343 -1.327 39.725
S 65.251 -1.111 36.094
E 62.294 0.882 37.408
D 64.733 3.677 38.387
T 65.847 4.533 34.827
A 65.04 8.201 34.175
L 66.274 11.694 33.637
Y 66.972 13.004 37.152
Y 66.364 16.672 37.936
C 67.609 19.013 40.632
A 65.206 21.779 41.793
V 64.234 24.264 44.511
G 60.619 23.182 44.184
M 58.901 20.054 42.949
Y 57.078 21.91 40.17
A 59.811 24.443 39.451
A 60.876 25.157 35.869
P 64.222 26.4 34.503
P 66.283 28.148 35.648
W 65.004 26.868 39.014
R 65.021 23.326 37.724
G 68.097 21.754 36.159
Q 68.723 20.297 32.723
G 69.077 16.869 34.301
T 71.41 13.894 34.148
Q 70.468 10.545 32.621
V 70.893 7.364 34.607
T 70.319 3.994 32.992
V 69.873 0.616 34.635
