tag x y z
Q 11.582 -18.156 -17.099
V 12.895 -21.347 -18.736
Q 10.616 -24.191 -17.596
L 10.286 -27.887 -18.301
Q 7.394 -29.6 -16.572
E 7.09 -33.366 -16.664
S 3.828 -35.155 -15.936
G 2.203 -38.521 -16.611
G 4.101 -40.672 -14.173
G 2.369 -43.169 -11.934
L 2.423 -46.581 -10.277
V 1.757 -49.442 -12.63
Q 2.257 -53.218 -12.736
P 4.923 -54.799 -14.978
G 3.789 -55.182 -18.581
G 1.765 -51.983 -18.344
S 2.099 -48.686 -20.161
L 2.452 -45.005 -19.397
T 2.894 -41.841 -21.425
L 5.029 -39.011 -20.123
S 4.54 -35.412 -21.206
C 6.88 -32.514 -20.836
A 5.548 -28.992 -21.273
A 8.268 -26.546 -22.329
S 8.077 -22.789 -21.915
G 10.283 -19.691 -21.745
F 12.536 -20.571 -24.642
T 12.228 -21.571 -28.272
F 11.399 -25.284 -27.985
S 11.946 -25.793 -31.705
S 15.56 -24.666 -31.401
Y 16.525 -27.632 -29.25
S 16.966 -31.325 -29.507
M 15.21 -32.948 -26.515
Y 16.04 -35.783 -24.129
W 14.413 -38.133 -21.689
V 16.75 -39.19 -18.9
R 15.96 -41.213 -15.793
Q 17.424 -41.575 -12.292
A 16.753 -44.427 -9.866
P 18.474 -45.172 -6.51
G 21.689 -47.095 -6.999
K 21.703 -46.752 -10.765
G 22.476 -43.07 -11.139
L 21.481 -41.096 -14.215
E 20.943 -42.992 -17.413
W 19.901 -41.673 -20.796
W 19.788 -41.544 -20.69
V 16.619 -42.998 -22.155
S 15.822 -41.338 -25.451
S 16.541 -38.352 -27.694
I 14.876 -36.516 -30.55
N 16.198 -33.849 -32.928
R 14.541 -30.497 -33.443
V 11.815 -31.721 -35.799
G 11.51 -35.392 -34.92
S 13.067 -36.686 -38.128
N 15.654 -38.532 -36.074
T 15.325 -40.239 -32.724
D 17.473 -42.453 -30.56
Y 17.0 -44.922 -27.778
A 19.114 -46.438 -25.067
D 19.504 -50.128 -25.732
S 17.441 -51.15 -22.702
V 14.282 -49.395 -23.908
K 14.603 -49.965 -27.673
G 11.372 -51.248 -29.164
R 9.404 -50.457 -25.969
F 9.601 -46.688 -25.696
T 8.798 -44.01 -28.27
I 9.843 -40.38 -28.042
S 7.962 -37.694 -29.982
R 7.461 -33.956 -29.913
D 4.852 -31.395 -30.767
N 6.482 -28.172 -31.915
A 3.118 -26.383 -32.075
K 2.282 -27.202 -28.449
N 5.904 -27.236 -27.301
T 5.518 -30.613 -25.708
L 7.768 -33.642 -25.463
Y 6.37 -37.129 -25.052
L 7.522 -40.564 -24.12
Q 5.188 -43.502 -24.634
M 6.293 -46.506 -22.652
N 5.125 -50.039 -23.286
S 5.962 -53.336 -21.65
L 7.191 -51.658 -18.486
K 9.562 -53.628 -16.259
S 10.661 -53.265 -12.63
E 13.951 -51.963 -13.908
D 12.198 -49.025 -15.553
T 11.301 -47.68 -12.091
A 12.817 -44.208 -11.859
L 12.345 -40.508 -11.696
Y 12.035 -39.406 -15.336
Y 13.256 -36.055 -16.557
C 13.078 -34.248 -19.809
A 16.001 -32.021 -20.686
V 17.638 -30.194 -23.589
G 20.759 -32.333 -23.167
M 21.895 -35.677 -21.743
Y 23.607 -33.845 -18.915
A 21.644 -30.614 -18.701
A 20.812 -29.2 -15.251
P 17.826 -27.095 -14.072
P 16.234 -25.107 -15.515
W 17.299 -26.977 -18.665
R 16.146 -30.215 -17.033
G 12.746 -30.468 -15.337
Q 11.96 -31.53 -11.781
G 10.89 -34.964 -12.966
T 7.928 -37.323 -12.867
Q 8.087 -40.588 -10.898
V 7.315 -43.924 -12.457
T 7.119 -46.972 -10.261
V 6.657 -50.33 -11.863
S 5.83 -52.829 -9.185
S 4.251 -56.226 -8.674
