tag x y z
Q 17.143 33.915 146.568
V 16.655 31.83 149.731
Q 19.087 32.611 152.594
L 18.67 30.177 155.496
Q 20.542 30.944 158.717
E 22.42 28.279 160.669
S 21.29 28.426 164.292
G 22.19 26.475 167.422
G 25.96 26.365 166.866
G 28.105 26.403 170.018
S 31.152 24.865 171.757
V 29.964 21.869 173.873
Q 31.64 18.731 175.399
P 32.645 15.105 174.459
G 29.73 12.634 174.819
G 27.414 15.615 174.589
S 24.689 16.892 172.258
L 23.67 20.029 170.397
T 20.546 21.231 168.559
L 20.831 23.027 165.271
S 18.268 24.783 163.089
C 17.771 26.664 159.77
A 14.884 29.004 159.017
A 13.504 29.396 155.468
S 13.361 32.391 153.137
G 12.664 32.668 149.358
Y 10.412 29.629 149.589
A 8.76 27.48 152.269
V 11.309 24.874 153.353
S 8.587 22.267 152.706
R 9.31 21.925 148.952
Y 13.157 21.615 148.956
S 14.468 19.483 151.849
M 17.374 20.227 154.151
G 20.594 18.675 155.39
W 23.947 19.174 157.157
F 27.593 18.987 156.135
R 30.52 19.144 158.563
Q 33.596 20.121 156.582
A 36.311 19.227 159.082
P 39.034 21.929 159.069
G 41.524 21.086 156.271
K 39.471 18.146 154.874
E 36.56 17.919 152.385
N 32.849 18.441 153.025
E 31.54 15.557 155.146
G 27.872 14.476 155.075
V 26.046 13.813 158.37
A 22.21 14.043 158.234
A 19.439 14.597 155.705
I 15.634 14.578 155.814
D 12.828 15.164 153.31
S 10.104 17.666 154.056
S 6.902 16.522 152.292
G 7.843 12.836 152.696
V 9.721 12.172 155.956
G 12.343 9.461 155.649
T 15.782 10.161 157.218
T 19.293 9.287 155.995
Y 22.469 9.355 158.093
A 26.138 8.922 157.452
D 27.548 5.66 158.89
S 30.185 7.516 160.953
V 27.369 9.163 162.947
K 24.653 6.521 162.527
G 22.416 5.721 165.492
R 23.753 8.531 167.742
F 22.752 11.473 165.477
T 19.188 12.583 164.779
I 17.462 14.977 162.355
S 13.861 16.304 162.328
R 11.609 18.769 160.531
D 8.79 21.195 160.992
N 7.45 22.646 157.774
A 5.058 24.855 159.757
K 7.802 26.739 161.65
D 9.868 26.809 158.444
T 12.847 25.383 160.353
V 14.958 22.21 160.096
Y 16.203 20.531 163.299
L 19.624 18.913 163.561
R 19.962 16.708 166.639
M 23.581 15.81 167.178
N 24.039 13.359 170.017
S 26.998 11.64 171.749
L 29.418 14.231 170.237
K 33.17 13.434 170.25
P 36.591 15.168 169.513
E 36.472 14.435 165.734
D 32.947 15.9 165.609
T 34.742 19.262 165.793
A 34.169 20.62 162.263
I 32.714 23.59 160.396
Y 29.041 22.611 160.222
Y 26.706 23.686 157.433
C 23.067 23.419 156.458
A 21.921 23.382 152.85
S 18.813 22.759 150.76
G 18.757 20.184 147.976
F 16.83 17.33 146.356
G 16.237 15.853 148.964
L 17.558 14.236 151.522
S 20.716 12.779 149.94
L 24.079 13.457 151.571
S 26.179 13.923 148.432
R 28.802 16.697 148.731
Y 26.271 18.793 146.911
T 22.772 18.102 145.383
Y 22.15 21.092 147.568
A 21.624 24.632 146.404
Y 21.686 27.464 148.908
W 24.036 26.78 151.832
G 24.854 28.846 154.897
Q 27.57 30.836 156.706
G 29.173 28.002 158.678
T 28.505 27.312 162.357
Q 31.422 25.896 164.38
V 30.72 23.245 167.026
T 33.896 22.592 169.041
V 32.781 19.462 170.902
S 36.006 18.744 172.878
S 36.329 22.292 174.192
H 37.808 21.093 177.47
H 41.223 19.339 177.697
