tag x y z
Q 41.107 23.197 22.507
V 41.01 20.927 19.467
Q 42.39 21.901 16.062
L 43.042 20.859 12.482
V 46.247 22.467 11.249
E 47.064 22.515 7.536
S 50.376 22.968 5.724
G 52.174 22.551 2.402
G 50.319 24.989 0.155
G 51.498 28.228 -1.411
L 52.758 29.121 -4.867
A 53.478 26.785 -7.771
Q 53.892 26.7 -11.522
P 51.586 24.95 -14.005
G 52.591 21.33 -14.487
G 54.194 21.371 -11.046
S 53.121 19.557 -7.875
L 52.302 20.248 -4.21
R 51.396 18.103 -1.238
L 48.963 19.4 1.356
S 49.002 17.995 4.876
C 46.538 18.233 7.749
E 46.959 17.172 11.397
A 44.319 16.532 14.075
S 45.475 17.495 17.596
G 44.095 18.034 21.077
F 41.125 15.708 20.661
G 39.905 13.815 23.719
T 39.528 10.041 23.899
W 35.876 10.292 22.827
F 37.16 11.179 19.363
R 38.129 8.201 17.218
F 40.128 9.409 14.21
D 39.865 6.079 12.341
E 36.07 6.321 12.388
N 36.067 9.756 10.736
T 36.004 10.571 7.024
V 38.757 12.83 5.741
N 37.859 15.31 3.003
W 39.606 18.033 1.09
Y 37.474 20.943 -0.141
R 38.422 24.011 -2.158
Q 36.804 27.428 -2.533
P 36.749 28.844 -6.085
P 38.457 32.249 -6.346
G 35.932 35.106 -6.322
K 33.169 32.94 -4.797
S 31.94 32.43 -1.222
R 32.16 29.162 0.725
E 28.726 28.316 -0.713
F 30.662 27.434 -3.863
D 33.045 25.039 -2.072
E 33.929 21.979 -4.197
L 34.627 18.574 -2.673
V 38.039 17.755 -4.129
A 38.597 14.322 -2.573
R 36.996 12.075 0.042
Y 38.549 9.163 1.979
P 35.968 7.433 4.214
K 36.623 4.593 6.67
S 35.474 2.13 3.989
G 38.478 3.145 1.904
I 36.419 3.818 -1.21
V 37.779 7.152 -2.452
T 35.969 9.63 -4.698
Y 37.327 12.662 -6.564
L 36.136 15.855 -8.209
D 36.026 15.079 -11.943
S 38.507 17.809 -12.884
V 41.196 16.395 -10.579
K 40.859 12.679 -11.392
G 44.242 11.25 -12.34
R 46.042 14.344 -11.043
F 45.27 14.473 -7.306
T 45.63 11.654 -4.756
I 44.231 11.684 -1.207
S 45.627 9.621 1.687
R 45.484 9.3 5.489
D 47.583 8.111 8.461
N 45.36 6.987 11.354
A 48.115 6.537 13.943
K 49.564 9.989 13.206
K 46.075 11.467 12.846
M 47.053 13.017 9.511
A 45.561 13.508 6.046
F 47.276 14.358 2.756
L 46.457 15.718 -0.684
Q 49.028 15.055 -3.394
M 48.359 17.515 -6.197
D 50.095 16.826 -9.529
N 50.1 18.428 -12.979
L 48.61 21.638 -11.654
K 46.581 24.03 -13.727
P 45.669 27.697 -13.209
E 42.104 26.572 -12.461
D 43.437 24.695 -9.402
T 44.043 28.03 -7.664
A 41.849 28.147 -4.549
V 41.786 28.118 -0.772
Y 41.943 24.431 0.239
Y 40.439 23.016 3.455
C 40.977 19.774 5.339
N 37.824 18.392 6.899
V 37.82 15.472 9.348
G 34.37 14.48 10.564
E 32.713 17.747 11.567
F 36.043 19.505 12.151
W 37.795 21.887 9.768
G 41.176 23.403 9.057
Q 41.366 27.176 8.624
G 42.165 26.932 4.917
T 45.374 27.052 2.888
Q 45.892 29.14 -0.25
V 47.243 27.401 -3.339
T 48.154 29.64 -6.271
I 49.041 28.419 -9.756
S 50.796 31.054 -11.861
S 50.322 30.822 -15.65
E 52.814 31.678 -18.398
