tag x y z
Q 166.37 196.924 170.692
V 165.164 200.477 171.05
Q 161.763 200.751 172.741
L 159.509 203.628 173.763
Q 156.546 203.033 175.968
E 153.887 205.379 177.249
S 151.734 204.661 180.252
G 149.119 206.408 182.395
G 146.184 206.368 179.995
G 142.681 206.133 181.398
L 139.28 207.818 181.763
V 139.036 211.057 183.689
Q 136.268 213.528 184.611
P 136.442 217.017 183.032
G 138.511 219.294 185.199
G 140.405 216.319 186.592
S 144.128 215.655 186.308
L 146.202 212.869 184.817
R 149.909 212.032 184.517
L 151.548 210.245 181.619
S 154.919 208.656 181.53
C 157.224 207.708 178.734
A 159.836 205.09 179.488
A 162.712 204.061 177.286
S 164.58 200.754 177.048
G 167.474 199.812 174.76
F 169.004 203.256 174.688
T 169.66 206.295 176.835
L 166.715 208.619 176.51
G 168.693 211.493 178.02
Y 170.46 212.226 174.758
Y 167.1 212.817 173.066
A 164.59 215.589 172.823
I 161.121 214.21 173.578
G 157.752 215.315 172.226
W 154.274 214.28 173.394
F 151.924 214.218 170.433
R 148.264 213.319 170.314
R 145.76 212.228 167.713
A 142.102 212.972 168.217
P 139.51 210.763 166.438
G 138.723 213.427 163.838
K 141.947 215.4 163.562
E 145.542 214.747 162.645
R 148.541 214.423 164.963
E 149.611 217.503 166.88
G 152.434 218.43 169.207
V 151.274 218.883 172.733
S 154.446 219.522 174.579
C 158.184 219.041 173.978
I 161.356 219.041 176.051
S 165.039 219.12 175.133
S 167.44 216.376 176.203
S 168.889 218.293 179.194
G 165.414 219.497 180.115
G 166.357 223.138 179.697
S 164.014 224.034 176.804
T 160.314 223.281 176.618
N 157.456 224.067 174.305
Y 153.732 223.894 174.767
A 150.873 224.131 172.32
D 148.645 227.108 173.037
S 145.76 224.742 173.777
V 147.496 223.426 176.902
K 149.594 226.321 178.314
G 149.307 226.505 182.058
R 147.461 223.195 182.184
F 150.048 220.609 181.045
T 153.611 220.293 182.329
I 156.349 218.237 180.734
S 159.369 217.124 182.753
R 162.011 214.431 182.576
D 164.401 212.309 184.645
N 167.548 211.24 182.78
A 168.646 209.076 185.673
K 165.453 207.02 185.51
N 165.287 207.179 181.663
T 161.794 208.765 181.577
V 159.76 211.79 180.411
D 156.489 212.783 182.206
L 153.5 214.826 181.117
Q 151.356 216.244 183.942
M 147.847 217.064 182.725
N 145.689 219.289 184.877
S 142.266 220.916 184.285
L 141.523 218.391 181.597
K 138.913 219.209 178.997
P 136.937 216.954 176.662
E 138.927 218.477 173.781
D 141.992 216.701 175.195
T 140.529 213.315 174.481
A 143.04 211.502 172.273
I 145.743 208.892 171.863
Y 148.975 210.356 173.325
Y 152.261 209.317 171.778
C 155.765 209.775 173.079
A 158.423 210.43 170.419
A 162.211 210.863 170.612
E 164.622 212.738 168.361
W 168.316 213.498 168.531
V 168.904 217.178 167.923
P 172.226 217.726 166.099
P 174.506 220.572 167.23
G 174.443 223.866 165.379
Y 170.836 224.737 165.755
G 168.919 227.07 168.049
A 168.281 226.034 171.644
T 164.524 225.964 171.137
V 162.376 222.829 170.718
Q 159.529 224.922 169.281
A 159.779 223.654 165.715
L 160.135 220.124 166.982
C 156.697 220.472 168.468
N 154.68 222.644 166.042
N 155.013 220.315 163.097
A 152.844 217.344 163.966
G 155.968 215.264 164.728
Y 157.0 214.489 161.165
G 160.538 213.147 161.133
M 160.848 212.17 164.807
E 163.075 209.101 164.892
Y 161.413 206.928 167.562
W 157.744 206.471 168.619
G 155.848 204.639 171.315
K 152.632 202.795 170.455
G 150.585 205.377 172.422
T 148.255 205.457 175.464
Q 144.548 206.526 175.535
V 143.446 209.658 177.332
T 139.685 210.108 177.555
V 137.965 213.032 179.191
S 134.236 212.64 179.608
S 131.236 213.163 181.858
A 130.896 209.36 181.758
A 133.646 209.229 184.374
