tag x y z
V 70.802 9.621 10.088
Q 73.045 8.87 7.077
L 75.804 6.23 7.355
Q 78.413 6.708 4.582
E 80.743 3.932 3.392
S 84.172 4.379 1.784
G 87.244 2.408 0.739
G 85.682 -0.038 -1.712
G 87.031 -0.9 -5.149
L 88.895 -3.525 -7.168
V 91.476 -5.83 -5.563
Q 93.107 -9.072 -6.715
A 92.427 -12.343 -4.879
G 94.438 -12.945 -1.719
G 94.813 -9.198 -1.275
S 93.586 -6.909 1.493
L 91.175 -3.978 1.739
R 89.983 -1.618 4.485
L 86.395 -0.345 4.57
S 85.395 2.722 6.588
C 81.949 3.96 7.613
A 81.064 7.381 9.016
A 77.937 7.875 11.128
S 76.182 11.217 11.651
S 76.953 6.754 20.121
S 75.713 3.778 22.133
Y 74.546 1.401 19.413
V 75.866 -1.782 17.853
M 77.62 -1.064 14.556
G 77.999 -3.565 11.741
W 78.694 -4.612 8.168
F 76.425 -6.48 5.72
R 76.916 -7.329 1.999
Q 74.897 -8.33 -1.011
A 76.615 -10.89 -3.345
P 75.467 -11.233 -6.995
G 72.194 -13.168 -7.218
K 71.655 -13.079 -3.46
E 69.964 -10.842 -0.9
R 71.793 -8.975 1.866
E 73.747 -11.141 4.298
F 75.367 -10.447 7.663
V 79.138 -9.963 7.777
A 80.132 -8.504 11.145
A 78.988 -6.534 14.184
I 80.425 -4.924 17.3
S 78.991 -3.404 20.474
W 79.869 0.07 21.742
S 82.707 -1.055 24.028
G 84.23 -3.598 21.677
G 83.197 -6.115 24.316
S 81.225 -8.267 21.964
T 82.134 -8.886 18.472
N 80.6 -11.13 15.96
Y 81.264 -12.458 12.441
A 79.67 -14.638 9.772
D 81.284 -18.07 9.4
S 82.448 -17.409 5.836
V 84.663 -14.494 6.909
K 85.944 -15.825 10.246
G 89.639 -15.289 10.919
R 90.365 -12.987 7.986
F 87.886 -10.161 8.589
T 88.272 -7.838 11.582
I 85.703 -5.241 12.61
S 86.813 -2.222 14.642
R 85.349 0.989 16.014
D 86.226 4.596 16.861
N 83.657 6.149 19.205
A 85.365 9.537 19.099
K 84.848 10.025 15.366
N 81.642 7.953 15.151
T 83.371 5.596 12.723
V 83.309 1.826 12.166
Y 85.862 -0.193 10.177
L 86.024 -3.533 8.373
Q 89.499 -4.935 7.705
M 89.297 -7.582 4.992
N 92.334 -9.855 4.642
S 92.955 -12.796 2.293
L 90.075 -11.96 -0.055
K 88.612 -14.489 -2.517
P 86.185 -14.24 -5.49
E 83.524 -15.326 -3.012
D 83.788 -11.867 -1.404
T 82.708 -9.794 -4.426
A 79.696 -7.861 -3.148
V 78.109 -4.521 -2.333
Y 79.111 -3.773 1.252
Y 76.72 -1.9 3.531
C 77.693 -0.51 6.907
A 74.772 -0.662 9.324
A 73.581 0.598 12.701
D 71.406 -1.253 15.2
L 69.252 1.675 16.313
A 67.462 -0.356 18.983
S 68.229 -0.185 22.706
S 70.236 -2.911 24.443
R 67.113 -4.788 25.574
D 65.05 -4.397 22.399
V 64.9 -6.573 19.286
S 67.397 -5.31 16.716
S 66.298 -2.67 14.214
W 68.941 -2.329 11.503
Y 69.584 0.757 9.375
W 71.772 0.444 6.269
G 73.921 2.822 4.248
Q 73.766 3.002 0.459
G 76.633 0.56 -0.002
T 79.988 0.464 -1.761
Q 81.183 -1.958 -4.437
V 83.915 -4.448 -3.597
T 85.245 -6.545 -6.468
V 87.871 -9.255 -6.113
S 89.622 -10.668 -9.18
S 90.983 -14.198 -9.553
