tag x y z
Q 20.956 -35.953 -29.362
V 21.97 -32.452 -28.317
Q 20.431 -30.678 -25.312
L 20.847 -27.214 -23.722
V 19.498 -27.876 -20.216
E 18.335 -24.807 -18.272
S 18.471 -24.637 -14.402
G 17.129 -22.013 -12.062
G 14.219 -19.675 -11.657
G 12.365 -18.316 -8.656
L 10.686 -15.545 -6.694
V 13.241 -12.982 -5.461
Q 12.733 -9.807 -3.368
A 13.832 -6.455 -4.934
G 17.562 -5.853 -4.474
G 18.129 -9.606 -4.158
S 20.306 -11.976 -6.202
L 19.695 -15.009 -8.403
R 22.055 -17.174 -10.514
L 20.73 -19.005 -13.636
S 22.668 -21.753 -15.45
C 22.572 -23.953 -18.614
T 24.557 -27.107 -19.224
A 24.916 -28.427 -22.781
S 25.143 -32.15 -23.628
G 25.866 -34.036 -26.867
R 28.869 -31.996 -28.171
T 31.048 -29.105 -27.092
F 29.311 -25.732 -27.062
S 32.763 -23.971 -26.864
S 32.764 -23.971 -26.876
D 32.453 -23.036 -30.577
Y 29.205 -21.156 -29.817
D 28.599 -17.696 -28.402
M 26.212 -18.185 -25.443
A 23.462 -15.643 -24.721
W 20.685 -14.9 -22.228
F 17.307 -13.624 -23.445
R 14.338 -12.405 -21.384
Q 10.653 -12.057 -22.249
A 8.693 -9.862 -19.86
P 4.845 -10.192 -19.779
G 3.279 -8.757 -22.964
K 6.731 -7.928 -24.406
E 9.033 -9.216 -27.159
R 11.845 -11.624 -26.172
D 15.08 -9.705 -26.101
R 18.787 -10.383 -25.645
V 20.147 -9.218 -22.318
S 23.725 -10.676 -22.267
S 23.729 -10.684 -22.243
A 26.138 -12.609 -24.501
I 29.582 -14.103 -24.189
S 32.212 -14.91 -26.91
T 33.392 -18.562 -27.543
K 36.432 -18.773 -25.086
G 34.749 -16.254 -22.671
G 37.279 -13.417 -22.968
S 34.479 -10.987 -24.17
T 30.985 -10.008 -23.077
W 28.048 -7.917 -24.307
Y 25.257 -6.438 -22.15
H 21.914 -4.782 -22.745
D 22.116 -1.18 -21.307
S 19.426 -1.772 -18.563
V 21.369 -4.708 -16.953
K 24.946 -3.24 -17.144
G 26.723 -3.419 -13.756
R 24.017 -5.675 -12.313
F 24.189 -8.849 -14.483
T 27.286 -10.979 -15.178
I 27.395 -13.628 -17.895
S 30.22 -16.19 -17.498
R 31.019 -19.582 -19.07
D 32.808 -22.688 -17.712
N 33.826 -24.522 -20.945
A 35.309 -27.535 -19.093
K 31.73 -28.211 -17.888
N 29.973 -27.027 -21.168
T 28.06 -24.567 -18.849
V 27.019 -20.885 -19.055
Y 25.827 -18.758 -16.106
L 23.857 -15.573 -15.554
Q 24.513 -13.882 -12.199
M 21.774 -11.356 -11.518
N 22.476 -8.86 -8.708
S 20.375 -5.858 -7.516
L 17.191 -7.336 -9.037
K 14.277 -4.939 -9.817
P 10.562 -5.709 -10.586
E 11.419 -4.633 -14.226
D 13.628 -7.803 -14.454
T 10.541 -10.084 -14.096
A 10.48 -12.327 -17.196
V 10.95 -15.808 -18.588
Y 14.751 -16.085 -19.079
Y 16.294 -18.304 -21.779
C 19.889 -19.314 -22.568
A 20.772 -19.751 -26.284
A 23.813 -21.034 -28.27
G 24.602 -19.412 -31.58
A 27.005 -17.632 -33.914
V 26.917 -14.744 -36.382
T 25.876 -16.013 -39.891
Y 28.462 -16.082 -42.748
Y 26.422 -13.575 -44.812
S 25.256 -10.924 -42.289
A 25.934 -9.44 -38.822
R 22.982 -11.308 -37.257
Y 23.212 -14.206 -34.793
E 21.503 -17.478 -35.65
Y 20.803 -19.691 -32.583
D 20.982 -23.441 -32.93
Y 19.914 -24.33 -29.393
W 17.668 -22.839 -26.699
G 17.033 -23.587 -23.056
Q 13.379 -24.286 -22.187
G 13.022 -20.947 -20.346
T 12.529 -20.214 -16.663
Q 10.497 -17.672 -14.721
V 12.237 -15.071 -12.538
T 9.83 -12.766 -10.637
V 11.088 -9.823 -8.56
S 8.612 -8.792 -5.852
S 8.014 -5.071 -5.256
