tag x y z
V 5.138 -3.195 5.128
Q 2.751 -5.799 3.694
L 2.816 -9.555 4.438
V 0.348 -11.587 2.331
E -0.418 -15.22 3.163
S -1.865 -17.65 0.622
G -2.63 -21.349 0.265
G -5.307 -21.9 2.91
G -8.479 -23.93 2.466
L -10.093 -27.237 3.375
V -8.024 -30.45 3.601
Q -8.689 -33.982 4.918
A -6.888 -35.517 7.966
G -3.546 -36.995 6.849
D -3.04 -34.483 3.975
S -0.058 -32.251 3.216
L -0.416 -28.526 2.413
R 1.959 -25.683 1.436
R 1.958 -25.688 1.428
L 1.358 -22.108 2.655
S 3.183 -19.093 1.248
C 3.907 -15.555 2.443
A 4.712 -12.728 0.001
A 6.466 -9.712 1.611
S 6.814 -6.122 0.352
G 7.815 -2.737 1.829
L 10.866 -4.029 3.77
T 14.396 -5.294 3.057
F 13.355 -8.965 3.206
N 16.821 -10.539 3.569
R 17.399 -8.57 6.855
Y 14.336 -10.056 8.636
N 13.597 -13.222 10.55
M 10.322 -14.632 9.104
G 7.864 -16.585 11.198
W 4.623 -18.562 11.014
F 2.13 -18.355 13.927
R -1.396 -19.747 14.24
Q -4.586 -19.167 16.159
A -6.817 -22.219 16.539
P -10.395 -22.27 17.968
G -10.332 -21.677 21.765
R -6.552 -21.106 21.908
E -4.167 -18.184 22.185
R -2.076 -17.205 19.121
E 1.057 -19.396 19.187
F 4.392 -19.991 17.562
V 4.685 -22.561 14.692
A 8.104 -21.96 13.03
S 10.698 -19.305 12.203
I 13.544 -18.914 9.709
S 16.194 -16.364 10.636
W 17.753 -14.022 8.09
S 20.872 -16.227 8.467
G 18.796 -19.294 7.465
D 18.497 -21.028 10.845
R 15.151 -22.857 11.308
T 13.308 -23.093 14.668
Y 10.088 -25.076 15.322
G 7.321 -24.918 17.913
T 6.325 -27.662 20.377
D 5.496 -31.333 19.687
S 4.053 -31.951 16.222
V 5.995 -29.224 14.3
K 9.708 -30.337 13.984
G 8.713 -33.75 12.611
R 5.723 -32.638 10.527
F 6.385 -29.092 9.231
A 9.214 -27.448 7.287
I 9.89 -23.723 6.868
S 11.933 -22.197 4.028
R 12.567 -18.819 2.37
D 13.378 -17.594 -1.167
N 15.095 -14.239 -0.774
A 15.067 -13.55 -4.571
K 11.237 -13.775 -4.565
N 10.743 -12.072 -1.091
T 8.603 -15.096 -0.18
M 8.679 -17.687 2.587
M 8.677 -17.691 2.58
Y 6.866 -21.022 2.909
L 5.402 -23.52 5.351
Q 5.209 -27.148 4.175
M 2.751 -28.977 6.477
N 2.497 -32.812 6.538
S 0.295 -35.406 8.376
L -2.331 -32.746 9.17
K -4.877 -33.381 11.947
P -8.226 -31.732 12.897
E -6.399 -29.887 15.774
D -4.275 -28.103 13.043
T -7.463 -26.157 12.031
A -6.483 -22.497 12.559
V -5.768 -19.144 10.986
Y -2.061 -19.186 9.965
Y -0.185 -15.856 10.098
C 3.061 -14.671 8.455
A 5.207 -12.31 10.583
A 8.522 -10.4 10.219
D 11.031 -9.102 12.809
R 14.726 -8.191 12.736
F 15.441 -9.961 16.082
L 12.797 -12.284 17.464
T 12.372 -16.022 16.812
R 9.827 -17.77 19.099
S 8.188 -14.698 20.713
V 4.714 -13.652 19.493
K 5.925 -9.995 19.766
Y 7.098 -9.696 16.076
D 6.843 -6.139 14.665
Y 4.982 -6.965 11.399
W 2.038 -9.237 10.7
G -0.105 -10.449 7.844
Q -3.912 -10.833 8.087
G -3.766 -14.641 7.932
T -4.923 -17.573 5.784
Q -7.422 -20.071 7.194
V -6.838 -23.837 7.154
T -9.548 -26.405 8.058
V -8.604 -30.093 8.505
S -11.695 -32.327 8.531
S -12.005 -35.594 10.52
