tag x y z
Q 5.543 -24.371 1.568
L 8.235 -23.999 4.313
V 10.352 -20.936 5.095
E 13.391 -21.051 7.419
S 14.691 -18.009 9.288
G 17.528 -17.209 11.652
G 20.991 -18.641 11.502
G 24.033 -16.807 10.293
L 27.402 -16.489 12.024
V 27.96 -17.668 15.619
Q 31.001 -18.111 17.854
A 32.109 -21.634 18.927
G 30.509 -22.601 22.277
G 27.618 -20.212 21.56
S 23.869 -20.676 20.996
L 21.702 -20.04 17.947
R 18.073 -20.687 17.061
V 16.669 -21.265 13.558
S 12.915 -21.383 12.846
C 10.668 -22.766 10.156
A 7.154 -21.509 9.372
A 4.264 -22.315 7.014
S 1.577 -19.726 5.913
G -1.632 -20.012 7.993
R -1.643 -23.425 9.543
T -0.823 -25.611 6.513
F 1.352 -28.429 7.853
S -0.244 -28.72 11.278
S -1.034 -32.475 11.006
Y 2.603 -33.127 9.817
S 5.733 -34.014 11.825
M 8.609 -31.552 11.282
G 12.217 -32.455 10.824
W 15.562 -30.667 10.565
F 18.314 -31.823 8.16
R 21.718 -30.349 7.464
Q 24.356 -30.338 4.726
A 28.045 -29.602 5.6
P 30.524 -28.487 2.834
G 31.059 -31.485 0.501
K 29.024 -33.91 2.695
E 25.739 -35.752 2.202
R 22.657 -34.063 3.718
E 21.974 -35.856 7.036
F 19.263 -36.131 9.722
V 19.537 -33.651 12.681
A 16.292 -33.747 14.674
A 12.522 -34.177 14.479
I 9.309 -33.646 16.406
S 6.36 -36.039 16.188
R 2.83 -34.712 15.319
S 1.386 -37.572 17.377
D 2.641 -36.666 20.814
N 5.221 -33.879 20.512
S 8.151 -36.238 21.397
T 11.544 -35.305 19.875
Y 14.354 -37.359 18.339
Y 18.016 -36.402 17.743
A 20.983 -37.569 15.646
D 23.919 -38.943 17.768
S 26.147 -35.986 16.708
V 23.782 -33.356 18.236
K 21.809 -35.184 20.985
G 21.896 -33.212 24.245
R 23.16 -30.04 22.526
F 20.232 -29.356 20.107
T 16.487 -29.301 20.975
I 13.312 -28.829 18.845
S 10.226 -26.902 20.03
R 6.908 -26.23 18.212
D 4.502 -23.241 18.588
S 0.933 -24.268 17.508
A -0.54 -20.692 17.507
K 2.332 -19.222 15.378
N 2.541 -22.4 13.18
T 6.374 -22.403 13.705
V 8.994 -25.049 14.646
Y 12.36 -24.111 16.188
L 15.778 -25.818 16.294
Q 17.627 -24.466 19.335
M 21.37 -25.107 19.149
N 23.599 -24.901 22.272
S 27.365 -25.357 22.643
L 27.939 -25.053 18.879
K 31.069 -26.624 17.389
P 33.021 -25.741 14.162
E 31.791 -29.098 12.756
D 28.093 -27.928 13.098
T 28.719 -25.454 10.21
A 26.172 -26.393 7.53
V 22.999 -25.386 5.655
Y 20.014 -26.39 7.866
Y 16.776 -27.419 6.13
C 13.325 -27.978 7.664
A 10.979 -30.618 6.168
A 7.472 -32.035 6.687
T 6.425 -35.753 6.778
P 2.791 -37.043 7.132
Y 4.064 -39.745 9.597
G 4.207 -39.544 13.371
S 6.322 -42.644 14.136
R 9.909 -42.113 15.379
Y 10.997 -44.833 12.842
Y 9.846 -42.649 9.877
L 11.108 -39.309 11.386
R 14.848 -40.109 10.95
E 14.551 -41.094 7.223
L 15.129 -38.347 4.535
R 13.216 -40.512 1.982
E 9.965 -40.167 3.973
Y 9.614 -36.317 3.971
D 7.356 -34.739 1.251
Y 7.963 -30.944 1.717
W 11.302 -29.109 2.065
G 12.426 -25.643 3.144
Q 15.011 -23.664 1.162
G 17.743 -23.95 3.822
T 19.491 -21.479 6.155
Q 23.241 -21.163 6.556
V 24.759 -21.672 10.077
T 28.485 -20.804 10.205
V 30.306 -21.554 13.468
S 33.487 -19.468 13.821
S 36.379 -19.869 16.279
