tag x y z
S 16.671 -16.169 22.438
Q 13.85 -18.406 23.727
V 11.396 -15.563 23.277
Q 10.844 -14.717 19.607
L 8.457 -12.048 18.309
V 7.28 -12.058 14.681
E 5.216 -9.192 13.258
S 2.948 -9.439 10.241
G 0.198 -7.477 8.514
G 1.992 -4.458 7.067
G 1.502 -3.114 3.58
S 0.003 -0.313 1.522
V -3.154 1.289 2.938
Q -5.178 4.366 1.997
A -5.645 7.254 4.419
G -8.863 6.902 6.391
G -8.603 3.119 6.131
S -7.835 0.449 8.695
S -7.843 0.442 8.692
L -5.159 -2.204 9.098
R -4.541 -4.869 11.743
L -0.998 -5.854 12.68
S -0.239 -9.124 14.448
C 2.707 -10.198 16.573
V 3.177 -13.851 17.521
A 5.258 -14.481 20.644
S 6.902 -17.904 20.748
G 9.169 -19.594 23.256
D 9.156 -19.408 27.042
I 6.731 -16.492 27.309
K 5.012 -17.239 30.626
Y 6.67 -14.3 32.453
I 5.94 -11.636 29.823
S 3.824 -8.871 31.37
S 3.794 -8.893 31.339
Y 4.149 -6.03 28.827
L 3.669 -6.073 25.071
G 4.456 -2.899 23.177
W 4.109 -1.536 19.68
F 6.691 0.969 18.47
R 7.241 2.649 15.142
Q 10.321 4.04 13.414
A 10.62 6.002 10.203
P 13.952 5.588 8.371
G 16.702 7.479 10.161
K 14.326 8.612 12.917
E 13.641 7.674 16.513
R 11.865 4.485 17.557
E 8.769 5.86 19.29
G 6.195 4.15 21.467
V 2.743 3.735 19.948
A 0.776 1.458 22.268
A 1.426 -0.898 25.143
L -0.542 -3.529 27.018
Y 0.034 -4.634 30.598
T -1.155 -8.214 30.326
S -1.705 -8.896 34.035
T -4.732 -6.576 34.165
G -5.319 -5.606 30.525
R -4.49 -1.929 31.001
T -3.507 -0.163 27.789
Y -1.338 2.865 27.052
Y -1.354 4.96 23.89
A 0.727 7.766 22.482
D -1.267 10.987 22.184
S -0.924 10.852 18.387
V -2.799 7.537 18.085
K -5.113 7.455 21.113
G -8.667 6.895 19.929
R -7.519 5.517 16.556
F -5.391 2.496 17.471
T -6.187 -0.409 19.791
V -3.696 -2.898 21.227
S -5.052 -6.251 22.41
L -3.882 -9.76 23.299
D -5.436 -13.086 22.305
N -4.01 -15.362 24.998
A -5.405 -18.478 23.292
K -3.013 -17.624 20.455
N -0.017 -15.956 22.193
T -0.659 -13.179 19.674
V -0.868 -9.427 20.274
Y -2.572 -7.103 17.804
L -2.46 -3.454 16.811
Q -5.748 -2.472 15.184
M -5.059 0.782 13.339
N -8.128 2.778 12.305
S -8.487 6.167 10.614
L -4.969 5.86 9.246
K -3.015 9.012 8.372
P 0.098 9.553 6.229
E 1.869 10.49 9.472
D 1.386 6.833 10.538
T 3.774 5.547 7.847
A 6.687 3.77 9.544
L 8.235 0.401 10.338
Y 6.181 -1.028 13.213
Y 7.917 -3.142 15.859
C 6.532 -5.503 18.474
A 8.36 -5.666 21.811
A 8.008 -7.606 25.046
A 9.169 -7.405 28.668
E 8.725 -9.365 31.871
W 8.781 -6.152 33.925
G 10.112 -2.627 33.728
S 11.121 0.359 35.809
Q 10.23 3.222 33.45
S 7.404 4.129 31.075
P 5.977 1.178 29.101
L 5.95 3.477 26.044
T 9.761 3.93 26.075
Q 11.836 1.619 23.883
W 14.466 1.084 26.601
F 11.817 -0.621 28.765
Y 11.738 -3.682 26.498
R 14.004 -6.741 26.321
Y 12.64 -8.566 23.251
W 12.118 -7.025 19.813
G 10.65 -8.256 16.548
Q 11.8 -7.569 12.996
G 9.269 -4.885 12.107
T 6.434 -4.771 9.607
Q 6.162 -1.828 7.229
V 2.988 0.274 7.155
T 2.746 2.832 4.345
V -0.308 5.091 4.227
S -1.181 6.775 0.932
A -2.664 10.262 1.278
