tag x y z
P 37.69 21.726 56.518
S 34.806 19.351 55.807
Q 34.155 16.825 58.567
V 33.837 14.081 55.92
Q 36.11 13.523 52.921
L 35.312 11.303 49.935
V 37.92 10.189 47.385
E 36.958 8.28 44.228
S 39.338 6.096 42.252
G 39.163 3.448 39.551
G 38.222 5.481 36.484
G 39.335 4.219 33.102
S 38.383 3.301 29.553
V 36.528 0.091 28.656
Q 35.236 -1.381 25.416
A 31.46 -1.851 25.351
G 30.413 -5.009 27.176
G 33.349 -4.969 29.597
S 33.514 -4.138 33.28
L 35.165 -1.696 35.671
R 35.174 -1.246 39.447
L 35.14 2.159 41.12
S 35.843 2.781 44.786
C 35.137 5.661 47.155
A 37.157 6.045 50.36
A 35.297 7.803 53.184
S 37.183 9.42 56.056
G 36.564 11.824 58.909
Q 33.578 11.753 61.276
I 31.581 9.131 59.379
E 29.863 7.562 62.403
H 26.387 8.716 61.327
I 26.541 8.358 57.525
G 23.269 6.693 56.576
Y 23.408 7.166 52.81
L 26.073 6.656 50.143
G 25.312 7.477 46.525
W 26.939 7.168 43.125
F 26.162 9.883 40.572
R 27.454 10.646 37.094
Q 27.594 13.639 34.786
A 28.591 13.932 31.146
P 29.306 17.241 29.392
G 26.118 19.06 28.436
K 23.874 16.838 30.579
E 22.282 16.962 34.015
R 23.916 15.049 36.851
E 21.988 11.822 37.362
G 21.742 9.232 40.087
V 23.275 5.839 39.397
A 23.059 3.878 42.657
A 22.102 4.603 46.252
L 23.019 2.507 49.28
I 21.145 2.932 52.549
T 23.752 1.779 55.036
Y 21.432 1.064 57.983
T 18.898 -1.042 56.034
G 21.004 -2.517 53.235
H 18.497 -1.314 50.65
T 20.088 -0.478 47.306
Y 18.39 1.446 44.518
Y 19.54 1.705 40.916
A 18.684 3.891 37.969
D 16.497 2.027 35.49
S 19.25 2.27 32.868
V 21.865 0.519 35.046
K 19.695 -1.876 37.085
G 21.021 -5.405 36.711
R 24.385 -4.187 35.357
F 25.834 -2.173 38.27
T 26.263 -3.192 41.913
V 26.923 -0.858 44.857
S 28.385 -2.321 48.052
L 29.975 -1.123 51.298
D 33.071 -2.512 53.026
N 32.346 -1.142 56.499
A 35.755 -2.168 57.851
K 37.596 -0.22 55.143
N 34.952 2.552 55.023
T 35.042 2.153 51.238
V 31.969 1.946 49.004
Y 32.304 0.297 45.599
L 30.531 0.527 42.264
Q 30.993 -2.614 40.177
M 29.992 -1.773 36.597
N 29.279 -4.762 34.337
S 28.15 -4.903 30.696
L 29.208 -1.313 30.155
K 27.575 0.719 27.391
P 28.793 3.879 25.627
E 25.94 5.781 27.337
D 27.68 5.083 30.666
T 30.504 7.473 29.704
A 30.634 10.215 32.35
L 32.456 11.63 35.337
Y 31.379 9.478 38.297
Y 30.934 10.936 41.789
C 30.342 9.381 45.174
A 28.298 11.321 47.699
A 27.331 10.901 51.34
A 24.687 12.127 53.759
E 23.931 11.54 57.422
W 20.167 11.975 56.956
G 17.702 13.834 54.787
S 14.086 14.768 54.214
Q 14.134 14.407 50.437
S 14.714 11.498 48.055
P 17.994 9.565 48.531
L 17.969 9.079 44.74
T 18.541 12.802 44.071
Q 21.725 14.858 44.067
W 20.22 17.567 46.305
F 19.948 15.031 49.154
Y 23.72 14.69 49.619
R 26.001 16.992 51.625
Y 29.461 15.554 50.886
W 30.838 15.034 47.37
G 34.036 13.587 45.916
Q 36.127 14.995 43.076
G 34.866 12.51 40.492
T 36.563 9.854 38.384
Q 36.281 9.543 34.604
V 34.714 6.492 32.933
T 34.822 6.233 29.134
V 33.068 3.433 27.238
S 33.479 2.975 23.485
A 31.388 1.003 21.003
