tag x y z
P 35.791 19.499 55.413
S 32.356 17.998 54.786
Q 31.051 15.737 57.541
V 30.785 12.851 55.045
Q 33.256 12.25 52.212
L 32.248 9.943 49.363
V 34.832 9.124 46.688
E 33.893 7.229 43.532
S 36.092 5.111 41.283
G 35.476 2.306 38.808
G 34.546 4.356 35.753
G 35.418 2.933 32.369
S 34.195 1.886 28.948
V 32.583 -1.441 27.989
Q 30.702 -2.898 25.035
A 26.975 -3.641 24.916
G 26.129 -6.557 27.182
G 29.363 -6.194 29.159
S 29.829 -5.417 32.828
L 31.382 -2.852 35.171
R 31.348 -2.247 38.928
L 31.568 1.111 40.709
S 32.62 1.775 44.294
C 31.734 4.583 46.719
A 34.174 4.858 49.639
A 32.572 6.694 52.566
S 34.419 8.214 55.511
G 33.562 10.353 58.511
K 30.267 10.435 60.413
I 28.795 7.528 58.462
H 27.316 5.272 61.169
E 24.048 7.238 61.196
I 23.758 7.295 57.388
G 20.363 5.778 56.677
Y 20.344 5.965 52.884
L 22.865 5.459 50.092
G 22.015 6.178 46.475
W 23.324 5.969 42.927
F 22.458 8.706 40.413
R 23.541 9.314 36.827
Q 23.849 12.543 34.827
A 24.302 12.547 31.096
P 25.247 15.921 29.559
G 22.192 17.94 28.612
K 19.996 15.328 30.331
E 18.263 15.506 33.682
R 19.603 13.604 36.679
E 17.839 10.295 37.347
G 18.033 7.983 40.342
V 19.251 4.506 39.425
A 19.615 2.522 42.656
A 19.372 3.17 46.391
L 19.9 1.214 49.609
M 18.4 1.655 53.082
T 21.302 0.93 55.421
F 19.168 -0.544 58.216
Q 17.708 -3.737 56.726
G 19.665 -3.32 53.493
Q 16.488 -2.925 51.436
T 17.216 -1.836 47.869
Y 15.265 0.151 45.287
Y 15.86 0.448 41.547
A 14.669 2.577 38.664
D 12.562 0.748 36.078
S 15.29 1.213 33.463
V 17.962 -0.705 35.406
K 15.985 -3.112 37.622
G 17.192 -6.656 37.022
R 20.518 -5.42 35.602
F 22.052 -3.248 38.357
T 22.666 -4.199 41.994
V 23.615 -1.829 44.817
S 25.158 -3.324 47.95
L 27.0 -2.251 51.096
D 30.011 -3.875 52.755
N 29.79 -2.494 56.294
A 33.347 -3.639 57.043
K 34.84 -2.017 53.93
N 32.717 1.145 54.443
T 32.185 0.926 50.671
V 28.969 0.791 48.636
Y 29.145 -0.818 45.204
L 27.035 -0.504 42.066
Q 27.487 -3.708 40.065
M 26.217 -2.998 36.54
N 25.261 -6.008 34.404
S 24.181 -6.298 30.771
L 25.038 -2.662 30.131
K 23.249 -0.732 27.368
P 24.202 2.508 25.563
E 21.294 4.113 27.431
D 23.397 3.607 30.568
T 26.357 5.771 29.509
A 26.427 8.813 31.805
L 28.31 10.327 34.719
Y 27.474 8.243 37.791
Y 27.385 9.733 41.297
C 26.82 8.205 44.713
A 25.034 10.05 47.499
A 24.19 9.689 51.184
A 21.524 10.976 53.566
Y 20.51 10.591 57.204
W 16.768 10.643 56.484
G 14.338 11.218 53.646
K 10.874 12.593 52.93
Q 10.62 11.265 49.349
S 11.486 8.174 47.358
P 15.083 7.072 48.069
L 15.569 7.372 44.28
I 15.084 11.175 44.365
S 18.301 13.185 44.446
W 17.086 16.232 46.349
D 16.975 14.82 49.888
Y 20.531 13.428 49.827
S 23.008 15.745 51.538
Y 26.389 14.207 50.602
W 27.666 13.686 47.063
G 30.817 12.192 45.584
Q 32.795 13.459 42.618
G 31.359 11.163 39.951
T 32.705 8.615 37.49
Q 32.056 8.325 33.76
V 30.554 5.085 32.42
T 30.557 4.612 28.643
V 29.096 1.605 26.833
S 28.873 1.186 23.068
A 27.677 -1.186 20.359
