tag x y z
Q -0.86 -10.575 8.343
V -4.161 -11.054 10.158
Q -4.646 -8.117 12.521
L -6.92 -7.671 15.534
V -7.875 -4.385 17.202
E -9.447 -4.687 20.642
S -12.123 -2.629 22.388
G -15.171 -2.935 24.634
G -13.284 -2.886 27.933
G -14.457 -1.067 31.015
S -14.801 -0.955 34.782
V -18.233 -1.891 36.153
Q -19.714 -3.246 39.363
A -20.567 -6.864 40.086
G -23.916 -7.99 38.731
G -23.382 -5.713 35.746
S -22.459 -6.819 32.256
L -20.001 -5.865 29.535
R -19.464 -6.627 25.858
L -15.944 -6.922 24.478
S -15.19 -6.472 20.785
C -12.179 -7.263 18.6
A -12.057 -6.158 14.956
A -10.326 -8.48 12.475
S -8.615 -7.026 9.4
G -6.77 -8.566 6.47
K -6.701 -12.152 5.167
I -9.388 -13.01 7.746
H -11.604 -15.078 5.439
E -10.002 -18.5 5.979
I -9.998 -18.239 9.795
G -11.421 -21.325 11.477
Y -11.115 -20.519 15.183
L -11.609 -17.407 17.311
G -11.056 -17.393 21.055
W -11.128 -15.118 24.068
F -8.376 -15.434 26.668
R -7.726 -13.595 29.909
Q -4.727 -13.095 32.184
A -5.244 -12.116 35.815
P -2.571 -10.005 37.589
G 0.444 -12.291 37.888
K -1.328 -15.508 36.864
E -1.525 -17.808 33.867
R -3.369 -16.912 30.683
E -6.684 -18.771 30.62
G -8.969 -19.745 27.763
V -12.435 -18.289 28.363
A -14.484 -18.926 25.217
A -13.81 -20.155 21.695
L -15.802 -20.379 18.482
M -15.337 -22.606 15.436
T -16.039 -20.024 12.741
F -17.517 -22.49 10.242
Q -20.501 -24.21 11.895
G -20.569 -21.85 14.868
Q -19.846 -24.343 17.645
T -18.858 -22.773 20.967
Y -16.541 -23.786 23.807
Y -16.505 -22.271 27.299
A -14.285 -22.531 30.342
D -16.146 -23.833 33.39
S -15.561 -20.507 35.159
V -17.73 -18.547 32.698
K -19.982 -21.22 31.165
G -23.579 -20.013 31.325
R -22.478 -16.41 31.959
F -20.359 -15.553 28.9
T -21.303 -16.027 25.251
V -18.933 -15.748 22.285
S -20.466 -14.594 18.999
L -19.209 -13.587 15.554
D -20.846 -11.088 13.206
N -19.524 -12.196 9.819
A -21.018 -9.222 7.966
K -19.087 -6.898 10.308
N -15.803 -8.848 10.781
T -16.086 -8.646 14.566
V -16.134 -11.259 17.362
Y -17.989 -10.437 20.564
L -17.633 -11.64 24.141
Q -20.899 -10.921 25.95
M -20.001 -10.921 29.66
N -23.213 -11.289 31.647
S -23.362 -11.48 35.452
L -19.843 -10.188 36.001
K -18.04 -11.347 39.155
P -14.968 -9.815 40.833
E -12.851 -12.795 39.792
D -13.619 -11.841 36.175
T -11.148 -8.942 36.536
A -8.279 -9.628 34.14
L -6.736 -8.41 30.927
Y -8.78 -9.989 28.134
Y -7.341 -10.97 24.748
C -8.931 -12.254 21.551
A -7.09 -14.581 19.183
A -7.422 -16.179 15.751
A -6.106 -19.285 13.997
Y -6.632 -21.022 10.659
W -6.307 -24.622 11.899
G -6.208 -26.329 15.276
K -4.747 -29.579 16.597
Q -5.907 -28.996 20.187
S -8.949 -27.996 22.199
P -9.979 -24.532 20.937
L -9.605 -23.203 24.504
I -5.816 -23.775 24.585
S -3.898 -20.556 23.895
W -0.707 -21.926 22.296
D -2.957 -22.919 19.376
Y -3.498 -19.373 18.15
S -1.206 -17.389 15.855
Y -2.811 -13.935 16.118
W -3.555 -11.855 19.198
G -5.099 -8.589 20.341
Q -4.043 -5.786 22.641
G -5.388 -6.923 26.023
T -7.908 -4.693 27.791
Q -8.529 -4.474 31.541
V -12.052 -5.529 32.375
T -12.505 -4.522 36.006
V -15.38 -5.705 38.207
S -15.656 -4.335 41.748
A -17.729 -5.619 44.659
