tag x y z
V -7.849 11.814 -11.385
Q -6.947 12.635 -7.742
L -3.596 11.605 -6.154
V -2.759 11.471 -2.412
E 0.795 10.806 -1.143
S 1.92 9.454 2.264
G 5.31 8.426 3.715
G 7.479 11.557 3.757
G 9.493 12.76 6.747
L 12.884 13.279 8.368
V 15.431 10.523 7.818
Q 19.138 10.219 8.737
A 21.655 9.994 5.814
G 22.25 6.374 4.77
G 18.694 5.586 5.872
S 15.653 4.247 4.046
L 12.134 5.47 3.351
S 9.069 4.317 1.354
L 6.453 6.703 -0.133
S 2.919 5.699 -1.206
C 0.436 7.337 -3.616
S -3.27 6.422 -3.825
A -5.155 7.294 -7.022
S -8.903 7.784 -7.415
G -10.911 8.299 -10.62
R -12.202 6.586 -13.775
S -10.157 3.959 -15.752
L -6.813 4.344 -13.907
S -5.404 1.466 -16.077
N -5.005 4.131 -18.862
Y -2.456 6.066 -16.747
Y 1.293 5.965 -16.225
M 1.862 6.752 -12.524
G 5.105 8.055 -11.114
W 7.243 10.363 -9.024
F 8.841 13.785 -9.41
R 10.891 15.721 -6.841
Q 11.827 19.397 -6.501
A 14.247 20.872 -3.936
P 14.085 24.632 -2.996
G 16.119 26.659 -5.499
K 16.712 23.475 -7.604
E 15.159 22.169 -10.884
R 12.113 19.834 -10.932
E 12.968 16.321 -11.979
L 11.175 13.124 -12.993
L 12.442 10.162 -10.916
G 10.463 7.453 -12.639
N 7.132 5.96 -13.666
I 5.2 2.69 -13.948
S 2.244 1.974 -16.256
W -0.671 -0.484 -15.661
R 0.555 -4.048 -14.788
G 4.152 -2.651 -14.761
Y 4.639 -2.928 -18.585
N 6.66 0.319 -18.765
I 9.166 1.265 -16.042
Y 11.539 4.228 -16.06
Y 14.159 5.357 -13.515
K 16.237 8.547 -13.787
D 19.966 7.467 -13.895
S 20.791 9.307 -10.602
V 18.31 7.117 -8.581
K 18.684 3.839 -10.581
G 19.831 1.019 -8.284
R 18.695 2.694 -5.023
F 15.084 3.673 -5.791
T 12.377 1.086 -6.669
I 8.906 1.877 -8.046
S 6.026 -0.621 -7.691
R 2.286 -0.624 -8.453
D -0.762 -2.383 -6.989
D -3.515 -2.256 -9.65
A -6.155 -3.728 -7.297
K -5.517 -0.824 -4.826
N -4.633 1.802 -7.529
T -1.536 2.661 -5.485
I 2.132 3.244 -6.397
Y 5.121 2.996 -4.052
L 8.575 4.569 -4.101
Q 11.154 2.571 -2.089
M 14.214 4.792 -1.422
N 17.434 3.236 -0.074
R 20.787 4.694 1.086
L 19.303 8.228 1.247
K 21.737 11.13 0.881
P 21.421 14.91 1.708
E 20.915 15.601 -2.052
D 17.641 13.577 -1.878
T 16.103 16.354 0.302
A 13.082 17.64 -1.666
V 9.314 17.597 -1.879
Y 8.276 14.402 -3.718
Y 5.213 14.593 -5.958
C 3.099 11.792 -7.25
A 1.95 12.303 -10.916
A -0.311 10.516 -13.39
S -0.774 10.898 -17.18
I -2.164 8.768 -20.036
L 1.195 9.625 -21.717
P 4.625 8.612 -20.283
L 5.648 11.164 -17.647
S 8.298 13.572 -18.78
D 10.751 16.221 -17.625
D 8.563 18.592 -19.738
P 5.058 17.767 -18.21
G 1.929 19.218 -19.837
W -1.721 19.905 -18.991
N -2.654 16.245 -19.276
T -0.66 15.302 -16.142
Y -2.32 15.19 -12.692
W -0.485 15.91 -9.455
G -0.507 14.946 -5.801
Q -0.243 17.349 -2.829
G 3.495 16.636 -2.415
T 5.364 14.997 0.512
Q 8.469 16.458 2.178
V 11.559 14.229 2.574
T 14.463 15.702 4.572
V 17.775 13.839 4.773
S 20.383 14.3 7.642
