tag x y z
Q -46.031 -22.655 32.35
L -42.91 -24.681 33.464
Q -40.782 -27.052 31.329
E -37.683 -28.954 32.5
S -34.924 -29.974 30.049
G -31.603 -31.804 30.337
G -31.446 -34.938 32.425
G -31.074 -38.581 31.493
L -28.103 -40.835 32.264
V -24.784 -39.891 33.93
Q -21.843 -41.915 35.39
P -21.343 -41.605 39.239
G -19.026 -38.658 39.992
G -20.285 -37.019 36.771
S -22.02 -33.706 36.095
L -25.449 -32.795 34.655
R -27.197 -29.455 33.884
L -31.002 -29.167 34.226
S -32.949 -26.199 32.837
C -36.345 -24.82 33.691
A -37.896 -22.49 31.101
A -41.047 -20.428 31.676
S -43.554 -20.777 28.807
G -46.329 -18.273 28.113
R -45.707 -15.982 31.108
T -41.957 -15.402 31.41
F -40.141 -15.054 34.809
S -39.355 -11.365 33.942
D -43.017 -10.332 34.483
H -44.494 -10.893 37.972
S -47.285 -9.1 39.948
G -45.278 -9.527 43.174
Y -41.744 -8.572 44.212
T -40.34 -11.532 42.21
Y -40.851 -15.131 41.057
T -39.311 -17.702 43.412
I -38.133 -20.802 41.532
G -37.432 -24.083 43.28
W -35.946 -27.396 42.193
F -37.324 -30.552 43.819
R -36.732 -34.292 43.4
Q -38.827 -37.409 43.992
A -37.124 -40.828 44.26
P -39.547 -43.787 43.739
G -41.754 -44.448 46.777
K -40.156 -41.523 48.67
E -41.626 -38.071 49.433
R -40.869 -35.09 47.12
E -37.869 -33.239 48.561
F -36.461 -29.722 48.22
V -33.172 -29.39 46.299
A -32.497 -25.65 45.658
R -34.244 -22.273 45.466
I -33.447 -19.033 43.58
Y -35.257 -15.644 43.578
W -35.597 -14.322 40.04
S -34.974 -10.71 41.255
S -31.82 -11.118 43.373
G -30.437 -14.514 42.296
N -30.127 -15.385 46.043
T -30.05 -19.108 46.745
Y -30.77 -21.855 49.288
Y -29.605 -25.489 49.035
A -30.55 -28.73 50.818
D -27.652 -29.847 53.118
S -26.775 -32.887 50.913
V -26.456 -30.701 47.715
K -24.776 -27.551 49.192
G -21.279 -27.154 47.64
R -21.879 -29.62 44.725
F -25.034 -28.178 43.094
A -25.491 -24.642 41.785
I -28.879 -23.044 41.008
S -28.568 -20.116 38.511
R -30.883 -17.697 36.727
D -30.245 -17.033 32.988
I -32.121 -13.676 32.689
A -31.422 -13.587 28.882
K -32.791 -17.099 28.125
N -35.54 -16.772 30.866
T -34.362 -20.083 32.368
V -33.507 -21.358 35.861
D -30.557 -23.8 35.67
L -29.442 -26.446 38.155
T -25.788 -27.539 37.647
M -25.38 -30.841 39.537
N -21.821 -32.118 40.221
N -20.375 -35.105 42.185
L -23.445 -37.232 41.378
E -24.033 -40.502 43.201
P -26.581 -43.374 42.5
E -29.035 -42.19 45.222
D -29.328 -38.82 43.326
T -31.457 -40.83 40.766
A -34.96 -39.298 40.802
V -37.438 -37.333 38.796
Y -36.411 -33.663 39.139
Y -39.148 -31.013 39.171
C -39.165 -27.278 38.656
A -41.648 -25.235 40.741
A -42.478 -21.525 40.787
R -44.386 -18.971 42.88
D -45.189 -15.334 41.97
G -44.093 -14.007 45.38
I -41.82 -14.907 48.329
P -42.641 -18.209 50.161
T -42.055 -18.386 53.952
S -41.29 -22.143 53.631
R -39.286 -24.597 51.428
S -42.244 -27.033 51.721
V -43.63 -28.664 48.538
E -47.042 -27.143 49.668
S -45.563 -23.58 49.262
Y -45.449 -23.941 45.433
N -48.559 -24.251 43.219
Y -47.066 -24.351 39.694
W -45.015 -27.325 38.619
G -43.234 -28.653 35.554
Q -43.901 -32.22 34.34
G -40.515 -33.384 35.684
T -37.328 -34.861 34.211
Q -35.71 -38.207 35.054
V -32.053 -38.132 36.236
T -30.292 -41.526 36.459
V -26.854 -41.842 38.015
S -25.347 -45.282 37.086
S -22.299 -47.147 35.624
