tag x y z
Q -25.607 42.279 -7.917
V -24.151 38.729 -7.723
Q -20.325 38.862 -7.559
L -17.847 36.328 -8.978
V -14.689 35.764 -6.906
E -11.793 33.618 -8.158
E -11.772 33.617 -8.174
S -9.167 31.69 -6.176
G -6.925 28.619 -6.606
G -4.157 30.155 -8.692
G -0.448 29.802 -7.97
L 3.091 28.974 -9.108
V 3.769 25.397 -10.214
Q 6.293 23.472 -12.368
A 5.511 21.925 -15.767
G 3.326 18.817 -15.54
G 1.721 20.167 -12.346
T -1.956 20.434 -11.31
L -4.14 23.317 -10.021
K -7.882 23.766 -9.512
L -9.383 27.213 -10.006
S -12.579 28.16 -8.169
C -15.097 30.826 -9.215
A -17.397 31.5 -6.275
A -20.72 33.163 -7.047
S -22.164 35.132 -4.026
G -25.546 33.508 -4.843
S -27.622 31.873 -7.6
I -27.845 33.932 -10.811
S -31.451 34.052 -12.063
G -31.599 33.288 -15.789
I -28.053 31.78 -15.949
V -27.27 30.497 -19.47
V -23.466 29.781 -19.558
V -23.5 29.745 -19.525
M -20.444 30.076 -17.228
A -16.931 30.211 -18.666
W -13.194 30.546 -18.063
Y -11.007 32.953 -20.015
R -7.285 33.723 -19.783
Q -4.939 36.598 -20.624
Q -4.961 36.643 -20.582
A -1.267 35.717 -21.249
P 1.608 38.324 -21.288
G 1.114 40.765 -24.194
K -1.915 38.788 -25.478
Q -5.679 39.405 -25.757
R -8.214 37.764 -23.418
E -9.131 34.337 -24.893
L -11.796 31.677 -24.161
V -10.524 28.602 -22.282
A -13.726 26.628 -21.51
S -17.502 27.033 -21.194
I -20.367 25.126 -19.519
T -24.077 25.689 -20.245
S -26.715 25.452 -17.439
G -27.645 22.081 -19.043
G -24.047 20.846 -18.664
T -22.719 21.103 -22.262
T -18.93 21.701 -22.182
N -16.696 23.315 -24.838
Y -12.911 23.786 -24.744
A -10.381 25.846 -26.684
D -8.029 23.588 -28.742
S -5.033 24.764 -26.631
V -6.481 23.21 -23.413
K -8.743 20.39 -24.724
G -7.868 17.08 -23.027
R -5.815 18.683 -20.182
F -8.392 20.985 -18.549
T -11.927 20.219 -17.273
T -11.941 20.273 -17.323
I -14.692 22.728 -16.464
S -17.369 21.792 -13.895
K -20.173 23.443 -11.906
D -21.33 22.591 -8.338
N -24.812 24.165 -7.994
A -25.114 23.246 -4.257
E -21.937 25.318 -3.602
N -22.625 27.907 -6.395
T -19.013 27.384 -7.571
L -17.524 27.005 -11.056
Y -14.288 25.013 -11.291
L -11.391 24.637 -13.74
R -9.383 21.465 -13.141
M -5.938 22.083 -14.694
N -3.809 18.964 -15.407
S -0.514 18.539 -17.327
L 0.246 22.273 -16.97
K 2.672 23.839 -19.464
P 4.59 27.189 -19.325
E 2.298 28.378 -22.208
D -0.646 28.156 -19.708
T 0.852 31.066 -17.678
A -1.831 33.81 -17.556
V -4.409 35.615 -15.427
Y -7.554 33.428 -15.525
Y -11.028 34.991 -15.384
C -14.47 33.507 -14.898
K -17.599 34.876 -16.586
A -21.338 34.328 -16.083
F -23.692 35.048 -19.003
F -27.333 35.413 -17.954
R -30.643 36.838 -19.23
R -30.618 36.864 -19.217
R -33.034 39.395 -17.704
D -36.207 40.042 -19.739
Y -34.637 38.254 -22.802
V -31.543 40.62 -22.711
G -28.096 39.036 -22.223
Y -25.619 40.428 -19.641
D -22.063 39.471 -18.515
Y -20.596 39.272 -14.995
W -16.782 38.899 -14.63
G -14.45 37.837 -11.839
Q -11.341 39.799 -10.723
G -8.904 37.154 -12.062
T -6.421 34.661 -10.513
Q -2.754 34.31 -11.518
V -1.468 30.955 -12.825
T 2.298 30.685 -13.413
V 3.911 27.531 -14.829
S 7.755 27.355 -14.86
S 10.033 25.078 -17.022
