tag x y z
Q 11.629 2.196 -4.856
V 15.273 2.102 -6.285
Q 14.707 5.733 -7.41
L 11.691 7.869 -6.346
V 11.308 11.319 -7.959
E 8.753 13.829 -6.725
S 7.074 16.708 -8.51
G 3.837 18.705 -8.341
G 4.694 21.037 -5.473
G 4.414 24.8 -5.586
L 3.083 28.035 -4.091
V -0.725 28.156 -3.933
Q -3.459 30.282 -2.361
A -5.326 28.992 0.822
G -8.282 26.877 -0.387
G -6.245 25.818 -3.435
T -5.456 22.396 -4.953
L -2.197 20.598 -5.862
K -1.39 17.033 -6.941
L 1.927 15.56 -5.897
S 3.507 12.813 -8.01
C 6.069 10.264 -6.825
A 7.544 8.547 -9.892
A 9.265 5.2 -9.274
S 12.339 4.406 -11.571
G 10.547 1.139 -12.346
S 8.764 -1.803 -10.652
G 8.863 -6.911 -2.724
I 6.787 -3.645 -2.44
V 4.632 -3.63 0.756
V 3.574 0.024 1.266
M 4.046 3.476 -0.254
A 3.491 6.644 1.745
W 3.606 10.447 1.903
Y 5.298 12.311 4.73
R 5.832 16.019 5.372
Q 8.332 18.121 7.283
A 7.496 21.734 8.244
P 10.361 24.245 9.107
G 12.214 23.084 12.253
K 9.687 20.252 12.832
Q 9.817 16.433 12.838
R 8.901 14.453 9.712
E 5.291 13.269 10.057
L 3.134 10.715 8.224
V 0.501 12.222 5.896
A -0.939 9.135 4.149
S -0.091 5.493 3.335
I -1.28 2.876 0.828
T -0.521 -0.864 1.03
S 0.042 -2.977 -2.155
G -3.465 -4.374 -1.442
G -4.93 -0.84 -1.517
T -5.53 -0.15 2.215
T -5.334 3.639 2.822
N -4.575 5.452 6.09
Y -4.487 9.21 6.708
A -3.203 11.494 9.462
D -6.164 13.2 11.256
S -4.904 16.649 10.073
V -5.42 15.752 6.358
K -8.483 13.35 6.412
G -11.037 14.104 3.694
R -8.952 16.923 2.181
F -6.114 14.721 0.813
T -6.323 11.445 -1.15
I -3.483 8.937 -1.743
S -3.539 6.706 -4.842
K -1.204 4.368 -6.731
D -1.16 3.829 -10.501
N 0.781 0.564 -11.06
A 0.656 0.901 -14.891
E 2.514 4.26 -14.561
N 4.536 3.218 -11.425
T 3.428 6.526 -9.813
L 2.159 7.354 -6.333
Y -0.113 10.401 -6.052
L -1.309 12.785 -3.338
R -4.302 14.899 -4.442
M -4.549 17.86 -2.039
N -7.776 19.883 -1.762
S -8.8 22.762 0.575
L -5.125 23.606 1.265
K -4.34 25.567 4.454
P -1.174 27.535 5.512
E -0.607 24.753 8.145
D -0.004 22.345 5.169
T 3.211 24.264 4.245
A 6.107 21.746 4.293
V 8.508 19.684 2.174
Y 6.56 16.549 1.178
Y 8.354 13.236 0.785
C 7.297 9.919 -0.643
K 8.535 6.599 0.744
A 8.54 3.024 -0.555
F 8.957 0.101 1.82
F 9.84 -3.327 0.534
R 11.407 -6.656 1.42
R 14.418 -8.237 -0.368
D 15.558 -11.668 0.925
Y 13.318 -11.226 4.07
V 15.05 -7.855 4.954
G 12.972 -4.624 5.068
Y 14.22 -1.453 3.33
D 13.03 2.162 2.894
Y 13.622 4.342 -0.156
W 12.779 7.994 -0.017
G 12.119 10.653 -2.638
Q 14.057 13.961 -2.704
G 11.054 16.007 -1.522
T 8.806 18.635 -3.119
Q 8.039 22.035 -1.539
V 4.391 22.953 -0.845
T 3.734 26.524 0.331
V 0.199 27.701 1.088
S -0.115 31.506 1.356
S -2.745 33.157 3.594
