tag x y z
Q 34.515 32.248 -26.879
V 38.298 32.441 -27.378
Q 39.918 35.861 -26.934
L 42.966 37.051 -28.88
Q 44.553 40.414 -28.111
E 47.981 41.277 -29.472
S 50.618 43.928 -28.694
G 53.871 45.424 -29.945
G 54.95 46.936 -33.224
G 56.013 50.204 -34.739
L 58.66 51.52 -35.944
V 62.646 50.692 -35.061
Q 66.247 51.592 -35.932
P 68.363 48.98 -37.751
G 70.149 46.696 -35.301
G 67.433 47.498 -32.752
S 65.123 45.105 -30.927
L 61.321 44.81 -30.862
R 59.11 42.28 -29.038
L 55.801 41.425 -30.666
S 53.438 39.589 -28.291
C 49.984 38.15 -28.681
V 47.66 36.588 -26.077
V 45.011 33.902 -26.353
S 42.6 33.391 -23.511
G 39.148 32.059 -22.935
D 38.681 28.764 -21.28
R 40.513 25.512 -21.721
R 41.537 24.049 -25.039
T 44.186 21.862 -26.605
I 46.813 23.883 -28.272
Y 48.55 22.405 -31.318
T 50.732 25.046 -32.951
M 51.329 28.696 -33.158
G 53.372 31.156 -35.078
W 53.91 34.467 -36.799
F 53.418 35.536 -40.439
R 54.769 38.627 -42.214
Q 53.972 40.421 -45.46
A 55.664 43.395 -47.049
P 53.799 45.337 -49.749
G 53.935 44.202 -53.344
N 55.121 40.641 -52.77
Q 53.97 37.346 -51.337
G 54.186 37.02 -47.579
E 56.194 34.492 -45.653
L 55.675 32.504 -42.471
V 58.091 33.901 -39.921
A 58.117 31.339 -37.143
T 56.271 28.338 -35.81
M 56.08 26.411 -32.551
T 54.302 23.143 -31.798
S 52.831 22.537 -28.349
S 55.904 20.305 -27.904
G 58.28 23.213 -28.383
V 59.354 22.25 -31.904
T 60.133 25.484 -33.725
T 60.732 26.445 -37.31
Y 62.124 29.815 -38.416
V 62.522 31.178 -41.912
D 66.048 31.367 -43.263
S 66.304 35.188 -43.43
V 65.545 35.567 -39.714
K 67.691 32.709 -38.399
G 69.549 33.78 -35.283
R 67.778 37.137 -34.942
F 64.116 36.327 -34.255
S 63.237 33.849 -31.558
I 59.532 32.585 -30.804
S 58.714 31.885 -27.185
R 55.597 31.031 -25.227
D 53.88 31.279 -21.838
S 51.235 28.752 -20.771
A 49.798 30.47 -17.706
E 49.691 27.125 -15.929
D 48.016 25.745 -19.032
S 44.927 26.643 -17.23
A 43.799 29.826 -18.938
K 45.913 31.567 -21.628
N 48.971 31.312 -23.656
T 50.9 34.352 -24.638
V 53.117 33.908 -27.687
S 56.058 36.289 -28.081
L 58.033 37.028 -31.192
Q 61.37 38.477 -30.12
M 63.074 40.307 -32.97
N 66.716 41.379 -32.562
S 69.363 42.879 -34.852
L 66.464 44.104 -36.984
K 67.329 44.535 -40.648
P 65.191 46.732 -42.932
E 64.08 43.627 -44.86
D 62.095 42.835 -41.703
T 59.736 45.75 -42.427
A 56.309 44.13 -42.818
F 52.811 43.628 -41.401
Y 53.14 40.964 -38.686
T 50.232 38.715 -37.619
C 50.137 35.865 -35.104
Y 48.036 32.705 -35.061
E 47.261 29.72 -32.845
E 45.646 26.38 -33.649
S 43.792 25.043 -30.969
R 40.593 22.703 -30.24
R 38.224 23.269 -27.368
P 36.627 20.227 -25.733
L 34.09 18.686 -28.132
G 34.815 21.669 -30.389
S 36.294 22.73 -33.672
R 39.941 22.684 -34.72
N 40.411 26.397 -35.327
T 43.319 28.552 -36.063
Y 42.942 32.076 -34.601
W 44.585 35.062 -36.259
G 45.557 38.5 -35.027
Q 44.732 41.948 -36.278
G 48.391 42.251 -37.195
T 50.706 45.192 -36.656
Q 53.085 47.109 -38.908
V 56.8 46.949 -38.143
T 58.983 49.445 -39.975
V 62.76 49.122 -39.727
S 64.122 52.285 -41.339
S 67.521 53.942 -40.941
