tag x y z
Q 20.013 -36.871 15.945
V 22.401 -35.979 18.799
Q 21.574 -36.46 22.528
L 23.442 -34.478 25.17
V 23.439 -35.077 28.926
E 25.249 -32.688 31.321
S 26.662 -33.655 34.749
G 29.118 -32.216 37.3
G 27.097 -29.163 38.366
G 26.756 -28.013 41.966
L 27.618 -25.572 44.74
V 31.194 -24.225 45.141
Q 32.818 -21.365 47.097
A 34.401 -18.285 45.432
G 37.888 -18.999 44.03
G 36.905 -22.676 43.771
T 36.88 -25.252 40.939
L 34.296 -27.423 39.072
K 34.456 -29.822 36.138
L 31.332 -30.124 33.981
S 30.738 -33.123 31.705
C 28.529 -33.655 28.677
A 28.009 -37.123 27.222
A 27.198 -37.07 23.518
S 25.37 -39.969 21.779
G 23.634 -40.655 18.443
S 25.003 -39.389 15.108
I 28.339 -38.171 16.559
S 30.157 -38.117 13.147
G 28.134 -35.03 12.108
I 29.21 -32.781 15.056
V 31.122 -29.691 13.741
V 31.626 -27.756 17.007
M 30.601 -28.276 20.654
A 29.974 -25.463 23.123
W 29.084 -24.49 26.682
Y 26.425 -21.796 27.177
R 25.16 -20.327 30.449
Q 22.011 -18.531 31.634
A 22.395 -16.491 34.837
P 19.156 -15.472 36.717
G 17.469 -12.567 34.897
K 20.175 -12.486 32.173
Q 20.217 -13.601 28.49
R 21.901 -16.908 27.398
E 25.652 -16.439 26.736
L 28.366 -18.43 24.933
V 31.056 -19.509 27.458
A 33.506 -21.718 25.489
S 33.603 -23.685 22.232
I 35.664 -26.512 20.688
T 35.683 -27.593 17.015
S 35.74 -31.334 16.082
G 39.458 -30.801 15.285
G 40.114 -29.433 18.796
T 40.333 -25.642 18.215
T 39.205 -23.858 21.439
N 37.614 -20.386 21.932
Y 36.518 -18.571 25.105
A 34.294 -15.612 25.945
D 36.309 -12.682 27.447
S 34.551 -13.116 30.829
V 35.928 -16.694 31.337
K 39.219 -16.497 29.3
G 42.223 -17.718 31.295
R 39.966 -19.271 34.008
F 37.966 -21.969 32.114
T 39.244 -24.877 29.986
I 37.123 -26.632 27.357
S 38.273 -30.127 26.261
K 36.888 -33.207 24.484
D 37.426 -36.98 24.919
N 36.696 -38.463 21.46
A 37.111 -42.114 22.667
E 34.263 -41.511 25.188
N 32.371 -38.803 23.146
T 32.45 -36.544 26.271
L 32.727 -32.718 26.377
Y 34.387 -31.181 29.468
L 34.49 -27.729 31.095
R 37.119 -27.218 33.815
M 36.273 -23.976 35.681
N 38.929 -22.348 37.923
S 38.751 -19.17 40.12
L 34.924 -19.286 40.151
K 33.254 -15.931 40.977
P 29.587 -15.265 42.074
E 28.87 -13.936 38.501
D 29.611 -17.499 37.194
T 26.377 -18.74 38.963
A 24.078 -19.985 36.142
V 22.458 -22.995 34.451
Y 25.166 -24.392 32.125
Y 24.046 -25.892 28.819
C 25.923 -28.278 26.545
K 25.428 -27.591 22.813
A 26.401 -29.39 19.639
F 26.366 -27.823 16.213
F 25.644 -30.787 13.889
R 25.949 -31.134 10.099
R 23.773 -33.363 7.877
D 23.413 -33.137 4.075
Y 24.821 -29.561 3.717
V 22.587 -28.194 6.558
G 23.455 -27.203 10.124
Y 21.435 -28.146 13.253
D 21.526 -27.307 16.971
Y 21.225 -29.892 19.744
W 21.07 -28.891 23.415
G 21.331 -30.655 26.75
Q 18.869 -30.122 29.63
G 21.361 -27.987 31.587
T 23.179 -28.296 34.929
Q 23.021 -25.815 37.853
V 26.303 -24.209 38.904
T 26.19 -22.03 42.057
V 29.131 -19.946 43.297
S 28.623 -18.686 46.875
S 30.258 -15.531 48.301
