tag x y z
Q -39.35 173.247 10.321
V -38.006 170.481 8.059
Q -39.92 168.707 5.284
L -38.756 165.271 4.123
V -39.62 163.228 1.018
E -38.377 159.676 0.429
S -38.144 158.172 -3.05
G -36.551 155.27 -4.882
G -38.574 152.437 -3.373
G -40.212 149.619 -5.266
S -40.612 145.88 -5.72
V -37.472 143.751 -6.112
Q -36.3 140.208 -5.365
A -33.816 138.889 -2.804
G -30.054 139.303 -3.219
D -30.646 142.58 -5.089
S -29.548 146.067 -4.082
L -31.707 149.197 -3.937
R -30.94 152.838 -3.136
L -33.255 155.095 -1.13
S -32.993 158.876 -1.079
C -34.402 161.464 1.327
T -34.768 164.984 -0.08
A -34.948 167.613 2.657
S -36.249 171.172 2.438
G -36.933 173.999 4.86
R -34.654 174.867 7.773
T -30.917 174.441 7.166
F -30.296 170.76 6.454
T -26.805 170.692 7.985
N -28.339 171.636 11.347
Y -30.003 168.239 11.763
G -28.876 164.688 12.239
M -30.675 162.261 9.959
G -31.861 158.684 10.365
W -33.61 155.9 8.465
F -36.4 153.853 10.062
R -38.48 151.006 8.635
Q -41.898 149.742 9.724
A -43.465 146.515 8.408
P -47.274 146.218 8.579
G -48.627 145.605 12.075
K -45.148 146.095 13.58
E -43.738 149.327 15.032
R -41.042 151.525 13.515
E -37.531 150.108 13.739
F -34.148 151.802 13.611
V -32.228 151.166 10.393
A -29.351 153.669 10.402
A -28.442 157.197 11.464
I -25.878 159.831 10.489
G -24.437 163.063 11.879
R -24.381 166.577 10.454
F -21.301 166.108 8.263
G -21.466 162.356 7.611
F -20.315 161.249 11.076
P -20.87 159.566 13.33
L -22.602 156.619 11.666
Y -24.79 154.044 13.4
Y -26.48 150.988 11.897
S -28.84 148.486 13.472
D -27.418 144.982 13.647
S -30.024 143.46 11.307
V -28.573 145.601 8.462
K -25.015 146.304 9.593
G -22.463 145.379 6.947
R -25.242 145.264 4.339
F -26.622 148.837 4.243
T -24.824 152.178 4.026
I -26.151 155.629 4.954
S -24.695 158.857 3.576
R -25.683 162.458 2.94
D -24.971 165.148 0.348
N -25.291 168.448 2.19
A -24.888 170.521 -0.977
K -27.968 168.665 -2.273
T -29.653 168.401 1.164
T -30.315 164.706 0.605
V -29.875 161.562 2.702
Y -29.138 158.234 1.018
L -29.758 154.641 2.107
Q -27.668 152.149 0.111
M -29.17 148.666 0.526
H -27.192 145.532 -0.388
N -28.012 141.822 -0.078
L -31.726 142.588 0.246
K -33.949 140.001 1.934
P -37.654 139.423 2.586
E -37.198 140.521 6.21
D -36.104 143.941 4.911
T -39.609 144.422 3.461
A -41.236 147.464 5.075
I -42.156 151.095 4.585
Y -38.973 153.142 4.981
F -38.766 156.547 6.685
C -36.165 159.255 7.034
A -36.316 161.535 10.053
A -34.492 164.618 11.292
R -33.339 165.073 14.882
N -31.297 167.539 16.847
P -27.803 166.08 16.302
R -27.108 165.059 19.918
A -30.469 163.373 20.591
T -29.924 159.616 20.827
A -29.711 158.609 17.193
E -31.387 155.198 17.273
D -34.723 156.065 18.938
V -37.992 157.089 17.298
S -38.705 159.53 20.14
A -35.51 161.526 19.547
Y -36.662 162.633 16.102
D -38.735 165.707 15.279
Y -39.5 165.616 11.531
W -40.665 162.61 9.506
G -41.224 161.78 5.86
Q -44.174 159.791 4.566
G -42.141 156.73 3.527
T -41.533 154.628 0.426
Q -42.605 151.0 0.124
V -39.837 148.396 -0.231
T -40.99 144.813 -0.86
V -38.652 141.859 -1.384
