tag x y z
V -6.065 -17.858 24.615
Q -9.76 -18.662 24.178
L -12.085 -16.871 21.756
V -15.855 -16.771 22.313
E -17.992 -14.936 19.747
S -21.624 -13.88 20.064
G -24.133 -11.385 18.707
G -25.144 -12.801 15.322
G -28.661 -13.071 13.984
L -31.01 -12.724 11.035
V -31.959 -9.138 10.155
V -31.962 -9.14 10.152
Q -33.412 -7.205 7.234
A -31.264 -5.074 4.946
G -30.532 -1.801 6.71
G -30.651 -3.449 10.139
S -28.062 -3.555 12.887
S -28.068 -3.547 12.896
L -26.24 -6.097 15.038
R -23.448 -5.956 17.613
L -20.933 -8.793 17.705
S -18.784 -9.397 20.77
C -15.662 -11.499 21.294
C -15.663 -11.5 21.297
V -14.524 -12.314 24.838
V -10.85 -13.277 25.058
S -9.151 -15.008 27.967
G -6.074 -13.392 29.462
S -4.916 -9.878 28.597
A -4.755 -10.184 24.804
V -7.369 -7.464 24.25
S -5.239 -5.065 26.306
D -1.895 -5.996 24.718
Y -2.338 -7.127 21.096
A -4.117 -6.022 17.944
M -7.412 -7.802 17.287
G -9.385 -8.334 14.103
W -12.859 -9.375 13.049
Y -13.037 -11.784 10.114
R -15.899 -13.19 8.072
Q -16.382 -16.087 5.67
A -19.402 -16.494 3.429
P -20.36 -20.052 2.399
G -17.89 -21.335 -0.183
K -15.789 -18.15 -0.242
Q -12.465 -17.285 1.362
R -12.269 -15.807 4.849
E -11.379 -12.113 4.893
L -10.421 -9.509 7.467
V -13.253 -7.019 7.996
A -11.966 -4.721 10.75
A -8.857 -4.414 12.899
I -8.156 -2.558 16.141
Y -4.524 -1.994 17.087
N -2.924 -1.687 20.517
S -2.882 2.112 20.166
G -6.65 2.107 19.614
R -6.228 2.848 15.906
T -8.682 1.07 13.615
N -8.71 -0.09 10.005
Y -11.58 -1.402 7.885
V -12.049 -2.984 4.495
D -13.473 -0.35 2.167
S -16.781 -2.21 1.819
V -17.703 -1.695 5.503
K -16.095 1.706 6.182
G -18.663 4.024 7.747
R -21.081 1.163 8.497
F -19.078 -1.029 10.894
T -17.202 0.173 13.98
I -14.693 -1.95 15.898
S -13.893 -1.144 19.525
K -12.803 -2.888 22.706
D -13.206 -2.865 26.482
N -10.048 -3.941 28.304
A -11.839 -4.472 31.623
K -14.325 -6.853 29.975
K -11.654 -8.456 27.743
T -14.05 -7.912 24.841
V -13.772 -6.753 21.234
Y -16.975 -5.403 19.68
L -18.133 -5.023 16.084
Q -21.092 -2.66 15.774
M -22.647 -3.457 12.385
N -25.007 -0.754 11.122
S -26.743 -0.365 7.757
L -26.324 -4.076 7.077
K -26.392 -5.27 3.467
P -27.036 -8.74 1.996
E -23.342 -8.89 1.046
D -22.53 -8.902 4.791
T -24.069 -12.372 5.243
A -21.321 -14.627 6.586
D -19.938 -16.419 9.615
Y -17.966 -13.922 11.699
F -14.85 -14.709 13.725
C -12.469 -12.71 15.896
C -12.469 -12.71 15.894
N -8.794 -13.488 16.423
L -5.417 -11.89 17.006
L -4.135 -9.837 14.101
G -1.558 -12.064 12.452
A -3.303 -15.313 13.367
T -4.636 -15.725 9.824
T -1.234 -14.964 8.286
M 0.487 -17.682 10.306
S 0.036 -21.347 9.494
N -1.973 -23.608 11.813
A -4.329 -20.95 13.172
V -6.93 -21.805 15.818
W -10.402 -20.287 15.474
G -13.484 -20.111 17.654
Q -17.018 -21.218 16.893
G -17.883 -17.844 15.359
T -21.323 -16.28 15.142
Q -23.635 -16.363 12.131
V -24.987 -13.22 10.457
T -27.71 -13.263 7.796
V -29.044 -10.145 6.063
S -32.167 -11.077 4.124
S -34.377 -9.336 1.539
