tag x y z
Q -9.888 -21.84 115.111
V -10.28 -22.932 111.505
Q -9.267 -26.279 110.016
L -7.733 -25.971 106.535
V -6.679 -28.579 103.948
E -4.863 -27.551 100.76
S -4.468 -29.711 97.668
G -3.632 -29.572 93.974
G 0.073 -28.764 93.91
G 2.642 -30.543 91.804
L 5.512 -30.187 89.36
V 4.781 -28.305 86.129
Q 6.752 -26.771 83.289
A 7.158 -23.024 82.944
G 4.125 -21.602 81.179
G 1.83 -24.318 82.525
S -1.137 -24.174 84.866
L -2.341 -25.645 88.159
R -5.537 -25.32 90.195
L -5.215 -25.347 93.988
S -8.079 -26.092 96.381
C -8.493 -25.323 100.085
C -8.496 -25.375 100.087
V -11.292 -26.987 102.099
V -12.254 -24.946 105.163
S -14.173 -26.056 108.248
G -17.36 -24.531 109.524
S -18.754 -21.427 107.866
A -15.405 -19.625 107.59
V -15.576 -19.451 103.778
S -18.906 -17.608 104.089
D -18.002 -15.519 107.171
Y -14.452 -14.218 106.586
A -12.42 -12.716 103.801
M -9.938 -15.384 102.68
G -6.561 -15.414 100.982
W -3.952 -17.567 99.343
Y -0.42 -17.242 100.699
R 2.877 -18.666 99.578
Q 6.179 -19.328 101.296
A 9.247 -19.688 99.099
P 12.264 -21.673 100.372
G 13.944 -19.07 102.583
K 11.077 -16.617 103.076
Q 8.008 -16.014 105.236
R 4.396 -16.518 104.185
E 3.16 -13.698 101.936
L -0.386 -13.0 100.761
V -0.753 -13.285 96.981
A -4.541 -13.251 96.417
A -7.538 -12.112 98.449
I -11.282 -12.672 98.087
Y -13.66 -10.459 100.039
N -17.138 -11.336 101.273
S -18.811 -10.436 97.96
G -16.727 -11.896 95.136
R -14.445 -8.863 94.947
T -10.784 -9.852 94.607
N -7.279 -8.422 94.579
Y -3.812 -9.779 93.806
V -0.178 -8.985 94.424
D 1.181 -7.304 91.301
S 3.435 -10.237 90.376
V 0.438 -12.597 89.948
K -2.202 -10.152 88.681
G -3.57 -11.43 85.39
R -2.027 -14.872 85.932
F -3.773 -16.194 89.073
T -7.513 -16.123 89.865
I -8.968 -16.637 93.357
S -12.546 -17.859 93.741
K -14.678 -19.711 96.275
D -17.674 -22.037 96.507
N -19.645 -21.593 99.736
A -21.603 -24.845 99.395
K -18.362 -26.813 98.971
K -16.595 -24.76 101.683
T -13.671 -24.415 99.257
V -11.374 -21.598 98.107
Y -9.63 -22.041 94.745
L -6.48 -20.622 93.158
Q -6.259 -21.008 89.388
M -2.584 -20.522 88.498
N -1.771 -19.779 84.858
C 1.437 -18.632 83.174
L 3.568 -20.236 85.863
K 7.244 -19.351 86.177
P 10.068 -20.829 88.283
E 9.758 -17.889 90.693
D 6.298 -19.24 91.663
T 7.891 -22.311 93.282
A 6.696 -22.291 96.89
D 4.473 -23.911 99.5
Y 0.952 -22.505 99.111
F -1.515 -22.012 101.974
C -5.004 -20.581 102.379
C -5.039 -20.633 102.376
N -6.308 -18.795 105.443
L -8.419 -16.009 106.866
L -7.007 -12.649 105.859
G -4.75 -11.349 108.61
A -3.598 -14.829 109.647
T 0.083 -13.883 109.538
T -0.343 -11.605 112.591
M -3.758 -12.268 114.204
S -3.9 -14.152 117.491
N -4.583 -17.908 117.616
A -4.097 -18.358 113.878
V -3.734 -21.929 112.597
W -2.204 -23.062 109.307
G -2.797 -26.158 107.241
Q -0.02 -28.255 105.789
G -0.082 -26.326 102.5
T 0.43 -27.703 99.009
Q 3.788 -27.622 97.224
V 4.104 -26.044 93.767
T 7.306 -26.551 91.774
V 7.827 -24.896 88.376
S 10.759 -26.038 86.252
S 12.509 -23.848 83.688
