tag x y z
V 15.089 14.779 86.674
Q 17.614 12.044 85.824
L 16.404 8.532 85.14
V 17.907 5.04 84.812
E 15.634 2.258 83.527
S 16.333 -1.469 83.813
G 14.582 -4.836 83.674
G 13.811 -5.182 79.968
G 14.59 -8.198 77.85
L 13.38 -10.754 75.332
V 10.399 -12.859 76.429
Q 7.879 -15.17 74.799
A 4.241 -14.161 74.462
G 2.496 -14.849 77.76
G 5.636 -14.164 79.793
S 6.355 -11.444 82.322
L 8.926 -8.762 83.125
R 9.446 -6.273 85.954
L 10.897 -2.88 85.008
S 12.648 -0.516 87.418
C 13.342 3.22 87.175
C 13.414 3.188 87.174
V 15.775 4.81 89.663
V 15.178 8.548 89.955
S 17.408 11.254 91.396
G 16.213 13.795 93.926
S 12.741 13.72 95.463
A 10.633 13.299 92.31
V 9.323 9.869 93.332
S 8.157 11.157 96.72
D 7.086 14.66 95.657
Y 5.944 14.504 91.997
A 3.737 12.318 89.805
M 5.541 9.764 87.607
G 4.684 7.66 84.573
W 5.926 4.766 82.498
Y 5.977 5.393 78.745
R 6.738 3.249 75.722
Q 7.706 3.901 72.107
A 7.228 1.168 69.487
P 9.092 1.019 66.117
G 7.008 3.403 64.011
K 5.101 5.364 66.662
Q 5.702 8.146 69.185
R 6.047 7.856 72.958
E 2.784 7.05 74.732
L 1.966 6.998 78.435
V 1.148 3.489 79.689
A 0.715 3.952 83.447
A 0.683 6.876 85.885
I 1.3 7.052 89.624
Y 0.609 10.143 91.727
N 2.339 11.085 94.96
S -0.645 9.823 96.944
G -0.264 6.371 95.398
R -3.275 6.675 93.106
T -2.686 5.015 89.751
N -4.16 4.978 86.257
Y -3.599 2.719 83.244
V -4.234 2.832 79.522
D -6.953 0.388 78.511
S -4.589 -1.911 76.601
V -2.65 -2.84 79.779
K -5.432 -2.764 82.383
G -5.488 -5.991 84.352
R -1.954 -7.033 83.301
F 0.393 -4.189 84.293
T 0.858 -2.618 87.718
I 2.794 0.585 88.407
S 4.178 1.074 91.913
K 6.884 3.033 93.695
D 9.208 2.916 96.689
N 9.978 6.397 98.04
A 12.931 5.27 100.16
K 14.559 3.581 97.15
K 13.592 6.433 94.775
T 12.347 3.764 92.368
V 9.272 3.35 90.168
Y 8.302 -0.161 89.039
L 6.248 -1.557 86.167
Q 5.153 -5.162 86.67
M 4.225 -6.537 83.227
N 2.35 -9.851 83.108
C 0.664 -11.691 80.23
L 2.844 -9.927 77.679
K 1.758 -9.697 74.045
P 3.663 -8.906 70.827
E 1.892 -5.531 70.787
D 3.789 -4.68 74.006
T 7.163 -4.712 72.211
A 8.685 -1.247 72.646
D 11.38 0.805 74.336
Y 10.079 1.659 77.823
F 10.842 4.903 79.658
C 9.901 6.506 82.955
C 9.907 6.508 82.956
N 9.593 10.228 83.618
L 7.635 12.962 85.321
L 4.051 13.084 84.1
G 3.7 15.66 81.331
A 7.218 15.023 79.999
T 6.104 14.289 76.416
T 4.448 17.701 76.007
M 7.789 19.375 76.797
S 9.991 19.58 73.698
N 12.957 20.122 76.027
A 12.292 17.188 78.37
V 15.255 15.057 79.427
W 14.729 11.304 79.043
G 16.724 8.345 80.246
Q 17.974 5.68 77.859
G 14.995 3.388 78.481
T 14.884 -0.395 78.613
Q 13.948 -2.521 75.598
V 11.094 -5.04 75.833
T 10.691 -7.553 72.993
V 7.837 -10.079 73.035
S 8.121 -12.894 70.488
