tag x y z
V -13.317 15.089 84.438
Q -15.089 18.374 83.62
L -12.895 21.436 83.124
V -13.89 25.088 82.639
E -11.176 27.67 81.967
S -11.627 31.443 82.189
G -9.637 34.654 82.501
G -8.009 34.928 79.091
G -8.019 37.999 76.921
L -5.976 40.426 74.865
V -3.243 42.362 76.676
Q -0.259 44.496 75.748
A 3.275 43.183 76.126
G 4.325 43.563 79.749
G 0.778 43.109 81.057
S -0.757 40.45 83.259
L -3.68 38.022 83.399
R -5.036 35.582 85.984
L -6.523 32.345 84.646
S -8.95 30.113 86.537
C -9.881 26.466 85.961
C -9.872 26.466 85.966
V -12.908 25.023 87.779
V -12.781 21.22 88.024
S -15.461 18.668 88.843
G -15.072 15.946 91.451
S -12.011 15.54 93.666
A -9.357 16.024 90.977
V -7.934 19.206 92.518
S -7.545 17.66 95.977
D -6.444 14.128 95.032
Y -4.458 14.427 91.775
A -1.783 16.632 90.254
M -3.02 19.386 87.938
G -1.312 21.332 85.192
W -1.755 24.348 82.987
Y -0.978 23.838 79.303
R -0.775 26.15 76.353
Q -1.262 25.554 72.668
A 0.229 28.108 70.321
P -1.324 28.362 66.844
G 0.314 25.451 65.015
K 1.519 23.37 67.953
Q 0.361 20.763 70.427
R -0.507 21.493 74.04
E 2.615 22.071 76.138
L 2.721 21.8 79.923
V 3.994 25.028 81.484
A 3.147 24.681 85.211
A 2.093 21.827 87.52
I 0.817 21.615 91.101
Y 0.82 18.398 93.132
N -1.538 17.347 95.917
S 0.964 18.429 98.588
G 1.208 21.969 97.188
R 4.588 21.428 95.537
T 4.885 23.116 92.134
N 6.98 22.844 88.979
Y 7.488 25.273 86.103
V 9.062 25.228 82.666
D 12.073 27.521 82.343
S 10.325 29.968 79.981
V 7.739 30.974 82.64
K 9.81 30.616 85.795
G 9.785 33.842 87.803
R 6.705 35.283 86.016
F 3.959 32.655 86.359
T 2.582 31.109 89.563
I 0.263 28.098 89.749
S -1.946 27.716 92.814
K -5.139 25.975 93.862
D -8.087 26.191 96.236
N -9.322 22.705 97.126
A -12.611 23.937 98.601
K -13.381 25.892 95.414
K -12.168 23.042 93.154
T -10.165 25.676 91.269
V -6.641 25.911 89.869
Y -5.186 29.35 89.102
L -2.431 30.572 86.785
Q -1.137 34.044 87.603
M 0.651 35.313 84.467
N 2.822 38.419 84.876
C 5.211 40.186 82.506
L 3.526 38.705 79.456
K 5.395 38.526 76.156
P 4.223 37.936 72.575
E 5.678 34.422 72.87
D 2.995 33.684 75.499
T 0.149 34.015 72.966
A -1.714 30.691 73.001
D -4.892 28.85 73.975
Y -4.559 27.828 77.645
F -6.009 24.66 79.187
C -5.882 22.923 82.533
C -5.926 22.939 82.556
N -6.089 19.184 83.145
L -5.063 16.277 85.314
L -1.489 15.269 84.633
G -1.565 11.88 82.949
A -5.026 12.336 81.431
T -4.049 10.519 78.211
V -11.013 14.941 77.099
W -10.006 18.605 77.295
G -12.038 21.668 78.188
Q -12.739 24.59 75.887
G -9.618 26.474 76.986
T -9.219 30.229 77.322
Q -7.427 32.304 74.689
V -4.514 34.591 75.615
T -3.232 37.145 73.095
V -0.281 39.427 73.841
S 0.15 42.313 71.409
