tag x y z
V 24.853 22.904 34.231
Q 27.248 25.879 34.281
L 31.028 25.695 34.731
V 33.478 28.52 35.505
E 37.215 27.784 35.648
S 39.82 30.192 37.02
G 43.226 30.334 38.69
G 45.639 29.875 35.775
G 48.492 32.016 34.556
L 52.149 32.111 33.572
V 54.455 30.179 35.914
Q 58.069 28.994 35.859
A 58.865 25.281 35.829
G 58.725 23.885 39.347
G 56.267 26.577 40.425
S 52.74 26.079 41.688
L 49.163 27.03 40.834
R 45.706 26.434 42.307
L 42.713 26.417 39.949
S 39.099 26.807 41.071
C 35.925 25.51 39.402
V 32.548 26.92 40.473
V 29.556 24.776 39.493
S 25.846 25.605 39.441
G 22.925 23.638 40.809
S 24.033 20.861 43.164
A 26.525 19.024 40.98
V 29.615 19.051 43.222
S 27.702 17.184 45.939
D 25.681 14.966 43.574
Y 28.112 13.947 40.813
A 31.752 12.926 40.62
M 33.916 15.766 39.319
G 37.079 15.718 37.246
W 39.661 18.153 35.925
Y 40.655 17.952 32.259
R 43.441 19.576 30.258
Q 43.7 20.172 26.507
A 47.147 20.751 25.021
P 47.464 22.61 21.692
G 46.342 20.327 18.872
K 45.3 17.368 21.04
Q 42.014 16.359 22.672
R 40.851 16.538 26.275
E 42.413 14.043 28.687
L 41.431 13.288 32.273
V 44.193 14.219 34.716
A 42.47 14.054 38.121
A 39.178 12.548 39.272
I 37.296 12.947 42.552
Y 34.237 10.917 43.544
N 31.345 11.694 45.878
S 32.662 8.884 48.115
G 35.907 10.829 48.67
R 38.029 8.634 46.379
T 40.548 10.349 44.1
N 42.28 9.324 40.883
Y 45.147 10.92 38.951
V 47.03 10.262 35.731
D 50.536 8.844 36.203
S 52.236 12.08 35.123
V 50.631 14.161 37.914
K 50.278 11.653 40.77
G 52.094 13.013 43.813
R 52.153 16.559 42.39
F 48.469 17.414 41.848
T 45.62 17.369 44.359
I 41.917 17.587 43.517
S 39.391 18.6 46.162
K 35.905 20.04 46.512
D 33.891 22.226 48.879
N 30.139 21.606 48.796
A 29.311 24.836 50.63
K 31.199 26.708 47.896
K 30.36 24.153 45.157
T 33.933 24.576 43.97
V 36.378 21.989 42.652
Y 40.041 22.753 43.291
L 43.188 21.532 41.551
Q 46.393 22.21 43.478
M 49.308 21.925 41.043
N 52.816 21.642 42.498
C 56.165 20.769 40.907
L 54.897 22.083 37.581
K 56.597 20.918 34.384
P 56.552 22.34 30.84
E 54.457 19.287 29.926
D 51.656 20.705 32.108
T 51.097 23.64 29.729
A 47.517 23.317 28.444
D 44.007 24.703 28.78
Y 42.431 23.344 31.968
F 38.712 22.585 32.285
C 36.47 20.922 34.847
N 33.384 18.816 34.12
L 31.461 15.731 35.19
L 33.46 12.503 35.114
G 32.48 11.149 31.699
A 32.439 14.212 29.461
W 32.072 22.88 28.641
G 33.339 25.859 30.622
Q 35.432 28.804 29.517
G 38.502 27.155 31.054
T 41.719 28.639 32.381
Q 45.044 28.72 30.542
V 48.21 27.468 32.252
T 51.676 28.18 30.834
V 54.873 26.679 32.268
S 58.201 28.205 31.21
S 61.391 26.135 31.321
