tag x y z
Q 15.122 36.738 -44.381
V 14.61 37.241 -48.113
Q 17.696 38.916 -49.533
L 19.819 39.28 -52.624
Q 23.039 37.286 -52.843
E 26.122 38.9 -54.298
S 29.168 36.934 -55.444
G 32.114 36.842 -57.831
G 34.368 39.035 -55.73
G 38.045 38.16 -55.543
L 41.617 39.406 -55.773
V 42.742 41.144 -58.982
Q 45.629 43.255 -60.29
P 44.978 46.858 -61.428
G 43.476 47.083 -64.916
G 42.039 43.601 -64.434
S 38.368 42.678 -64.694
L 35.645 41.04 -62.598
R 32.023 40.019 -63.023
R 32.024 40.011 -63.026
L 29.861 40.269 -59.917
S 26.524 38.513 -59.623
C 23.522 39.83 -57.716
A 21.197 36.857 -57.339
A 17.76 36.459 -55.78
S 17.835 34.018 -52.863
G 14.646 31.971 -52.906
F 12.369 34.613 -54.438
T 12.053 35.822 -58.034
L 13.385 39.175 -59.237
G 10.482 41.523 -59.973
Y 9.993 44.783 -61.863
Y 11.977 47.358 -59.892
P 15.395 49.014 -59.97
I 18.344 46.985 -58.681
G 21.357 48.874 -57.387
W 24.985 48.074 -56.715
F 26.635 49.689 -53.696
R 30.038 49.461 -52.047
Q 31.616 50.102 -48.674
A 35.37 50.713 -48.638
P 37.326 50.286 -45.36
G 36.409 52.967 -42.81
K 34.112 54.703 -45.294
G 30.342 54.975 -45.627
L 28.014 53.097 -47.959
E 27.971 54.592 -51.462
G 26.041 54.112 -54.704
V 27.906 52.592 -57.648
S 25.406 51.71 -60.37
C 21.749 50.809 -60.933
I 19.618 49.201 -63.607
S 15.916 49.779 -64.243
G 13.233 47.108 -64.038
S 13.269 47.049 -67.835
G 17.018 46.426 -67.854
G 17.289 48.967 -70.642
S 18.143 51.985 -68.529
A 21.238 52.234 -66.344
N 23.053 54.831 -64.27
Y 26.58 55.005 -62.895
A 28.527 56.87 -60.251
A 30.96 59.326 -61.841
S 33.76 57.297 -60.246
V 33.002 54.193 -62.325
K 31.285 55.646 -65.401
G 32.906 54.15 -68.49
R 34.629 51.333 -66.598
F 31.629 49.482 -65.159
T 28.695 47.901 -66.98
I 25.535 46.75 -65.228
S 23.13 44.327 -66.899
R 19.972 42.387 -66.074
D 19.237 38.728 -66.767
N 15.777 38.124 -65.31
A 15.752 34.626 -66.792
K 18.535 33.665 -64.381
N 17.167 36.0 -61.677
T 20.542 37.731 -61.632
V 21.875 41.261 -62.066
Y 25.493 41.514 -63.23
L 28.135 44.125 -62.546
Q 30.897 43.882 -65.135
M 33.906 45.676 -63.696
N 36.679 46.609 -66.133
S 39.911 48.591 -65.712
L 39.83 48.124 -61.934
K 41.622 50.692 -59.796
P 42.896 50.247 -56.222
E 40.2 52.735 -55.153
D 37.606 50.164 -56.244
T 38.614 47.923 -53.327
A 35.537 47.477 -51.133
I 32.716 45.197 -50.089
Y 30.105 45.263 -52.843
Y 26.388 45.076 -52.048
C 23.199 44.967 -54.067
A 19.702 46.087 -53.072
A 16.325 46.8 -54.669
D 14.479 50.1 -54.935
L 10.894 49.358 -53.919
S 9.933 53.017 -53.45
S 7.985 53.648 -56.673
L 6.623 50.367 -58.017
Q 9.714 55.712 -63.307
A 12.149 55.053 -66.159
M 15.651 56.215 -65.208
C 17.709 55.051 -62.216
V 18.797 57.245 -59.347
I 22.188 56.866 -57.701
P 21.726 58.012 -54.087
R 24.014 60.787 -52.836
P 26.412 59.933 -49.961
G 24.859 59.783 -46.501
F 21.686 58.326 -48.0
S 19.415 56.156 -45.86
A 20.144 52.494 -46.603
K 16.794 51.33 -45.22
A 15.069 53.07 -48.145
Y 16.28 50.087 -50.188
D 15.462 46.418 -49.701
Y 16.829 42.864 -49.87
W 20.389 43.883 -48.967
G 22.794 40.965 -49.298
L 25.781 39.955 -47.169
G 28.158 41.453 -49.74
T 31.136 40.298 -51.778
Q 34.726 41.409 -51.272
V 36.618 42.998 -54.141
T 40.339 43.569 -53.626
V 42.468 45.372 -56.201
S 46.139 45.178 -55.204
S 48.789 47.837 -55.849
