tag x y z
Q -15.815 -54.029 0.21
V -18.428 -51.849 -1.488
Q -19.408 -53.484 -4.782
L -20.603 -51.379 -7.72
Q -23.398 -52.493 -10.049
E -23.165 -51.617 -13.754
S -25.159 -52.332 -16.924
G -26.364 -50.963 -20.264
G -23.526 -52.106 -22.512
G -23.914 -53.939 -25.81
L -23.307 -54.032 -29.558
V -24.26 -50.958 -31.581
Q -23.981 -49.486 -35.098
P -22.809 -45.917 -35.938
S -26.877 -44.454 -29.103
L -26.325 -46.173 -25.749
R -26.922 -45.414 -22.081
L -24.924 -46.74 -19.136
S -26.057 -47.133 -15.53
C -24.006 -47.517 -12.349
T -25.684 -48.169 -9.002
A -23.933 -48.027 -5.632
P -25.256 -49.583 -2.421
R -26.629 -47.42 0.388
I -23.565 -45.366 1.303
I -23.48 -41.585 1.79
F -23.538 -41.149 -1.987
F -23.746 -37.355 -2.335
M -20.35 -36.937 -0.642
Y -18.722 -39.104 -3.32
D -17.146 -38.094 -6.616
V -18.483 -40.051 -9.582
G -17.041 -40.608 -13.041
W -16.964 -42.894 -16.058
Y -13.802 -44.492 -17.41
R -13.075 -46.661 -20.439
Q -10.348 -49.164 -21.27
A -9.475 -50.886 -24.543
P -7.218 -53.953 -24.977
E -3.464 -53.19 -24.763
K -4.464 -49.657 -23.708
Q -4.648 -48.046 -20.264
R -7.772 -46.734 -18.533
E -8.949 -43.283 -19.641
L -11.3 -40.79 -17.978
V -14.419 -40.185 -20.07
A -16.705 -38.027 -17.926
Q -16.795 -37.108 -14.241
I -19.063 -35.34 -11.74
N -17.486 -34.248 -8.456
S -19.397 -34.109 -5.168
D -19.52 -30.316 -5.535
V -21.234 -30.928 -8.905
S -18.128 -29.962 -10.901
T -18.286 -31.764 -14.248
K -15.534 -32.505 -16.766
Y -15.594 -34.233 -20.153
A -12.725 -35.683 -22.172
D -12.285 -33.743 -25.428
S -12.955 -36.947 -27.386
V -16.584 -37.01 -26.205
K -17.707 -33.409 -25.585
G -20.977 -32.793 -27.405
R -21.501 -36.545 -27.677
F -21.587 -37.872 -24.115
T -23.747 -36.786 -21.176
I -23.145 -37.807 -17.561
S -25.732 -37.436 -14.798
R -26.09 -38.54 -11.179
D -29.11 -39.309 -9.005
N -28.114 -39.06 -5.342
A -31.382 -40.534 -4.061
K -31.064 -43.626 -6.255
R -27.28 -43.468 -5.777
T -26.936 -44.059 -9.503
V -24.609 -42.594 -12.126
Y -25.636 -42.386 -15.765
L -23.748 -42.062 -19.045
Q -25.779 -41.19 -22.134
M -23.74 -42.025 -25.222
N -24.863 -40.862 -28.656
D -23.246 -41.077 -32.104
L -21.257 -44.218 -31.26
K -17.907 -44.172 -33.063
P -15.359 -46.99 -33.318
E -12.846 -45.145 -31.12
D -15.489 -45.27 -28.371
A -15.385 -49.079 -28.318
A -14.078 -50.394 -24.986
V -15.028 -51.686 -21.549
Y -16.576 -48.822 -19.593
Y -16.108 -48.478 -15.833
C -18.001 -46.557 -13.171
N -15.97 -45.057 -10.334
V -17.374 -43.843 -7.025
R -14.736 -42.224 -4.835
R -14.458 -40.23 -1.615
A -10.85 -39.78 -0.477
S -9.401 -43.185 0.432
A -12.75 -44.84 -0.299
D -12.365 -45.776 -3.968
Y -14.822 -48.242 -5.501
W -14.93 -49.873 -8.944
G -17.27 -52.201 -10.836
Q -16.462 -55.211 -13.01
G -17.266 -53.112 -16.048
T -19.644 -52.998 -18.988
Q -18.463 -53.261 -22.552
V -19.498 -51.383 -25.681
T -18.885 -52.737 -29.15
V -19.618 -51.051 -32.449
S -19.671 -52.444 -35.986
