tag x y z
V 8.337 -32.636 223.322
Q 7.466 -35.135 220.592
L 8.391 -38.613 219.415
Q 9.781 -39.343 215.95
E 8.229 -42.155 213.913
S 9.895 -43.679 210.863
G 9.841 -46.773 208.673
G 6.537 -46.401 206.826
G 6.05 -46.467 203.085
L 4.393 -48.212 200.137
V 4.158 -52.015 199.988
Q 2.218 -54.62 198.036
P -0.262 -56.85 199.911
G 1.423 -59.633 201.839
G 4.51 -57.458 202.316
S 6.035 -56.102 205.495
L 7.459 -52.947 207.065
R 9.27 -52.13 210.31
L 8.143 -49.01 212.168
S 10.493 -47.307 214.611
C 9.711 -44.854 217.411
A 12.562 -42.712 218.732
A 12.815 -40.154 221.526
S 15.039 -37.079 221.686
E 15.078 -35.722 225.255
T 13.028 -38.426 227.015
A 14.003 -41.817 228.438
L 11.461 -44.279 227.048
T 12.406 -46.885 229.67
Y 10.106 -45.02 232.098
Y 6.959 -45.368 229.965
A 4.647 -47.877 228.389
I 4.605 -47.114 224.658
G 1.765 -47.674 222.211
W 1.496 -47.757 218.434
F -1.664 -46.289 216.91
R -2.988 -45.72 213.407
Q -5.562 -43.48 211.749
A -7.054 -44.036 208.302
P -8.506 -41.093 206.324
G -11.967 -40.273 207.619
K -12.042 -42.345 210.821
E -10.937 -42.321 214.451
R -7.545 -43.357 215.817
E -7.276 -47.031 216.74
G -4.852 -48.815 219.032
V -2.496 -51.253 217.338
S -0.011 -52.428 219.96
C 1.262 -51.462 223.402
I 4.303 -52.611 225.346
S 4.774 -52.225 229.093
R 7.984 -51.303 230.832
I 10.49 -54.121 231.153
N 9.577 -56.415 234.044
S 12.626 -57.967 235.686
G 13.076 -60.617 234.609
S 10.055 -61.701 232.531
G 10.374 -58.981 229.903
A 7.732 -56.476 228.962
R 4.067 -57.303 228.574
T 2.495 -56.682 225.183
D -0.978 -56.404 223.717
Y -2.368 -56.113 220.201
A -5.603 -55.208 218.472
D -7.553 -58.263 217.315
S -7.335 -57.257 213.645
V -3.54 -57.305 213.954
K -2.781 -60.182 216.334
G -0.341 -62.736 214.94
R 0.98 -60.397 212.225
F 2.489 -57.444 214.134
T 5.179 -57.7 216.815
I 6.142 -54.845 219.148
S 9.475 -54.672 220.966
R 11.577 -52.145 222.855
D 15.303 -51.488 223.287
D 15.822 -49.351 226.383
A 19.544 -49.01 225.632
K 18.95 -47.536 222.168
N 15.84 -45.734 223.525
T 13.509 -46.996 220.792
V 10.297 -48.986 220.366
T 9.795 -51.119 217.247
L 6.659 -52.419 215.507
Q 7.367 -55.256 213.06
M 4.362 -55.473 210.709
N 4.147 -58.645 208.607
S 1.803 -59.817 205.827
L 0.008 -56.495 205.512
E -3.487 -56.326 204.027
P -4.858 -53.209 202.288
E -7.19 -52.586 205.244
D -3.986 -51.796 207.189
T -3.402 -48.533 205.303
A -3.207 -45.528 207.633
R -0.799 -43.057 209.194
Y 0.829 -44.722 212.201
Y 1.622 -42.937 215.469
C 3.58 -43.829 218.596
A 2.856 -42.186 221.944
L 3.791 -42.377 225.616
D 1.452 -43.532 228.367
T 1.666 -40.79 230.995
T 0.064 -43.066 233.617
D 2.12 -45.2 236.009
R 0.889 -48.566 234.657
Y 1.763 -50.818 237.592
D -0.141 -53.877 238.836
S 0.744 -54.345 242.502
A -1.409 -57.478 242.856
N 0.745 -59.29 240.281
G 3.855 -57.145 240.825
R 4.349 -56.231 237.174
Y 4.104 -53.385 234.692
Y 1.324 -53.604 232.099
C 0.029 -51.528 229.169
T -3.177 -50.451 227.436
I -4.09 -49.813 223.792
S -6.893 -47.455 224.864
S -5.095 -44.089 224.145
D -6.982 -42.254 226.919
T -3.753 -41.643 228.867
Y -1.349 -41.394 225.915
D 0.463 -38.177 225.023
Y 3.424 -36.687 223.136
W 2.139 -37.996 219.805
G 4.572 -37.751 216.919
Q 3.84 -36.495 213.435
G 3.316 -40.086 212.274
T 4.456 -42.184 209.351
Q 2.225 -43.165 206.433
V 1.726 -46.847 205.591
T -0.052 -47.651 202.312
V -0.702 -51.272 201.309
S -1.993 -51.4 197.731
S -1.412 -53.19 194.43
