tag x y z
D 42.791 48.964 12.282
V 42.864 47.563 15.819
Q 46.337 48.082 17.297
L 47.712 46.251 20.337
Q 51.183 46.444 21.862
E 52.424 44.759 25.019
S 55.112 46.286 27.228
G 56.544 46.026 30.719
G 58.497 42.834 30.1
G 62.063 42.237 31.165
L 64.367 40.244 33.422
V 63.475 39.7 37.087
Q 64.618 37.585 40.023
A 62.512 34.795 41.499
G 59.812 36.031 43.858
G 59.799 39.48 42.254
S 56.972 41.448 40.694
L 56.34 42.92 37.247
R 53.446 44.723 35.556
L 52.619 44.079 31.91
S 50.474 46.563 30.013
C 48.692 46.206 26.673
A 48.055 49.416 24.744
A 45.019 49.412 22.454
S 43.939 51.878 19.803
G 40.625 53.572 20.387
S 38.762 53.076 23.652
I 39.014 49.722 25.416
S 35.337 49.746 26.446
R 34.546 48.907 22.8
F 36.097 45.429 23.049
N 33.814 42.604 24.165
A 36.674 40.525 25.616
M 40.401 40.879 26.281
G 42.993 38.656 27.883
W 46.492 37.261 28.221
W 48.211 34.151 26.848
R 51.84 33.072 27.119
Q 54.192 30.803 25.191
A 57.482 29.168 26.302
P 59.933 27.597 23.806
G 58.616 24.245 22.629
K 55.373 24.53 24.594
E 52.09 25.434 22.926
R 50.221 28.658 23.731
E 48.955 28.618 27.321
F 45.963 30.571 28.623
V 46.69 33.057 31.424
A 43.798 35.457 32.009
R 40.551 36.691 30.486
I 38.029 39.473 31.078
V 34.724 39.389 29.18
K 32.524 42.483 29.236
G 30.233 42.499 32.256
F 31.82 39.392 33.79
D 34.336 38.774 36.548
P 37.967 38.065 35.612
V 38.953 34.422 35.141
L 42.555 33.349 35.743
A 44.409 30.101 35.169
D 45.06 27.794 38.109
S 48.848 28.142 37.787
V 48.569 31.93 38.318
K 45.392 32.392 40.349
G 47.039 33.32 43.647
R 49.714 35.577 42.179
F 48.469 37.394 39.058
T 45.761 40.02 38.571
I 44.107 41.265 35.372
S 42.741 44.81 35.241
I 41.459 47.414 32.795
D 42.551 51.065 32.916
S 40.048 53.122 30.928
A 41.972 56.349 31.574
E 45.115 55.108 29.817
N 43.142 52.793 27.475
T 45.343 49.912 28.615
L 44.897 46.325 29.794
A 47.104 45.424 32.742
L 48.367 42.061 33.944
Q 50.119 42.495 37.284
M 52.353 39.528 38.071
N 53.593 38.911 41.605
R 55.713 36.2 43.221
L 57.158 35.312 39.838
K 58.593 31.834 39.266
P 61.003 30.348 36.71
E 58.012 28.594 35.135
D 56.662 32.065 34.264
T 59.385 32.744 31.666
A 57.544 33.155 28.361
V 56.397 35.604 25.712
Y 53.121 37.222 26.775
Y 50.384 38.264 24.339
C 47.222 40.256 24.926
F 44.125 39.728 22.813
A 41.025 41.827 22.211
A 37.667 40.667 20.865
L 35.65 42.807 18.459
D 34.604 41.583 15.016
T 37.458 39.077 15.349
A 40.298 38.438 17.794
Y 43.289 40.775 17.535
W 46.67 40.048 19.104
G 49.776 41.946 20.02
Q 53.138 40.561 19.017
G 54.109 39.9 22.637
T 56.62 40.931 25.291
Q 59.275 38.692 26.819
V 59.119 37.971 30.558
T 62.155 36.279 32.101
V 62.464 35.091 35.709
S 65.919 33.85 36.687
S 68.566 33.752 39.426
A 70.547 36.523 37.664
A 70.551 40.346 37.523
