tag x y z
V 23.975 -5.94 -7.797
Q 20.405 -6.975 -6.967
L 19.08 -8.254 -3.631
Q 15.613 -9.558 -2.774
E 14.301 -10.602 0.634
S 11.611 -13.242 1.142
G 10.215 -15.524 3.823
G 8.286 -12.843 5.698
G 4.67 -13.083 6.754
L 2.149 -13.149 9.586
V 2.646 -15.306 12.694
Q 1.362 -15.573 16.249
A 3.489 -14.745 19.277
G 6.011 -17.45 20.103
G 6.197 -18.584 16.474
S 9.151 -18.976 14.134
L 10.082 -17.686 10.681
R 13.071 -17.962 8.339
L 14.001 -15.017 6.125
S 16.126 -15.517 3.015
C 17.957 -12.912 0.932
A 18.656 -13.821 -2.698
A 21.609 -12.154 -4.426
S 22.604 -11.897 -8.074
G 26.052 -13.102 -8.993
S 28.045 -15.061 -6.434
I 27.398 -14.27 -2.774
S 30.953 -15.137 -1.648
R 32.258 -11.947 -3.3
F 30.554 -9.634 -0.79
N 32.725 -8.425 2.091
A 29.797 -8.01 4.512
M 26.075 -8.764 4.652
G 23.457 -8.33 7.328
W 19.954 -7.548 8.517
W 18.184 -4.364 9.62
R 14.553 -3.778 10.553
Q 12.165 -0.836 10.733
A 8.909 -0.678 12.739
P 6.148 1.882 12.062
G 7.245 5.202 13.541
K 10.573 3.795 14.786
E 14.023 4.316 13.297
R 15.869 1.558 11.435
E 17.386 -0.855 13.945
F 20.351 -3.158 13.349
V 19.585 -6.89 13.551
A 22.496 -9.017 12.333
R 25.962 -8.731 10.799
I 28.408 -11.002 8.981
V 31.845 -9.698 7.982
K 33.996 -11.995 5.856
G 36.154 -14.179 8.094
F 34.45 -12.986 11.296
D 31.905 -14.373 13.733
P 28.242 -13.345 13.495
V 27.225 -10.361 15.619
L 23.606 -9.988 16.725
A 21.672 -7.221 18.422
D 21.044 -7.556 22.146
S 17.253 -7.702 21.73
V 17.577 -10.787 19.476
K 20.793 -12.513 20.553
G 19.1 -15.434 22.303
R 16.434 -15.927 19.64
F 17.819 -15.112 16.162
T 20.609 -16.73 14.144
I 22.26 -15.522 10.927
S 23.8 -17.888 8.372
I 25.1 -17.818 4.794
D 24.422 -20.505 2.17
S 26.939 -20.29 -0.676
A 25.27 -23.177 -2.528
E 22.066 -21.203 -3.151
N 23.873 -17.821 -2.928
T 21.487 -16.757 -0.156
L 21.657 -15.074 3.257
A 19.403 -16.609 5.917
L 18.072 -15.125 9.161
Q 16.334 -17.707 11.363
M 13.945 -16.107 13.863
N 12.578 -18.063 16.833
R 10.631 -17.164 19.984
L 8.989 -14.296 18.115
K 7.455 -11.389 20.028
P 5.015 -8.671 18.872
E 7.791 -6.056 19.165
D 9.632 -7.965 16.41
T 7.06 -6.734 13.858
A 8.938 -4.717 11.23
V 10.115 -4.662 7.635
Y 13.426 -6.525 7.394
Y 16.193 -5.571 4.963
C 19.353 -7.419 3.992
F 22.473 -5.532 2.952
A 25.61 -6.503 1.042
A 28.962 -4.699 0.934
L 31.074 -4.541 -2.227
D 32.109 -1.319 -3.973
T 29.258 0.289 -2.025
A 26.413 -0.92 0.189
Y 23.376 -2.373 -1.589
W 19.959 -2.954 -0.018
G 16.889 -4.986 -0.822
Q 13.391 -3.56 -0.668
G 12.547 -5.501 2.489
T 10.077 -8.142 3.615
Q 7.258 -7.557 6.081
V 7.218 -9.559 9.323
T 4.103 -9.221 11.488
V 3.622 -10.832 14.911
S 0.097 -10.536 16.295
S -2.796 -12.497 17.78
A -3.895 -13.883 14.414
A -5.422 -17.119 13.143
