tag x y z
Q 32.048 321.985 384.905
V 34.737 324.704 384.559
Q 35.006 328.354 385.643
L 37.345 330.755 383.856
Q 38.308 334.198 385.167
E 40.545 336.692 383.367
S 42.625 339.691 384.382
G 45.35 342.074 383.199
G 43.325 344.072 380.664
G 43.665 347.86 380.711
L 44.695 350.945 378.731
V 47.989 350.68 376.803
Q 49.723 352.965 374.299
A 50.56 351.784 370.756
G 53.708 349.674 370.471
G 53.249 348.818 374.177
S 52.995 345.444 375.892
L 50.5 343.712 378.149
R 50.008 340.309 379.789
L 46.537 338.776 380.166
S 45.923 335.925 382.615
C 43.169 333.3 382.779
A 42.737 331.278 385.983
A 40.722 328.037 385.704
S 38.961 325.885 388.307
G 36.896 322.667 388.316
H 37.155 319.867 385.733
T 40.091 321.449 383.87
F 41.229 317.961 382.714
N 38.06 317.259 380.703
Y 38.548 320.54 378.766
P 42.309 320.47 378.047
I 42.628 322.92 375.156
M 42.447 326.667 375.904
G 41.718 329.388 373.362
W 41.801 333.172 373.169
F 39.151 335.145 371.295
R 38.729 338.907 370.908
Q 35.63 340.963 370.086
A 35.965 344.43 368.599
P 32.908 346.724 368.861
G 32.043 346.501 365.13
K 33.731 343.285 363.946
E 32.776 339.644 364.659
R 34.448 337.365 367.21
E 38.065 336.742 366.138
F 40.333 333.795 366.943
V 43.603 334.935 368.571
G 45.339 331.683 369.468
A 45.201 328.446 371.463
I 47.391 326.167 373.594
S 47.626 322.44 374.425
W 47.23 320.628 377.773
S 50.971 319.858 377.745
G 51.619 323.554 377.003
G 54.142 322.717 374.254
S 52.085 323.122 371.086
T 50.313 326.388 370.215
S 48.484 327.963 367.273
Y 48.034 331.682 366.435
A 46.038 333.802 363.965
D 48.046 335.421 361.122
S 47.265 338.993 362.264
V 48.409 338.239 365.811
K 51.323 336.021 364.682
D 54.86 337.06 365.792
R 53.577 339.733 368.23
F 51.75 337.566 370.803
T 52.678 334.474 372.818
I 50.47 332.049 374.735
S 51.95 330.092 377.656
R 50.644 327.636 380.26
D 51.373 326.828 383.912
N 49.309 323.786 385.005
A 50.831 324.186 388.499
K 48.56 327.268 388.86
N 45.81 326.224 386.355
T 46.476 329.385 384.38
V 47.147 330.297 380.75
Y 48.853 333.569 379.857
L 48.651 335.789 376.769
E 51.611 338.172 376.259
M 50.835 340.837 373.642
N 53.868 342.86 372.462
N 54.107 345.748 369.961
L 50.377 346.443 370.333
K 48.381 348.125 367.543
P 45.059 350.037 367.711
E 43.643 347.193 365.571
D 44.134 344.957 368.655
T 41.624 347.005 370.682
A 38.883 344.604 371.83
V 37.383 342.602 374.685
Y 39.681 339.568 375.064
Y 37.945 336.327 376.059
C 39.354 333.08 377.438
A 37.751 329.778 376.413
A 38.104 326.059 377.174
K 37.576 323.309 374.609
G 36.58 319.653 375.077
R 39.046 316.894 374.224
Y 37.039 315.837 371.167
S 35.417 319.148 370.124
G 36.59 319.624 366.504
G 38.37 322.7 365.132
L 40.117 325.338 367.273
Y 39.083 328.319 365.142
Y 35.348 327.935 365.773
P 33.743 329.453 368.956
T 30.812 327.001 368.88
N 33.006 324.085 369.988
Y 34.19 325.771 373.199
D 31.965 324.801 376.159
Y 33.184 327.289 378.792
W 34.087 330.987 378.569
G 35.048 333.761 380.982
Q 33.693 337.303 381.265
G 36.184 339.09 379.058
T 38.69 341.824 379.879
Q 38.942 345.091 377.9
V 42.145 346.043 376.085
T 42.362 349.502 374.504
V 45.293 350.752 372.406
S 45.495 354.516 371.664
