tag x y z
G -56.244 15.115 130.846
P -58.646 12.328 129.916
S -56.103 9.516 129.523
Q -54.621 7.427 132.339
G -51.129 8.811 131.825
Q -48.047 7.354 130.261
L -44.296 7.071 130.871
V -42.238 7.695 127.728
E -38.697 6.296 127.725
S -35.821 7.161 125.414
G -32.034 7.017 125.366
G -31.451 3.299 124.87
G -29.162 1.869 122.242
L -26.004 -0.093 121.535
V -22.837 0.893 123.406
Q -19.391 -0.619 123.816
A -18.413 -2.036 127.193
G -17.18 0.827 129.336
G -19.385 3.281 127.447
S -22.18 5.406 128.844
L -25.885 6.062 128.31
R -28.52 8.42 129.705
L -32.048 7.031 129.842
S -34.933 9.467 130.204
C -38.557 8.978 131.261
A -40.993 11.795 130.469
A -44.325 11.595 132.275
S -47.199 12.41 129.911
G -50.723 12.98 131.167
I -49.483 12.51 134.736
I -47.489 14.495 137.302
F -44.414 12.87 138.87
R -44.249 15.302 141.759
E -45.723 13.321 144.663
L -44.691 9.857 143.424
G -41.575 7.764 143.679
I -40.094 6.777 140.323
D -38.342 3.462 139.698
W -36.21 2.105 136.879
Y -36.568 -1.638 136.334
R -34.784 -3.825 133.815
Q -35.333 -7.299 132.414
A -32.837 -9.345 130.434
P -34.18 -12.082 128.135
G -35.241 -15.113 130.15
K -34.599 -13.437 133.516
Q -36.71 -12.009 136.304
R -37.239 -8.262 136.363
E -34.703 -6.373 138.464
L -35.174 -3.124 140.362
V -32.28 -0.933 139.205
A -32.792 2.436 140.89
S -35.49 4.371 142.715
I -35.939 8.039 143.564
A -38.501 9.057 146.17
S -40.796 12.058 145.848
A -38.518 13.915 148.289
G -35.375 12.863 146.404
M -33.944 9.919 148.36
T -32.225 7.508 145.97
N -31.415 3.818 146.326
Y -29.728 1.463 143.879
A -29.124 -2.215 143.301
D -25.704 -3.391 144.449
S -24.807 -4.438 140.893
V -25.052 -0.823 139.649
K -24.101 1.164 142.769
G -21.521 3.812 141.909
R -22.038 3.326 138.155
F -25.667 4.43 137.722
T -27.221 7.675 138.935
I -30.959 8.351 139.071
S -32.324 11.885 139.193
R -35.592 13.74 138.729
D -36.401 17.183 137.337
N -39.594 18.462 138.958
A -39.68 21.386 136.503
K -39.526 19.199 133.387
N -41.603 16.368 134.955
T -38.962 13.859 133.893
V -36.613 11.265 135.382
Y -33.144 10.265 134.176
L -30.877 7.256 134.629
Q -27.213 8.056 133.963
M -25.452 4.762 133.187
N -21.643 4.87 133.273
S -19.018 2.127 132.946
L -21.496 -0.184 131.245
K -20.794 -3.922 131.21
P -22.437 -6.638 129.073
E -24.433 -7.778 132.125
D -26.333 -4.469 131.94
T -27.877 -5.576 128.624
A -31.657 -5.538 129.086
V -34.888 -3.734 128.327
Y -35.206 -0.867 130.804
Y -38.615 0.225 132.088
C -39.783 3.382 133.822
H -42.295 2.752 136.592
T -44.511 4.514 139.117
L -47.622 3.668 141.16
P -50.094 6.577 140.936
R -52.997 5.017 142.856
F -53.824 1.297 142.724
S -52.662 0.305 139.21
H -48.99 0.087 138.288
L -47.914 2.399 135.468
W -45.179 1.036 133.193
G -43.369 2.543 130.265
Q -43.173 0.457 127.12
G -39.431 0.001 127.617
T -36.198 0.959 125.878
R -33.602 -1.597 124.804
V -30.0 -1.304 126.017
T -27.281 -3.509 124.506
V -23.697 -3.422 125.801
S -21.306 -5.144 123.401
S -18.237 -6.799 124.901
