tag x y z
G -47.531 -11.887 211.199
P -43.901 -11.071 210.422
S -42.679 -7.584 211.184
Q -39.805 -5.105 211.183
V -39.171 -5.731 214.89
Q -39.464 -9.285 216.208
L -40.357 -10.037 219.819
Q -39.826 -13.219 221.766
E -41.157 -14.119 225.201
S -39.743 -16.803 227.476
G -39.731 -17.717 231.157
G -43.334 -18.838 231.591
G -44.242 -21.928 233.548
L -46.286 -23.503 236.319
V -45.994 -22.179 239.879
Q -48.112 -22.073 243.032
A -49.667 -19.116 244.835
G -47.067 -16.949 246.541
D -44.23 -17.941 244.202
S -42.236 -15.547 242.042
L -41.533 -15.722 238.32
R -39.523 -13.597 235.884
L -40.466 -13.191 232.227
S -38.181 -11.8 229.539
C -38.7 -10.655 225.954
A -35.918 -10.514 223.359
A -36.367 -7.791 220.738
S -34.641 -8.115 217.365
G -34.618 -6.343 214.015
R -34.891 -2.555 213.811
T -34.542 -2.206 217.576
W -33.486 1.451 217.249
S -37.076 2.431 216.384
I -38.387 1.037 219.693
Y -39.842 3.823 221.846
G -41.824 1.824 224.41
M -42.621 -1.722 225.451
G -45.251 -3.393 227.578
W -46.441 -6.652 229.071
F -50.016 -7.821 228.486
R -52.029 -10.79 229.736
Q -54.657 -12.779 227.837
A -56.78 -14.426 230.52
P -58.965 -17.423 229.576
G -61.772 -16.316 227.267
K -60.753 -12.665 227.638
E -59.195 -9.995 225.444
R -55.575 -9.232 226.267
E -55.154 -6.337 228.686
F -52.354 -4.088 229.889
V -50.206 -5.267 232.804
A -47.1 -3.059 232.785
G -45.376 -0.656 230.425
I -42.045 1.114 230.158
T -40.571 3.903 228.053
W -37.498 2.828 226.124
R -35.213 5.832 226.69
G -36.641 7.262 229.914
G -37.134 3.921 231.639
N -40.33 5.156 233.292
T -42.893 2.533 234.247
H -46.63 2.151 234.808
Y -48.719 -0.727 236.124
A -52.289 -1.964 235.892
D -54.467 -1.639 238.98
F -54.416 -5.392 239.665
V -50.604 -5.444 239.892
K -50.7 -3.768 243.334
G -46.937 -3.32 243.554
R -46.288 -7.033 243.026
F -44.738 -6.784 239.547
T -41.719 -4.836 238.308
I -40.955 -4.092 234.652
S -37.501 -3.088 233.414
R -35.635 -2.987 230.121
D -32.125 -3.252 228.699
N -32.043 -1.088 225.571
V -28.541 -2.348 224.711
K -29.418 -6.043 224.912
N -32.896 -5.125 223.55
T -34.775 -6.987 226.282
V -37.666 -6.163 228.612
Y -38.363 -8.023 231.852
L -41.347 -8.622 234.131
Q -40.522 -9.661 237.698
M -43.714 -11.255 239.043
N -43.845 -11.653 242.826
S -46.652 -13.04 245.004
L -48.474 -14.64 242.089
K -52.163 -15.476 242.524
P -54.415 -18.011 240.754
E -56.135 -15.01 239.137
D -52.86 -14.182 237.353
T -53.078 -17.368 235.252
A -52.982 -16.174 231.641
V -50.964 -16.059 228.453
Y -48.53 -13.157 228.777
Y -47.67 -11.21 225.624
C -44.78 -8.851 224.901
A -45.497 -5.743 222.824
A -43.646 -2.733 221.439
N -44.56 0.821 220.367
P -48.097 1.849 221.372
N -50.165 3.226 218.488
P -52.925 5.785 219.2
S -55.096 4.555 216.309
G -56.543 1.048 216.366
S -59.869 -0.588 217.203
S -58.409 -3.04 219.745
V -55.481 -3.422 222.138
Y -53.86 -5.762 219.608
R -54.014 -3.125 216.863
R -52.923 -0.366 219.286
N -49.37 -1.758 219.385
D -47.15 -2.147 216.334
Y -45.203 -5.262 217.358
W -46.3 -8.346 219.295
G -44.606 -11.476 220.565
Q -46.106 -14.949 220.535
G -46.97 -15.346 224.218
T -45.788 -17.439 227.138
Q -48.106 -19.327 229.484
V -48.139 -18.476 233.196
T -50.095 -20.902 235.387
V -50.596 -20.364 239.129
S -52.084 -23.16 241.242
S -52.856 -23.589 244.975
