tag x y z
P -68.559 -12.028 213.327
S -64.81 -11.407 213.198
Q -62.654 -10.818 210.123
G -61.359 -14.376 210.507
Q -58.342 -15.827 212.252
L -55.45 -18.217 211.607
V -54.653 -20.188 214.765
E -51.251 -21.867 214.495
S -50.211 -24.712 216.78
G -47.605 -27.465 216.883
G -44.466 -25.429 217.551
G -41.871 -26.203 220.165
L -38.263 -27.251 220.651
V -36.818 -30.205 218.735
Q -33.304 -31.557 218.393
A -31.629 -31.458 214.986
G -33.014 -34.212 212.78
G -36.321 -34.301 214.652
S -39.792 -33.67 213.289
L -42.576 -31.174 213.943
R -46.118 -30.952 212.569
L -47.529 -27.424 212.444
S -51.258 -26.846 212.009
C -53.243 -23.788 210.91
A -56.94 -23.732 211.826
A -58.916 -21.062 209.993
S -62.268 -19.324 210.478
G -64.371 -16.461 209.178
I -63.209 -16.871 205.562
I -64.198 -18.871 202.495
F -61.18 -21.091 203.181
R -62.091 -23.475 200.344
E -61.418 -20.912 197.594
L -58.109 -19.596 198.994
G -54.479 -20.636 198.749
I -52.615 -20.936 202.042
D -48.978 -20.069 202.726
W -46.474 -20.752 205.49
Y -43.948 -18.005 206.209
R -41.189 -17.863 208.789
Q -38.979 -15.171 210.274
A -35.794 -15.666 212.258
P -34.673 -12.967 214.716
G -33.078 -10.053 212.89
K -33.831 -11.595 209.48
Q -36.363 -10.865 206.769
R -39.452 -13.022 206.44
E -39.217 -16.071 204.202
L -41.881 -18.019 202.337
V -41.642 -21.697 203.311
A -44.483 -23.431 201.473
S -47.769 -22.735 199.73
I -50.789 -24.844 198.82
A -53.339 -23.722 196.256
S -57.082 -24.09 196.737
A -56.932 -26.985 194.24
G -53.95 -28.715 195.879
M -50.834 -27.484 194.039
T -47.872 -27.321 196.419
N -44.629 -25.389 196.053
Y -41.761 -25.181 198.525
A -38.778 -22.958 199.16
D -35.517 -24.455 197.929
S -34.071 -24.501 201.455
V -36.826 -26.867 202.673
K -37.804 -28.779 199.52
G -37.929 -32.518 200.16
R -37.91 -32.082 203.947
F -41.246 -30.281 204.42
T -44.699 -31.301 203.203
I -47.727 -28.995 203.154
S -51.306 -30.219 202.802
R -54.852 -29.009 203.373
D -57.962 -30.683 204.784
N -60.963 -28.821 203.386
A -63.271 -30.742 205.732
K -61.255 -29.869 208.846
N -60.615 -26.364 207.414
T -56.962 -26.823 208.386
V -53.532 -26.7 206.746
Y -50.56 -28.731 207.985
L -46.803 -28.335 207.527
Q -44.943 -31.572 208.279
M -41.319 -30.634 209.019
N -38.972 -33.631 208.835
S -35.177 -33.722 209.16
L -35.086 -30.353 210.889
K -31.934 -28.219 210.935
P -30.796 -25.361 213.209
E -31.346 -22.918 210.317
D -35.088 -23.67 210.527
T -35.234 -21.906 213.916
A -37.789 -19.143 213.327
V -41.296 -17.972 214.135
Y -43.647 -19.673 211.673
Y -46.721 -17.804 210.417
C -49.837 -18.979 208.621
H -51.104 -16.624 205.937
T -53.816 -16.085 203.339
L -55.304 -13.22 201.308
P -59.126 -13.31 201.548
R -59.821 -10.041 199.713
F -57.649 -6.906 199.858
S -56.17 -7.319 203.366
H -53.622 -9.967 204.303
L -54.649 -12.407 207.033
W -51.816 -13.411 209.369
G -51.697 -15.754 212.311
Q -50.001 -14.702 215.523
G -47.246 -17.239 214.862
T -45.651 -20.116 216.767
R -41.977 -20.636 217.498
V -39.829 -23.463 216.204
T -36.489 -23.839 217.973
V -34.007 -26.474 216.79
S -31.157 -27.327 219.153
S -27.725 -27.956 217.653
