tag x y z
M 33.939 171.156 30.436
Q 36.964 170.303 32.587
L 36.462 168.336 35.811
V 39.214 167.716 38.377
E 39.089 164.94 40.973
S 40.981 165.016 44.261
G 41.467 162.699 47.213
G 44.019 160.074 46.167
G 43.754 156.957 48.314
L 46.199 154.727 50.201
V 44.11 153.657 53.203
Q 43.95 150.307 54.984
P 40.766 148.196 54.859
G 38.059 149.71 57.033
G 39.445 153.222 56.573
S 37.906 156.375 55.161
L 38.524 158.781 52.28
R 36.666 161.74 50.802
L 36.864 162.415 47.075
S 36.084 165.845 45.657
C 35.103 167.009 42.17
A 35.847 170.575 41.076
A 35.427 172.473 37.808
P 37.701 175.489 37.283
E 36.227 178.079 34.905
S 32.848 176.309 35.115
T 29.704 176.195 37.256
L 28.345 172.805 38.338
D 25.153 174.053 40.016
D 22.941 173.102 37.056
Y 24.79 169.822 36.355
A 24.061 166.497 37.996
I 27.3 164.88 39.16
G 28.004 161.153 39.146
W 30.863 159.128 40.614
F 32.272 156.21 38.621
R 35.163 153.859 39.341
Q 37.168 151.555 37.084
A 39.39 148.881 38.59
P 42.103 147.335 36.397
G 40.545 144.726 34.131
K 37.013 145.499 35.286
E 34.625 147.748 33.381
R 33.568 151.263 34.339
E 31.145 151.044 37.266
G 28.687 153.591 38.625
V 29.092 154.376 42.325
S 26.883 157.387 43.066
C 25.087 160.317 41.473
I 23.6 163.517 42.896
G 21.159 165.758 41.058
S 21.618 169.442 40.348
S 19.278 170.343 43.227
G 21.261 168.286 45.747
D 18.099 166.583 47.03
S 18.371 163.439 44.876
T 21.101 160.982 45.877
N 21.7 157.585 44.284
Y 24.1 154.849 45.367
A 25.12 151.515 43.901
D 24.312 148.544 46.122
S 28.006 147.677 46.494
V 28.572 151.05 48.205
K 25.103 151.55 49.708
G 25.088 152.529 53.372
R 28.809 153.331 53.589
F 29.225 155.989 50.874
T 27.644 159.449 51.025
V 27.598 161.935 48.138
S 27.152 165.656 48.789
R 27.389 168.982 46.988
D 28.221 172.612 47.809
N 27.239 175.08 45.086
A 28.983 177.937 46.908
K 32.239 175.971 46.657
N 31.373 174.664 43.154
T 32.448 171.247 44.433
V 30.874 167.799 44.818
Y 32.126 165.349 47.445
L 31.967 161.573 47.84
Q 32.549 160.398 51.414
M 33.859 156.816 51.381
N 33.757 155.099 54.781
D 34.483 151.503 55.821
L 36.592 150.975 52.714
R 37.257 147.415 51.562
P 39.882 146.045 49.137
E 37.098 145.672 46.552
D 36.824 149.482 46.407
T 40.319 149.742 44.87
A 39.999 151.575 41.533
V 40.439 154.972 39.909
Y 37.35 157.065 40.634
Y 35.966 159.297 37.883
C 33.709 162.345 38.068
A 30.993 162.827 35.454
A 28.66 165.753 34.798
A 25.309 165.723 32.997
H 23.21 168.86 32.697
R 19.771 169.042 34.3
I 17.895 169.603 31.032
F 19.208 166.343 29.539
G 17.977 164.195 32.445
G 20.671 164.678 35.048
C 21.434 161.459 36.902
L 18.898 159.639 34.717
V 21.259 159.97 31.724
I 24.638 160.071 33.492
H 25.245 156.586 32.055
S 23.594 156.624 28.634
S 24.099 160.21 27.417
G 26.783 161.72 25.224
Y 26.726 165.254 26.612
V 28.46 163.914 29.736
S 31.739 165.6 30.655
W 34.399 163.379 32.225
G 37.443 164.184 34.314
Q 40.544 162.046 34.675
G 40.165 159.972 37.812
T 42.102 159.948 41.077
P 43.573 156.674 42.391
V 42.113 154.892 45.421
T 43.906 151.861 46.878
V 42.781 149.724 49.836
S 45.633 147.283 50.437
S 47.275 146.69 53.829
