tag x y z
V -55.187 16.681 4.361
Q -55.678 13.194 2.903
L -57.468 12.853 -0.438
V -58.836 9.457 -1.469
E -60.464 8.74 -4.841
S -63.093 6.038 -5.258
G -65.913 5.062 -7.638
G -63.744 3.963 -10.578
G -64.478 0.908 -12.662
L -64.585 -0.906 -15.965
V -67.533 -0.04 -18.225
Q -68.741 0.06 -21.835
A -69.033 3.158 -24.003
G -72.233 5.109 -23.223
D -72.499 4.13 -19.543
S -72.294 6.449 -16.52
L -69.828 6.583 -13.615
R -69.622 8.723 -10.479
L -66.239 9.334 -8.861
S -65.766 10.468 -5.267
C -62.914 12.541 -3.86
T -63.153 11.979 -0.094
A -61.0 13.945 2.361
S -59.811 13.3 5.928
G -57.727 15.519 8.258
R -59.267 18.859 7.159
T -62.689 20.04 5.938
L -62.668 19.814 2.11
G -65.03 22.832 1.948
D -61.956 24.956 2.817
Y -60.381 24.099 -0.608
G -60.885 24.398 -4.328
V -60.926 20.826 -5.633
A -59.996 19.694 -9.13
W -60.033 16.415 -11.019
F -57.192 15.465 -13.351
R -56.535 12.314 -15.334
Q -53.55 10.499 -16.79
A -53.169 7.617 -19.244
P -49.926 5.674 -20.005
G -47.282 7.643 -21.928
K -49.379 10.833 -21.741
E -49.627 14.169 -19.953
R -51.615 14.649 -16.73
E -54.662 16.382 -18.278
F -56.996 18.833 -16.571
V -60.584 17.514 -16.325
S -62.661 19.717 -13.987
V -62.502 22.077 -10.972
I -64.85 23.573 -8.348
S -63.856 26.655 -6.322
R -63.831 26.985 -2.515
S -66.689 29.49 -2.956
T -68.576 26.816 -5.011
I -69.854 29.244 -7.721
I -66.978 28.791 -10.22
T -66.717 25.546 -12.156
D -64.572 24.728 -15.177
Y -64.177 21.756 -17.55
A -61.796 20.599 -20.252
D -63.268 20.92 -23.759
S -63.347 17.136 -24.305
V -65.664 16.576 -21.271
R -67.971 19.641 -21.498
G -71.65 18.626 -21.689
R -70.794 15.094 -20.438
F -69.127 15.565 -17.025
S -70.58 17.391 -14.0
I -68.632 18.518 -10.9
S -70.344 19.023 -7.547
A -69.623 19.176 -3.816
D -71.056 17.973 -0.504
S -69.388 19.748 2.44
A -71.534 17.777 4.924
K -70.013 14.421 3.812
N -66.635 16.068 3.146
T -66.658 14.953 -0.508
V -66.46 16.313 -4.069
Y -68.124 14.299 -6.884
L -67.46 13.896 -10.595
Q -70.477 12.585 -12.483
M -69.298 11.139 -15.823
N -71.944 10.476 -18.526
S -71.813 9.246 -22.115
L -68.445 7.691 -21.34
K -66.245 6.993 -24.359
P -62.929 5.025 -24.76
E -60.95 8.326 -24.83
D -61.867 8.781 -21.129
T -59.813 5.679 -20.181
A -57.294 6.878 -17.556
V -56.434 7.037 -13.842
Y -58.381 9.91 -12.27
Y -56.801 11.973 -9.496
C -58.218 14.731 -7.342
A -56.211 17.528 -5.713
V -56.614 20.804 -3.843
I -55.721 24.209 -5.291
A -52.516 25.267 -3.47
N -51.657 28.528 -5.302
P -53.361 31.277 -3.211
V -53.596 33.719 -6.166
Y -56.24 31.526 -7.964
A -59.767 30.258 -7.172
T -59.527 27.967 -10.22
S -56.731 26.834 -12.536
R -56.166 24.245 -15.277
N -52.455 23.928 -14.436
S -51.484 20.901 -12.34
D -48.563 22.874 -10.796
D -51.092 25.044 -8.907
Y -52.348 21.92 -7.026
G -51.165 19.964 -3.962
H -52.088 16.919 -1.844
W -52.898 14.586 -4.732
G -54.722 11.342 -3.979
Q -53.442 7.9 -4.986
G -55.967 7.773 -7.837
T -58.912 5.667 -8.988
Q -58.889 3.877 -12.322
V -61.562 4.285 -15.004
T -61.618 2.067 -18.112
V -64.134 2.425 -20.966
S -64.262 -0.286 -23.662
S -65.432 -0.056 -27.3
