tag x y z
V 210.396 147.98 -32.902
Q 206.746 148.502 -33.853
L 205.04 151.913 -33.805
V 201.249 151.676 -33.462
E 199.405 154.887 -34.374
S 195.816 155.722 -33.447
G 193.412 158.625 -33.083
G 193.09 160.116 -36.591
G 190.226 160.325 -39.057
L 187.738 162.941 -40.212
V 187.193 165.807 -37.763
H 185.311 169.103 -37.783
P 187.185 172.421 -37.643
G 187.587 174.201 -34.347
G 187.435 170.82 -32.615
S 190.205 168.929 -30.865
L 192.096 165.736 -31.633
R 194.715 163.522 -29.976
L 197.035 161.165 -31.85
S 198.696 158.323 -29.947
C 201.725 156.246 -30.905
A 202.784 153.193 -28.887
A 206.218 151.598 -29.244
S 206.539 147.838 -28.757
G 209.258 145.24 -29.2
H 214.967 157.423 -26.744
A 213.11 160.213 -28.527
V 209.62 159.816 -29.966
A 208.057 162.364 -32.251
W 205.688 163.32 -35.062
F 206.111 164.348 -38.68
R 203.322 165.128 -41.13
Q 202.739 165.267 -44.878
A 200.056 167.538 -46.293
P 198.43 166.489 -49.578
G 200.899 167.002 -52.401
K 203.582 168.42 -50.085
E 206.845 167.192 -48.6
R 207.109 165.58 -45.183
D 207.458 168.202 -42.451
F 208.898 167.83 -38.965
V 206.149 168.528 -36.435
A 207.966 168.025 -33.155
S 209.713 165.575 -30.839
I 210.015 164.693 -27.168
N 213.03 162.883 -25.758
A 212.586 160.129 -23.18
V 213.095 162.856 -20.574
G 210.72 165.53 -21.853
L 212.983 167.742 -23.956
V 210.445 169.268 -26.347
R 211.534 170.652 -29.716
N 208.976 171.952 -32.207
V 204.334 174.754 -35.187
L 202.442 176.874 -32.649
G 200.482 176.553 -29.404
R 197.649 174.617 -31.066
F 199.91 171.527 -31.148
S 201.246 169.98 -27.935
I 203.339 166.809 -27.682
S 203.595 164.675 -24.553
R 204.708 161.19 -23.544
D 203.881 158.438 -21.084
F 207.127 156.512 -20.624
A 205.516 153.705 -18.613
K 203.262 153.077 -21.628
N 205.996 153.817 -24.21
E 203.506 156.184 -25.853
V 203.756 159.643 -27.417
Y 200.81 161.994 -27.912
L 200.105 164.868 -30.307
Q 197.21 167.071 -29.17
M 195.666 169.519 -31.65
N 193.164 172.203 -30.627
S 190.847 174.437 -32.665
L 191.6 172.38 -35.757
E 192.244 174.206 -39.034
P 192.036 173.108 -42.685
E 195.822 173.381 -43.041
D 196.117 170.587 -40.447
T 194.841 167.977 -42.921
A 197.74 165.599 -43.543
V 199.167 162.134 -42.913
Y 200.785 162.21 -39.467
Y 203.7 159.801 -39.033
C 205.073 158.635 -35.702
A 208.856 158.361 -35.521
A 211.348 157.087 -32.954
R 215.143 157.092 -32.795
Y 217.908 155.7 -30.613
Y 219.241 159.267 -30.271
Y 215.517 157.912 -38.366
D 215.422 154.235 -37.473
Y 211.689 153.655 -36.905
W 208.557 155.037 -38.552
G 204.837 154.481 -38.258
Q 202.656 153.738 -41.259
G 200.972 157.141 -40.917
T 197.581 158.272 -39.654
Q 195.18 160.239 -41.831
V 193.861 163.495 -40.378
T 191.164 165.256 -42.407
V 189.788 168.597 -41.209
S 186.427 169.312 -42.832
S 186.018 173.047 -43.489
