tag x y z
Q 54.931 -83.031 151.071
V 51.433 -84.034 150.035
Q 51.392 -86.706 147.374
L 48.984 -89.312 146.031
Q 49.847 -92.453 144.12
E 47.27 -94.68 142.449
S 47.993 -98.235 141.362
G 46.225 -101.362 140.15
G 45.231 -100.183 136.693
G 45.262 -102.548 133.744
L 43.244 -104.213 131.008
V 40.195 -106.063 132.349
Q 37.574 -108.224 130.642
P 33.861 -107.431 131.168
G 32.394 -108.989 134.321
G 35.831 -109.094 135.94
S 36.98 -107.426 139.162
L 39.88 -105.1 139.981
R 41.196 -103.328 143.095
L 42.905 -99.943 143.038
S 45.142 -98.58 145.793
C 45.885 -94.959 146.734
A 48.93 -94.299 148.927
A 48.798 -91.078 150.957
S 52.005 -89.296 151.989
G 52.471 -85.847 153.549
F 49.242 -85.709 155.586
T 47.01 -87.675 157.861
L 43.804 -89.324 156.731
D 41.812 -88.673 159.868
Y 41.481 -84.981 159.059
Y 40.476 -85.522 155.425
Y 37.909 -86.976 153.069
I 39.162 -89.453 150.49
G 37.486 -89.811 147.129
W 37.783 -91.928 144.023
F 37.075 -90.183 140.74
R 37.08 -91.254 137.121
Q 37.151 -89.513 133.752
A 36.304 -91.586 130.686
P 37.738 -90.421 127.333
G 36.169 -87.215 126.021
K 33.779 -87.125 128.956
E 33.754 -84.858 132.023
R 35.287 -86.283 135.228
E 32.814 -87.75 137.736
A 32.789 -88.861 141.372
V 32.795 -92.571 142.2
S 33.329 -93.036 145.957
C 33.944 -90.984 149.114
I 34.852 -92.015 152.642
S 35.258 -90.134 155.918
G 38.704 -90.36 157.451
S 37.177 -90.023 160.9
S 33.942 -92.037 160.884
G 34.625 -94.384 157.963
S 31.2 -93.459 156.597
T 30.928 -93.86 152.823
Y 29.179 -92.457 149.735
Y 28.447 -94.27 146.501
P 26.719 -92.734 143.492
D 23.766 -94.687 142.161
S 25.594 -96.057 139.119
V 28.117 -98.178 141.024
K 26.443 -98.587 144.435
G 26.487 -102.279 145.291
R 29.216 -103.041 142.776
F 31.842 -100.685 144.18
T 32.928 -100.535 147.811
I 35.498 -98.269 149.42
S 37.522 -99.18 152.511
R 40.539 -97.905 154.393
D 43.431 -99.553 156.216
N 44.812 -97.242 158.886
A 47.905 -99.356 159.485
K 48.975 -99.106 155.842
N 47.716 -95.509 155.354
T 46.059 -96.556 152.085
V 42.56 -96.302 150.622
Y 41.142 -99.047 148.444
L 38.338 -99.151 145.924
Q 36.991 -102.618 145.247
M 35.127 -102.948 141.963
N 32.869 -105.923 141.29
S 31.046 -106.992 138.125
L 32.828 -104.423 135.949
K 31.223 -103.132 132.742
P 32.94 -101.701 129.612
E 31.328 -98.303 130.257
D 33.508 -98.108 133.392
T 36.558 -97.704 131.15
A 38.14 -94.488 132.37
V 41.181 -92.997 134.033
Y 40.707 -93.314 137.78
Y 42.038 -90.504 139.944
C 42.59 -90.389 143.677
A 41.713 -87.139 145.407
T 41.308 -85.697 148.897
I 40.121 -82.629 150.758
R 40.383 -81.506 154.392
S 37.086 -82.057 156.193
S 37.318 -78.459 157.394
S 36.965 -77.444 153.731
W 34.62 -80.306 152.814
G 32.142 -79.334 150.138
G 30.783 -82.614 148.849
C 31.953 -85.608 146.856
V 32.495 -83.492 143.763
H 35.451 -83.019 141.44
Y 35.382 -79.243 142.014
G 35.554 -80.012 145.776
M 38.975 -81.661 145.998
D 42.267 -80.117 147.108
Y 44.853 -82.69 146.025
W 44.872 -85.036 143.039
G 46.915 -88.072 142.074
K 48.029 -88.406 138.461
G 45.78 -91.385 137.846
T 45.969 -94.981 136.638
Q 44.201 -96.326 133.575
V 41.577 -99.042 133.644
T 40.281 -100.521 130.394
V 37.42 -103.015 130.279
