tag x y z
V 20.136 19.029 -16.379
Q 21.559 17.808 -19.702
L 20.629 16.964 -23.313
Q 22.797 14.761 -25.479
E 22.347 14.152 -29.197
S 23.956 11.159 -30.854
G 24.01 9.176 -34.071
G 25.754 11.626 -36.355
G 28.121 10.238 -38.954
L 28.812 9.971 -42.651
V 25.893 8.824 -44.734
Q 25.683 8.281 -48.46
P 22.78 9.892 -50.268
G 19.734 7.668 -50.162
G 21.046 6.164 -46.954
S 19.274 6.14 -43.608
L 20.347 7.319 -40.2
R 18.914 7.432 -36.66
L 19.646 10.103 -34.083
S 19.12 9.678 -30.377
C 18.513 12.38 -27.79
A 19.025 11.373 -24.152
A 17.074 13.472 -21.686
S 18.367 14.075 -18.18
G 17.063 16.643 -15.701
F 13.35 16.366 -16.529
T 10.609 13.907 -17.234
L 9.076 13.714 -20.653
D 5.42 13.886 -19.747
Y 5.525 17.581 -18.996
Y 7.517 18.753 -22.014
Y 7.753 19.15 -25.798
I 10.831 17.775 -27.552
G 12.06 19.269 -30.785
W 14.699 18.478 -33.348
F 16.496 21.332 -35.094
R 19.159 21.587 -37.763
Q 21.595 24.176 -39.049
A 22.93 23.606 -42.568
P 26.253 25.098 -43.76
G 26.052 28.819 -44.196
K 22.435 28.602 -43.171
E 20.465 29.901 -40.198
R 19.325 27.229 -37.744
E 15.843 25.879 -38.495
G 13.18 23.63 -37.019
V 12.554 20.119 -38.283
S 10.302 18.242 -35.813
C 8.621 18.638 -32.405
I 6.594 15.948 -30.555
S 4.307 15.71 -27.531
S 5.716 13.271 -25.021
S 2.444 12.106 -23.493
H 0.13 11.763 -26.43
G 2.741 11.31 -29.14
S 1.432 14.077 -31.368
T 3.949 15.175 -33.988
Y 5.223 17.999 -36.171
Y 7.287 17.6 -39.341
A 8.508 20.51 -41.35
D 7.539 20.466 -44.968
S 11.065 19.746 -46.217
V 11.317 16.379 -44.526
K 7.66 15.437 -44.199
G 7.454 11.827 -45.293
R 11.179 11.161 -45.03
F 11.665 11.966 -41.343
T 9.901 10.521 -38.325
I 10.208 11.409 -34.653
S 9.506 9.137 -31.672
R 9.856 9.078 -27.895
D 10.466 6.445 -25.25
N 9.314 7.537 -21.793
A 10.825 4.418 -20.297
K 14.266 5.063 -21.727
N 13.75 8.804 -21.29
T 15.082 9.212 -24.835
V 13.902 10.85 -28.058
Y 14.658 9.498 -31.521
L 14.641 10.988 -35.005
Q 14.592 8.423 -37.771
M 15.816 9.798 -41.108
N 15.103 7.973 -44.301
S 16.214 8.617 -47.865
L 18.786 11.223 -46.899
K 19.712 13.9 -49.392
P 22.978 15.847 -49.522
E 20.935 18.945 -48.833
D 20.113 17.382 -45.457
T 23.729 17.758 -44.465
A 23.648 19.736 -41.245
V 24.243 19.747 -37.511
Y 21.119 18.463 -35.795
Y 20.177 19.924 -32.385
C 17.868 18.635 -29.664
A 15.675 21.109 -27.794
T 12.8 21.145 -25.279
V 10.179 23.362 -23.656
A 7.742 23.112 -20.763
V 4.33 22.491 -22.205
A 3.239 25.373 -19.983
H 5.571 27.643 -21.905
F 4.922 26.269 -25.359
R 5.073 29.085 -27.906
G 5.334 27.087 -31.068
C 7.853 24.731 -32.527
G 10.749 26.745 -33.899
V 14.052 28.171 -32.687
D 12.444 31.242 -31.182
G 10.324 28.815 -29.232
M 12.974 26.893 -27.294
D 14.111 26.97 -23.675
Y 16.782 24.229 -23.569
W 19.338 23.208 -26.235
G 21.573 20.237 -26.888
K 25.163 20.653 -28.015
G 24.395 19.197 -31.419
T 25.501 16.349 -33.678
Q 26.934 16.54 -37.179
V 25.328 14.782 -40.125
T 26.897 14.582 -43.529
V 25.235 13.27 -46.655
S 27.867 12.73 -49.359
S 29.796 10.16 -51.363
H 33.384 11.407 -50.988
H 36.103 9.72 -48.923
