tag x y z
Q -4.683 86.17 -2.696
V -4.931 85.816 -6.45
Q -5.5 89.19 -8.05
L -4.986 90.783 -11.45
Q -4.425 94.435 -12.316
E -4.463 95.87 -15.828
S -2.956 99.208 -16.82
G -2.003 101.191 -19.911
G -5.446 102.251 -21.062
G -5.915 105.74 -22.487
L -7.034 107.874 -25.399
V -5.458 106.772 -28.642
Q -5.799 108.193 -32.116
P -6.85 105.8 -34.921
G -3.947 103.898 -36.491
G -2.09 104.289 -33.215
S -0.719 101.594 -30.937
L -1.122 100.87 -27.242
R 0.27 98.306 -24.807
L -1.597 96.944 -21.799
S 0.06 95.228 -18.844
C -1.303 92.617 -16.444
A 0.423 92.178 -13.077
A -0.189 88.836 -11.374
S -0.205 88.526 -7.584
G -1.054 85.584 -5.323
F 0.205 82.987 -7.804
T 2.945 82.33 -10.318
L 2.383 82.282 -14.045
D 4.147 79.015 -14.781
Y 1.327 76.806 -13.582
Y -1.291 78.856 -15.353
Y -2.678 80.064 -18.675
I -3.051 83.818 -19.071
G -5.707 85.474 -21.212
W -6.814 88.901 -22.387
F -10.506 89.58 -22.876
R -12.409 92.651 -23.91
Q -15.934 93.944 -23.705
A -16.952 96.885 -25.858
P -20.007 98.84 -24.569
G -23.321 97.019 -24.974
K -21.583 94.09 -26.652
E -20.978 90.577 -25.364
R -17.532 89.965 -23.878
E -15.194 88.066 -26.206
G -11.855 86.288 -26.038
V -8.804 87.919 -27.589
S -5.619 86.094 -26.563
C -4.413 83.139 -24.488
I -0.825 82.223 -23.763
S 0.907 79.31 -22.076
S 2.995 80.702 -19.25
S 5.576 77.961 -19.304
H 6.159 77.31 -22.995
G 5.045 80.685 -24.328
S 2.645 79.123 -26.822
T -0.027 81.598 -27.865
Y -3.613 81.957 -29.023
Y -5.132 84.831 -31.007
A -8.788 85.056 -31.967
D -9.627 85.727 -35.6
S -10.647 89.376 -35.166
V -7.262 90.756 -34.077
K -4.989 88.046 -35.436
G -2.078 89.753 -37.157
R -2.618 93.094 -35.4
F -2.413 91.966 -31.744
T 0.365 90.049 -29.998
I 0.596 88.779 -26.403
S 3.733 88.203 -24.326
R 4.853 87.247 -20.819
D 7.715 87.888 -18.416
N 7.941 85.152 -15.755
A 10.638 86.996 -13.792
K 8.513 90.127 -13.496
N 5.37 88.002 -13.156
T 3.556 90.111 -15.746
V 1.631 89.458 -18.966
Y 1.489 91.949 -21.837
L -0.896 92.57 -24.718
Q 0.518 94.621 -27.599
M -2.024 96.212 -29.888
N -0.975 97.438 -33.325
S -2.882 99.359 -35.983
L -5.711 100.081 -33.595
K -9.193 100.565 -35.006
P -12.125 102.418 -33.394
E -13.986 99.098 -33.084
D -11.262 98.075 -30.619
T -12.629 100.616 -28.172
A -13.433 98.45 -25.186
V -12.61 97.617 -21.607
Y -9.785 95.079 -21.654
Y -9.708 92.39 -18.967
C -6.882 90.17 -17.819
A -7.773 86.626 -16.817
T -6.077 83.365 -15.789
V -6.649 79.637 -15.199
A -4.597 76.825 -13.703
V -3.217 74.757 -16.566
A -4.678 71.729 -14.756
H -8.165 73.167 -15.151
F -7.652 74.626 -18.617
R -10.84 74.17 -20.626
G -10.239 76.368 -23.609
C -9.865 80.053 -24.229
G -13.117 81.905 -23.9
V -15.071 83.527 -21.114
D -16.703 80.257 -20.131
G -13.217 78.878 -19.732
M -11.909 81.319 -17.138
D -11.53 81.073 -13.374
Y -9.96 84.414 -12.332
W -10.58 87.931 -13.653
G -8.782 91.276 -13.582
K -10.622 94.532 -12.946
G -10.0 95.883 -16.456
T -8.505 98.847 -18.321
Q -10.259 101.127 -20.816
V -9.093 101.681 -24.386
T -10.661 104.369 -26.567
V -9.771 104.931 -30.213
