tag x y z
Q 49.316 23.932 17.027
V 47.191 23.061 13.961
Q 46.971 19.28 13.63
L 44.661 16.701 12.081
Q 44.162 13.1 13.111
E 42.199 10.728 10.89
S 40.694 7.506 12.154
G 38.354 4.764 11.014
G 40.386 2.814 8.475
G 40.001 -0.939 8.222
L 39.076 -3.766 5.874
V 35.721 -3.31 4.155
Q 33.943 -5.59 1.822
P 32.998 -4.308 -1.649
G 29.578 -2.721 -1.602
G 30.115 -1.996 2.088
S 30.214 1.38 3.828
L 32.729 3.044 6.129
R 32.92 6.408 7.895
L 36.225 8.148 8.555
S 36.699 10.843 11.188
C 39.2 13.695 11.245
A 39.783 15.271 14.655
A 40.974 18.874 14.462
S 43.121 20.32 17.231
G 44.73 23.733 17.35
F 41.818 25.315 15.465
T 38.029 25.369 15.113
L 36.228 24.324 11.94
D 34.499 27.69 11.392
Y 37.528 29.556 10.044
Y 38.75 26.817 7.692
Y 38.063 24.552 4.756
I 38.561 20.83 5.414
G 39.446 18.382 2.674
W 39.754 14.632 2.315
F 42.425 13.245 -0.009
R 43.357 9.688 -0.899
Q 46.332 7.828 -2.361
A 45.725 4.401 -3.867
P 48.821 2.196 -4.198
G 51.246 3.476 -6.829
K 48.904 6.336 -7.736
E 49.099 10.093 -7.242
R 47.224 11.587 -4.288
E 43.861 12.98 -5.31
A 41.129 15.094 -3.754
V 37.909 13.382 -2.691
S 35.759 15.8 -0.655
C 36.028 19.37 0.649
I 33.726 21.08 3.127
S 33.362 24.606 4.439
G 33.695 24.753 8.202
S 31.267 27.644 8.633
S 28.527 27.004 6.106
G 28.92 23.278 5.567
S 29.013 23.771 1.798
T 30.669 20.844 0.03
Y 32.572 19.974 -3.165
Y 32.775 16.488 -4.681
P 34.859 15.42 -7.686
D 33.264 13.343 -10.398
S 34.889 10.034 -9.43
V 33.204 9.749 -6.022
K 30.281 12.176 -6.376
G 27.203 10.378 -5.132
R 29.035 7.626 -3.261
F 31.119 9.752 -0.853
T 29.744 12.471 1.425
I 31.549 14.786 3.84
S 30.02 16.352 6.947
R 31.212 18.359 9.937
D 30.245 18.694 13.599
N 31.294 22.081 14.924
A 30.493 20.999 18.493
K 32.829 17.992 18.29
N 35.321 19.895 16.087
T 35.364 16.884 13.736
V 34.931 16.303 9.993
Y 33.495 13.025 8.683
L 33.685 11.316 5.3
Q 30.948 8.766 4.678
M 31.806 6.254 1.954
N 28.97 4.21 0.468
S 29.072 1.3 -1.98
L 32.816 0.816 -1.67
K 34.752 -0.58 -4.612
P 38.166 -2.288 -4.53
E 39.548 0.674 -6.494
D 38.735 2.84 -3.453
T 41.586 1.137 -1.554
A 43.845 3.962 -0.488
V 45.294 5.893 2.392
Y 42.812 8.677 3.118
Y 44.317 11.969 4.253
C 42.697 14.886 6.0
A 43.877 18.385 5.156
T 42.833 21.96 5.897
I 43.4 25.569 4.887
R 42.19 28.83 6.351
S 39.142 29.947 4.391
S 40.871 33.326 3.995
S 43.346 31.486 1.728
W 40.824 29.025 0.264
G 41.604 28.428 -3.385
G 39.751 25.281 -4.356
C 39.801 21.58 -3.499
V 43.299 20.815 -4.763
H 46.241 19.172 -3.041
Y 48.478 22.178 -3.67
G 45.939 24.405 -1.908
M 46.186 22.768 1.521
D 48.277 24.007 4.442
Y 48.047 21.293 7.123
W 47.904 17.538 6.572
G 46.954 14.571 8.646
K 49.078 11.45 8.625
G 46.392 9.306 6.967
T 44.387 6.167 7.674
Q 44.342 3.093 5.449
V 41.169 1.716 3.886
T 41.255 -1.662 2.11
V 38.282 -3.096 0.218
S 38.903 -6.842 0.096
S 38.901 -8.875 -3.122
