tag x y z
S 20.047 23.228 21.451
N 22.803 24.659 23.664
A 26.369 24.198 22.423
Q 25.258 23.733 18.806
V 27.972 25.34 16.717
Q 29.156 25.24 13.098
L 32.901 25.257 12.378
V 34.31 26.249 8.986
E 37.972 25.49 8.392
S 40.119 27.001 5.682
G 43.666 28.071 4.896
G 44.881 24.79 3.426
G 46.77 24.157 0.201
L 50.003 23.092 -1.51
V 53.43 24.191 -0.243
Q 57.12 23.509 -0.944
P 58.912 21.553 1.792
G 60.102 23.991 4.456
G 57.062 26.206 3.994
S 54.343 27.563 6.272
L 50.523 27.431 6.351
R 47.977 29.02 8.691
L 44.711 27.126 9.125
S 41.517 28.643 10.548
C 38.516 27.458 12.592
V 35.708 29.967 12.206
A 32.582 29.523 14.299
S 29.412 30.587 12.506
E 27.265 33.349 13.996
F 24.376 32.502 16.327
S 25.826 29.653 18.328
R 24.458 30.419 21.834
F 27.986 30.267 23.206
T 30.981 31.893 21.562
L 34.133 29.994 20.675
D 36.183 31.121 23.69
Y 33.824 28.865 25.7
Y 35.162 25.962 23.63
A 38.155 23.684 23.485
I 39.327 23.235 19.9
G 41.556 20.421 18.736
W 43.362 19.928 15.451
F 43.737 16.551 13.771
R 45.158 15.17 10.524
Q 44.098 12.08 8.582
A 45.987 10.163 5.918
P 43.993 7.874 3.603
G 45.122 4.785 5.532
K 45.595 6.552 8.85
E 42.801 7.14 11.349
R 42.439 10.655 12.771
R 42.43 10.661 12.769
E 45.568 11.717 14.669
G 45.745 14.562 17.194
L 48.322 17.324 16.799
S 47.57 20.517 18.639
S 44.897 21.507 21.153
I 43.634 24.408 23.257
S 41.467 24.275 26.361
S 38.303 26.153 27.208
S 40.337 26.98 30.308
S 40.981 30.697 30.798
D 44.736 30.114 31.298
G 45.11 29.182 27.613
F 46.686 25.804 28.237
T 47.834 24.083 25.037
S 48.916 20.59 24.037
Y 51.171 19.573 21.175
S 51.988 16.103 19.922
D 55.675 15.243 19.705
S 55.479 15.221 15.907
V 54.599 18.927 15.585
K 56.443 20.497 18.567
G 58.196 23.82 17.943
R 56.515 23.912 14.544
F 52.749 24.231 15.058
T 51.191 26.972 17.18
I 47.48 27.078 18.036
S 46.02 30.515 18.899
R 42.796 32.507 19.253
D 41.073 35.569 17.884
N 37.924 36.092 19.95
A 36.502 39.182 18.278
K 36.637 37.142 15.076
N 35.282 34.075 16.901
T 38.197 32.105 15.485
V 41.065 29.727 16.229
Y 44.225 29.686 14.124
L 46.742 26.864 13.707
Q 50.11 27.976 12.331
M 52.172 25.256 10.669
N 55.812 26.165 9.951
S 58.825 24.349 8.462
L 56.328 22.052 6.743
K 57.634 18.615 5.758
P 55.989 16.216 3.25
E 55.197 13.864 6.162
D 52.618 16.468 7.186
T 50.576 16.012 3.978
A 47.047 14.995 5.005
V 43.481 16.173 5.541
Y 43.429 18.503 8.53
Y 40.405 18.889 10.786
C 39.436 21.162 13.603
A 37.067 19.918 16.294
A 35.398 21.572 19.268
R 33.837 20.839 22.677
L 31.988 23.294 24.879
G 33.898 23.709 28.144
G 36.364 21.093 26.979
W 39.994 20.329 27.629
A 43.017 19.973 25.392
S 42.795 16.446 24.047
F 44.243 14.318 21.266
S 41.129 12.116 21.301
P 38.426 12.597 18.592
Q 35.9 11.103 21.046
E 36.467 14.077 23.381
Y 35.248 16.645 20.868
D 31.714 17.211 19.656
Y 31.596 19.499 16.61
W 33.816 19.044 13.572
G 35.071 21.101 10.654
Q 34.625 19.891 7.07
G 38.352 19.272 6.688
T 41.015 20.683 4.39
Q 43.871 19.191 2.384
V 47.478 20.109 3.027
T 50.097 19.109 0.479
V 53.864 19.541 0.756
S 55.801 19.004 -2.483
S 58.185 20.389 -5.108
