tag x y z
N 23.149 87.217 202.31
A 24.804 90.602 201.783
Q 24.421 90.048 198.036
V 24.265 93.293 196.068
Q 24.92 94.28 192.45
L 26.974 97.404 191.734
V 26.504 99.122 188.365
E 28.802 102.098 187.867
S 28.788 104.732 185.147
G 29.631 108.332 184.307
G 33.157 107.78 183.034
G 34.712 108.921 179.778
L 37.115 111.198 177.93
V 37.735 114.643 179.401
Q 39.883 117.698 178.707
P 42.625 118.388 181.267
G 41.246 120.608 184.018
G 37.874 119.007 183.36
S 35.61 117.138 185.765
L 33.558 113.93 185.81
R 31.026 112.384 188.188
L 31.096 108.628 188.788
S 28.107 106.678 190.075
C 27.853 103.482 192.056
V 24.235 102.431 191.68
A 23.101 99.497 193.803
S 20.558 97.358 191.959
E 17.127 96.767 193.471
F 16.161 93.985 195.891
S 19.36 93.542 197.855
R 18.34 92.733 201.457
F 20.065 95.88 202.713
T 20.165 99.289 201.06
L 23.363 101.077 200.055
D 23.51 103.262 203.17
Y 24.289 100.099 205.156
Y 27.446 99.786 203.072
A 30.924 101.229 202.971
I 31.827 102.171 199.41
G 35.397 102.295 198.151
W 36.613 103.877 194.929
F 39.69 102.414 193.24
R 41.622 103.07 190.023
Q 43.911 100.856 187.953
A 46.335 101.682 185.157
P 47.219 98.815 182.779
G 50.786 98.148 183.933
K 49.822 98.962 187.511
E 47.768 97.515 190.354
R 44.549 98.561 192.066
E 44.8 101.763 194.117
G 42.367 103.215 196.655
L 41.417 106.859 196.177
S 38.283 107.826 198.081
S 36.161 105.971 200.639
I 33.01 106.353 202.731
S 32.117 104.365 205.843
S 28.866 102.643 206.777
S 29.156 104.622 210.005
S 26.322 107.037 210.74
D 28.729 109.953 211.18
G 29.573 110.049 207.467
F 33.322 109.555 207.802
T 35.192 109.771 204.495
S 38.79 109.037 203.548
Y 40.861 110.455 200.687
S 44.282 109.431 199.406
D 46.8 112.265 199.141
S 46.736 112.029 195.349
V 43.105 113.136 194.977
K 42.589 115.188 198.164
G 40.416 118.272 197.658
R 39.835 117.545 193.98
F 37.664 114.485 194.592
T 34.523 114.275 196.711
I 32.601 111.133 197.63
S 28.906 111.494 198.485
R 25.617 109.645 198.965
D 22.152 109.774 197.499
N 20.051 107.262 199.438
A 16.688 107.798 197.748
K 18.416 106.642 194.565
N 20.432 103.982 196.395
T 23.531 105.598 194.906
V 26.98 106.948 195.796
Y 28.729 109.632 193.746
L 32.369 110.454 193.091
Q 32.974 113.987 191.835
M 36.366 114.182 190.145
N 37.434 117.778 189.526
S 40.564 119.521 188.243
L 41.28 116.349 186.27
K 44.682 115.721 184.685
P 46.22 112.975 182.469
E 47.832 111.148 185.41
D 44.297 110.427 186.611
T 43.712 108.4 183.44
A 42.846 104.811 184.35
V 39.912 102.451 184.838
Y 37.935 103.3 187.968
Y 36.089 100.879 190.221
C 33.481 101.078 192.94
A 33.469 98.566 195.755
A 31.192 97.808 198.721
R 31.033 95.887 202.006
L 28.063 95.628 204.361
G 28.733 97.527 207.581
G 32.244 98.172 206.311
W 34.694 100.973 207.041
A 36.609 103.399 204.841
S 39.507 101.435 203.425
F 41.978 101.792 200.571
S 42.43 98.016 200.627
P 40.691 95.878 197.95
Q 40.606 92.936 200.391
E 38.308 94.944 202.645
Y 35.342 95.112 200.253
D 33.17 92.193 199.119
Y 31.504 93.55 195.956
W 32.71 95.294 192.822
G 31.402 97.293 189.893
Q 32.357 96.387 186.334
G 34.683 99.372 186.056
T 34.612 102.444 183.834
Q 37.449 103.97 181.816
V 38.632 107.517 182.418
T 40.891 109.385 180.013
V 42.246 112.921 180.221
S 43.706 114.581 177.133
