tag x y z
D 8.145 27.242 -19.406
V 5.858 24.302 -19.979
Q 5.428 23.951 -23.809
L 2.954 21.716 -25.643
Q 3.28 21.129 -29.406
E 0.52 19.25 -31.341
S 1.136 17.63 -34.732
G -0.429 15.03 -37.0
G -3.531 17.01 -38.02
G -4.772 16.928 -41.616
S -7.716 16.308 -43.931
V -9.359 12.976 -43.926
Q -12.525 11.533 -45.322
A -15.424 10.313 -43.169
G -14.886 6.73 -41.971
G -11.109 7.218 -41.896
S -8.562 7.444 -39.147
L -5.857 9.788 -37.9
R -3.239 9.888 -35.175
L -2.503 13.107 -33.302
S 0.66 13.713 -31.229
C 1.49 16.198 -28.566
V 5.099 16.648 -27.365
V 5.615 18.193 -23.986
S 8.59 20.216 -22.85
G 9.353 21.259 -19.224
L 7.094 18.656 -17.525
T 7.218 14.961 -16.962
I 3.773 13.926 -18.342
S 3.739 10.709 -16.175
N 2.671 12.775 -13.129
Y -0.264 14.794 -14.628
C -3.645 14.474 -16.271
M -3.012 14.945 -19.955
R -5.969 16.032 -21.998
W -7.273 16.628 -25.403
F -9.866 19.222 -26.233
R -11.327 20.396 -29.443
Q -13.121 23.419 -30.926
A -15.423 22.9 -33.886
P -16.119 25.826 -36.267
G -18.138 28.494 -34.459
K -18.413 26.492 -31.244
G -16.943 26.486 -27.784
R -13.972 24.401 -26.866
E -14.875 20.969 -25.553
G -13.119 18.078 -23.8
V -12.401 14.971 -25.812
A -10.203 12.657 -23.749
S -7.988 12.634 -20.8
I -5.504 10.256 -19.177
N -4.519 10.228 -15.529
S -1.044 9.378 -14.047
A -2.027 5.722 -13.851
G -2.806 5.599 -17.58
T -6.57 5.331 -17.219
T -8.454 7.175 -19.959
Y -11.776 8.969 -20.066
Y -13.622 9.969 -23.229
A -16.557 12.251 -24.095
D -19.793 10.343 -24.997
S -19.474 11.492 -28.7
V -16.014 9.848 -29.214
K -15.942 6.929 -26.795
G -15.07 3.73 -28.615
R -13.673 5.536 -31.686
F -10.923 7.613 -30.082
T -8.156 6.32 -27.845
M -5.604 8.274 -25.962
S -2.193 7.039 -24.912
R 1.113 8.188 -23.662
D 4.812 7.562 -24.269
N 6.711 8.477 -21.119
A 10.178 8.179 -22.59
K 9.048 10.471 -25.422
N 7.236 12.869 -23.022
T 4.516 12.677 -25.656
V 0.762 12.034 -25.691
Y -1.265 10.617 -28.622
L -4.868 10.63 -29.761
D -5.78 7.807 -32.214
M -8.999 8.695 -33.927
N -10.899 6.014 -35.801
S -14.168 6.064 -37.732
L -14.033 9.813 -38.001
K -17.19 11.777 -38.671
P -17.6 15.297 -40.193
E -18.611 16.458 -36.656
D -14.973 15.709 -35.589
T -13.827 18.684 -37.681
A -12.191 21.005 -35.168
I -8.948 22.413 -33.907
Y -7.592 19.854 -31.433
Y -5.662 21.13 -28.41
C -3.383 19.166 -26.095
C -3.426 19.173 -26.092
A -3.192 20.297 -22.417
S -1.604 19.213 -19.162
S -3.444 19.769 -15.863
T -0.275 21.333 -14.512
R -1.926 23.117 -11.594
V -3.573 20.033 -10.053
W -1.684 18.181 -7.272
W -1.702 18.182 -7.28
G -2.4 14.526 -7.884
G -2.287 12.698 -11.144
Y -6.067 12.487 -11.411
C -8.388 13.929 -13.936
G -11.097 16.547 -13.537
G -14.333 16.319 -15.52
L -13.959 16.04 -19.278
D -15.556 19.526 -19.6
D -13.134 21.159 -17.142
A -10.784 23.459 -18.935
T -9.417 25.046 -15.806
N -6.03 24.234 -14.284
N -4.149 23.722 -17.558
D -1.217 24.699 -19.706
W -2.187 24.529 -23.377
G -0.733 23.82 -26.755
Q -1.429 25.858 -29.866
G -3.823 23.466 -31.611
T -3.836 21.363 -34.798
Q -6.532 21.391 -37.539
V -8.427 18.222 -38.327
T -10.828 18.311 -41.288
V -13.085 15.388 -42.051
S -14.968 15.742 -45.345
S -18.394 14.031 -45.763
