tag x y z
Q 17.45 21.152 -109.994
V 13.977 22.467 -110.792
Q 13.925 23.984 -114.27
L 11.805 24.684 -117.344
V 13.267 24.077 -120.814
E 11.94 26.068 -123.781
T 11.934 24.651 -127.315
G 10.176 25.569 -130.547
G 11.472 29.064 -131.301
G 12.429 30.288 -134.733
L 11.91 32.828 -137.494
V 8.637 32.836 -139.441
Q 6.828 35.087 -141.881
T 3.75 37.086 -140.916
G 0.811 34.707 -140.774
G 3.002 31.721 -139.918
S 2.787 29.537 -136.843
L 4.979 28.029 -134.141
R 4.525 25.807 -131.091
L 6.682 26.411 -128.023
S 7.206 23.413 -125.734
C 8.115 23.984 -122.079
K 9.46 20.947 -120.207
A 8.983 21.313 -116.445
S 11.176 19.178 -114.196
G 12.477 19.096 -110.646
R 9.342 19.143 -108.494
T 5.578 18.579 -108.705
F 3.402 21.185 -110.445
S -0.003 19.574 -109.817
N -1.175 22.588 -107.771
S 0.806 25.094 -109.849
I -0.028 27.826 -112.362
M 1.976 27.627 -115.578
G 2.44 30.556 -117.913
W 4.312 32.219 -120.741
F 5.949 35.643 -120.718
R 7.837 37.518 -123.413
Q 10.432 40.278 -123.544
A 11.534 42.309 -126.538
P 15.25 43.237 -126.498
G 15.174 46.802 -125.226
K 11.686 46.467 -123.709
E 10.277 45.19 -120.434
R 8.784 41.752 -119.843
D 5.201 41.239 -120.995
F 2.545 38.605 -120.361
V 0.803 36.6 -123.098
A -1.069 33.661 -121.553
K -1.268 31.646 -118.34
I -3.019 28.377 -117.509
S -3.978 27.535 -113.934
W -4.372 24.124 -112.307
R -8.097 24.727 -111.634
N -10.063 23.338 -114.607
D -7.266 24.607 -116.902
Y -8.441 28.201 -116.531
T -6.704 30.161 -119.296
T -5.998 33.901 -119.178
Y -4.844 35.644 -122.353
A -3.431 39.074 -123.085
D -5.517 41.316 -125.326
S -2.638 41.329 -127.856
V -2.787 37.561 -128.478
K -6.465 36.716 -127.9
G -7.719 34.607 -130.796
R -4.192 33.895 -132.076
F -2.411 31.888 -129.356
T -3.499 28.794 -127.434
I -1.863 27.757 -124.155
S -2.161 24.151 -122.981
R -0.632 21.88 -120.357
D -0.17 18.151 -119.789
N 0.579 17.255 -116.175
A 1.164 13.622 -117.164
S 3.98 14.755 -119.471
N 4.848 17.741 -117.223
M 4.904 19.984 -120.291
V 3.159 23.254 -121.14
Y 2.83 24.367 -124.765
L 2.013 27.677 -126.443
L 0.517 27.416 -129.935
M 1.286 30.59 -131.904
N -1.007 30.904 -134.926
N -1.33 34.031 -137.082
L 1.867 35.626 -135.819
K 2.611 39.333 -136.171
P 6.008 41.063 -136.221
E 4.738 42.656 -133.003
D 5.169 39.182 -131.459
T 8.922 39.318 -132.209
A 10.539 38.723 -128.81
V 12.113 36.159 -126.48
Y 9.6 33.858 -124.788
Y 10.099 32.528 -121.257
C 8.175 29.759 -119.51
A 7.175 30.305 -115.885
A 5.634 28.277 -113.063
T 4.225 29.031 -109.62
K 4.717 27.464 -106.192
A 1.952 25.118 -105.065
Y -1.34 26.858 -104.213
N 0.4 30.184 -104.85
G -0.798 32.757 -107.354
G 0.213 34.053 -110.752
E -0.35 37.618 -111.941
T 0.184 39.401 -115.246
S 2.795 41.708 -113.69
G 5.055 38.771 -112.839
R 4.113 38.672 -109.157
G 4.321 35.041 -108.215
F 5.957 32.853 -110.868
Y 8.958 31.787 -108.82
Y 10.484 29.607 -111.553
W 11.551 30.712 -115.028
G 13.281 29.231 -118.049
Q 16.103 30.569 -120.183
G 13.754 31.475 -123.038
T 13.583 30.842 -126.771
Q 13.794 33.324 -129.63
V 10.76 34.099 -131.799
T 11.21 36.424 -134.785
V 8.405 37.28 -137.221
S 9.341 39.055 -140.458
S 7.387 40.382 -143.429
