tag x y z
Q -41.483 165.355 -15.355
V -44.348 163.361 -16.909
Q -47.749 164.549 -15.697
L -51.151 163.098 -16.548
Q -54.521 164.23 -15.16
E -57.764 162.416 -15.854
S -61.285 163.756 -15.628
G -64.88 162.982 -16.651
G -65.61 160.212 -14.166
G -68.765 159.938 -12.101
L -71.771 157.8 -11.19
V -74.16 156.548 -13.914
L -76.918 153.952 -14.329
P -76.484 150.73 -16.303
G -76.859 151.682 -19.974
G -75.412 155.117 -19.163
S -72.38 156.822 -20.679
L -69.391 159.015 -19.891
R -66.408 160.601 -21.575
L -63.067 160.496 -19.852
S -60.282 162.905 -20.799
C -56.621 163.109 -19.914
A -54.468 166.23 -20.134
T -50.731 165.551 -20.368
S -47.404 167.392 -20.131
G -43.662 166.831 -19.823
F -43.164 164.43 -22.779
T -43.743 164.115 -26.536
F -47.37 162.958 -26.42
S -47.852 163.233 -30.168
N -45.277 160.488 -30.839
S -46.314 158.139 -28.028
W -48.609 155.166 -27.625
M -51.242 155.933 -25.001
Y -53.262 153.643 -22.75
W -56.43 153.619 -20.707
V -56.152 151.173 -17.779
R -58.505 150.433 -14.864
Q -58.516 149.003 -11.349
A -61.73 147.415 -10.047
P -62.004 147.035 -6.209
G -59.692 144.253 -4.866
K -58.271 143.455 -8.344
G -55.172 144.237 -10.427
L -54.587 146.957 -12.999
E -55.825 145.88 -16.42
W -55.547 147.752 -19.736
V -58.819 148.885 -21.417
S -57.602 150.333 -24.687
R -54.57 151.832 -26.354
I -53.863 153.963 -29.404
N -50.714 154.758 -31.444
A -49.356 158.195 -32.382
G -51.341 158.597 -35.612
G -54.614 157.302 -34.15
N -54.593 154.503 -36.779
T -53.896 151.426 -34.641
V -56.214 150.784 -31.696
D -56.782 147.799 -29.458
Y -59.528 147.174 -26.895
K -60.005 144.689 -24.044
D -62.647 142.104 -25.203
S -65.242 143.038 -22.598
V -65.408 146.691 -23.787
K -65.038 146.126 -27.575
G -67.867 147.831 -29.461
R -68.923 149.898 -26.413
F -65.841 152.012 -25.652
S -63.922 154.263 -28.03
I -60.444 155.679 -27.626
S -59.181 158.771 -29.442
R -56.583 161.501 -29.215
D -56.034 165.169 -30.014
N -52.264 165.559 -30.642
A -52.601 169.369 -30.988
K -54.052 169.625 -27.453
N -52.021 166.744 -25.924
T -55.222 165.115 -24.646
L -56.49 161.56 -24.686
Y -60.18 160.527 -24.735
L -62.249 157.472 -23.712
Q -65.89 157.491 -24.754
M -67.723 154.829 -22.714
N -71.214 153.837 -23.889
S -73.632 151.134 -22.753
L -71.923 151.011 -19.343
K -72.375 147.953 -17.064
P -71.803 147.266 -13.344
E -68.643 145.269 -14.243
D -67.107 148.525 -15.664
T -66.998 150.064 -12.134
A -63.384 151.021 -11.395
V -60.819 153.747 -11.005
Y -59.838 154.585 -14.612
Y -56.279 155.729 -15.289
C -54.58 157.278 -18.261
A -51.092 155.916 -18.948
R -48.092 156.735 -21.156
G -47.142 153.908 -23.518
L -43.516 152.934 -24.112
N -44.686 150.791 -26.993
R -47.719 148.776 -28.016
Y -47.435 146.245 -25.152
A -46.183 148.401 -22.264
Y -46.998 151.55 -20.267
D -45.34 153.337 -17.317
S -46.484 156.723 -15.972
R -50.124 156.942 -14.755
G -52.341 159.83 -13.643
Q -54.139 160.024 -10.23
G -57.196 158.413 -11.744
T -60.885 159.166 -12.045
Q -63.616 157.058 -10.365
V -66.367 155.491 -12.477
T -69.333 153.767 -10.81
V -72.207 151.964 -12.557
S -75.045 151.058 -10.243
S -78.751 151.315 -9.918
H -78.67 151.192 -6.182
H -77.561 154.778 -5.674
