tag x y z
H 149.347 135.834 118.828
A 146.788 138.155 117.345
E 147.457 140.27 120.406
G 150.942 138.918 120.869
T 152.424 140.014 117.539
F 151.363 143.555 118.29
T 153.025 143.292 121.633
S 156.101 141.591 120.206
D 156.681 144.902 118.495
V 156.158 146.65 121.832
S 158.878 144.544 123.42
S 161.145 145.358 120.487
Y 160.764 149.036 121.4
L 161.306 148.153 125.059
E 164.594 146.452 124.149
G 165.592 149.441 122.069
Q 164.818 152.109 124.646
A 166.319 149.979 127.406
A 169.515 149.553 125.41
K 169.574 153.322 124.94
E 169.149 153.835 128.669
F 172.104 151.534 129.121
I 174.076 153.69 126.715
A 173.324 156.941 128.515
W 173.824 155.269 131.882
L 177.193 153.816 130.896
V 178.589 156.695 128.838
K 177.57 159.468 131.237
G 177.056 158.767 134.9
R 177.57 155.324 136.386
G 177.487 152.333 134.087
