tag x y z
Q 76.225 123.483 143.998
V 77.026 125.072 140.61
Q 74.156 126.26 138.475
L 73.183 128.313 135.434
Q 69.502 129.036 134.838
E 68.545 129.423 131.176
S 65.594 131.662 130.348
G 63.944 132.465 127.042
G 63.633 130.056 124.149
G 60.49 128.868 122.425
L 58.902 129.09 119.001
V 59.751 132.297 117.143
Q 59.044 133.188 113.585
P 62.331 134.117 111.846
G 63.544 137.709 111.957
G 62.761 138.61 115.562
S 65.044 139.729 118.372
L 65.5 138.262 121.83
R 67.457 138.931 125.016
L 68.377 135.543 126.489
S 69.413 135.291 130.125
C 71.531 132.811 132.062
A 71.6 132.92 135.845
A 74.968 132.206 137.436
S 75.612 130.976 140.944
G 77.836 128.62 142.834
F 80.833 130.605 141.534
T 81.869 134.171 140.805
F 80.528 135.012 137.347
S 83.0 137.895 137.038
N 86.04 135.645 136.741
Y 84.883 133.135 134.14
K 84.993 133.417 130.379
M 81.425 132.889 129.236
N 79.951 131.381 126.147
W 76.723 130.208 124.605
V 77.069 126.794 123.021
R 74.364 125.01 121.123
Q 73.686 121.389 120.364
A 71.531 121.222 117.272
P 68.7 118.702 116.935
G 70.44 115.446 116.184
K 73.782 117.19 115.984
G 76.952 117.333 118.045
L 77.998 120.28 120.157
E 79.346 123.358 118.42
W 80.747 126.487 120.004
V 78.641 129.495 119.233
S 79.836 132.641 120.946
D 82.223 133.551 123.739
I 82.864 136.707 125.756
S 85.687 137.793 128.038
Q 85.249 138.848 131.647
S 85.548 142.499 130.648
G 83.191 141.912 127.747
A 85.932 143.064 125.382
S 87.276 139.861 123.845
I 84.266 138.481 121.961
S 84.117 135.866 119.218
Y 81.237 134.404 117.247
T 80.764 131.487 114.93
G 81.034 132.633 111.327
S 77.289 132.943 110.818
V 76.377 134.568 114.13
K 79.281 136.997 113.776
G 77.915 140.482 114.363
R 74.374 139.318 113.656
F 73.921 137.829 117.139
T 74.694 139.614 120.391
I 76.307 137.961 123.398
S 76.205 140.347 126.333
R 77.163 139.761 129.959
D 75.911 141.542 133.078
N 78.565 140.864 135.698
A 77.034 142.963 138.469
K 73.879 140.879 138.011
N 75.95 137.805 137.104
T 73.699 136.919 134.176
L 74.367 136.147 130.506
Y 72.482 137.272 127.425
L 71.97 136.298 123.812
Q 70.097 138.855 121.717
M 68.911 137.241 118.498
N 68.589 139.039 115.171
S 68.511 137.463 111.695
L 66.841 134.371 113.118
K 66.834 131.373 110.823
P 65.235 127.93 111.006
E 68.77 126.646 110.511
D 69.762 128.259 113.833
T 67.026 126.45 115.772
A 68.676 124.201 118.331
V 69.113 123.358 121.988
Y 70.999 126.297 123.49
Y 73.056 125.861 126.636
C 74.849 128.682 128.422
A 78.167 127.365 129.653
R 81.123 128.921 131.388
C 84.727 128.188 130.613
P 86.172 125.855 133.233
A 89.222 127.53 134.224
P 89.206 130.864 136.051
F 91.277 133.736 134.707
T 92.335 132.203 131.429
R 92.113 132.484 127.665
D 91.432 128.925 126.521
C 88.296 126.935 127.221
F 87.567 123.223 127.073
D 83.791 123.411 126.814
V 81.76 122.244 123.811
T 82.978 118.891 125.028
S 80.618 116.215 123.804
T 78.286 114.524 126.27
T 79.601 115.331 129.767
Y 80.649 118.883 130.59
A 80.785 120.291 134.108
Y 79.4 123.795 133.972
R 76.158 123.961 132.064
G 72.523 124.676 132.809
Q 69.518 122.64 131.814
G 69.322 124.796 128.699
T 66.517 126.011 126.509
Q 64.963 124.992 123.23
V 65.11 127.776 120.662
T 62.892 127.073 117.666
V 62.548 129.171 114.525
S 59.354 128.327 112.646
S 59.303 128.11 108.853
