tag x y z
V 20.429 24.529 -1.646
Q 19.846 27.429 0.77
L 17.019 27.208 3.33
V 15.404 30.313 4.856
E 12.905 30.236 7.76
S 10.274 32.816 8.661
G 7.127 33.187 10.734
G 8.737 32.799 14.145
G 8.344 35.197 17.01
L 6.528 35.756 20.259
V 3.13 34.21 20.971
Q 0.967 33.721 24.048
A 0.491 30.196 25.401
G -2.346 28.351 23.703
G -1.74 30.538 20.647
S -0.557 29.539 17.216
L 2.237 30.248 14.714
R 2.979 29.235 11.128
L 6.63 28.715 10.254
S 7.72 28.418 6.653
C 10.93 27.33 4.948
A 11.604 28.575 1.415
A 14.242 26.598 -0.461
S 16.362 27.949 -3.303
Q 18.146 25.39 -5.482
R 20.434 25.915 -8.468
T 19.365 22.416 -9.67
F 15.735 22.099 -8.509
S 15.269 18.494 -7.33
P 12.942 16.703 -4.88
Y 13.652 16.748 -1.14
V 12.258 15.826 2.249
G 11.402 18.881 4.349
G 12.18 18.635 8.04
W 11.8 20.725 11.166
F 14.001 20.462 14.249
R 14.161 22.589 17.375
Q 16.784 23.318 20.023
A 16.727 24.829 23.498
P 20.052 26.285 24.747
G 22.473 23.616 25.957
K 20.087 20.824 24.912
E 20.411 18.49 21.972
R 18.651 19.206 18.702
E 15.206 17.607 18.678
F 13.144 16.234 15.79
V 9.782 17.952 15.278
A 8.22 17.007 11.914
A 9.136 15.964 8.37
I 7.3 15.547 5.074
S 8.023 13.546 1.958
W 8.326 15.068 -1.492
S 4.733 14.568 -2.587
G 3.282 14.731 0.894
G 2.183 11.121 1.289
T 4.41 10.573 4.333
K 4.39 12.916 7.353
L 6.095 12.172 10.679
Y 5.775 13.979 14.001
A 7.502 13.76 17.351
D 5.127 12.451 20.016
S 5.298 15.694 22.041
V 3.817 17.469 19.027
K 1.356 14.989 17.486
G -2.099 16.502 17.113
R -0.945 20.084 17.695
F 1.528 20.624 14.818
T 0.772 20.086 11.125
I 3.439 19.988 8.395
S 2.591 20.717 4.763
R 4.258 21.761 1.574
D 3.742 23.683 -1.686
N 6.283 22.449 -4.234
A 5.316 25.202 -6.695
K 6.546 27.78 -4.166
N 9.492 25.636 -2.953
T 8.091 26.045 0.558
V 7.459 23.754 3.513
Y 5.078 24.968 6.249
L 4.732 24.102 9.938
Q 1.394 25.074 11.516
M 1.827 25.114 15.304
N -1.369 25.267 17.37
T -1.973 25.202 21.129
L 1.564 26.322 21.862
K 2.987 25.454 25.292
R 5.872 27.056 27.181
E 7.766 23.799 26.565
D 7.623 24.638 22.825
T 9.944 27.66 23.258
A 13.067 27.026 21.161
V 15.074 27.895 18.065
Y 13.376 26.108 15.166
Y 15.511 24.862 12.272
C 14.239 23.801 8.919
A 16.182 21.049 7.229
A 16.208 19.262 3.887
R 17.16 15.717 2.911
R 17.575 14.774 -0.756
I 16.679 11.063 -0.604
N 12.858 10.721 -0.432
E 12.858 8.781 2.813
V 11.366 10.442 5.887
L 13.899 10.032 8.707
T 13.869 11.479 12.226
T 17.521 12.121 13.236
A 19.62 15.223 12.565
P 22.56 13.439 10.828
D 20.115 12.256 8.147
Y 19.5 15.834 6.904
D 22.033 17.364 4.532
F 20.943 21.037 4.595
W 19.944 23.4 7.398
G 18.492 26.87 7.803
Q 19.841 29.532 10.161
G 17.094 28.979 12.715
T 14.29 31.162 14.019
Q 13.321 31.867 17.611
V 9.89 30.864 18.924
T 8.931 32.218 22.349
V 5.82 31.204 24.287
S 5.38 33.484 27.302
