tag x y z
A 23.29 20.553 -16.007
E 20.93 22.819 -14.025
V 19.335 20.225 -11.676
Q 21.199 17.696 -9.541
L 19.738 14.639 -7.769
V 21.135 12.764 -4.79
E 19.718 9.497 -3.496
S 20.036 8.151 0.005
G 18.569 5.454 2.23
G 20.012 2.314 0.673
G 21.325 -0.489 2.795
L 21.508 -4.182 3.512
V 18.273 -5.667 4.86
Q 16.68 -9.051 5.406
T 13.843 -10.523 3.407
G 10.583 -8.958 4.626
D 12.123 -5.653 5.661
S 11.145 -2.106 4.637
L 13.325 0.785 3.425
R 12.626 4.401 2.651
L 14.716 5.937 -0.051
S 14.987 9.666 -0.621
C 15.869 11.673 -3.715
A 16.931 15.235 -2.997
A 16.839 17.679 -5.893
S 18.827 20.92 -6.102
G 19.141 23.697 -8.656
R 16.536 25.07 -11.062
T 13.743 22.715 -9.926
Y 9.974 22.641 -10.588
T 7.763 20.432 -8.414
P 5.299 19.292 -11.095
Y 8.033 17.87 -13.365
A 8.286 14.102 -13.274
M 10.564 12.44 -10.748
A 11.024 8.703 -11.183
W 12.768 5.886 -9.415
F 14.478 3.213 -11.503
R 16.425 0.154 -10.416
Q 19.147 -1.912 -11.958
A 19.812 -5.389 -10.578
P 23.17 -7.103 -10.984
G 23.438 -8.408 -14.542
K 20.21 -6.704 -15.607
E 19.097 -3.479 -17.269
R 17.578 -0.341 -15.704
E 13.847 -0.577 -15.165
F 11.124 1.752 -13.922
V 9.948 1.346 -10.323
A 7.722 4.34 -9.494
G 7.263 7.976 -10.363
I 5.322 11.121 -9.528
G 4.45 14.171 -11.607
G 1.835 16.799 -12.331
I 0.341 19.677 -10.46
D -1.675 17.259 -8.261
G 1.237 14.791 -7.748
T -0.016 11.731 -9.599
A 1.869 8.512 -8.817
A 2.623 5.557 -11.07
Y 4.05 2.168 -10.072
A 5.614 -0.748 -11.873
D 3.978 -4.164 -11.705
S 7.119 -5.365 -9.9
V 6.262 -3.339 -6.786
R 2.432 -3.636 -6.841
G 1.133 -3.334 -3.305
R 4.618 -2.828 -1.829
A 5.632 0.713 -2.701
T 4.585 4.263 -1.975
I 6.043 7.324 -3.666
S 5.542 10.814 -2.293
R 6.991 14.308 -2.711
D 7.812 17.133 -0.308
S 7.995 20.281 -2.365
A 9.421 22.321 0.521
K 12.416 19.969 0.91
K 12.659 19.371 -2.879
T 12.659 15.656 -2.051
V 10.874 12.588 -3.399
Y 10.54 9.471 -1.221
L 10.121 5.834 -2.133
Q 8.91 3.52 0.603
M 9.454 -0.143 -0.203
N 7.845 -2.824 2.019
S 8.106 -6.624 2.067
L 11.449 -6.589 0.315
K 12.704 -9.778 -1.351
P 16.105 -10.861 -2.749
E 14.858 -10.1 -6.275
D 14.597 -6.42 -5.244
T 18.393 -6.196 -4.831
A 19.598 -3.382 -7.128
V 20.991 0.108 -7.487
Y 17.955 2.402 -7.077
S 18.347 5.701 -8.897
S 18.321 5.7 -8.914
C 16.201 8.721 -9.327
A 15.751 10.677 -12.534
T 13.922 13.735 -13.79
R 12.912 15.413 -17.034
A 11.374 18.751 -18.149
S 7.836 17.382 -18.446
M 5.069 16.462 -16.066
Q 4.626 13.076 -17.742
V 5.878 10.074 -15.78
L 7.33 7.71 -18.367
T 8.845 4.265 -17.967
S 11.74 4.353 -20.417
P 15.072 5.365 -18.862
R 16.09 6.914 -22.208
V 13.659 9.813 -21.874
Y 15.122 11.151 -18.586
P 18.205 13.36 -19.06
I 19.029 13.973 -15.377
W 20.05 11.13 -13.033
G 21.42 10.644 -9.561
R 24.319 8.293 -8.873
G 22.036 5.799 -7.138
T 21.755 4.065 -3.792
Q 22.164 0.302 -3.337
V 19.486 -1.87 -1.783
T 20.621 -5.42 -0.989
V 18.124 -7.918 0.378
S 19.451 -11.175 1.898
S 17.548 -14.328 2.964
