tag x y z
K 47.025 -8.881 32.444
L 46.041 -12.081 34.166
Q 48.779 -14.64 33.373
Q 47.576 -18.263 33.502
S 49.424 -21.562 33.865
G 48.921 -25.282 34.602
G 47.126 -26.658 31.513
G 47.534 -30.361 30.795
M 45.787 -33.642 30.33
V 44.92 -35.994 33.094
Q 42.975 -39.188 33.763
T 39.526 -39.396 35.335
G 39.875 -39.2 39.134
D 43.027 -37.107 38.978
S 43.834 -33.695 40.404
L 45.3 -30.656 38.641
R 45.853 -27.023 39.618
L 45.791 -23.912 37.564
S 47.354 -20.637 38.561
C 46.52 -17.037 37.768
V 48.813 -14.067 38.543
G 47.804 -10.428 38.109
S 50.245 -7.826 36.703
R 49.139 -5.334 39.251
R 48.813 -6.094 42.926
A 45.335 -6.985 44.137
L 43.532 -4.678 46.542
S 41.286 -5.577 49.432
S 38.191 -5.369 47.204
T 39.77 -7.459 44.35
I 37.823 -10.582 43.362
V 39.309 -13.39 41.251
G 36.95 -15.82 39.474
W 37.285 -18.818 37.213
F 35.176 -19.664 34.259
R 35.301 -22.473 31.713
Q 34.115 -23.168 28.171
I 34.225 -26.28 25.971
P 33.233 -25.795 22.307
G 29.469 -26.12 21.816
K 28.613 -24.94 25.312
E 28.441 -21.523 26.958
R 31.208 -20.144 29.099
E 30.273 -21.15 32.612
F 31.156 -19.922 36.092
V 33.313 -22.273 38.177
G 34.19 -20.382 41.406
G 35.64 -17.259 42.901
I 37.588 -15.926 45.859
A 37.63 -12.572 47.687
W 41.212 -11.336 48.04
S 40.692 -9.641 51.4
S 38.988 -12.501 53.289
S 39.85 -15.52 51.128
D 36.112 -16.385 51.182
T 35.085 -18.504 48.18
W 31.985 -19.584 46.36
Y 31.486 -22.275 43.704
A 29.196 -23.452 40.949
D 27.059 -26.423 41.987
S 28.824 -28.683 39.461
V 32.241 -28.361 41.205
K 31.371 -27.714 44.884
G 33.289 -30.176 47.101
R 35.736 -31.103 44.276
F 37.436 -27.776 43.421
T 39.178 -25.306 45.762
I 40.462 -21.875 45.06
S 43.26 -20.601 47.247
K 45.091 -17.262 47.613
D 48.908 -16.881 47.226
D 49.581 -13.441 48.65
A 53.312 -13.379 47.852
A 52.894 -14.35 44.2
N 49.889 -11.947 43.753
G 48.101 -15.107 42.626
V 45.362 -17.621 43.048
H 45.276 -21.343 42.381
L 42.312 -23.34 41.189
Q 42.826 -26.848 42.622
M 40.598 -29.362 40.952
S 40.025 -32.913 42.185
S 37.826 -35.884 41.202
L 38.203 -34.66 37.69
K 35.92 -36.173 35.16
P 35.587 -35.839 31.356
E 32.823 -33.239 31.78
D 35.446 -30.926 33.393
T 37.272 -30.792 30.049
A 37.336 -27.178 29.032
V 39.35 -24.047 28.389
Y 39.638 -22.414 31.821
Y 39.691 -18.656 32.285
C 40.881 -16.507 35.093
A 39.105 -13.177 35.601
S 39.067 -10.366 38.096
A 36.781 -7.585 39.255
L 36.506 -4.865 41.949
R 33.68 -5.696 44.41
R 30.941 -3.048 44.292
P 29.813 -1.63 47.637
G 26.613 -3.265 48.961
S 27.369 -6.478 47.06
D 28.264 -9.8 48.642
A 31.5 -11.197 47.068
S 29.478 -14.351 46.105
D 27.344 -12.268 43.724
Y 30.325 -12.21 41.32
T 29.294 -15.249 39.262
R 28.474 -13.799 35.808
I 30.619 -12.864 32.792
P 29.859 -9.115 32.735
D 30.64 -8.873 36.503
Y 34.288 -9.27 35.458
P 36.136 -6.7 33.387
Y 39.607 -8.36 33.251
W 40.22 -11.764 31.607
G 43.131 -14.176 31.153
Q 43.864 -15.846 27.789
G 42.585 -19.315 28.874
T 44.234 -22.651 29.692
Q 43.209 -26.075 28.276
V 42.374 -28.796 30.779
T 41.491 -32.162 29.269
V 40.378 -35.133 31.297
S 40.452 -38.461 29.441
S 38.3 -41.468 30.067
H 40.725 -44.08 31.413
H 40.778 -43.973 35.16
H 44.074 -43.938 36.996
