tag x y z
Q 17.221 55.069 93.964
V 14.783 57.728 95.174
Q 11.267 57.186 93.832
L 8.01 59.148 94.091
A 5.072 57.379 92.429
E 1.955 59.512 91.976
T -1.451 57.886 91.546
G -5.016 59.1 91.27
G -6.244 62.081 89.319
G -7.738 62.063 85.84
L -11.013 63.697 84.825
A -13.334 65.345 87.34
Q -16.402 67.517 87.089
P -16.611 70.986 88.678
G -17.519 70.513 92.324
G -16.069 66.994 92.471
S -13.395 65.481 94.684
L -10.111 63.683 94.055
R -7.59 62.218 96.501
L -4.108 62.162 94.975
S -1.469 59.774 96.315
C 2.333 59.997 96.342
A 4.3 56.919 97.422
A 7.906 57.44 98.515
S 10.788 54.972 98.587
G 14.572 55.106 98.563
F 15.217 57.393 101.544
T 14.437 57.854 105.227
F 10.909 59.258 105.077
S 11.28 61.193 108.349
R 14.156 63.257 106.895
A 11.919 64.652 104.133
V 9.388 67.447 103.795
M 6.815 66.308 101.231
N 5.296 68.798 98.784
W 2.638 68.893 96.088
Y 3.218 71.214 93.132
R 1.16 71.815 90.016
Q 1.675 73.385 86.6
A -1.339 74.763 84.749
P -1.146 75.055 80.942
G 0.828 78.133 79.947
K 1.595 78.984 83.585
E 4.591 78.562 85.86
R 4.919 75.748 88.381
E 3.385 76.656 91.747
L 3.316 75.175 95.238
V 0.042 73.606 96.395
A 0.692 71.919 99.738
R 3.542 71.033 102.073
I 3.65 68.827 105.174
Y 6.199 67.354 107.567
D 4.531 66.605 110.931
A 1.913 63.974 110.098
G 0.026 65.009 113.243
G -0.582 68.48 111.802
N -2.358 69.905 108.772
G 0.769 71.006 106.923
S 0.642 74.226 104.922
I -1.784 74.936 102.072
A -1.315 77.523 99.334
D -3.724 80.438 99.061
P -5.172 79.509 95.615
V -6.688 76.351 97.163
K -7.161 77.245 100.831
G -10.336 75.757 102.282
R -10.708 73.388 99.309
F -7.525 71.271 99.46
T -5.961 69.46 102.404
I -2.85 67.316 102.786
S -2.313 64.293 105.037
R 0.63 61.99 105.656
D 1.089 58.33 106.616
N 4.563 57.776 108.052
A 4.242 53.976 108.155
K 3.365 53.682 104.45
N 5.601 56.623 103.424
T 2.767 58.365 101.582
V 1.141 61.778 101.36
H -2.399 62.332 100.096
L -3.802 65.568 98.659
Q -7.563 65.666 99.238
M -8.894 67.973 96.508
N -12.463 69.079 97.258
S -14.889 71.347 95.398
L -12.835 71.349 92.199
K -13.036 74.108 89.596
P -11.683 74.298 86.028
E -8.769 76.468 87.202
D -7.475 73.38 89.043
T -6.609 71.688 85.735
A -2.862 71.071 85.902
M -0.091 68.483 86.081
Y 0.226 67.671 89.788
V 3.706 66.612 90.927
C 4.855 65.613 94.402
N 8.304 66.605 95.616
A 10.572 65.557 98.484
G 12.908 67.881 100.364
I 15.37 65.522 102.022
F 17.726 66.665 104.801
D 20.318 63.906 105.258
G 24.027 64.708 104.866
N 23.185 67.425 102.363
Y 19.916 68.82 101.032
R 18.586 67.0 97.974
T 15.226 67.346 96.244
Y 13.477 64.909 93.92
W 10.473 65.218 91.619
G 7.888 62.731 90.408
Q 6.576 62.176 86.901
G 3.308 63.941 87.734
T -0.342 62.981 87.415
Q -2.691 64.944 85.169
V -5.85 66.47 86.655
T -8.511 67.924 84.349
V -11.728 69.53 85.615
S -14.546 69.867 83.076
