tag x y z
Q -50.793 92.171 113.83
V -47.444 93.743 114.708
Q -46.899 97.156 113.12
L -44.02 99.636 113.414
A -44.804 102.993 111.791
E -41.852 105.358 111.34
T -41.996 109.123 110.818
G -39.675 112.095 110.579
G -36.678 111.481 108.307
G -35.708 113.362 105.159
L -33.004 115.91 104.372
A -30.836 117.74 106.891
Q -27.832 120.026 106.802
P -24.545 118.918 108.391
G -24.692 119.987 112.021
G -28.499 119.908 112.092
S -30.91 117.752 114.054
L -33.69 115.245 113.463
R -36.055 113.385 115.795
L -37.222 110.094 114.3
S -40.36 108.437 115.66
C -41.394 104.778 115.858
A -44.978 104.002 116.885
A -45.693 100.381 117.787
S -48.857 98.298 117.989
G -49.817 94.632 117.995
F -47.764 93.372 120.948
T -47.273 93.934 124.67
F -44.947 96.939 124.648
S -43.496 96.045 128.063
R -42.135 92.728 126.725
A -40.231 94.439 123.891
V -36.797 96.007 123.604
M -37.021 98.777 121.006
N -34.099 99.462 118.674
W -33.094 101.811 115.882
Y -30.883 100.437 113.115
R -29.494 102.038 109.982
Q -27.939 100.869 106.719
A -25.833 103.085 104.478
P -25.623 102.288 100.751
G -23.245 99.394 100.175
K -22.551 98.913 103.894
E -24.027 96.503 106.435
R -26.978 97.143 108.726
E -25.659 98.417 112.062
L -27.221 99.187 115.427
V -27.81 102.83 116.4
A -29.621 102.846 119.754
R -31.547 100.514 122.031
I -33.793 101.133 125.036
Y -36.056 99.122 127.318
D -36.591 100.989 130.604
A -38.169 104.328 129.689
G -36.703 105.826 132.877
G -33.095 105.565 131.707
N -31.032 106.517 128.67
G -30.926 103.135 126.949
S -27.817 102.17 125.003
I -26.189 104.162 122.195
A -23.885 102.673 119.573
D -20.301 103.895 119.323
P -20.466 105.769 115.968
V -23.156 108.091 117.425
K -22.213 108.344 121.104
G -22.458 111.9 122.379
R -24.605 112.838 119.362
F -27.67 110.555 119.346
T -30.066 109.82 122.195
I -33.15 107.626 122.484
S -36.322 107.936 124.55
R -39.449 105.867 125.124
D -43.061 106.757 125.957
N -44.838 103.701 127.367
A -48.216 105.472 127.384
K -48.165 105.985 123.601
N -46.044 102.944 122.638
T -43.425 105.097 120.935
V -39.668 105.555 120.899
H -37.915 108.643 119.552
L -34.364 108.957 118.23
Q -32.915 112.43 118.804
M -30.206 112.823 116.143
N -27.964 115.832 116.796
S -24.758 117.174 115.244
L -25.479 115.337 112.014
K -22.727 114.292 109.611
P -22.863 113.176 105.963
E -21.63 109.808 107.252
D -24.975 109.434 109.066
T -26.756 109.193 105.7
A -28.58 105.861 105.652
M -31.942 104.101 105.712
Y -33.031 104.173 109.36
V -35.449 101.527 110.635
C -36.785 100.677 114.079
N -37.072 97.151 115.422
A -38.744 95.365 118.331
G -37.186 92.437 120.156
I -40.098 90.664 121.836
F -39.645 88.057 124.579
D -42.888 86.083 124.832
G -42.364 82.328 125.098
N -40.556 82.592 121.786
Y -38.139 85.312 120.73
R -39.604 87.289 117.831
T -38.349 90.441 116.142
Y -40.063 92.758 113.669
W -38.809 95.552 111.424
G -40.427 98.668 110.012
Q -40.407 99.941 106.452
G -37.559 102.355 107.221
T -37.109 106.096 106.801
Q -34.406 107.695 104.669
V -32.054 110.242 106.235
T -29.785 112.265 103.936
V -27.246 114.732 105.345
S -25.744 117.08 102.759
S -25.297 120.772 102.004
