tag x y z
Q 21.55 -28.443 24.027
V 18.668 -30.248 25.74
Q 19.865 -33.624 27.036
L 17.911 -36.246 28.982
Q 18.653 -39.672 30.465
E 16.056 -42.109 31.814
S 16.55 -45.213 33.966
G 14.839 -47.579 36.396
G 12.787 -49.697 34.017
G 12.723 -53.477 33.786
L 10.629 -56.636 33.536
V 7.807 -56.934 36.08
Q 4.68 -59.126 36.108
P 1.201 -57.478 36.191
G 0.377 -55.806 39.505
G 3.993 -54.946 40.239
S 5.633 -51.568 40.78
L 8.484 -49.615 39.186
R 10.11 -46.219 39.701
L 11.5 -44.29 36.735
S 14.043 -41.481 37.073
C 15.437 -38.888 34.665
S 18.376 -36.473 34.815
A 18.138 -33.338 32.674
S 20.742 -30.836 31.473
G 21.208 -28.143 28.832
F 18.183 -26.063 29.756
K 16.695 -24.29 32.761
F 14.787 -27.108 34.457
N 13.214 -24.85 37.084
D 11.151 -22.868 34.565
S 9.908 -25.684 32.333
Y 6.928 -28.042 32.197
M 8.102 -31.666 32.191
S 6.289 -34.8 31.026
W 6.609 -38.578 30.881
V 5.849 -40.296 27.573
R 5.84 -43.929 26.453
R 6.277 -45.733 23.142
V 3.923 -48.699 22.806
P 4.691 -51.097 19.917
G 1.875 -51.02 17.366
K 0.334 -47.821 18.721
G 3.203 -45.338 18.615
L 4.018 -42.509 21.008
E 1.594 -41.304 23.676
W 1.657 -38.805 26.546
V 1.43 -40.342 30.022
A 1.843 -37.71 32.73
G 3.105 -34.156 33.185
I 4.045 -31.746 35.964
W 4.23 -27.948 36.274
E 7.357 -25.933 37.125
D 6.784 -25.606 40.867
S 4.845 -28.88 41.192
S 1.666 -26.867 41.78
A -0.099 -28.921 39.115
A 0.166 -32.546 37.998
H -1.648 -34.135 35.059
Y -2.253 -37.791 34.201
R -3.989 -39.553 31.322
D -7.18 -41.522 31.994
S -5.532 -44.955 31.946
V -3.06 -44.112 34.726
K -5.03 -41.862 37.094
G -4.583 -42.905 40.72
R -2.102 -45.566 39.636
F 0.907 -43.529 38.505
T 2.472 -40.61 40.376
I 4.735 -37.985 38.817
S 7.186 -35.822 40.772
R 10.273 -33.666 40.268
D 13.331 -32.276 42.05
N 14.503 -28.919 40.681
A 17.49 -29.021 43.035
K 18.937 -32.047 41.239
N 17.147 -31.501 37.915
M 15.478 -34.889 38.362
L 12.116 -36.261 37.235
Y 10.448 -39.275 38.846
L 7.534 -41.491 37.828
Q 6.197 -43.959 40.392
M 4.291 -46.783 38.703
S 2.094 -49.329 40.489
S -0.618 -51.886 39.673
L 0.908 -52.291 36.215
K -1.173 -53.697 33.366
S -0.21 -55.147 29.982
D -0.952 -51.826 28.277
D 1.709 -50.179 30.438
T 4.333 -52.099 28.464
G 6.419 -49.711 26.378
L 9.562 -47.624 26.002
Y 9.318 -44.719 28.451
Y 10.88 -41.316 27.761
C 10.843 -37.931 29.478
V 10.332 -34.784 27.403
R 9.713 -31.058 27.799
R 6.281 -29.401 27.582
G 2.904 -31.132 27.412
Y 0.58 -32.541 24.765
S -2.148 -31.749 22.232
G -5.323 -33.427 21.006
D -5.676 -37.071 22.005
Y -2.697 -37.349 24.376
R -0.121 -36.567 21.69
P 3.227 -35.233 23.039
I 4.571 -31.879 21.828
N 8.269 -32.747 21.969
N 9.57 -35.951 20.403
P 12.074 -37.866 22.574
S 15.751 -37.482 21.689
S 16.84 -39.664 24.607
Q 17.367 -43.432 24.715
G 14.516 -44.071 27.138
T 13.984 -46.926 29.577
Q 12.216 -50.213 28.836
V 9.179 -51.304 30.844
T 7.821 -54.782 30.132
V 4.746 -56.275 31.798
S 4.093 -60.001 31.313
S 4.086 -63.324 33.179
