tag x y z
K -12.324 8.916 7.866
L -12.915 5.512 6.29
Q -14.967 3.128 8.401
E -15.25 -0.639 7.961
S -18.273 -2.567 9.166
S -18.354 -2.515 9.09
G -19.735 -6.035 8.739
G -17.184 -8.021 10.719
G -18.372 -10.918 12.803
L -18.164 -14.629 13.489
V -19.299 -17.015 10.752
Q -18.839 -20.711 10.142
A -16.795 -22.204 7.329
G -18.732 -22.162 4.078
E -20.673 -19.001 4.83
S -20.556 -15.762 2.883
L -19.993 -12.334 4.396
L -19.947 -12.336 4.413
R -20.159 -8.821 2.964
L -17.874 -6.159 4.417
S -18.617 -2.457 3.984
S -18.586 -2.472 3.943
S -18.625 -2.453 3.994
C -16.211 0.486 3.74
A -18.008 3.806 4.266
V -16.036 6.394 2.315
P -16.301 10.181 2.761
P -18.216 11.408 -0.327
E -15.425 13.746 -1.464
V -12.941 10.849 -1.316
F -15.382 8.404 -2.919
D -15.64 10.527 -6.079
I -11.93 10.637 -6.884
R -9.821 8.092 -4.963
T -9.075 4.431 -5.44
V -10.293 2.307 -2.527
A -8.805 -1.037 -1.55
W -9.496 -3.867 0.848
Y -6.666 -5.458 2.828
R -6.418 -7.954 5.647
Q -4.008 -8.883 8.448
Q -3.917 -8.984 8.247
V -4.077 -12.637 9.233
P -2.879 -13.523 12.763
L 0.672 -14.635 11.872
G 0.853 -12.656 8.671
K 3.589 -10.117 8.162
G 2.347 -6.973 6.52
R -1.094 -6.273 5.172
E -2.431 -8.365 2.308
L -4.02 -6.433 -0.571
L -7.155 -8.338 -1.579
S -8.821 -6.054 -4.112
S -9.058 -2.448 -5.271
I -11.552 -0.37 -7.227
T -11.322 3.037 -8.931
P -14.208 5.528 -9.211
W -14.966 4.228 -12.718
N -15.136 0.611 -11.468
K -11.716 -0.631 -12.593
T -10.844 -3.515 -10.288
T -7.815 -5.513 -9.264
Y -7.834 -8.769 -7.329
E -5.234 -10.876 -5.609
D -5.206 -14.091 -7.63
S -5.444 -16.301 -4.533
V -8.888 -14.846 -3.603
K -10.246 -13.824 -7.022
D -12.546 -16.847 -7.332
R -14.308 -16.018 -4.031
F -14.103 -12.252 -3.417
T -15.806 -9.395 -5.298
I -15.347 -5.645 -4.748
S -18.017 -3.124 -5.733
R -19.092 0.492 -5.3
D -22.533 1.575 -4.119
N -22.678 5.119 -5.385
A -25.794 6.104 -3.423
K -24.244 4.976 -0.117
Y -20.618 6.04 -0.77
T -19.704 2.477 0.148
V -17.15 0.006 -1.171
Y -18.239 -3.562 -0.484
L -16.153 -6.72 -0.284
Q -18.3 -9.796 -0.881
M -16.534 -12.913 0.417
N -17.894 -16.329 -0.502
D -16.943 -19.824 0.663
L -15.117 -18.593 3.747
K -12.541 -20.801 5.443
P -10.832 -20.637 8.849
E -7.721 -19.22 7.142
D -9.765 -16.117 6.199
T -9.87 -15.158 9.897
A -8.239 -11.725 9.991
V -8.692 -8.047 10.649
Y -9.965 -6.488 7.406
Y -9.114 -2.888 6.537
C -10.045 -0.523 3.794
A -7.738 2.203 2.485
Q -7.793 4.997 -0.083
G -5.278 6.807 -2.208
W -4.368 7.593 -5.778
G -3.477 4.012 -6.732
I -2.299 0.723 -5.284
A 1.233 2.06 -4.69
S -0.045 5.252 -2.996
M -2.671 4.092 -0.557
M -2.603 3.961 -0.46
R -2.334 6.559 2.293
Y -5.489 6.716 4.432
W -6.885 3.75 6.322
G -9.874 2.66 8.309
Q -9.347 1.201 11.75
G -10.288 -2.351 10.765
T -13.021 -4.882 11.474
Q -12.49 -8.422 12.777
V -13.746 -11.452 10.846
T -13.554 -14.868 12.494
V -14.372 -18.042 10.553
S -14.949 -21.132 12.7
S -14.924 -24.794 11.687
