tag x y z
Q -2.723 31.181 -9.623
V 0.414 32.442 -11.488
Q 1.624 35.718 -13.028
L 4.419 36.451 -15.545
V 4.496 40.251 -15.53
E 6.564 42.221 -18.085
S 7.304 45.911 -17.879
G 9.553 48.608 -19.175
G 8.72 49.055 -22.866
G 7.606 52.108 -24.792
L 8.842 54.646 -27.306
V 12.473 55.573 -27.502
Q 14.705 57.495 -29.978
A 17.183 55.428 -32.078
G 20.401 54.829 -30.091
G 18.529 55.08 -26.733
S 18.017 52.436 -24.039
L 15.159 50.38 -22.493
R 15.198 48.052 -19.47
L 12.592 45.309 -19.853
S 11.834 43.344 -16.664
C 10.042 40.109 -16.205
A 8.686 39.392 -12.72
A 7.443 35.912 -11.857
S 4.919 35.287 -9.053
G 7.158 32.392 -7.895
S 10.803 31.199 -7.899
I 10.714 29.676 -11.397
F 13.812 31.482 -12.714
S 15.985 29.843 -10.05
I 15.493 26.26 -11.379
N 14.863 26.837 -15.115
A 16.324 28.56 -18.123
M 14.252 31.391 -19.556
G 14.119 33.198 -22.918
W 13.215 36.63 -24.255
Y 11.467 36.55 -27.644
R 10.229 39.236 -29.964
Q 7.672 39.522 -32.809
A 7.677 42.521 -35.166
P 4.548 43.539 -37.184
G 3.852 40.523 -39.467
K 7.065 38.494 -38.971
Q 7.597 35.302 -36.975
R 8.477 35.242 -33.279
E 12.245 34.827 -32.75
L 14.534 34.233 -29.763
V 16.543 37.301 -28.713
A 18.337 36.403 -25.487
A 18.271 33.262 -23.329
I 19.778 32.356 -19.935
T 20.448 28.842 -18.624
R 19.652 27.832 -15.089
G 23.366 28.232 -14.161
G 23.624 31.662 -15.799
R 25.108 31.189 -19.258
T 23.64 33.762 -21.632
N 23.187 33.544 -25.398
Y 21.896 36.2 -27.852
A 20.689 36.426 -31.469
D 23.374 37.892 -33.778
S 21.364 41.125 -34.511
V 21.519 42.113 -30.813
K 24.869 40.63 -29.591
G 26.761 43.295 -27.562
R 23.82 45.731 -27.29
F 21.363 43.547 -25.289
T 22.439 42.084 -21.957
L 20.198 39.553 -20.103
S 20.586 39.548 -16.251
R 18.73 37.856 -13.354
D 17.844 38.585 -9.713
N 16.598 35.285 -8.238
A 15.909 36.844 -4.832
K 13.072 38.835 -6.387
N 11.983 36.402 -9.12
T 12.94 38.838 -11.841
V 15.021 38.876 -14.984
Y 16.077 41.961 -16.922
L 16.846 42.607 -20.568
Q 18.934 45.791 -20.833
M 18.656 46.962 -24.412
N 21.201 49.634 -25.401
S 21.832 51.571 -28.662
L 18.485 50.6 -30.066
K 17.735 50.643 -33.777
P 14.501 50.817 -35.826
E 14.583 47.019 -36.581
D 14.383 46.151 -32.831
T 10.803 47.532 -32.892
A 8.526 44.606 -31.929
V 6.489 42.982 -29.162
Y 8.902 41.386 -26.615
Y 7.759 38.378 -24.594
C 9.065 36.84 -21.452
N 9.053 32.939 -21.535
V 9.71 29.867 -19.369
G 9.219 26.4 -20.83
R 9.232 27.353 -24.531
S 6.101 26.615 -26.626
R 4.826 24.165 -24.035
G 5.356 26.855 -21.344
Y 4.509 30.222 -19.778
W 4.421 33.542 -21.631
G 3.827 37.148 -20.62
Q 1.327 39.298 -22.531
G 3.966 41.121 -24.581
T 5.651 44.492 -24.163
Q 5.687 46.782 -27.219
V 9.05 48.41 -27.956
T 9.054 51.224 -30.516
V 12.265 52.728 -31.902
S 11.903 55.831 -34.075
S 14.317 57.802 -36.36
