tag x y z
V 62.44 -0.785 50.36
Q 64.434 -3.026 47.948
L 61.577 -4.379 45.727
V 59.401 -1.299 44.916
E 55.917 -2.773 44.166
S 53.008 -0.684 42.736
G 49.944 -0.95 40.443
G 47.579 -2.841 42.778
G 44.394 -1.805 44.585
L 40.745 -1.93 43.486
V 39.754 -2.848 39.899
R 36.327 -3.629 38.317
P 35.711 -7.255 37.298
G 36.984 -7.542 33.723
G 39.29 -4.596 34.394
S 43.068 -4.356 34.045
L 46.114 -3.631 36.296
R 49.787 -3.341 35.379
L 51.903 -4.432 38.355
S 55.509 -3.129 38.481
C 58.453 -4.138 40.718
V 61.779 -2.289 40.584
D 65.079 -2.559 42.515
S 66.76 0.828 41.902
E 69.746 -0.07 44.221
R 70.397 -3.03 41.785
T 70.894 -5.476 44.748
S 68.589 -8.103 43.023
Y 66.716 -8.876 39.752
P 62.871 -8.913 39.979
M 62.142 -12.085 37.914
G 59.001 -13.619 39.502
W 55.382 -13.165 40.631
F 53.524 -15.042 43.416
R 50.082 -14.416 44.989
R 48.405 -15.396 48.253
A 44.566 -15.56 48.302
P 42.634 -14.827 51.62
G 42.47 -18.582 52.37
K 44.672 -20.418 49.789
E 48.5 -20.887 50.088
R 51.32 -19.234 48.022
E 50.459 -19.578 44.277
F 52.893 -19.087 41.323
V 51.677 -16.368 38.921
A 54.469 -15.926 36.309
S 58.261 -15.873 35.878
I 60.735 -14.535 33.264
T 64.486 -15.006 32.544
W 67.173 -12.344 33.366
S 67.248 -11.542 29.626
G 63.456 -10.936 29.762
I 62.967 -13.272 26.744
D 61.389 -16.531 28.169
P 58.214 -15.892 30.269
T 56.805 -18.826 32.314
Y 53.076 -18.715 33.206
A 50.644 -20.574 35.478
D 47.852 -22.366 33.474
S 45.215 -20.353 35.491
V 46.5 -16.841 34.492
A 48.559 -17.731 31.263
D 45.588 -16.694 29.023
R 45.001 -13.211 30.663
F 48.266 -12.129 32.302
T 51.45 -11.077 30.512
T 54.863 -10.505 32.174
S 57.893 -8.53 30.89
R 61.272 -7.368 32.166
D 62.97 -4.014 31.474
V 66.62 -5.14 31.624
A 67.75 -1.439 31.358
N 65.652 -0.12 34.306
N 65.778 -3.423 36.248
T 61.968 -3.43 36.34
L 59.552 -6.413 36.273
Y 56.002 -5.974 34.91
L 52.749 -7.986 35.235
Q 49.915 -6.984 32.89
M 46.706 -8.363 34.401
N 43.703 -8.135 32.019
S 40.116 -9.596 32.221
L 40.592 -9.761 36.049
K 38.111 -12.125 37.757
H 37.0 -12.442 41.425
E 39.546 -15.37 41.751
D 42.543 -13.054 41.098
T 41.78 -11.033 44.288
A 45.01 -11.694 46.341
V 48.219 -10.136 47.775
Y 50.701 -10.157 44.861
Y 54.391 -10.568 45.786
C 57.404 -9.75 43.671
A 60.118 -12.426 43.499
A 63.722 -11.288 42.951
R 66.914 -13.27 42.365
A 70.339 -12.244 43.782
P 73.203 -11.41 41.292
V 75.467 -14.307 42.533
S 68.537 -22.57 40.004
P 65.105 -22.442 38.147
Y 62.018 -20.602 39.477
D 63.492 -20.107 42.951
Y 63.678 -16.595 44.388
D 66.151 -15.127 46.915
Y 64.201 -11.926 47.833
W 60.423 -11.744 48.298
G 58.156 -8.68 47.987
Q 56.229 -6.83 50.749
G 52.994 -7.263 48.731
T 50.744 -5.116 46.517
Q 47.224 -6.38 47.466
V 44.893 -6.566 44.358
T 41.082 -6.572 44.872
V 38.546 -7.353 42.093
S 35.199 -5.931 43.445
S 32.164 -3.745 42.4
H 34.096 -0.408 42.921
H 37.353 0.544 41.097
H 37.344 4.313 41.748
H 34.08 5.362 43.524
H 30.679 3.489 43.142
