tag x y z
V -9.775 -102.491 27.255
Q -10.624 -105.8 25.567
L -12.716 -108.901 26.154
Q -12.101 -112.568 26.977
E -14.656 -115.268 26.162
S -14.665 -118.856 27.404
G -17.064 -121.763 26.989
G -16.667 -123.005 23.434
G -16.174 -126.62 22.498
L -17.674 -129.589 20.7
V -21.297 -130.672 21.122
Q -23.62 -133.041 19.291
A -26.741 -131.831 17.499
G -29.589 -131.089 19.88
G -27.154 -130.413 22.721
S -26.699 -127.272 24.781
L -23.879 -124.821 25.428
R -23.329 -121.69 27.521
L -20.84 -119.01 26.467
S -19.382 -116.484 28.915
C -17.453 -113.29 28.172
A -15.968 -110.805 30.653
A -15.169 -107.34 29.317
S -12.353 -105.698 31.277
G -10.342 -102.504 31.023
T -13.462 -100.326 30.882
I -13.633 -97.1 32.869
F -17.446 -97.345 32.979
S -20.158 -99.829 32.074
P -20.433 -100.273 28.284
H -23.784 -99.508 26.688
Y -23.964 -102.442 24.261
M -22.484 -105.939 24.497
G -23.386 -108.734 22.087
W -22.242 -111.912 20.363
Y -21.222 -112.355 16.726
R -20.45 -115.435 14.648
Q -18.485 -116.24 11.48
A -19.4 -119.409 9.577
P -16.668 -121.407 7.783
G -17.701 -119.73 4.52
K -19.901 -116.742 5.339
E -18.931 -113.406 6.905
R -19.396 -112.109 10.448
E -23.092 -112.227 11.328
F -25.218 -111.051 14.234
V -26.373 -113.592 16.821
A -27.538 -111.754 19.941
G -27.039 -108.441 21.694
I -28.342 -106.281 24.546
G -28.12 -102.504 24.517
F -29.055 -101.034 27.879
G -30.961 -97.944 26.77
T -31.904 -99.563 23.453
T -33.469 -102.858 22.379
T -32.458 -106.483 23.02
N -32.847 -108.338 19.724
Y -31.85 -111.766 18.426
A -31.056 -112.835 14.889
N -33.649 -114.788 12.923
S -31.799 -118.118 12.836
V -31.067 -118.306 16.581
K -34.391 -116.827 17.732
G -36.157 -119.059 20.245
R -33.056 -121.199 20.851
F -30.497 -118.696 22.202
T -30.807 -116.466 25.273
I -28.401 -113.565 25.81
S -28.093 -111.928 29.225
R -25.682 -109.412 30.741
D -24.447 -109.092 34.331
N -23.457 -105.436 34.624
A -22.134 -105.932 38.165
K -19.534 -108.444 36.969
N -19.504 -106.698 33.547
T -20.093 -109.919 31.63
V -22.08 -111.278 28.691
Y -23.691 -114.72 28.629
L -25.005 -116.599 25.586
Q -27.082 -119.686 26.403
M -27.144 -121.842 23.257
N -29.866 -124.503 23.45
S -31.051 -126.937 20.763
L -28.013 -126.54 18.551
K -27.712 -127.298 14.841
P -24.81 -128.01 12.467
E -25.446 -124.629 10.823
D -24.655 -123.026 14.204
T -21.062 -124.284 13.841
A -18.733 -121.275 13.635
V -16.284 -119.108 15.558
Y -18.168 -116.98 18.086
Y -16.963 -113.472 18.932
C -17.835 -111.312 21.941
A -18.412 -107.71 20.853
A -18.991 -104.582 22.928
R -19.747 -100.957 22.068
L -19.074 -98.216 24.607
Y -21.616 -95.608 23.477
P -25.143 -95.779 22.026
I -24.359 -93.07 19.44
L -21.442 -94.089 17.205
G -18.161 -95.211 18.739
H -15.396 -97.78 18.394
T -16.706 -101.35 18.326
Y -14.589 -103.798 20.324
W -14.081 -107.481 19.542
G -13.197 -110.455 21.719
Q -10.72 -113.282 21.293
G -13.246 -115.607 19.641
T -13.963 -119.224 20.577
Q -14.988 -122.022 18.23
V -18.204 -123.986 18.739
T -18.655 -127.217 16.776
V -21.93 -129.113 16.312
S -21.604 -132.647 14.951
S -23.91 -134.66 12.696
