tag x y z
V 18.811 -52.846 -20.635
Q 21.012 -54.436 -23.321
L 22.254 -58.016 -23.877
V 25.859 -59.182 -24.358
E 26.462 -62.674 -25.743
S 29.749 -64.513 -25.224
G 30.923 -67.731 -26.851
G 30.52 -68.837 -30.437
G 32.9 -69.753 -33.223
L 33.974 -72.955 -34.965
V 33.645 -76.391 -33.369
Q 33.923 -79.928 -34.706
A 30.765 -82.023 -34.932
G 30.408 -83.586 -31.483
D 32.096 -80.838 -29.46
S 30.442 -78.908 -26.632
L 30.065 -75.138 -27.053
R 28.95 -73.269 -23.933
L 27.276 -69.946 -24.728
S 26.894 -67.187 -22.149
C 24.649 -64.125 -21.982
A 24.961 -61.309 -19.451
A 23.403 -57.85 -19.394
S 23.737 -54.395 -17.836
G 20.972 -52.291 -16.328
G 18.348 -53.945 -14.161
T 17.841 -57.055 -12.087
F 15.534 -59.407 -13.975
S 13.547 -60.447 -10.952
T 10.519 -62.1 -12.552
F 11.856 -61.486 -16.069
N 12.847 -64.674 -17.873
M 15.342 -64.921 -20.721
G 15.958 -67.259 -23.616
W 17.888 -68.041 -26.775
F 17.007 -68.082 -30.474
R 18.942 -68.841 -33.648
Q 18.779 -68.088 -37.362
D 20.394 -70.018 -40.212
L 20.784 -69.184 -43.912
G 17.093 -68.448 -44.48
K 14.98 -69.822 -41.641
E 13.045 -67.296 -39.583
R 14.194 -66.912 -35.982
E 13.95 -70.337 -34.344
F 13.49 -71.09 -30.645
V 16.023 -73.146 -28.684
A 15.73 -72.418 -24.965
A 14.25 -70.245 -22.219
I 14.427 -70.178 -18.42
R 12.865 -68.234 -15.548
W 13.82 -67.546 -11.944
T 12.636 -69.251 -8.739
G 12.477 -72.663 -10.424
G 14.637 -74.592 -12.753
R 11.775 -74.21 -15.059
A 13.261 -74.383 -18.468
Y 11.902 -74.88 -21.91
Y 13.629 -76.284 -24.992
G 12.873 -76.744 -28.671
D 12.379 -79.926 -30.655
S 15.583 -80.023 -32.72
V 17.473 -79.085 -29.538
K 15.697 -81.208 -26.895
G 17.856 -83.461 -24.756
R 21.249 -81.949 -25.587
F 21.22 -78.273 -24.604
T 21.126 -77.264 -20.933
I 20.245 -73.747 -19.758
S 20.845 -72.226 -16.322
R 20.643 -68.806 -14.685
D 22.302 -66.869 -11.863
N 20.484 -64.165 -9.917
A 22.379 -61.142 -8.603
K 25.066 -62.106 -11.111
N 22.217 -61.492 -13.582
T 23.787 -63.956 -16.006
V 22.428 -66.974 -17.88
Y 24.321 -69.636 -19.82
L 23.49 -72.043 -22.645
Q 25.249 -75.421 -22.629
M 25.509 -77.139 -26.018
N 26.483 -80.796 -26.384
S 26.522 -83.207 -29.331
L 26.627 -80.476 -31.966
K 25.845 -81.48 -35.553
P 26.238 -79.39 -38.735
E 22.594 -78.263 -38.872
D 23.336 -76.325 -35.659
T 25.106 -73.696 -37.798
A 23.47 -70.322 -37.161
V 23.677 -66.974 -35.357
Y 22.401 -67.502 -31.813
Y 20.643 -64.545 -30.191
C 19.983 -63.731 -26.548
A 16.664 -62.27 -25.455
R 14.468 -61.05 -22.6
Q 10.717 -61.518 -22.464
G 8.141 -58.765 -22.865
T 4.949 -58.135 -20.911
N 2.903 -57.996 -24.109
G 2.891 -60.867 -26.589
G 2.042 -64.523 -26.312
G 4.423 -67.105 -24.913
Y 8.076 -68.056 -24.655
S 8.369 -70.029 -27.917
E 7.858 -67.026 -30.227
A 10.482 -64.474 -31.239
T 7.874 -61.698 -31.335
S 7.202 -62.077 -27.59
Y 10.722 -60.929 -26.594
N 11.233 -57.166 -26.44
Y 15.03 -57.072 -26.004
W 17.146 -58.925 -28.556
G 20.889 -59.442 -28.485
Q 23.346 -58.723 -31.266
G 23.945 -62.375 -32.18
T 26.766 -64.901 -31.758
Q 27.472 -67.193 -34.7
V 28.406 -70.828 -34.093
T 29.674 -72.958 -36.978
V 29.855 -76.757 -37.027
S 31.463 -78.89 -39.741
S 31.907 -82.614 -40.293
H 35.573 -82.426 -41.336
