tag x y z
E 0.628 -40.118 -0.652
V 2.328 -36.99 0.581
Q 0.22 -34.76 2.802
L 1.102 -31.172 3.714
V -1.524 -29.577 5.976
E -1.106 -25.874 6.743
S -2.882 -23.874 9.405
G -2.472 -20.711 11.448
G -3.667 -18.101 8.975
G -6.216 -15.49 9.875
L -7.408 -11.92 9.598
V -5.008 -9.601 11.424
Q -4.221 -5.907 11.701
P -1.07 -4.426 10.147
G 1.808 -4.734 12.561
G 0.433 -7.942 14.055
S 1.816 -11.449 14.058
L 0.818 -14.968 13.063
R 2.564 -18.332 13.237
L 1.833 -20.736 10.412
S 2.446 -24.453 10.756
C 2.498 -27.271 8.248
C 2.611 -27.259 8.192
A 2.066 -30.908 9.206
A 3.913 -33.206 6.806
S 3.605 -36.915 6.087
G 4.236 -39.514 3.411
F 7.846 -38.709 2.494
T 11.186 -38.505 4.279
F 10.781 -35.087 5.857
S 14.268 -34.809 7.305
T 16.017 -35.136 3.924
S 13.782 -32.616 2.116
W 14.257 -28.925 1.534
M 11.08 -27.232 2.744
Y 9.49 -24.042 1.465
W 6.867 -21.445 2.151
L 5.268 -19.997 -0.978
R 2.478 -17.467 -1.247
Q -0.127 -16.464 -3.792
A -1.498 -12.97 -3.371
P -4.99 -12.771 -4.899
G -4.677 -11.779 -8.53
K -1.059 -12.999 -8.741
G 0.811 -16.248 -9.254
L 2.964 -18.154 -6.802
E 6.056 -16.606 -5.304
W 8.569 -18.071 -2.897
V 8.806 -16.613 0.591
S 11.327 -18.714 2.502
S 11.247 -18.741 2.599
S 11.333 -18.714 2.476
V 13.329 -21.924 2.255
V 13.212 -21.992 2.303
I 15.069 -24.182 4.774
N 17.635 -26.811 3.81
T 18.314 -30.115 5.576
D 20.851 -28.611 7.991
G 18.568 -25.746 9.007
G 20.104 -23.075 6.806
T 17.573 -20.565 5.551
Y 16.871 -18.219 2.655
Y 14.273 -15.443 2.414
A 12.619 -13.182 -0.113
D 13.81 -9.608 0.424
S 10.501 -8.156 1.598
V 10.17 -10.604 4.52
K 13.717 -10.429 5.924
G 13.617 -9.551 9.608
R 9.853 -10.078 9.659
F 9.295 -13.754 8.831
T 11.306 -16.716 10.163
I 11.13 -20.234 8.737
S 12.012 -23.137 11.011
R 11.655 -26.907 10.976
D 10.956 -29.417 13.745
N 12.087 -32.663 12.171
S 10.989 -34.804 15.124
K 7.41 -33.611 14.64
N 7.388 -33.351 10.83
T 6.489 -29.669 11.127
L 7.449 -26.573 9.166
Y 6.798 -23.175 10.774
L 6.562 -19.605 9.495
Q 6.722 -16.994 12.238
M 5.225 -13.839 10.688
N 5.984 -10.665 12.634
S 5.234 -7.049 11.724
L 2.666 -7.993 9.107
R 1.87 -5.634 6.232
A -1.228 -5.261 4.068
E 0.933 -6.435 1.123
D 1.437 -9.785 2.892
T -2.217 -10.715 2.229
A -2.076 -14.036 0.394
V -2.667 -17.746 0.622
Y 0.479 -19.285 2.106
Y 1.537 -22.761 1.003
C 4.095 -25.147 2.481
C 3.967 -25.23 2.434
A 5.97 -27.087 -0.184
K 8.399 -29.99 -0.295
D 11.427 -29.908 -2.614
W 9.954 -27.185 -4.786
G 13.184 -27.061 -6.805
G 12.956 -30.836 -7.309
P 12.848 -33.771 -6.826
E 9.186 -34.713 -6.575
P 7.824 -31.281 -5.591
T 4.566 -31.208 -3.662
R 2.467 -28.277 -2.412
G 0.01 -28.15 0.494
Q -3.585 -26.98 0.676
G -2.817 -23.42 1.806
T -3.767 -21.144 4.68
L -5.16 -17.641 4.104
V -3.546 -14.586 5.708
T -5.493 -11.323 5.353
V -3.859 -8.198 6.782
S -6.249 -5.267 7.113
S -6.981 -2.23 9.208
