tag x y z
Q -12.547 -5.86 46.668
V -12.988 -3.614 43.615
K -15.391 -5.137 41.135
L -15.97 -4.195 37.48
E -19.361 -4.99 35.903
E -19.091 -5.096 32.128
S -21.891 -4.996 29.563
G -22.894 -4.201 26.035
G -20.854 -6.619 23.975
G -21.674 -9.198 21.382
S -21.282 -9.736 17.672
V -21.983 -7.091 15.033
Q -21.459 -6.626 11.334
A -18.536 -4.5 10.115
G -19.556 -0.865 9.673
G -21.984 -1.111 12.589
S -21.928 0.242 16.15
L -21.911 -0.929 19.733
R -21.864 0.723 23.161
L -19.948 -0.922 26.002
S -20.539 -0.055 29.643
S -20.44 -0.022 29.624
C -18.509 -0.636 32.765
A -19.496 0.06 36.375
A -17.072 0.048 39.274
S -18.042 -0.953 42.807
G -16.268 -1.849 46.043
H -13.831 1.039 45.657
T -13.244 4.108 47.792
Y -12.047 6.508 45.057
S -14.416 9.197 44.202
S -14.39 9.308 44.139
T -11.833 10.121 41.449
Y -9.882 7.595 39.353
C -9.034 6.476 35.807
M -11.284 3.927 34.051
G -11.693 2.663 30.517
W -10.735 -0.302 28.289
F -7.812 -2.254 27.022
R -8.384 -4.917 24.366
Q -6.747 -8.191 23.47
V -6.984 -8.984 19.759
P -6.501 -12.714 19.084
G -2.991 -13.971 19.893
K -1.695 -10.61 21.155
E -1.043 -8.83 24.46
R -3.6 -6.513 26.006
E -3.304 -2.938 24.744
G -4.901 0.347 25.784
V -8.004 1.524 23.926
A -9.511 4.528 25.794
R -9.677 6.014 29.293
I -11.353 8.872 31.104
N -10.923 10.232 34.608
N -11.001 10.455 34.511
V -14.138 9.496 36.43
G -15.111 12.588 38.319
G -13.157 14.72 35.805
S -13.147 15.064 31.933
S -9.711 14.146 30.465
T -9.651 11.429 27.815
W -7.059 9.363 25.972
Y -7.5 7.163 22.848
A -5.343 4.599 21.103
D -4.231 5.663 17.646
S -6.227 2.895 15.948
V -9.625 4.022 17.386
R -9.359 7.782 17.191
D -12.544 9.431 15.935
R -14.504 6.184 15.74
F -14.698 5.461 19.47
T -15.859 7.927 22.175
I -15.546 7.384 25.926
S -17.864 9.119 28.427
Q -19.056 8.687 32.046
D -21.954 8.677 34.469
N -20.054 9.732 37.652
A -22.907 9.128 40.087
K -23.24 5.644 38.588
N -19.443 5.041 38.649
T -19.932 4.02 35.03
V -18.015 4.649 31.817
Y -19.299 4.108 28.256
L -17.489 3.315 25.044
Q -19.434 4.321 21.936
M -17.934 2.292 19.119
N -18.828 3.481 15.645
S -17.69 2.357 12.202
L -16.531 -0.954 13.569
K -13.844 -2.786 11.626
L -12.857 -6.431 11.385
E -9.598 -5.379 13.122
D -11.58 -4.344 16.205
T -12.505 -7.957 17.084
A -11.114 -8.608 20.563
I -11.898 -9.157 24.194
Y -12.434 -5.658 25.642
Y -11.332 -5.445 29.283
C -12.673 -2.726 31.485
T -9.838 -1.661 33.801
L -9.342 0.877 36.616
H -6.493 2.587 38.461
R -6.507 5.542 40.887
F -3.97 7.276 38.566
C -4.185 7.655 34.795
N -0.455 7.654 34.246
T -0.273 4.312 36.031
W -3.457 3.039 34.271
S -1.635 3.115 30.94
L 0.957 0.643 32.216
G -1.726 -1.938 33.038
T 0.361 -3.952 35.564
L -1.283 -2.475 38.695
N -4.846 -2.033 37.41
V -8.032 -3.686 38.605
W -9.245 -6.063 35.792
G -12.615 -7.515 34.94
Q -13.748 -10.614 33.12
G -13.778 -8.814 29.771
T -16.403 -8.364 27.067
Q -16.165 -10.26 23.752
V -16.698 -8.013 20.705
T -16.795 -9.903 17.449
V -17.037 -7.866 14.216
S -18.363 -10.059 11.437
S -18.165 -9.777 7.695
