tag x y z
Q -1.338 -0.258 11.836
V -3.037 1.825 9.115
K -1.803 2.071 5.514
L -2.877 4.746 3.012
E -2.618 4.35 -0.763
E -3.24 7.424 -2.93
S -4.188 7.724 -6.56
G -5.718 10.134 -9.034
G -3.229 12.947 -9.395
G -1.515 14.306 -12.458
L -1.854 17.063 -15.033
V -5.035 19.053 -15.537
Q -5.864 22.176 -17.502
A -6.874 25.412 -15.791
E -10.501 25.454 -14.578
G -10.507 21.66 -14.764
S -11.231 19.084 -12.107
L -9.406 16.151 -10.55
R -10.425 13.508 -8.0
L -7.83 12.267 -5.495
S -8.561 8.915 -3.865
C -7.17 7.714 -0.546
V -7.606 3.978 0.118
T -7.125 3.081 3.787
S -6.368 -0.422 5.016
G -5.442 -2.164 8.236
R -7.043 -1.089 11.536
I -9.539 1.171 9.828
E -12.023 0.849 12.699
G -9.738 3.027 14.794
I -9.547 5.918 12.297
L -11.063 9.12 13.658
L -10.38 11.458 10.767
V -9.17 11.264 7.161
G -7.872 14.353 5.434
W -6.099 15.674 2.418
Y -3.191 18.019 3.095
R -1.054 20.301 0.957
Q 2.61 19.284 1.317
R 1.384 19.83 5.826
D -1.668 22.139 5.799
V -5.141 20.581 5.743
V -7.31 21.178 2.691
A -10.3 19.001 3.584
S -11.17 16.411 6.217
I -13.969 14.0 7.061
D -14.57 12.379 10.412
R -16.207 9.112 11.43
N -19.66 10.74 11.603
G -19.301 12.303 8.16
N -18.69 15.844 9.4
T -16.455 17.725 7.0
R -14.144 20.71 7.239
Y -12.627 22.681 4.363
D -9.821 25.189 4.357
G -10.61 28.656 3.044
S -8.188 27.959 0.195
A -10.733 25.52 -1.23
E -12.955 28.583 -1.912
G -15.965 26.239 -1.805
R -14.664 24.389 -4.91
F -13.987 21.028 -3.264
T -15.894 18.064 -1.846
I -14.499 15.353 0.402
A -16.566 12.216 0.634
R -16.384 8.634 1.844
E -16.949 6.095 -0.912
N -16.936 3.038 1.366
A -15.349 1.795 4.567
N -11.861 1.968 3.006
T -11.888 4.92 0.612
V -12.148 8.712 0.906
Y -11.887 10.983 -2.112
L -11.331 14.704 -2.649
Q -13.068 16.154 -5.683
M -11.287 19.314 -6.737
N -13.02 21.653 -9.156
N -12.15 24.868 -10.949
L -8.442 24.368 -10.399
R -5.891 27.11 -11.054
P -2.095 27.035 -11.491
E -1.652 28.19 -7.87
D -3.297 24.908 -6.777
S -0.336 22.928 -8.168
N 1.232 21.045 -5.284
V 1.876 17.682 -3.712
Y -1.285 16.621 -1.878
V -1.029 13.93 0.799
C -3.668 11.854 2.567
G -3.448 11.54 6.325
A -5.409 9.518 8.825
L -5.719 10.183 12.542
S -6.392 7.178 14.792
S -6.776 6.685 18.494
G -3.784 5.315 20.376
V -0.012 5.578 20.511
N 0.993 5.956 16.828
P -1.844 8.32 15.932
W -0.973 9.565 12.43
A -0.6 7.621 9.198
W 0.389 9.251 5.888
G 0.242 8.353 2.234
Q 3.087 8.859 -0.217
G 1.859 12.132 -1.694
T 0.268 12.843 -5.076
Q 1.451 15.513 -7.493
V -1.228 17.813 -8.919
T -0.091 20.13 -11.735
V -2.468 22.729 -13.161
S -1.417 24.317 -16.439
S -2.478 27.6 -18.01
