tag x y z
V -71.271 -26.501 96.715
K -73.807 -29.234 97.615
L -73.574 -32.916 96.622
E -76.781 -34.932 96.121
E -76.212 -38.697 96.192
S -78.459 -41.454 94.912
S -78.456 -41.449 94.896
G -78.442 -45.18 94.313
G -76.622 -47.846 96.266
G -78.53 -50.528 98.147
S -77.912 -54.245 98.657
V -77.039 -56.951 96.138
Q -75.746 -60.502 96.136
A -72.043 -60.997 95.464
G -71.279 -60.894 91.753
G -74.19 -58.534 91.144
S -74.19 -54.892 90.121
L -75.151 -51.572 91.683
R -75.085 -47.988 90.428
L -74.318 -44.807 92.346
S -74.956 -41.26 91.179
C -73.883 -37.86 92.475
A -74.941 -34.381 91.374
A -73.077 -31.179 92.247
S -75.021 -27.945 92.503
G -74.303 -24.384 93.495
H -71.014 -22.605 92.872
T -69.25 -25.215 90.769
Y -66.096 -24.432 88.825
S -65.835 -24.922 85.058
T -63.968 -28.194 85.645
Y -63.587 -30.137 88.848
C -62.876 -33.55 90.334
M -65.801 -35.607 91.563
G -66.17 -39.206 92.652
W -66.442 -41.425 95.69
F -64.524 -42.429 98.744
R -65.766 -45.281 100.906
Q -65.47 -46.228 104.586
E -60.349 -45.786 107.668
R -61.734 -44.115 104.501
E -60.239 -44.719 101.07
G -60.643 -43.326 97.599
V -62.666 -45.403 95.152
A -62.94 -43.602 91.834
R -62.975 -40.129 90.395
I -63.361 -38.28 87.121
N -62.368 -34.768 86.056
V -65.808 -33.284 85.268
G -65.205 -31.124 82.263
G -62.21 -33.179 81.17
S -61.925 -36.924 80.858
S -59.271 -38.317 83.209
S -59.276 -38.323 83.198
T -60.335 -41.064 85.603
W -58.753 -42.812 88.525
Y -59.677 -46.045 90.29
A -58.479 -47.776 93.417
D -56.408 -50.871 92.588
S -59.081 -53.123 94.127
V -61.948 -51.81 91.966
R -60.207 -50.899 88.687
D -61.289 -53.915 86.679
R -64.877 -53.894 87.984
F -66.061 -50.295 88.444
T -66.579 -47.636 85.798
I -67.052 -43.935 86.46
S -68.619 -41.557 83.926
Q -69.965 -38.012 83.791
D -72.794 -35.937 82.45
N -70.978 -32.584 82.49
A -74.109 -30.649 81.448
K -75.949 -32.08 84.488
N -72.861 -31.779 86.752
T -73.417 -35.445 87.582
V -71.124 -38.435 87.872
Y -72.086 -42.086 87.834
L -70.388 -45.184 89.226
Q -71.231 -48.559 87.721
M -70.136 -51.232 90.197
N -69.964 -54.698 88.624
S -68.864 -58.073 89.972
L -69.37 -56.844 93.513
K -67.514 -58.543 96.365
L -68.199 -58.799 100.102
E -65.289 -56.421 100.745
D -67.045 -53.739 98.675
T -69.619 -53.342 101.472
A -69.191 -49.84 102.893
I -70.694 -46.369 103.049
Y -69.842 -44.59 99.805
Y -69.457 -40.8 99.965
C -69.63 -38.484 97.001
T -66.815 -35.99 97.231
L -65.485 -33.069 95.208
H -62.425 -30.864 94.811
R -61.544 -28.479 92.013
F -58.24 -30.26 91.431
C -57.974 -34.039 91.136
N -54.496 -34.316 92.638
T -55.813 -32.701 95.817
W -59.108 -34.639 95.65
S -57.098 -37.795 96.341
L -56.234 -36.564 99.864
G -59.859 -36.151 100.976
T -58.904 -33.559 103.609
L -59.857 -30.463 101.566
N -62.881 -31.936 99.721
V -66.577 -31.16 99.844
W -68.439 -34.251 101.126
G -71.817 -35.844 100.57
Q -73.865 -37.554 103.278
G -72.99 -41.11 102.219
T -74.966 -44.009 100.733
Q -74.862 -47.538 102.093
V -73.695 -50.33 99.799
T -74.042 -53.883 101.088
V -72.829 -57.031 99.305
S -74.102 -60.419 100.472
S -73.419 -64.023 99.518
