tag x y z
Q 85.026 43.368 102.785
V 84.138 44.923 99.438
Q 83.488 42.423 96.663
L 81.482 42.29 93.454
Q 80.063 38.972 92.288
E 78.808 38.318 88.773
S 75.968 35.999 87.767
G 75.392 35.025 84.142
G 77.52 34.402 81.113
G 78.57 31.125 79.553
L 78.246 29.938 75.988
V 75.757 31.917 73.905
Q 74.806 31.976 70.235
P 75.733 35.044 68.139
G 72.798 37.414 68.474
G 71.256 35.949 71.626
S 69.949 37.912 74.608
L 72.289 37.22 77.538
R 72.155 39.151 80.806
L 74.727 39.728 83.539
S 73.891 40.697 87.107
C 76.44 42.201 89.464
A 75.934 41.546 93.176
A 77.282 44.398 95.298
S 77.968 43.847 98.981
G 80.005 45.675 101.599
F 79.266 49.282 100.619
T 76.428 51.719 100.047
F 75.246 51.104 96.499
S 73.635 54.504 95.872
N 76.814 56.536 96.328
Y 79.12 55.083 93.671
K 79.217 55.426 89.911
M 79.573 51.85 88.764
N 80.742 50.594 85.414
W 81.576 47.531 83.314
V 85.094 46.684 82.142
R 85.753 43.673 79.94
Q 88.936 41.81 79.092
A 89.338 40.021 75.794
P 91.735 37.042 75.687
G 95.163 38.278 74.689
K 94.161 41.896 75.194
G 94.306 44.49 77.949
L 91.29 45.58 79.941
E 88.908 47.969 78.233
W 85.955 50.047 79.36
V 82.406 49.066 78.367
S 79.749 51.324 79.904
D 78.804 53.144 83.069
I 75.886 54.415 85.099
S 75.72 57.312 87.541
Q 74.768 57.297 91.222
S 71.104 57.832 90.304
G 70.906 56.285 86.85
A 70.772 59.361 84.656
S 74.302 59.766 83.271
I 74.682 56.687 81.071
S 77.595 56.391 78.656
Y 78.835 53.582 76.441
T 81.859 52.565 74.461
G 81.266 53.41 70.818
S 81.588 49.83 69.607
V 78.699 48.67 71.791
K 76.314 51.54 71.105
G 72.714 50.466 70.741
R 73.315 46.835 71.676
F 74.063 46.791 75.405
T 71.775 48.179 78.099
I 72.983 49.079 81.579
S 70.706 49.639 84.554
R 71.114 49.707 88.297
D 68.741 49.11 91.159
N 69.16 50.869 94.473
A 66.897 48.614 96.54
K 68.216 45.29 95.252
N 71.744 46.885 95.109
T 72.67 45.214 91.835
L 74.009 46.256 88.445
Y 71.988 44.712 85.617
L 73.492 44.475 82.11
Q 71.432 43.255 79.15
M 73.255 42.24 75.975
N 71.614 41.955 72.562
S 72.97 41.125 69.087
L 76.218 39.565 70.224
K 79.334 39.351 68.09
P 81.795 36.429 68.041
E 84.935 38.563 68.264
D 83.521 40.481 71.243
T 83.779 37.632 73.725
A 85.434 38.717 76.957
V 85.512 38.294 80.703
Y 83.139 40.972 81.987
Y 84.281 42.586 85.245
C 81.764 44.604 87.21
A 83.659 47.558 88.646
R 83.16 50.508 90.954
C 84.77 53.898 90.98
P 86.488 54.295 94.339
A 85.267 57.613 95.591
P 81.756 58.492 96.792
F 79.693 61.289 95.228
T 82.165 61.93 92.407
R 82.297 61.683 88.632
D 85.946 60.821 87.885
C 87.055 57.186 87.662
F 90.397 55.352 87.543
D 89.449 51.65 87.198
V 90.791 50.755 83.732
T 94.033 49.675 85.434
S 94.816 46.032 84.792
T 97.478 45.795 87.49
T 95.143 44.687 90.28
Y 92.544 47.385 90.625
A 91.17 47.044 94.099
Y 87.405 47.054 93.55
R 86.499 45.176 90.401
G 84.9 41.758 90.482
Q 86.267 38.385 89.488
G 84.371 38.285 86.215
T 82.413 35.672 84.295
Q 83.298 34.119 80.962
V 80.914 35.091 78.168
T 81.586 33.008 75.055
V 79.873 33.833 71.78
