tag x y z
Q 1.998 16.989 -13.565
V 2.761 18.635 -10.215
Q 5.795 18.853 -7.934
L 6.109 20.122 -4.37
V 8.526 22.192 -2.283
E 8.765 21.792 1.503
T 9.732 24.714 3.747
G 9.373 25.666 7.4
G 11.85 23.13 8.76
G 14.962 23.791 10.776
L 16.427 23.139 14.209
V 14.258 23.307 17.338
Q 14.409 22.296 20.986
A 12.858 19.214 22.57
G 9.678 20.712 23.986
G 8.795 23.421 21.491
S 6.93 23.542 18.195
L 7.119 24.519 14.526
R 4.883 24.287 11.425
L 5.962 23.065 7.986
S 4.559 24.715 4.856
C 4.196 22.735 1.621
A 4.022 24.714 -1.628
A 2.378 23.178 -4.694
S 3.27 23.733 -8.342
G -0.229 23.592 -9.84
S -3.73 24.037 -8.478
I -4.076 21.657 -5.534
F -7.857 21.734 -5.961
S -9.485 18.457 -7.09
L -6.606 16.531 -5.451
N -8.324 14.269 -2.946
A -5.412 13.352 -0.663
M -2.605 15.541 0.68
G -0.356 13.67 3.091
W 2.774 14.251 5.153
F 5.389 11.51 5.512
R 8.614 11.338 7.504
Q 11.727 9.153 7.5
A 13.919 9.068 10.6
P 17.636 8.231 10.314
G 17.998 4.463 10.473
K 14.229 3.92 10.132
E 11.757 3.532 7.273
R 9.468 6.166 5.795
E 6.309 6.185 7.913
F 2.875 7.776 7.684
V 2.146 11.005 9.573
A -1.094 12.695 8.511
T -3.512 13.003 5.586
I -6.174 15.63 4.943
N -9.355 15.533 2.878
R -9.76 17.469 -0.362
S -11.993 20.012 1.398
G -10.204 19.518 4.727
G -13.179 18.008 6.559
R -11.555 14.6 7.101
T -8.097 13.767 8.448
Y -6.109 10.742 9.579
Y -3.132 10.689 11.941
A -0.623 8.072 13.025
D -0.9 6.779 16.582
S 2.563 8.081 17.495
V 1.603 11.685 16.674
K -2.141 11.263 17.12
G -2.922 14.12 19.492
R 0.17 16.24 18.868
F 0.098 17.167 15.153
T -2.58 19.018 13.181
I -2.733 18.947 9.376
S -4.434 21.736 7.432
R -4.65 22.887 3.823
D -5.616 26.02 1.888
N -6.965 25.055 -1.536
G -7.093 28.701 -2.606
K -3.39 29.242 -1.879
N -2.205 25.8 -3.089
M -0.673 25.17 0.335
V -0.512 22.332 2.859
Y 0.62 22.742 6.463
L 1.568 20.482 9.371
Q 1.531 22.192 12.772
M 3.813 20.184 15.079
H 3.201 20.699 18.807
S 4.698 19.047 21.897
L 7.714 17.68 20.066
K 9.604 14.543 21.095
P 13.207 13.538 20.304
E 11.795 10.545 18.383
D 10.274 12.91 15.787
T 13.623 13.849 14.207
A 13.183 12.958 10.538
I 13.067 14.271 6.99
Y 9.479 15.394 6.381
Y 8.07 14.798 2.892
C 4.985 16.384 1.335
A 3.14 14.194 -1.161
A 0.154 14.428 -3.503
G -2.275 11.516 -3.534
T -5.336 10.123 -5.269
G -7.555 9.759 -2.189
W -7.466 5.959 -2.173
S -5.906 4.398 0.952
P -4.636 7.786 2.189
Q -2.691 6.208 5.087
T -0.272 4.34 2.777
D 2.401 5.683 0.432
N 1.39 3.379 -2.441
E -1.282 5.831 -3.67
Y 0.984 8.911 -3.843
N 2.595 9.54 -7.229
Y 3.972 13.078 -6.714
W 6.469 13.639 -3.89
G 8.546 16.583 -2.725
Q 12.162 17.333 -1.921
G 11.638 17.001 1.829
T 12.832 19.119 4.736
Q 14.894 18.336 7.826
V 13.262 18.817 11.237
T 15.789 18.135 14.009
V 14.346 18.028 17.534
S 17.352 17.753 19.836
S 17.168 16.343 23.349
H 19.241 19.35 24.469
