tag x y z
Q 27.413 18.471 2.36
V 29.277 20.687 -0.239
Q 27.808 24.259 -0.332
L 29.253 26.617 -2.944
V 29.066 30.416 -3.336
E 30.399 32.223 -6.377
S 31.821 35.805 -6.271
G 33.31 38.214 -8.801
G 30.655 38.569 -11.517
G 29.226 41.794 -12.893
V 29.091 44.334 -15.734
V 32.263 44.638 -17.779
Q 33.573 46.186 -20.865
A 34.443 44.127 -23.919
G 38.107 43.247 -23.82
G 38.077 43.697 -20.033
S 38.854 41.177 -17.298
L 37.129 39.457 -14.42
R 38.091 37.037 -11.664
L 35.321 34.687 -10.586
S 35.931 32.852 -7.327
C 33.906 30.024 -5.703
A 34.154 29.24 -2.02
A 33.355 25.797 -0.859
S 32.306 24.083 2.25
G 35.746 22.774 3.023
R 36.146 19.31 4.576
T 36.544 17.495 1.184
F 37.4 20.251 -1.132
S 41.084 19.271 -1.444
S 40.077 15.744 -2.488
R 37.616 16.897 -5.098
A 37.848 18.167 -8.554
M 36.097 21.324 -9.53
G 34.454 22.829 -12.552
W 33.295 26.185 -14.013
F 30.096 26.008 -16.179
R 28.079 28.782 -17.719
Q 24.439 29.336 -18.592
A 23.304 31.855 -21.233
P 19.709 33.167 -20.938
G 18.632 31.228 -24.096
E 20.28 27.825 -23.348
G 21.349 24.996 -21.058
R 24.761 24.354 -19.461
E 28.065 25.036 -21.223
F 31.386 23.609 -20.07
V 34.007 26.349 -19.357
A 36.86 24.941 -17.323
T 37.761 22.113 -14.906
I 40.588 21.248 -12.608
S 42.059 18.238 -10.782
W 42.088 18.031 -6.962
S 45.736 19.079 -6.895
G 45.568 21.422 -9.902
S 47.82 19.195 -12.028
Y 45.222 18.818 -14.733
T 43.152 21.702 -16.192
E 40.932 21.784 -19.337
Y 39.083 24.638 -21.008
A 36.476 24.666 -23.845
D 37.213 25.827 -27.416
S 35.238 29.074 -27.059
V 37.232 30.231 -23.912
K 40.765 28.727 -24.277
G 43.626 31.185 -23.907
R 41.277 33.886 -22.562
V 40.45 32.162 -19.296
T 42.41 30.373 -16.502
I 41.182 28.099 -13.736
S 43.059 27.673 -10.484
R 42.43 26.578 -6.911
D 43.732 27.16 -3.464
N 43.066 24.015 -1.495
A 44.082 25.788 1.679
K 41.462 28.489 1.134
N 38.994 25.914 -0.343
T 38.319 28.107 -3.346
V 38.388 27.744 -7.084
Y 39.142 30.774 -9.295
L 38.345 31.561 -12.954
Q 40.442 34.417 -14.372
M 38.643 35.638 -17.507
N 40.438 38.21 -19.764
S 39.758 39.873 -23.054
L 36.105 39.209 -22.6
K 33.58 39.252 -25.369
P 29.866 39.987 -25.378
G 29.401 36.225 -25.984
D 30.666 35.387 -22.474
T 27.479 36.942 -21.027
A 26.057 34.199 -18.802
V 25.484 33.029 -15.212
Y 28.761 31.302 -14.312
H 28.121 28.361 -11.993
C 30.733 26.574 -10.008
A 30.471 22.766 -9.508
A 32.005 20.051 -7.456
K 32.136 16.312 -8.166
N 33.341 13.28 -6.375
G 36.981 12.293 -6.959
G 40.074 14.072 -8.019
A 39.74 13.801 -11.746
A 38.672 16.702 -13.793
S 35.622 16.652 -16.09
N 34.017 18.43 -18.979
Y 30.832 16.336 -18.457
P 28.28 18.298 -16.4
N 26.431 15.301 -15.241
D 29.573 14.06 -13.294
Y 29.165 17.043 -10.95
V 26.821 16.703 -7.97
Y 27.222 19.878 -6.101
W 26.331 23.1 -7.927
G 26.559 26.749 -7.059
Q 23.693 29.163 -7.538
G 25.803 30.996 -10.044
T 27.114 34.533 -10.467
Q 25.995 36.872 -13.236
V 28.569 38.142 -15.78
T 27.505 40.743 -18.389
V 29.926 41.748 -21.143
S 29.08 44.563 -23.479
S 30.514 47.572 -25.365
H 27.723 49.874 -23.996
H 24.978 49.105 -21.417
H 21.673 50.674 -20.102
H 20.351 50.642 -16.393
H 21.383 51.912 -12.851
H 19.218 54.962 -11.979
E 19.529 56.991 -8.655
