tag x y z
Q -31.954 7.113 -20.921
V -30.075 4.093 -19.575
K -32.107 0.96 -18.935
L -30.56 -1.531 -16.506
E -31.248 -5.152 -17.442
E -31.484 -7.832 -14.747
S -30.929 -11.535 -15.348
G -31.546 -14.422 -12.958
G -34.01 -15.129 -10.203
G -36.895 -17.465 -9.572
L -37.469 -20.404 -7.281
V -34.536 -21.868 -5.327
Q -34.471 -24.254 -2.371
A -33.076 -23.199 0.99
G -29.344 -23.676 1.046
G -29.279 -23.337 -2.745
S -27.359 -20.839 -4.838
L -28.334 -18.199 -7.361
R -26.587 -15.514 -9.413
L -28.281 -12.261 -10.393
S -26.84 -10.233 -13.25
C -27.262 -6.625 -14.284
S -26.112 -4.719 -17.377
P -27.033 -1.361 -18.926
S -28.64 -1.439 -22.359
D -25.871 0.954 -23.412
R -22.585 -0.806 -22.712
T -20.736 2.51 -22.952
F -22.452 3.596 -19.697
S -20.155 2.8 -16.765
A -21.617 3.848 -13.421
Y -19.383 5.036 -10.603
A -21.352 2.77 -8.229
M -23.58 -0.282 -8.668
G -25.949 -1.554 -6.017
W -28.34 -4.316 -5.11
F -31.52 -3.697 -3.106
R -34.316 -6.025 -2.027
Q -37.954 -5.51 -1.084
V -40.047 -7.738 1.158
P -43.726 -6.8 0.642
G -44.845 -4.282 3.223
R -41.271 -3.031 3.789
E -39.095 -0.519 2.076
R -36.54 -1.613 -0.508
E -33.533 -2.312 1.672
F -29.821 -2.107 0.979
V -28.051 -5.361 0.141
A -24.661 -4.676 -1.385
T -22.701 -2.064 -3.295
I -19.461 -1.872 -5.26
R -17.548 0.633 -7.337
D -14.11 -0.322 -8.591
S -12.16 -2.136 -5.847
D -12.562 -4.742 -3.16
A -12.186 -1.813 -0.741
S -15.322 -0.274 -2.244
I -17.401 -3.385 -1.386
Y -19.939 -3.205 1.429
Y -22.608 -5.641 2.543
T -25.513 -5.51 4.91
D -24.778 -7.756 7.879
S -27.627 -10.228 7.247
V -25.897 -11.132 3.984
K -22.176 -10.841 4.719
G -20.447 -14.184 4.205
R -23.138 -15.614 1.913
F -23.584 -13.184 -0.995
T -20.721 -11.849 -3.098
I -20.94 -8.804 -5.353
S -18.535 -8.356 -8.258
R -18.154 -6.294 -11.411
D -16.899 -7.053 -14.936
N -15.991 -3.895 -16.835
A -15.377 -5.718 -20.112
K -18.926 -7.121 -20.019
N -20.201 -3.979 -18.208
T -22.093 -6.241 -15.802
V -22.466 -6.37 -12.005
Y -23.015 -9.71 -10.303
L -24.61 -10.834 -7.036
Q -23.613 -14.391 -6.25
M -26.105 -15.592 -3.618
N -24.981 -18.7 -1.716
S -26.597 -20.683 1.106
L -29.92 -18.978 0.464
I -32.165 -18.852 3.512
P -35.968 -18.351 3.546
D -35.474 -14.763 4.686
D -33.669 -14.04 1.385
T -37.056 -14.169 -0.401
A -37.761 -10.756 -1.972
V -37.759 -8.809 -5.2
Y -34.183 -7.746 -5.974
Y -33.412 -4.466 -7.705
C -30.285 -3.484 -9.608
A -29.178 0.112 -9.008
A -26.621 2.446 -10.615
R -25.117 5.733 -9.428
Q -23.618 7.548 -12.407
Y -21.407 10.056 -10.591
Y -18.781 10.341 -7.872
S -19.756 10.204 -4.204
G -17.838 11.548 -1.222
R -19.061 8.635 0.917
V -16.985 5.491 0.994
Y -20.183 3.415 0.545
S -23.414 4.361 -1.228
T -26.234 2.782 0.781
F -29.381 4.876 0.179
R -31.968 4.574 -2.54
E -31.715 8.353 -2.95
E -28.006 7.897 -3.729
Y -28.53 5.845 -6.927
D -29.951 7.174 -10.216
Y -31.065 4.164 -12.294
W -33.004 1.091 -11.278
G -33.678 -2.376 -12.572
Q -37.195 -3.63 -13.148
G -36.699 -5.948 -10.171
T -36.519 -9.74 -10.16
Q -38.34 -12.09 -7.787
V -36.295 -14.511 -5.704
T -38.291 -17.17 -3.81
V -36.491 -19.53 -1.449
S -38.714 -22.531 -0.782
S -39.176 -24.115 2.673
