tag x y z
Q 49.838 -2.003 -12.628
V 49.723 -0.906 -8.987
Q 48.713 2.616 -8.003
L 48.841 4.292 -4.582
V 46.33 7.077 -3.951
E 47.303 9.418 -1.057
S 44.712 11.74 0.566
G 44.537 14.18 3.444
G 44.68 14.198 3.427
G 47.402 16.625 2.842
G 47.207 16.859 4.251
G 47.579 20.391 3.019
L 47.898 23.397 5.279
V 47.002 22.677 8.891
Q 47.346 24.51 12.215
A 49.742 23.586 14.967
G 48.118 21.759 17.873
G 45.498 20.075 15.642
S 45.079 16.557 14.365
L 45.186 15.104 10.888
R 44.299 11.903 9.088
L 46.141 10.691 6.004
S 44.892 7.77 3.943
C 46.588 5.644 1.289
A 44.722 3.177 -0.929
A 46.387 0.548 -3.127
S 44.622 -0.484 -6.334
G 45.472 -2.463 -9.489
S 46.576 -6.076 -9.971
F 48.526 -7.748 -7.211
F 48.48 -10.868 -5.032
S 49.227 -9.709 -1.532
I 50.404 -6.682 0.386
N 53.118 -7.446 2.886
D 53.028 -4.049 4.655
M 51.995 -0.479 4.041
G 52.648 2.832 5.718
W 53.894 6.336 5.744
W 53.835 6.353 5.816
Y 57.264 8.023 5.499
R 58.048 11.697 5.368
Q 60.75 13.999 3.965
A 61.3 17.674 4.627
P 63.649 19.796 2.541
G 67.306 19.079 3.16
K 66.401 16.214 5.566
K 66.435 16.238 5.553
Q 66.615 12.49 5.227
R 63.385 10.592 4.524
R 63.37 10.615 4.53
E 62.186 8.879 7.67
L 59.681 6.291 8.653
V 56.539 7.598 10.357
A 54.432 4.441 10.875
V 53.923 1.12 9.143
I 51.413 -1.688 9.478
S 51.903 -5.229 8.349
S 51.902 -5.289 8.407
S 49.288 -7.586 6.913
G 48.879 -9.422 10.168
G 48.511 -6.277 12.21
S 51.974 -5.732 13.696
S 52.013 -5.742 13.651
T 52.976 -2.079 13.628
N 55.977 0.156 14.059
N 56.095 0.125 13.885
Y 56.151 3.799 14.874
A 58.88 6.411 14.745
D 59.806 7.962 18.092
S 58.585 11.32 16.658
V 54.929 10.094 16.606
E 54.764 7.168 19.166
G 52.038 7.957 21.64
R 50.242 10.572 19.513
S 49.373 8.518 16.449
T 47.672 5.403 15.223
I 48.225 3.529 11.977
S 45.335 1.28 10.983
S 44.232 -0.78 8.039
D 41.147 -1.962 6.248
N 42.59 -5.035 4.522
A 39.443 -5.672 2.534
K 40.063 -2.367 0.779
N 43.891 -2.373 0.811
T 43.958 0.985 2.57
V 45.864 2.37 5.5
Y 45.179 5.4 7.662
L 47.506 7.514 9.795
Q 45.905 9.507 12.589
L 48.256 12.109 14.129
S 47.616 14.588 16.926
S 49.467 17.464 18.527
L 50.787 18.78 15.228
K 53.912 20.861 15.325
P 55.941 22.828 12.77
E 58.481 19.984 12.87
D 55.758 17.761 11.292
T 55.905 19.799 8.075
A 57.055 17.515 5.234
V 56.112 15.688 2.123
Y 54.394 12.495 3.358
Y 54.823 9.336 1.2
C 52.775 6.175 1.214
N 54.798 2.968 0.78
A 53.432 -0.478 -0.019
N 55.48 -3.636 -0.182
N 55.524 -3.687 -0.074
V 53.675 -5.943 -2.492
R 53.839 -9.453 -3.907
L 52.437 -9.213 -7.418
R 52.185 -12.985 -7.951
E 50.811 -15.829 -5.787
Y 53.617 -18.281 -6.659
R 56.569 -15.946 -5.88
T 58.333 -14.67 -2.763
T 59.72 -11.606 -4.609
S 58.289 -8.252 -3.606
Y 58.119 -4.754 -5.111
H 58.322 -1.547 -3.104
Y 55.881 1.093 -4.259
W 56.196 4.729 -3.25
G 53.471 7.281 -3.766
Q 53.822 10.71 -5.338
G 53.775 12.274 -1.878
T 51.511 14.811 -0.277
Q 52.612 18.088 1.324
V 51.623 18.66 4.944
T 52.431 22.174 6.193
V 51.917 22.945 9.878
S 51.605 26.658 10.576
S 51.713 28.484 13.93
