tag x y z
V 22.281 -10.374 26.136
Q 19.172 -12.161 27.559
L 15.726 -12.442 25.893
Q 12.974 -14.627 27.442
E 9.651 -15.194 25.619
S 6.359 -16.191 27.288
G 2.624 -15.631 26.714
G 1.945 -18.536 24.374
G -0.894 -21.048 24.545
L -3.798 -22.794 22.827
V -6.804 -20.683 21.679
Q -9.736 -21.022 19.206
P -9.788 -19.151 15.81
G -10.46 -15.464 16.599
G -8.894 -15.811 20.069
S -6.302 -13.651 21.838
L -2.843 -14.005 23.495
R -0.19 -11.515 24.657
L 3.484 -12.292 24.228
S 5.983 -10.979 26.76
C 9.754 -10.693 26.303
A 11.947 -9.934 29.363
A 15.411 -8.444 28.715
S 18.76 -8.032 30.572
G 22.49 -7.632 29.795
F 21.988 -4.678 27.384
A 20.589 -1.104 27.114
F 17.072 -2.196 26.011
S 15.761 1.42 25.578
S 18.695 2.029 23.121
Y 17.425 -0.819 20.832
W 14.635 -1.399 18.284
M 12.92 -4.748 18.947
Y 11.647 -7.439 16.583
W 9.092 -10.246 16.793
V 9.659 -13.37 14.657
R 7.822 -16.738 14.175
Q 8.407 -20.282 12.796
A 5.674 -22.691 11.597
P 6.709 -26.461 11.805
E 8.131 -27.284 8.292
K 8.547 -23.608 7.281
G 11.408 -21.101 7.687
L 11.73 -18.359 10.349
E 9.553 -15.28 9.46
W 9.609 -11.611 10.591
V 6.313 -10.475 12.223
S 6.842 -7.07 13.893
T 9.275 -4.156 14.523
I 9.192 -1.457 17.276
N 11.424 1.633 17.751
T 13.282 2.605 21.024
G 10.027 4.375 22.021
G 6.575 3.37 20.777
G 6.207 5.888 17.933
I 7.324 3.568 15.097
T 5.706 0.113 14.745
Y 5.776 -2.224 11.706
Y 3.849 -5.411 10.956
K 3.924 -8.314 8.455
D 0.983 -7.836 5.97
S -0.946 -10.905 7.358
V -0.945 -9.764 11.055
K -1.761 -5.997 10.378
G -4.875 -4.833 12.274
R -4.858 -7.988 14.475
F -1.423 -7.614 16.177
T 0.007 -4.725 18.27
V 3.621 -4.369 19.411
S 4.324 -2.354 22.608
R 7.133 -2.032 25.206
D 7.693 -0.993 28.834
N 11.247 0.395 28.856
A 11.227 0.662 32.712
K 10.172 -3.033 33.09
N 12.606 -3.961 30.198
T 9.743 -5.96 28.577
L 8.462 -6.185 24.984
Y 4.822 -7.097 24.185
L 2.804 -8.491 21.242
Q -0.991 -8.383 21.583
M -2.265 -11.144 19.274
N -6.039 -10.6 18.755
S -8.423 -12.251 16.171
L -6.035 -15.251 15.746
K -5.94 -17.343 12.52
P -4.319 -20.864 12.061
E -1.699 -19.245 9.721
D -0.324 -17.518 12.896
A 0.078 -20.904 14.71
A 3.928 -21.016 15.012
Q 6.815 -20.621 17.569
Y 7.291 -16.932 18.531
Y 10.655 -15.284 19.394
C 11.796 -11.718 20.21
A 15.08 -10.431 18.73
T 17.364 -7.43 18.134
D 16.871 -7.977 14.301
M 14.776 -9.977 11.778
S 15.742 -13.733 11.504
G 16.069 -13.933 15.345
T 19.573 -12.883 16.464
Y 19.822 -13.22 20.324
R 16.394 -14.989 20.394
G 15.447 -17.106 23.407
Q 13.708 -20.498 23.62
G 10.555 -18.736 22.321
T 6.891 -19.376 23.16
Q 4.476 -21.868 21.515
V 1.3 -20.414 19.95
T -1.478 -22.913 19.026
V -4.793 -22.062 17.252
