tag x y z
V 155.411 -10.198 12.137
Q 151.959 -10.923 13.53
L 148.436 -12.086 12.69
V 145.593 -10.289 14.457
E 142.017 -11.543 14.547
S 138.869 -9.594 15.302
G 135.198 -9.583 14.407
G 133.857 -12.169 16.846
G 130.753 -11.743 18.943
L 127.307 -13.02 19.87
V 124.561 -13.73 17.302
Q 121.152 -15.437 16.781
P 120.594 -18.616 14.746
G 120.163 -17.805 11.074
G 122.301 -14.671 11.328
S 125.656 -13.854 9.761
L 129.144 -12.775 10.876
R 132.385 -11.658 9.209
L 135.723 -12.509 10.824
S 138.934 -10.817 9.757
C 142.585 -11.936 9.864
A 144.978 -8.995 9.474
A 148.699 -9.42 8.899
T 151.388 -6.956 10.014
G 154.982 -7.183 8.803
F 154.381 -9.454 5.783
T 152.02 -9.795 2.815
L 149.174 -12.31 2.782
E 148.998 -12.314 -1.037
N 151.817 -14.898 -1.196
K 150.433 -17.178 1.506
A 147.693 -19.673 2.139
I 145.466 -18.702 5.064
G 143.349 -21.233 6.913
W 140.684 -20.901 9.569
F 140.307 -23.349 12.449
R 137.694 -23.438 15.22
Q 138.296 -25.001 18.654
T 136.208 -25.308 21.847
P 137.766 -26.234 25.239
R 141.027 -27.618 16.719
E 139.012 -28.4 13.591
G 139.744 -27.174 10.101
V 137.126 -24.943 8.527
L 138.175 -23.317 5.259
C 141.478 -22.3 3.637
I 142.365 -20.035 0.727
S 145.564 -20.768 -1.183
K 148.044 -18.303 -2.674
S 146.459 -18.968 -6.081
G 143.012 -18.112 -4.691
S 141.432 -21.575 -4.547
W 139.155 -22.463 -1.629
T 139.627 -25.685 0.31
Y 136.772 -26.752 2.608
Y 137.972 -28.901 5.437
T 135.116 -30.852 7.082
R 129.839 -25.691 3.68
G 127.245 -23.413 2.099
R 127.36 -21.026 5.067
F 131.146 -20.348 5.149
T 132.972 -18.33 2.482
I 136.434 -16.76 2.349
S 138.034 -13.805 0.597
R 141.37 -11.998 0.578
D 141.744 -8.22 0.331
N 145.241 -7.237 -0.747
A 144.916 -3.508 -0.06
E 143.848 -4.339 3.502
N 146.361 -7.208 3.782
T 143.469 -9.102 5.371
V 141.587 -12.377 4.871
Y 137.878 -12.511 5.767
L 135.856 -15.538 6.865
Q 132.205 -14.772 6.097
M 129.789 -17.117 7.872
D 125.993 -17.085 7.557
S 123.131 -19.106 9.047
L 125.146 -19.615 12.212
K 124.056 -22.391 14.565
P 124.954 -23.293 18.169
E 127.176 -25.999 16.657
D 129.32 -23.132 15.321
T 130.056 -21.597 18.739
A 133.841 -21.762 19.171
V 137.118 -19.83 19.291
Y 138.121 -19.296 15.641
Y 141.814 -18.996 14.744
C 143.536 -18.012 11.532
A 146.93 -19.33 10.494
T 149.467 -19.159 7.699
T 152.493 -21.132 6.693
T 155.995 -20.109 5.665
A 156.391 -23.596 4.211
G 153.99 -25.307 1.841
G 154.345 -22.893 -1.056
G 150.942 -21.294 -0.634
L 149.152 -24.669 -0.524
C 146.132 -25.357 1.624
W 147.313 -28.896 2.541
D 144.993 -30.905 4.759
G 143.794 -29.526 8.07
T 146.069 -31.609 10.28
T 149.14 -30.993 8.135
F 148.335 -27.291 7.839
S 147.891 -26.808 11.587
R 151.208 -28.558 12.255
L 153.005 -26.502 9.591
A 151.487 -23.172 10.674
S 154.256 -20.704 11.599
S 151.945 -17.841 12.511
W 148.734 -18.054 14.5
G 146.268 -15.395 15.477
Q 145.201 -14.904 19.076
G 141.772 -16.366 18.447
T 138.379 -14.728 18.604
Q 135.181 -15.954 20.2
V 131.855 -16.676 18.437
T 128.497 -17.606 20.036
V 125.142 -18.412 18.412
S 121.767 -18.292 20.227
