tag x y z
V 155.758 27.361 15.57
Q 153.825 24.261 16.66
L 151.622 21.341 15.626
V 148.422 20.879 17.649
E 146.497 17.598 17.595
S 142.896 16.778 18.423
S 142.839 16.894 18.331
G 140.095 14.438 17.418
G 141.124 11.591 19.718
G 138.619 9.587 21.703
L 137.213 6.254 22.787
V 134.81 4.213 20.634
Q 133.602 0.654 20.167
P 135.155 -1.536 17.47
G 133.8 -0.683 14.035
G 133.62 3.018 14.819
S 135.684 5.726 13.203
S 135.576 5.811 13.136
L 137.601 8.81 14.291
R 139.262 11.703 12.51
L 142.45 13.162 13.923
S 143.574 16.697 13.104
C 147.095 18.174 12.909
A 146.939 21.972 12.964
A 149.945 24.209 12.34
T 150.48 27.536 14.093
G 153.048 29.811 12.46
F 153.685 28.075 9.133
T 151.74 26.846 6.085
L 151.403 23.074 5.744
E 150.89 23.413 1.96
N 154.685 23.197 1.465
K 155.428 20.32 3.879
A 155.006 16.585 4.361
I 153.012 15.486 7.402
G 153.401 11.98 8.765
W 151.399 10.141 11.392
F 152.814 7.675 13.912
R 151.385 5.618 16.759
Q 153.02 4.533 20.007
T 152.094 2.594 23.108
P 154.294 2.987 26.235
G 157.138 0.531 26.302
S 157.13 0.092 22.512
E 158.687 1.992 19.656
R 156.745 4.482 17.55
E 155.533 3.097 14.265
G 154.622 4.901 11.097
V 151.058 4.99 9.869
L 150.581 7.246 6.869
C 152.218 10.351 5.408
I 151.098 12.92 2.86
S 153.796 14.676 0.855
K 153.956 18.319 -0.218
S 152.761 17.252 -3.647
G 149.876 15.263 -2.149
S 151.033 11.674 -2.621
W 150.133 9.206 0.145
T 152.88 6.996 1.54
Y 151.714 4.073 3.691
Y 154.259 3.192 6.366
T 151.944 0.485 7.733
D 151.158 -2.551 5.58
S 148.052 -3.32 7.653
M 144.508 -2.272 6.762
R 145.6 0.471 4.363
G 142.066 1.134 3.142
R 140.947 2.074 6.659
F 143.336 5.052 6.96
T 142.898 8.129 4.805
I 144.673 11.476 4.874
S 143.769 14.938 3.652
R 145.107 18.476 3.728
D 142.927 21.544 4.276
N 144.968 24.596 3.291
A 142.243 27.088 4.229
E 142.497 25.758 7.805
N 146.273 24.949 7.692
T 145.426 21.47 8.966
V 146.027 17.847 7.998
Y 143.484 15.163 8.889
L 143.897 11.429 9.497
Q 140.622 9.539 9.139
M 140.543 6.069 10.701
D 137.605 3.797 9.775
S 136.618 0.285 10.91
L 138.508 0.71 14.171
K 139.783 -2.382 16.007
P 141.115 -2.857 19.557
E 144.658 -3.296 18.162
D 144.42 0.33 16.958
T 144.502 1.605 20.555
A 147.556 3.848 20.979
V 148.769 7.415 21.247
Y 148.818 9.057 17.79
Y 151.31 11.785 16.782
C 151.654 13.959 13.73
A 155.041 15.253 12.64
T 156.693 17.461 10.055
T 160.299 17.944 8.966
T 162.164 21.032 7.844
A 164.953 18.897 6.465
G 163.874 16.26 3.964
G 162.176 18.834 1.676
G 158.506 17.867 1.626
L 159.075 14.134 1.126
C 157.626 11.256 3.113
W 160.816 9.115 3.057
D 160.058 5.953 4.995
G 158.748 5.639 8.539
T 162.016 5.376 10.473
T 163.725 8.141 8.482
F 160.806 10.569 8.723
S 160.406 10.02 12.457
R 164.115 10.609 13.113
L 164.263 13.672 10.836
A 161.091 15.263 12.22
S 161.595 18.782 13.569
S 158.05 19.452 14.906
W 155.869 16.944 16.787
G 152.239 17.139 17.813
Q 151.505 16.75 21.497
G 149.958 13.296 21.015
T 146.297 12.209 21.207
Q 144.824 9.091 22.745
V 142.8 6.73 20.522
T 141.104 3.864 22.372
V 138.928 1.146 20.824
S 137.128 -0.873 23.458
