tag x y z
E 24.407 83.457 -50.594
V 22.92 86.964 -50.557
Q 24.869 90.131 -51.383
L 24.048 93.553 -49.912
V 25.748 96.617 -51.41
E 25.203 100.099 -50.002
S 25.744 103.302 -51.963
G 25.221 107.048 -51.735
G 27.614 107.589 -48.837
G 29.408 110.924 -48.819
L 29.927 114.122 -46.895
V 27.064 116.549 -46.312
Q 26.559 119.911 -44.609
P 24.161 120.216 -41.641
G 20.482 120.653 -42.436
G 20.887 118.745 -45.704
S 19.263 115.632 -47.105
L 20.67 112.328 -48.288
R 19.258 108.984 -49.42
L 21.145 105.719 -48.965
S 20.329 102.625 -50.994
C 21.047 98.932 -50.475
A 21.09 96.496 -53.389
V 20.043 92.902 -52.643
S 20.895 90.102 -55.078
I 17.742 88.166 -54.115
S 14.102 89.241 -54.386
I 13.207 91.32 -51.318
F 9.452 90.868 -51.586
D 9.031 88.193 -48.886
I 11.897 89.267 -46.594
Y 10.678 89.618 -43.013
A 12.851 92.497 -41.794
M 15.361 94.903 -43.353
D 17.384 97.151 -41.054
W 19.714 100.14 -41.129
Y 22.444 100.095 -38.475
R 24.852 102.972 -37.879
Q 28.209 102.835 -36.095
A 30.411 105.775 -35.174
P 34.082 105.351 -34.188
G 34.28 104.621 -30.479
K 30.598 103.629 -30.398
Q 28.551 100.447 -30.65
R 26.264 99.318 -33.465
D 22.888 101.055 -33.163
L 19.582 100.037 -34.72
V 18.407 103.092 -36.671
A 15.388 101.894 -38.648
T 13.591 98.684 -39.581
S 11.16 97.766 -42.362
F 8.885 94.73 -42.034
R 7.093 92.499 -44.514
D 3.658 93.848 -43.526
G 4.811 97.4 -44.299
S 5.387 98.46 -40.687
T 8.346 100.628 -39.706
N 10.319 101.049 -36.484
Y 12.613 104.01 -35.798
A 14.993 104.913 -33.007
D 14.093 108.009 -31.006
S 17.152 109.923 -32.234
V 16.355 109.631 -35.957
K 12.561 109.703 -35.589
G 10.716 112.234 -37.728
R 13.83 112.886 -39.846
F 14.564 109.463 -41.383
T 12.348 107.354 -43.638
I 12.989 103.702 -44.486
S 11.283 102.084 -47.466
R 11.884 99.249 -49.898
D 11.518 99.233 -53.683
N 10.363 95.693 -54.465
A 10.928 96.072 -58.215
K 14.565 97.203 -57.906
N 15.271 94.93 -54.881
T 16.527 98.051 -53.137
L 16.184 99.327 -49.574
Y 16.181 103.105 -49.11
L 16.968 105.284 -46.078
Q 15.896 108.892 -46.646
M 17.82 111.055 -44.156
N 16.628 114.64 -43.672
S 17.602 117.492 -41.351
L 21.041 115.982 -40.81
K 23.002 116.892 -37.677
P 26.762 116.576 -37.051
E 26.043 113.889 -34.435
D 24.487 111.735 -37.206
T 27.996 111.039 -38.54
A 28.422 107.27 -38.746
V 29.135 104.311 -40.987
Y 25.714 103.015 -42.023
L 25.129 99.271 -42.304
C 22.46 97.437 -44.283
H 21.069 94.37 -42.498
V 18.445 91.858 -43.619
S 16.516 89.042 -41.912
L 14.704 86.716 -44.306
Y 12.461 85.048 -41.727
R 10.723 85.759 -38.431
D 12.408 83.292 -36.05
P 12.159 84.438 -32.425
L 13.137 81.091 -30.84
G 16.114 80.348 -33.102
V 14.074 77.471 -34.545
A 15.84 77.685 -37.932
G 19.245 78.479 -36.428
G 19.173 82.125 -37.483
M 19.607 81.402 -41.176
G 18.886 84.145 -43.682
V 20.695 87.003 -41.905
Y 23.204 89.037 -43.907
W 25.235 92.22 -43.473
G 26.208 94.867 -45.992
K 29.657 96.327 -46.49
G 28.827 99.773 -45.119
A 28.646 103.37 -46.318
L 30.173 106.381 -44.566
V 28.049 109.498 -43.985
T 29.812 112.59 -42.605
V 27.993 115.741 -41.479
S 30.451 118.619 -41.043
S 30.652 122.421 -41.143
