tag x y z
Q 46.575 23.123 37.871
V 44.345 22.318 40.924
Q 45.125 22.284 44.703
L 42.982 20.358 47.234
Q 42.85 21.224 50.916
E 41.121 19.143 53.535
S 39.892 20.421 56.888
G 37.584 19.276 59.701
G 39.72 16.449 61.128
G 40.57 15.989 64.81
L 39.894 14.174 68.094
V 36.347 12.857 68.797
Q 34.827 10.184 71.055
A 33.217 7.087 69.745
G 29.64 7.643 68.629
G 30.389 11.262 67.836
S 30.324 13.012 64.459
L 32.817 14.873 62.27
R 32.396 16.802 59.024
L 35.364 16.795 56.699
S 35.633 19.359 53.918
C 37.825 19.389 50.82
A 38.261 22.685 48.961
A 39.473 22.649 45.357
S 41.181 25.776 44.061
G 42.976 26.764 40.889
S 42.24 28.859 37.87
T 40.6 26.891 35.055
F 39.226 23.465 36.031
A 36.12 21.224 35.895
I 35.692 18.607 38.647
I 34.349 15.294 37.281
A 34.352 13.171 40.452
M 35.593 13.48 44.031
M 35.614 13.447 44.017
G 36.607 10.697 46.393
W 37.544 10.302 50.068
Y 40.296 7.865 51.125
R 41.603 6.834 54.509
Q 44.989 5.559 55.503
A 46.089 3.782 58.667
P 49.898 3.967 59.387
G 51.891 1.526 57.178
K 48.779 0.563 55.146
Q 47.387 1.318 51.691
R 45.013 4.245 51.192
E 41.424 2.881 51.205
L 38.676 4.445 49.111
V 35.678 5.028 51.443
A 33.383 7.302 49.383
V 33.092 8.704 45.874
I 30.688 11.072 44.181
S 30.422 11.908 40.513
T 27.387 14.09 39.946
G 24.654 12.968 42.299
D 25.716 9.303 42.137
T 27.459 8.143 45.307
R 29.303 4.923 46.332
Y 30.559 3.75 49.746
A 32.919 1.126 51.131
D 30.943 -1.538 53.099
S 32.608 -0.521 56.35
V 31.209 2.95 56.099
K 27.714 2.425 54.684
G 24.891 4.079 56.556
R 27.355 6.145 58.645
F 29.249 8.336 56.138
T 27.709 10.582 53.492
I 29.579 12.204 50.67
S 28.121 15.433 49.112
R 29.178 18.357 46.853
D 28.778 22.146 46.863
N 28.942 22.549 43.031
A 28.943 26.383 43.119
K 31.995 26.253 45.525
N 34.214 23.362 44.17
T 33.949 21.674 47.655
V 33.176 18.078 48.739
Y 32.215 16.977 52.234
L 32.346 13.81 54.258
Q 29.763 13.721 56.985
M 30.969 11.082 59.411
D 28.453 9.86 61.973
S 28.52 7.062 64.619
L 32.333 7.208 64.522
R 34.229 4.154 65.733
P 37.902 3.783 66.951
E 38.673 1.814 63.688
D 37.755 4.983 61.692
T 41.013 6.525 63.109
A 43.164 7.327 60.073
V 44.461 10.141 57.874
Y 41.652 11.108 55.403
Y 42.495 12.337 51.899
C 40.339 13.766 49.19
N 41.057 12.998 45.541
A 39.615 14.865 42.532
A 39.201 13.628 38.962
V 39.446 16.854 36.896
Q 39.615 18.17 33.303
V 42.302 20.871 33.045
R 42.436 20.419 29.148
D 43.83 16.842 29.831
Y 42.495 14.303 32.326
R 44.212 14.11 35.742
N 43.583 13.088 39.386
Y 44.893 15.255 42.288
W 45.459 14.297 45.934
G 44.89 16.55 48.933
Q 47.498 16.45 51.722
G 45.221 14.672 54.264
T 43.619 15.349 57.662
Q 43.995 13.196 60.783
V 40.804 11.792 62.307
T 41.293 10.24 65.776
V 38.454 8.396 67.41
S 38.754 7.539 71.109
S 36.963 4.771 72.978
