tag x y z
Q 25.229 14.36 -1.064
V 28.087 14.282 1.534
Q 31.659 13.076 0.897
L 34.922 12.511 2.836
Q 38.147 12.494 0.811
E 41.612 11.454 2.046
S 44.85 12.708 0.432
G 48.6 12.803 1.158
G 49.261 9.058 1.041
G 52.064 7.295 -0.823
L 55.258 5.229 -0.766
V 57.806 6.412 1.86
Q 60.873 5.097 3.733
A 61.07 3.989 7.403
G 61.812 6.889 9.786
S 60.232 9.45 7.442
S 57.222 11.718 8.211
L 53.995 12.231 6.169
R 50.798 14.342 6.507
R 50.807 14.365 6.493
L 47.353 13.032 5.642
A 44.341 15.266 5.09
C 40.621 14.474 5.007
A 38.12 17.071 3.755
A 34.372 16.774 4.424
T 32.428 18.165 1.441
G 28.841 18.433 0.252
S 25.564 19.311 1.952
I 27.08 19.558 5.499
R 25.117 21.322 8.282
S 27.492 20.194 11.127
I 30.256 17.683 12.161
N 30.824 16.027 15.548
N 33.669 13.54 15.955
M 36.233 12.887 13.201
G 38.937 10.256 13.153
W 41.633 8.309 11.375
Y 41.515 4.527 11.087
R 43.677 2.049 9.245
Q 43.402 -1.448 7.815
A 46.315 -3.672 6.654
P 45.782 -6.855 4.485
G 44.551 -9.823 6.537
K 44.107 -7.512 9.575
Q 40.934 -5.782 10.839
R 40.29 -2.019 10.65
G 41.234 -0.209 13.879
M 41.39 3.379 15.171
V 44.572 5.403 14.788
A 43.376 8.755 16.296
I 40.103 10.577 16.961
I 39.253 14.27 17.524
T 36.067 15.917 18.921
R 34.514 19.188 17.514
V 36.158 20.935 20.529
G 39.584 19.473 19.601
N 39.946 16.747 22.329
T 42.117 13.865 21.019
D 42.846 10.117 21.613
Y 45.404 7.815 20.014
A 45.915 4.077 19.593
D 48.871 2.984 21.872
S 50.879 1.912 18.752
V 50.97 5.519 17.339
K 50.954 7.747 20.481
G 53.987 10.039 20.462
R 54.605 9.473 16.725
F 51.301 10.682 15.182
T 49.255 13.838 15.818
I 45.623 14.396 14.835
S 44.411 17.999 14.268
R 41.226 19.616 13.053
D 40.16 22.772 11.118
N 36.41 23.389 11.637
A 36.3 26.288 9.114
K 37.485 23.852 6.367
N 35.69 20.732 7.849
T 39.106 18.996 7.524
V 41.009 16.559 9.779
Y 44.777 15.946 9.554
L 47.108 13.16 10.548
Q 50.717 14.151 10.973
M 52.687 10.951 10.907
N 56.267 11.002 12.171
S 58.816 8.289 12.783
L 57.125 5.911 10.263
K 57.64 2.153 10.757
P 56.964 -0.747 8.262
E 54.087 -1.741 10.683
D 52.423 1.596 9.652
T 51.83 0.272 6.076
A 48.001 0.272 5.593
T 44.992 1.919 3.974
Y 44.129 4.98 6.102
Y 40.436 5.833 6.38
C 38.785 8.987 7.558
H 35.474 8.939 9.54
A 33.09 11.746 10.522
E 29.741 11.995 12.312
I 27.803 14.323 10.02
T 24.466 16.214 10.121
E 23.266 16.708 6.52
Q 21.456 19.957 5.529
S 18.165 18.223 4.505
R 17.655 16.882 8.089
P 15.062 18.718 10.236
F 16.932 17.802 13.415
Y 20.452 17.789 14.928
L 21.114 14.155 14.114
T 24.253 12.539 12.723
D 25.055 9.717 10.302
D 28.465 8.016 10.036
Y 30.49 8.693 6.839
W 33.753 7.115 5.645
G 36.299 8.159 3.09
Q 37.484 5.902 0.241
G 40.916 5.577 1.907
T 44.554 6.384 1.069
Q 47.396 3.908 0.931
V 50.484 4.562 3.048
T 53.331 2.242 2.209
V 56.404 2.426 4.369
S 59.615 1.068 2.939
