tag x y z
Q -5.202 25.897 2.341
V -6.028 24.776 -1.243
Q -9.085 22.864 -2.55
L -8.259 20.455 -5.469
Q -11.391 18.897 -7.049
E -10.96 16.066 -9.57
S -13.556 15.068 -12.237
G -13.79 12.818 -15.317
G -12.766 9.378 -14.121
G -14.388 6.002 -14.943
L -14.314 2.571 -16.685
V -13.268 2.277 -20.328
Q -12.349 -0.368 -22.813
P -8.714 -0.89 -23.907
G -8.186 1.672 -26.685
G -10.649 4.152 -25.211
S -10.47 7.678 -23.828
L -11.337 9.655 -20.688
R -10.514 13.237 -19.825
L -9.546 14.298 -16.355
S -10.346 17.681 -14.806
C -9.077 19.388 -11.742
A -9.834 22.771 -10.247
A -7.868 24.778 -7.659
S -9.767 27.046 -5.248
S 1.302 32.187 -7.153
I 1.209 28.479 -8.494
N 4.606 26.773 -9.084
A 3.47 23.622 -10.97
M 0.205 21.601 -11.421
G -0.006 17.985 -12.607
W -1.267 14.382 -12.12
Y 0.109 11.383 -10.214
R -1.035 7.741 -10.163
Q -0.972 4.956 -7.512
A -1.77 1.415 -8.763
P -3.018 -1.0 -5.991
G -0.02 -2.101 -3.871
K 2.388 0.186 -5.832
Q 3.521 3.72 -4.724
R 2.606 7.153 -6.256
E 4.187 7.801 -9.661
P 4.026 11.104 -11.611
V 2.043 11.178 -14.868
A 2.068 14.671 -16.31
I 3.09 18.048 -14.94
S 2.522 21.613 -16.11
S 4.966 24.393 -15.283
S 5.282 28.14 -14.668
G 5.911 28.768 -18.414
G 3.495 25.997 -19.493
D 6.327 23.429 -19.766
T 4.291 20.218 -20.134
R 6.316 17.222 -18.907
Y 5.041 13.662 -19.466
A 5.903 10.148 -18.194
E 7.723 7.776 -20.632
P 4.871 5.127 -20.623
V 2.119 7.815 -21.273
K 4.117 10.043 -23.782
G 2.132 10.466 -27.045
R -1.05 9.008 -25.527
F -1.815 11.551 -22.819
T -1.947 15.345 -23.084
I -2.207 17.975 -20.356
S -3.731 21.419 -20.741
R -3.805 24.102 -17.988
D -6.014 27.21 -17.429
N -4.269 29.907 -15.341
A -7.443 32.075 -15.745
Q -9.54 29.455 -13.852
N -6.818 27.436 -11.948
K -7.97 24.3 -13.86
V -5.898 21.382 -15.34
Y -6.963 18.682 -17.901
L -5.538 15.209 -18.747
Q -6.615 13.86 -22.162
M -6.098 10.18 -21.725
N -6.265 8.75 -25.236
S -5.263 5.204 -26.466
L -5.786 3.762 -22.937
K -4.044 0.409 -22.058
P -5.11 -1.696 -18.946
E -1.68 -0.83 -17.39
D -3.083 2.705 -16.864
T -5.575 1.188 -14.347
A -4.934 3.265 -11.18
V -6.31 6.247 -9.153
Y -5.219 9.685 -10.334
Y -4.242 12.618 -8.178
C -4.295 16.091 -9.042
W -1.272 17.828 -7.589
L -0.227 21.415 -6.985
N 2.901 23.112 -5.804
W 2.292 26.635 -4.553
G 3.687 29.387 -2.381
R 7.2 30.576 -1.584
T 7.936 27.141 -0.086
S 7.309 23.922 -1.889
V 3.776 23.453 -0.586
N 2.511 20.158 -2.122
S -1.294 19.939 -2.381
W -3.023 16.639 -3.323
G -6.564 16.013 -4.584
Q -8.871 13.255 -3.336
G -8.358 11.006 -6.367
T -10.296 9.927 -9.505
Q -10.415 6.152 -10.124
V -9.788 5.081 -13.721
T -10.178 1.446 -14.726
V -9.288 0.256 -18.284
S -11.043 -3.065 -18.518
S -12.237 -5.299 -21.272
A -15.234 -6.219 -19.062
A -17.009 -2.959 -19.914
A -18.101 -2.788 -23.514
