tag x y z
Q 56.923 22.629 -62.664
V 54.087 24.172 -64.651
Q 55.987 25.892 -67.592
L 53.14 28.068 -69.332
Q 53.754 29.393 -72.838
E 51.52 32.292 -74.03
S 51.122 33.322 -77.701
G 48.91 35.397 -80.057
G 49.466 38.847 -78.426
G 49.064 42.076 -80.261
L 47.768 45.478 -81.239
V 44.361 45.638 -82.876
Q 41.813 48.201 -84.076
P 38.619 48.566 -81.854
G 36.228 45.879 -83.226
G 39.079 43.516 -84.103
S 40.153 40.061 -83.017
L 43.122 38.181 -81.594
R 43.418 34.56 -80.545
L 45.445 33.657 -77.531
S 47.289 30.411 -77.092
C 48.824 28.804 -73.994
A 50.642 25.463 -73.657
A 51.406 23.53 -70.466
S 49.836 15.752 -64.723
S 46.132 15.932 -63.673
I 44.825 19.498 -64.333
N 42.031 21.057 -62.157
A 41.272 24.191 -64.244
M 42.97 26.214 -67.029
G 42.131 29.814 -67.886
W 43.201 33.464 -68.446
Y 43.64 36.49 -66.119
R 44.219 40.194 -66.904
Q 46.037 43.05 -65.131
A 45.38 46.563 -66.525
P 48.037 49.239 -65.607
G 47.496 50.34 -61.982
K 44.749 47.702 -61.449
Q 45.166 44.177 -59.895
R 44.738 40.75 -61.651
E 41.17 39.901 -62.651
P 39.976 36.552 -64.091
V 38.839 36.571 -67.745
A 37.849 33.005 -68.65
I 38.282 29.585 -67.165
S 37.953 25.986 -68.343
S 37.146 23.298 -65.676
S 37.482 19.483 -65.221
G 34.416 18.711 -67.338
G 34.923 21.55 -69.777
D 32.762 24.011 -67.796
T 33.652 27.295 -69.508
R 33.214 30.247 -67.133
Y 33.49 33.845 -68.398
A 33.827 37.402 -66.973
E 30.746 39.704 -67.071
P 32.448 42.404 -69.319
V 33.868 39.666 -71.699
K 30.609 37.456 -71.85
G 29.294 36.926 -75.375
R 32.535 38.32 -76.823
F 35.276 35.716 -76.006
T 35.483 31.982 -76.145
I 37.738 29.53 -74.365
S 38.658 26.221 -75.988
R 40.913 23.674 -74.276
D 42.963 20.69 -75.607
N 43.443 18.01 -72.908
A 45.362 15.916 -75.527
Q 48.067 18.642 -75.848
N 47.609 20.657 -72.56
K 46.789 23.757 -74.701
V 44.166 26.546 -74.095
Y 42.793 29.174 -76.547
L 41.114 32.593 -75.995
Q 39.14 33.862 -79.014
M 39.023 37.582 -78.313
N 36.356 38.866 -80.761
S 34.634 42.346 -80.841
L 37.582 43.908 -78.943
K 36.921 47.224 -77.057
P 39.858 49.444 -75.787
E 38.797 48.496 -72.182
D 40.289 45.035 -72.905
T 43.761 46.697 -73.103
A 45.844 44.761 -70.515
V 48.444 41.943 -70.173
Y 46.889 38.459 -70.394
Y 48.122 35.802 -67.963
C 47.545 32.054 -68.707
W 46.721 30.137 -65.496
L 46.697 26.436 -64.516
N 45.495 24.76 -61.332
W 47.05 21.369 -60.82
G 47.631 18.446 -58.45
R 45.702 17.168 -55.396
T 47.052 20.157 -53.32
S 45.634 22.813 -55.849
V 48.886 24.531 -57.049
N 48.493 27.896 -58.911
S 50.893 28.216 -61.889
W 51.055 31.511 -63.897
G 52.414 32.304 -67.381
Q 54.769 35.243 -68.132
G 51.965 37.239 -69.872
T 51.302 38.474 -73.382
Q 50.47 42.157 -73.889
V 47.271 42.883 -75.809
T 46.583 46.53 -76.794
V 43.325 47.669 -78.32
S 43.907 51.057 -79.886
S 42.735 53.256 -82.774
A 46.442 54.05 -83.625
