tag x y z
Q -84.84 -28.963 46.36
V -81.704 -26.688 46.708
Q -78.593 -27.415 44.594
L -75.107 -26.054 43.758
Q -73.861 -26.452 40.171
E -70.212 -25.805 39.258
S -68.961 -25.189 35.706
G -65.898 -23.715 33.979
G -63.361 -26.466 34.697
G -61.11 -28.258 32.253
L -57.623 -28.858 30.923
V -55.58 -25.66 30.396
Q -51.952 -24.749 29.647
A -49.82 -23.067 32.357
G -50.306 -19.28 32.439
S -53.882 -19.617 31.133
S -56.953 -17.952 32.6
L -60.163 -19.762 33.675
R -63.486 -18.697 35.183
L -65.289 -21.155 37.452
A -68.937 -20.45 38.207
C -71.27 -21.987 40.765
A -74.984 -21.192 40.913
A -77.471 -21.929 43.678
T -80.8 -23.176 42.321
G -84.108 -23.984 44.004
S -86.125 -22.52 46.889
I -83.657 -19.989 48.323
R -84.732 -17.466 50.932
S -81.091 -16.212 51.243
I -77.364 -17.246 51.057
N -74.831 -16.063 53.694
N -71.336 -17.273 52.874
M -70.019 -18.708 49.615
G -66.647 -20.246 48.923
W -64.319 -22.137 46.591
Y -62.335 -25.071 47.968
R -59.874 -27.428 46.264
Q -58.47 -30.941 46.721
A -55.245 -31.904 44.926
P -54.04 -35.589 44.745
G -52.941 -36.936 48.15
K -53.505 -33.517 49.774
Q -56.531 -32.617 51.931
R -59.482 -30.358 50.898
G -58.677 -26.733 51.625
M -60.083 -23.285 50.995
V -59.136 -21.271 47.885
A -61.343 -18.197 48.465
I -64.435 -17.261 50.537
I -66.969 -14.385 50.14
T -69.475 -12.897 52.646
R -73.03 -11.809 51.576
V -71.823 -8.173 51.825
G -68.768 -8.982 49.607
N -65.823 -9.293 52.06
T -63.3 -11.772 50.573
D -60.512 -13.968 52.004
Y -57.914 -15.959 50.048
A -55.431 -18.8 50.463
D -51.823 -17.464 50.477
S -51.047 -19.601 47.374
V -53.869 -17.937 45.302
K -54.055 -14.337 46.83
G -53.653 -11.769 44.029
R -53.86 -14.381 41.204
F -57.422 -15.596 41.87
T -60.498 -13.393 42.427
I -63.762 -14.44 44.051
S -66.956 -12.503 43.203
R -70.712 -12.959 43.671
D -73.981 -11.909 42.0
N -76.553 -11.904 44.813
A -79.367 -11.404 42.242
K -78.264 -14.538 40.299
N -77.233 -16.488 43.505
T -73.872 -17.208 41.801
V -70.265 -17.286 43.049
Y -67.33 -16.954 40.591
L -63.647 -17.834 40.709
Q -61.491 -15.949 38.21
M -58.282 -18.008 38.023
N -55.378 -16.184 36.372
S -51.7 -17.147 35.655
L -52.413 -20.853 36.264
K -49.599 -23.021 37.632
P -49.451 -26.903 37.629
E -49.744 -26.521 41.443
D -53.404 -25.383 40.93
T -54.397 -28.768 39.38
A -57.135 -30.094 41.737
T -60.87 -30.698 42.067
Y -62.622 -27.409 42.833
Y -65.653 -27.529 45.134
C -68.247 -24.84 45.743
H -69.812 -24.267 49.173
A -72.79 -22.136 50.308
E -74.652 -21.427 53.606
I -78.237 -21.453 52.314
T -81.572 -20.608 54.017
E -84.369 -22.551 52.247
Q -87.679 -20.686 51.571
S -89.402 -23.358 53.773
R -87.413 -22.328 56.953
P -89.519 -20.058 59.278
F -86.359 -18.324 60.647
Y -83.083 -17.017 59.077
L -81.112 -20.239 59.77
T -78.56 -21.675 57.279
D -77.536 -25.161 56.034
D -74.221 -26.123 54.354
Y -74.47 -27.067 50.696
W -71.661 -28.444 48.498
G -71.117 -28.82 44.773
Q -70.092 -32.053 42.985
G -66.748 -30.541 41.948
T -65.04 -29.348 38.75
Q -61.71 -30.777 37.684
V -59.068 -28.186 36.75
T -55.871 -29.603 35.156
V -52.886 -27.336 34.365
S -50.349 -28.828 31.891
S -46.641 -27.848 31.611
