tag x y z
Q -48.667 -11.029 46.698
V -50.69 -7.918 45.533
Q -54.485 -7.534 45.015
L -55.354 -5.269 42.026
Q -58.573 -3.269 41.373
E -59.165 -1.206 38.197
S -61.645 1.655 37.701
G -62.382 4.372 35.125
G -63.906 2.338 32.289
G -67.101 3.095 30.345
L -68.538 4.492 27.072
V -66.767 7.334 25.217
Q -67.184 9.335 21.952
A -64.388 8.728 19.354
G -61.305 10.995 19.707
G -62.394 11.114 23.36
S -60.375 10.692 26.528
L -60.562 8.277 29.479
R -58.377 7.74 32.541
L -58.045 4.314 34.162
S -56.807 3.75 37.715
C -55.562 0.623 39.47
T -54.962 0.391 43.21
A -52.801 -2.424 44.567
S -53.172 -3.908 48.069
G -50.075 -5.555 49.499
R -46.464 -5.157 50.392
A -43.492 -4.025 48.222
F -45.569 -2.326 45.484
S -42.254 -0.745 44.181
W -40.867 -4.274 43.384
Y -43.602 -4.932 40.808
V -43.514 -3.951 37.16
M -47.075 -2.732 36.528
G -48.808 -3.171 33.216
W -52.051 -2.373 31.389
F -53.401 -5.117 29.124
R -56.456 -5.211 26.839
Q -58.64 -8.154 25.825
A -60.689 -7.421 22.681
P -63.894 -9.532 22.144
G -62.692 -12.87 20.779
K -58.974 -11.85 20.909
E -56.177 -12.692 23.441
R -54.864 -10.326 26.173
E -52.574 -7.836 24.428
F -50.04 -5.66 26.181
V -50.884 -1.877 26.228
A -48.282 -0.158 28.51
T -45.792 -1.034 31.33
V -44.051 0.818 34.256
S -40.989 -0.294 36.218
G -41.305 -0.347 40.056
N -39.305 2.943 40.219
G -41.315 4.473 37.341
S -38.042 4.997 35.397
R -39.03 2.636 32.571
R -42.242 3.059 30.531
D -43.068 1.041 27.402
Y -46.129 1.188 25.136
A -47.732 -0.933 22.376
D -47.052 0.592 18.904
S -50.836 1.078 18.362
V -51.259 3.252 21.518
K -47.862 5.12 21.302
G -48.248 8.905 21.498
R -51.895 8.696 22.68
F -51.688 6.643 25.921
T -49.595 7.505 29.019
I -48.725 5.165 31.909
S -47.939 6.64 35.393
R -47.32 5.486 38.944
D -47.729 6.683 42.551
N -45.915 4.307 44.907
A -47.054 6.309 47.951
K -50.709 5.777 46.898
N -50.041 2.18 45.56
T -51.718 3.255 42.295
V -50.941 2.924 38.572
Y -52.807 5.034 35.954
L -53.51 4.883 32.218
Q -54.445 8.142 30.454
M -56.058 7.188 27.137
N -56.302 10.257 24.836
S -57.645 10.481 21.219
L -59.499 7.123 21.487
K -60.449 5.14 18.38
P -63.108 2.33 18.044
E -60.182 -0.193 17.896
D -59.42 0.451 21.618
T -62.763 -1.155 22.668
A -61.675 -3.956 25.067
V -61.597 -5.037 28.728
Y -58.62 -3.218 30.273
Y -56.709 -5.227 32.867
C -54.07 -4.058 35.302
A -51.332 -6.608 36.149
A -48.202 -6.888 38.325
S -44.948 -8.752 37.506
S -42.395 -9.798 40.129
T -39.702 -10.084 37.472
Y -37.756 -7.265 35.861
Y -38.648 -5.897 32.514
Y -40.922 -7.835 30.32
T -43.963 -6.683 28.294
D -45.409 -10.223 27.636
P -48.534 -10.916 29.789
E -47.139 -14.431 30.483
K -44.619 -12.843 32.954
Y -47.445 -11.141 34.966
D -48.747 -13.233 37.901
Y -51.221 -10.886 39.647
W -54.252 -9.581 37.74
G -57.249 -7.324 38.368
Q -60.935 -7.887 37.502
G -60.813 -5.594 34.434
T -62.904 -2.632 33.15
Q -64.882 -2.437 29.886
V -63.908 0.609 27.707
T -66.164 1.182 24.613
V -65.548 3.646 21.703
S -68.146 4.495 19.003
S -67.287 6.534 15.843
