tag x y z
Q 1.896 21.807 60.171
V -1.577 20.739 59.015
Q -4.542 21.76 61.174
L -8.313 22.096 60.788
Q -9.614 25.527 61.8
E -13.152 25.302 63.188
S -15.345 28.358 63.711
G -18.927 29.579 63.622
G -19.799 28.191 67.061
G -21.348 30.191 69.862
L -24.384 30.77 72.031
V -27.767 30.494 70.31
Q -31.353 30.23 71.516
A -33.809 27.469 70.665
G -35.153 27.393 67.125
G -32.17 29.517 66.162
S -29.592 29.065 63.419
L -25.861 28.381 63.227
R -23.205 27.757 60.581
L -19.992 25.922 61.429
S -16.896 26.074 59.241
C -13.78 23.902 59.028
A -10.887 25.004 56.808
G -7.706 22.985 56.479
S -4.282 24.572 56.791
G -1.114 23.758 54.873
R -2.624 21.071 52.636
T -5.255 20.75 49.927
F -8.283 18.752 51.083
S -10.464 18.737 47.945
S -9.815 14.989 47.574
Y -10.47 14.116 51.227
N -13.732 12.833 52.703
M -15.114 15.184 55.339
G -17.115 14.443 58.465
W -18.547 16.339 61.437
F -18.589 14.778 64.907
R -19.893 16.059 68.231
Q -19.129 14.833 71.757
A -21.662 15.806 74.405
P -20.326 16.106 77.972
G -20.57 12.703 79.616
K -21.553 11.031 76.326
E -19.541 9.412 73.553
R -18.951 11.223 70.275
E -21.785 11.081 67.739
F -21.297 11.19 63.963
V -23.234 14.291 62.903
G -22.683 14.263 59.147
G -20.184 13.678 56.399
I -19.521 14.302 52.732
S -17.378 12.494 50.178
W -15.094 14.063 47.591
T -17.946 13.568 45.095
G -20.094 16.093 46.968
R -22.193 13.174 48.219
S -23.541 13.658 51.738
A -23.953 10.926 54.343
D -27.037 9.641 56.136
Y -27.966 11.921 59.026
P -28.876 10.464 62.432
D -32.525 10.871 63.38
S -31.549 13.081 66.333
V -30.281 15.789 63.947
K -31.889 14.674 60.69
G -33.743 17.324 58.718
R -32.267 20.213 60.697
F -28.587 19.939 59.697
T -27.173 20.158 56.169
I -23.498 19.73 55.279
S -21.886 21.986 52.671
R -18.619 21.535 50.785
D -16.539 24.117 48.901
N -13.255 22.892 47.416
A -12.287 26.448 46.44
K -12.21 27.682 50.047
N -10.669 24.339 51.146
A -13.407 24.135 53.768
V -16.402 22.068 54.853
Y -19.419 23.601 56.586
L -22.285 22.404 58.784
Q -25.51 24.417 58.607
M -27.715 24.087 61.696
N -31.278 25.391 62.04
S -34.059 24.962 64.611
L -31.402 24.242 67.217
K -32.436 22.318 70.339
P -30.721 22.322 73.747
E -30.017 18.625 73.078
D -27.277 19.685 70.617
T -24.88 21.399 73.058
A -21.67 19.47 72.411
V -18.081 20.068 71.309
Y -18.025 19.781 67.521
Y -14.958 18.322 65.807
C -13.756 18.251 62.205
A -12.213 15.197 60.543
A -10.848 14.448 57.077
K -9.944 11.099 55.508
Q -7.336 10.902 52.758
Y -8.709 7.677 51.257
G -11.981 6.028 50.298
S -15.136 7.086 48.491
R -17.824 6.87 51.199
A -19.452 9.825 52.93
D -19.265 8.036 56.304
Y -16.211 6.784 58.197
P -15.279 6.002 61.811
W -13.474 8.61 63.881
D -10.248 6.58 64.03
D -10.188 6.015 60.251
Y -9.795 9.7 59.358
D -6.264 11.019 58.88
Y -6.536 14.517 60.399
W -8.657 15.911 63.222
G -9.403 19.426 64.391
Q -8.854 20.871 67.848
G -12.632 21.243 68.242
T -15.113 24.064 68.715
Q -17.803 24.78 71.298
V -21.502 25.157 70.455
T -23.986 25.87 73.258
V -27.733 26.0 72.614
S -29.418 27.713 75.568
S -33.191 27.594 76.016
