tag x y z
Q 2.069 21.354 60.63
V -1.365 20.549 59.191
Q -4.421 21.725 61.12
L -8.21 21.753 60.897
Q -9.338 25.176 62.128
E -12.938 25.143 63.374
S -15.113 28.175 64.076
G -18.725 29.318 64.235
G -19.678 28.011 67.683
G -20.764 29.723 70.871
L -23.906 30.472 72.822
V -27.048 30.615 70.684
Q -30.787 30.811 71.262
A -32.847 27.668 71.395
G -34.445 27.33 67.988
G -31.682 29.476 66.507
S -29.293 28.497 63.75
L -25.52 28.208 63.445
R -22.97 27.616 60.705
L -19.836 25.811 61.798
S -16.737 26.096 59.633
C -13.651 23.938 59.206
A -10.755 25.078 57.011
G -7.559 23.128 56.438
S -4.175 24.703 57.153
G -0.993 23.421 55.501
R -2.295 21.222 52.691
T -5.134 20.954 50.204
F -8.068 18.85 51.417
S -10.14 18.751 48.216
S -9.529 15.011 47.758
Y -10.203 14.245 51.442
N -13.397 12.994 53.078
M -14.84 15.265 55.763
G -16.823 14.415 58.867
W -18.348 16.223 61.821
F -18.61 14.707 65.299
R -20.282 15.622 68.584
Q -18.976 15.061 72.109
A -21.597 16.095 74.614
P -19.774 15.908 77.969
G -20.61 12.659 79.714
K -21.903 11.025 76.526
E -20.495 8.914 73.718
R -18.911 10.892 70.885
E -21.489 10.99 68.099
F -21.024 11.28 64.355
V -23.392 13.951 63.039
G -22.402 14.469 59.415
G -20.006 13.639 56.608
I -19.281 14.63 53.028
S -17.189 12.705 50.511
W -14.744 14.06 47.943
T -17.61 13.853 45.421
G -19.843 16.24 47.364
R -22.051 13.428 48.688
S -23.317 13.445 52.274
A -23.728 10.582 54.715
D -27.057 9.746 56.296
Y -27.554 12.044 59.262
P -28.453 10.526 62.637
D -32.164 10.652 63.383
S -31.546 13.107 66.237
V -30.285 15.869 63.922
K -31.932 14.553 60.742
G -33.803 17.297 58.905
R -32.139 20.133 60.847
F -28.436 19.754 60.032
T -26.789 20.126 56.624
I -23.13 19.493 55.786
S -21.448 21.087 52.773
R -17.927 21.518 51.435
D -16.159 24.216 49.415
N -12.822 23.211 47.906
A -11.953 26.783 46.886
K -11.924 27.791 50.566
N -10.385 24.405 51.524
A -13.29 24.205 53.943
V -16.24 22.093 55.086
Y -19.313 23.527 56.797
L -21.992 22.373 59.247
Q -25.292 24.269 58.995
M -27.456 23.643 62.066
N -31.092 24.773 62.268
S -33.788 24.674 64.966
L -31.224 23.973 67.666
K -32.711 21.985 70.52
P -30.937 22.295 73.892
E -29.917 18.669 73.26
D -27.294 19.901 70.761
T -25.048 21.49 73.411
A -21.696 19.81 72.75
V -18.166 20.211 71.447
Y -18.15 19.762 67.666
Y -15.039 18.192 66.133
C -13.985 18.291 62.48
A -12.115 15.394 60.892
A -10.53 14.667 57.516
K -9.593 11.389 55.831
Q -7.285 11.106 52.829
Y -8.255 7.717 51.402
G -11.626 6.2 50.589
S -14.767 7.174 48.681
R -17.364 7.004 51.477
A -19.071 9.918 53.212
D -18.895 8.179 56.598
Y -16.085 6.623 58.639
P -15.307 5.794 62.269
W -13.535 8.448 64.306
D -10.239 6.542 64.464
D -10.097 6.025 60.676
Y -9.522 9.707 59.888
D -6.106 11.314 59.436
Y -6.568 14.808 60.912
W -8.775 16.092 63.719
G -9.756 19.619 64.665
Q -9.408 21.267 68.051
G -13.186 21.402 68.435
T -15.556 24.338 68.939
Q -17.973 24.614 71.839
V -21.662 25.023 70.983
T -24.191 25.836 73.705
V -27.922 25.952 72.998
S -29.865 27.795 75.687
S -33.528 27.342 76.555
