tag x y z
Q 13.671 -35.797 -14.595
V 10.18 -35.363 -13.142
Q 8.004 -38.122 -14.408
L 4.63 -39.377 -13.371
V 3.78 -42.946 -14.273
E 0.49 -44.753 -13.744
S -0.273 -48.466 -13.299
G -3.261 -50.718 -12.559
G -5.225 -50.595 -15.81
G -7.079 -53.662 -17.122
L -10.452 -55.37 -17.679
V -13.114 -55.532 -14.934
Q -16.704 -56.836 -14.689
A -19.53 -54.437 -13.773
G -19.647 -54.259 -9.968
G -15.942 -55.14 -9.704
S -13.15 -53.122 -8.102
L -9.848 -51.773 -9.478
R -6.904 -49.876 -7.992
L -4.773 -47.391 -9.906
S -1.346 -46.108 -8.846
C 0.958 -43.229 -9.801
A 4.609 -43.158 -8.72
A 6.45 -39.812 -8.763
S 10.182 -39.582 -9.428
G 12.151 -36.375 -8.965
F 9.801 -34.73 -6.41
T 7.439 -35.336 -3.47
F 3.622 -35.257 -3.746
D 3.081 -33.757 -0.287
D 3.873 -30.213 -1.578
Y 1.811 -30.495 -4.803
S -1.974 -30.745 -5.246
I -2.739 -34.086 -6.962
A -5.655 -34.967 -9.28
W -6.906 -37.891 -11.391
F -8.623 -37.12 -14.711
R -10.198 -39.364 -17.382
Q -11.28 -39.375 -21.027
A -13.994 -41.718 -22.318
P -14.905 -42.438 -25.923
G -16.467 -39.437 -27.628
K -15.767 -37.183 -24.649
E -13.472 -34.549 -23.286
R -11.114 -35.149 -20.391
E -12.812 -34.52 -17.026
G -11.715 -34.22 -13.398
V -12.49 -37.213 -11.111
S -10.547 -36.821 -7.818
C -8.374 -34.24 -6.067
I -6.051 -33.984 -3.031
S -5.449 -30.361 -1.991
S -1.965 -29.631 -0.586
S -3.575 -26.918 1.549
D -4.62 -29.494 4.164
G -4.608 -33.022 2.734
S -8.405 -33.034 2.069
A -9.813 -35.26 -0.734
Y -12.49 -34.201 -3.275
Y -14.583 -35.927 -5.955
A -16.659 -35.179 -9.065
D -20.447 -35.541 -8.779
S -20.408 -38.767 -10.865
V -18.498 -40.501 -8.068
K -21.208 -40.274 -5.378
G -18.866 -41.716 -2.721
R -17.687 -44.765 -4.723
F -13.991 -43.734 -5.182
T -11.025 -43.183 -2.78
I -7.989 -41.027 -3.636
S -4.996 -41.471 -1.297
S -1.377 -40.413 -0.88
D 1.239 -42.734 0.644
N 4.015 -40.478 1.905
A 6.537 -43.346 2.289
K 5.993 -44.703 -1.257
N 5.597 -41.298 -2.963
T 2.697 -42.982 -4.701
V -0.848 -41.726 -5.361
Y -3.709 -44.224 -5.42
L -7.238 -44.261 -6.771
Q -9.396 -47.1 -5.356
M -12.5 -47.661 -7.565
N -15.597 -49.459 -6.091
S -18.855 -50.545 -7.794
L -17.638 -49.877 -11.347
K -20.033 -49.273 -14.233
P -20.025 -49.357 -18.062
E -20.056 -45.565 -17.77
D -16.72 -45.647 -15.812
T -14.788 -46.845 -18.917
A -12.053 -44.418 -20.028
V -8.346 -43.621 -20.078
Y -7.251 -42.355 -16.619
Y -4.48 -39.764 -16.109
C -2.711 -38.453 -13.002
A -1.647 -34.803 -12.575
A 0.33 -32.575 -10.157
V 0.574 -28.811 -9.602
W 2.371 -26.42 -7.267
A -0.598 -24.736 -5.638
R -2.867 -25.069 -2.617
V -5.788 -26.494 -4.712
C -6.289 -28.53 -7.871
R -6.67 -26.04 -10.768
N -5.498 -25.651 -14.4
P -2.86 -25.464 -15.659
Y -1.077 -28.456 -14.113
D 2.71 -28.732 -13.796
Y 3.07 -32.467 -14.528
W 0.95 -35.136 -16.314
G 1.225 -38.917 -16.509
Q 1.09 -40.77 -19.832
G -2.267 -42.407 -19.031
T -3.593 -45.902 -18.242
Q -6.47 -47.76 -19.964
V -9.429 -48.942 -17.825
T -12.267 -51.057 -19.315
V -15.476 -51.986 -17.41
S -17.116 -54.716 -19.531
S -20.486 -56.053 -18.359
