tag x y z
Q 4.847 0.901 5.136
V 5.76 -2.743 5.899
Q 3.449 -5.353 4.367
L 3.374 -9.132 4.868
V 0.874 -11.159 2.787
E 0.143 -14.869 3.396
S -1.464 -17.125 0.803
G -2.194 -20.798 0.164
G -4.768 -21.617 2.843
G -7.937 -23.592 2.208
L -9.852 -26.801 2.925
V -7.881 -30.069 2.888
Q -8.517 -33.641 4.013
A -6.621 -35.477 6.746
G -3.269 -36.795 5.55
D -2.901 -34.129 2.848
S 0.133 -31.878 2.392
L -0.021 -28.116 1.928
R 2.424 -25.308 1.14
L 1.894 -21.791 2.527
S 3.831 -18.75 1.376
C 4.48 -15.248 2.697
A 5.552 -12.238 0.6
A 7.133 -9.159 2.191
S 7.531 -5.577 0.979
G 8.691 -2.345 2.571
L 11.663 -3.778 4.483
T 15.193 -4.985 3.759
F 14.16 -8.63 3.676
N 17.519 -10.305 4.14
R 18.164 -8.608 7.521
Y 15.056 -10.035 9.27
N 14.205 -13.221 11.081
M 10.948 -14.564 9.561
G 8.463 -16.65 11.559
W 5.214 -18.624 11.3
F 2.647 -18.619 14.132
R -0.88 -20.022 14.36
Q -4.053 -19.618 16.364
A -6.398 -22.597 16.649
P -9.969 -22.38 17.978
G -9.946 -22.265 21.763
R -6.154 -21.818 21.997
E -3.716 -18.941 22.401
R -1.495 -17.83 19.532
E 1.577 -20.078 19.387
F 4.997 -20.407 17.733
V 5.331 -22.833 14.788
A 8.719 -22.176 13.139
S 11.333 -19.527 12.436
I 14.229 -19.023 10.036
S 16.824 -16.417 10.991
W 18.638 -14.056 8.635
S 21.697 -16.298 8.992
G 19.66 -19.327 7.895
D 19.26 -21.291 11.136
R 15.876 -22.984 11.556
T 13.972 -23.316 14.844
Y 10.82 -25.422 15.333
G 8.092 -25.365 17.971
T 7.772 -28.879 19.374
D 8.28 -32.531 18.43
S 4.733 -32.321 17.01
V 6.07 -29.844 14.422
K 9.726 -30.746 13.771
G 8.896 -34.031 12.026
R 6.088 -32.867 9.719
F 6.795 -29.211 8.824
A 9.664 -27.539 6.942
I 10.478 -23.82 6.681
S 12.601 -22.046 4.044
R 13.256 -18.622 2.517
D 14.051 -17.17 -0.927
N 15.856 -13.871 -0.326
A 15.926 -13.049 -4.06
K 12.095 -13.032 -4.113
N 11.315 -11.608 -0.629
T 9.306 -14.762 0.13
M 9.278 -17.485 2.788
Y 7.442 -20.836 2.749
L 5.961 -23.409 5.136
Q 5.626 -26.98 3.857
M 3.112 -28.956 5.942
N 2.859 -32.755 5.63
S 0.457 -35.344 7.118
L -2.035 -32.74 8.289
K -4.396 -33.616 11.151
P -7.717 -32.045 12.238
E -5.793 -30.485 15.144
D -3.845 -28.345 12.639
T -7.015 -26.361 11.747
A -6.065 -22.725 12.498
V -5.247 -19.274 11.131
Y -1.55 -19.17 10.162
Y 0.318 -15.851 10.454
C 3.57 -14.666 8.906
A 5.776 -12.337 11.005
A 9.123 -10.481 10.846
D 11.574 -9.24 13.507
R 15.228 -8.177 13.623
F 16.119 -9.993 16.903
F 16.113 -9.984 16.91
L 13.473 -12.465 18.14
T 13.196 -16.211 17.391
R 10.53 -18.03 19.468
S 8.754 -15.134 21.252
V 5.313 -14.041 20.021
K 6.393 -10.375 20.456
Y 7.645 -9.925 16.821
D 7.405 -6.374 15.444
Y 5.545 -6.977 12.128
W 2.539 -9.223 11.301
G 0.476 -10.291 8.302
Q -3.305 -10.744 8.268
G -3.212 -14.571 8.316
T -4.507 -17.372 6.076
Q -7.049 -19.949 7.221
V -6.421 -23.717 7.054
T -9.277 -26.17 7.723
V -8.561 -29.911 7.979
S -11.533 -32.269 8.001
S -11.701 -36.003 8.623
