tag x y z
V -74.137 134.586 -24.606
Q -70.866 134.411 -26.55
L -69.837 136.739 -29.38
Q -67.16 136.272 -32.044
E -66.103 139.041 -34.419
S -64.631 138.444 -37.871
G -63.84 140.221 -41.128
G -60.853 142.341 -40.117
C -57.884 142.545 -42.452
L -55.665 145.051 -44.28
V -57.537 147.408 -46.619
Q -56.52 150.425 -48.697
A -57.613 153.948 -47.837
G -61.051 154.684 -49.252
G -61.868 150.978 -49.496
S -64.776 149.091 -47.98
L -65.091 146.352 -45.377
R -67.906 144.461 -43.649
L -67.485 143.004 -40.164
S -69.746 140.399 -38.581
C -70.523 139.273 -35.029
A -71.612 135.671 -34.506
A -73.872 134.73 -31.612
S -74.548 131.956 -29.103
G -77.112 131.412 -26.356
S -79.398 133.567 -28.461
T -81.354 135.646 -25.966
F -81.186 138.371 -28.6
S -84.88 139.295 -28.594
T -84.038 141.454 -25.549
Y -80.511 142.564 -26.488
T -78.732 145.611 -27.861
I -75.638 144.862 -29.956
G -73.042 147.613 -30.136
W -69.715 148.012 -31.932
F -66.644 149.542 -30.296
R -63.173 150.455 -31.539
Q -59.85 150.902 -29.76
A -56.703 152.155 -31.469
P -53.322 151.636 -29.767
G -52.734 154.304 -27.142
K -56.32 155.588 -27.352
E -59.469 155.232 -25.281
R -62.141 152.778 -26.378
E -64.604 154.576 -28.651
F -68.257 153.882 -29.419
V -69.097 153.117 -33.05
A -72.703 151.99 -33.483
A -75.463 150.053 -31.742
I -78.73 148.437 -32.811
H -81.87 147.055 -31.186
W -82.298 143.453 -32.318
D -86.023 143.774 -31.548
G -87.151 147.127 -32.925
G -84.547 147.988 -35.54
Q -83.439 151.297 -34.024
T -79.868 152.253 -34.929
Y -77.489 154.695 -33.249
Y -74.174 155.987 -34.573
A -71.162 157.988 -33.479
D -70.354 161.256 -35.233
S -67.024 159.902 -36.514
V -68.782 157.209 -38.597
K -72.061 158.811 -39.717
G -72.746 158.501 -43.432
R -69.897 156.001 -43.788
F -70.824 153.113 -41.464
T -73.996 151.02 -41.275
I -75.103 148.507 -38.634
S -77.644 145.835 -39.533
R -79.091 142.495 -38.443
D -79.294 139.161 -40.224
N -82.726 137.6 -40.691
A -81.666 133.939 -40.481
K -78.215 133.753 -38.883
N -78.171 135.601 -35.515
T -75.444 137.911 -36.79
V -74.932 141.682 -36.638
Y -73.022 143.388 -39.45
L -70.937 146.57 -39.517
Q -70.63 147.861 -43.083
M -67.619 150.198 -43.233
N -67.39 152.44 -46.306
S -64.951 155.263 -47.073
L -62.348 153.905 -44.678
K -59.889 156.483 -43.326
P -56.428 155.635 -41.956
E -57.582 156.781 -38.508
D -60.278 154.085 -38.691
T -57.473 151.631 -37.855
A -58.377 149.877 -34.593
V -59.449 146.588 -33.045
Y -63.226 146.45 -33.485
Y -65.159 144.897 -30.594
C -68.71 143.528 -30.547
A -70.632 144.035 -27.302
A -74.087 142.981 -26.128
R -76.411 143.85 -23.253
G -79.772 142.335 -22.356
R -81.483 145.723 -22.215
R -83.089 148.17 -24.63
Y -82.803 151.972 -24.537
F -79.749 153.14 -22.582
D -76.561 155.132 -23.133
F -75.11 152.916 -25.859
T -71.733 154.687 -25.627
Y -71.443 153.605 -21.959
S -69.11 150.659 -22.54
D -68.982 149.748 -18.83
V -72.648 148.663 -18.669
Y -72.529 146.105 -21.493
D -72.691 142.5 -20.307
Y -70.799 140.541 -22.985
W -67.848 141.093 -25.309
G -66.003 139.311 -28.086
Q -62.31 138.858 -28.772
G -62.309 141.718 -31.289
T -61.014 141.806 -34.852
Q -58.178 143.932 -36.226
V -58.856 146.383 -39.067
T -55.851 148.282 -40.436
V -56.384 150.939 -43.114
S -53.511 152.119 -45.313
