tag x y z
Q -28.945 -16.058 -42.128
V -31.771 -17.545 -40.081
Q -30.645 -20.947 -38.819
L -32.748 -23.692 -37.248
Q -31.057 -26.706 -35.656
E -32.957 -29.67 -34.245
S -31.688 -32.08 -31.639
G -33.0 -34.882 -29.46
G -34.113 -37.644 -31.831
G -33.257 -41.333 -31.707
L -34.737 -44.715 -30.805
V -37.613 -44.877 -28.314
Q -39.965 -47.65 -27.227
A -43.619 -47.331 -28.196
G -45.577 -45.746 -25.377
G -42.493 -43.833 -24.254
S -41.55 -40.179 -24.414
L -39.019 -38.008 -26.223
R -38.221 -34.283 -26.121
L -36.993 -32.567 -29.28
S -35.342 -29.15 -29.343
C -34.931 -26.524 -32.061
A -32.352 -23.763 -31.626
V -33.202 -20.59 -33.55
S -30.434 -18.137 -34.422
G -29.682 -15.391 -36.904
R -33.18 -13.961 -36.495
T -33.793 -10.262 -37.164
F -37.604 -10.335 -36.774
S -39.038 -10.107 -33.265
N -42.132 -12.299 -33.75
Y -43.055 -15.335 -35.834
Y -44.528 -18.819 -35.495
S -42.243 -21.754 -34.757
G -43.552 -25.041 -36.1
W -42.784 -28.731 -35.875
F -43.309 -30.972 -38.903
R -42.468 -34.568 -39.654
Q -42.072 -36.637 -42.78
A -42.199 -40.382 -43.168
P -41.35 -42.346 -46.338
K -46.295 -39.92 -46.949
E -46.283 -36.156 -47.45
R -44.817 -33.823 -44.849
E -47.156 -33.391 -41.886
F -47.688 -30.315 -39.746
L -47.735 -31.167 -36.033
A -47.662 -28.047 -33.851
S -46.958 -24.328 -33.916
I -46.343 -21.678 -31.276
R -46.435 -17.897 -31.63
W -43.254 -16.355 -30.248
S -44.782 -13.366 -28.446
D -47.73 -14.872 -26.57
S -47.117 -18.655 -26.821
T -50.41 -19.303 -28.619
T -50.35 -22.94 -29.723
N -51.983 -24.864 -32.555
Y -51.956 -28.636 -32.975
A -52.744 -31.201 -35.626
D -55.455 -33.665 -34.629
S -52.956 -36.504 -35.111
V -50.918 -35.395 -32.08
K -53.297 -33.314 -29.957
G -53.146 -34.44 -26.342
R -49.879 -36.348 -26.822
F -47.425 -33.725 -28.121
T -46.847 -30.352 -26.442
I -44.966 -27.451 -28.043
S -43.262 -24.759 -25.964
R -40.547 -22.156 -26.343
D -37.904 -20.517 -24.175
T -37.472 -16.87 -25.144
A -34.175 -16.472 -23.283
K -32.581 -19.486 -25.021
N -34.409 -18.877 -28.332
T -35.291 -22.575 -28.419
V -38.535 -24.363 -29.322
Y -39.394 -27.761 -27.852
L -41.678 -30.623 -28.829
Q -42.49 -32.899 -25.887
M -43.767 -36.157 -27.38
N -45.623 -38.497 -25.03
S -47.354 -41.828 -25.67
L -45.301 -42.391 -28.809
K -46.782 -44.71 -31.433
L -45.113 -46.817 -34.1
E -46.745 -44.532 -36.687
D -44.873 -41.554 -35.173
T -41.618 -42.842 -36.719
A -40.395 -40.051 -38.995
V -37.823 -37.346 -39.539
Y -38.904 -34.364 -37.442
H -38.223 -30.852 -38.717
C -38.635 -27.517 -37.038
A -39.539 -24.535 -39.173
A -40.298 -20.852 -38.834
R -42.921 -18.7 -40.509
R -42.716 -14.926 -40.317
L -46.141 -14.528 -41.981
A -48.255 -17.4 -43.379
T -45.508 -19.508 -45.004
Y -42.83 -21.669 -43.388
D -39.791 -20.196 -45.138
Y -37.067 -21.553 -42.815
W -36.389 -25.228 -42.111
G -34.006 -27.214 -39.994
Q -32.137 -30.242 -41.273
G -34.268 -32.66 -39.275
T -33.767 -35.277 -36.575
Q -34.814 -38.911 -36.951
V -37.252 -40.448 -34.469
T -37.672 -44.232 -34.574
V -40.4 -45.781 -32.411
S -39.786 -49.472 -31.704
S -41.809 -52.341 -30.255
G -38.741 -53.585 -28.353
