tag x y z
Q 211.847 10.301 5.177
V 215.198 11.522 6.541
Q 218.121 13.006 4.595
L 221.78 12.687 5.663
Q 224.732 14.686 4.269
E 228.311 13.959 5.402
S 231.296 16.311 5.278
G 234.776 16.551 6.784
G 236.82 13.714 5.229
G 240.271 14.039 3.678
L 243.904 13.011 4.175
V 245.409 12.789 7.667
M 248.816 11.8 9.019
T 249.091 8.748 11.279
G 248.457 9.821 14.859
G 246.467 12.919 13.899
S 242.809 13.754 14.542
L 239.792 14.492 12.362
R 236.148 15.352 12.929
L 233.437 14.333 10.478
S 229.992 15.88 10.49
C 226.549 14.763 9.348
A 223.596 17.058 8.637
V 220.28 15.401 9.546
S 217.122 16.797 7.946
G 213.55 15.723 7.308
R 211.45 13.655 9.727
T 213.762 13.915 12.734
I 210.972 13.862 15.351
D 211.263 10.092 15.798
V 214.83 9.329 14.778
S 215.961 7.193 17.683
V 219.578 6.253 16.757
M 222.342 8.01 14.786
A 225.472 6.069 13.876
W 228.682 6.008 11.861
F 229.749 3.067 9.737
R 232.897 2.484 7.716
Q 233.793 0.493 4.605
A 237.313 -0.33 3.462
P 238.023 -1.54 -0.094
G 237.023 -5.184 -0.378
K 235.543 -5.281 3.145
E 232.004 -5.134 4.532
R 230.41 -2.001 5.975
E 231.186 -2.073 9.699
F 229.825 -0.279 12.737
V 232.115 2.403 14.221
S 230.014 4.269 16.816
G 226.393 5.172 17.498
M 224.237 7.19 19.85
R 220.684 7.535 21.071
W 219.495 10.633 19.199
S 217.537 12.109 22.121
G 219.256 10.228 24.958
M 222.721 10.254 26.47
T 223.948 6.707 25.822
T 226.596 6.231 23.126
Y 228.479 3.123 22.049
S 231.568 2.472 19.89
A 233.158 -0.639 18.421
D 236.038 -2.137 20.375
S 238.638 -1.125 17.76
V 237.883 2.607 18.228
K 236.311 2.859 21.706
D 239.223 4.657 23.371
R 239.936 6.962 20.405
F 236.655 7.875 18.666
T 233.704 9.865 20.006
I 230.188 10.464 18.591
S 228.118 13.485 19.594
R 225.172 15.634 18.55
D 225.263 19.414 18.151
K 223.323 21.305 20.828
T 222.112 23.891 18.262
K 221.672 22.363 14.794
N 220.69 18.806 13.824
T 224.272 17.678 13.271
V 225.985 14.466 14.366
Y 229.778 14.494 14.777
L 232.458 11.8 14.817
Q 235.67 12.894 16.551
M 238.452 10.505 15.485
N 241.714 10.732 17.426
S 245.088 8.964 17.119
L 244.265 7.684 13.641
K 246.092 4.708 12.142
P 246.393 3.468 8.547
E 243.851 0.76 9.374
D 241.24 3.513 9.733
T 241.292 4.473 6.016
A 237.812 3.888 4.597
V 234.59 5.472 3.379
Y 232.765 6.563 6.529
Y 228.946 6.539 6.358
C 226.381 8.376 8.458
A 223.284 6.293 9.299
A 219.931 6.904 11.002
R 217.335 4.571 12.519
S 213.756 5.72 13.111
R 212.01 2.429 13.949
F 211.697 1.766 17.674
I 214.614 -0.085 19.261
V 216.164 -0.536 22.695
G 219.79 0.569 22.699
V 222.281 1.216 19.925
P 222.218 -1.465 17.19
Q 225.399 -2.423 15.317
A 223.989 -4.437 12.393
R 224.034 -2.479 9.131
D 220.66 -3.914 8.097
L 218.801 -2.489 11.131
Y 219.464 1.131 10.034
D 216.84 3.002 7.991
Y 218.69 5.898 6.307
W 222.211 6.26 4.88
G 224.426 9.133 3.861
Q 226.379 9.26 0.619
G 229.742 8.786 2.397
T 232.955 10.716 3.049
Q 236.42 9.338 2.313
V 239.077 9.228 5.054
T 242.706 8.468 4.104
V 245.285 7.972 6.894
S 248.914 8.188 5.636
S 252.188 7.708 7.506
