tag x y z
Q 194.029 11.978 64.882
V 197.373 13.105 66.325
Q 200.266 14.633 64.36
L 203.9 14.267 65.433
Q 206.893 16.206 64.077
E 210.449 15.528 65.25
S 213.464 17.796 64.934
G 216.964 18.19 66.327
G 218.926 15.233 64.95
G 222.384 15.435 63.426
L 226.033 14.54 63.963
V 227.503 14.431 67.469
M 230.909 13.5 68.839
T 231.254 10.431 71.037
G 230.635 11.429 74.645
G 228.57 14.448 73.576
S 224.942 15.397 74.227
L 221.903 15.972 72.023
R 218.283 16.977 72.664
L 215.553 15.828 70.285
S 212.129 17.457 70.279
C 208.728 16.391 68.996
A 205.759 18.698 68.432
V 202.42 17.042 69.253
S 199.243 18.374 67.648
G 195.629 17.368 67.093
R 193.545 15.297 69.518
T 195.906 15.443 72.5
I 193.154 15.351 75.152
D 193.417 11.56 75.467
V 197.019 10.952 74.491
S 198.217 8.976 77.482
V 201.776 7.934 76.48
M 204.505 9.663 74.455
A 207.635 7.703 73.613
W 210.84 7.688 71.591
F 211.946 4.718 69.508
R 215.075 4.22 67.459
Q 215.915 2.175 64.376
A 219.526 1.318 63.496
P 220.519 0.127 59.999
G 219.113 -3.332 59.38
K 217.459 -3.423 62.82
E 213.891 -3.24 64.108
R 212.41 -0.152 65.749
E 213.224 -0.336 69.476
F 211.865 1.426 72.562
V 214.172 4.091 74.01
S 212.218 6.161 76.571
G 208.547 6.766 77.306
M 206.42 8.854 79.624
R 202.876 9.142 80.865
W 201.833 12.259 78.934
S 199.623 13.732 81.664
G 201.281 11.86 84.541
M 204.728 12.135 86.059
T 206.288 8.707 85.478
T 208.87 7.833 82.847
Y 210.65 4.639 81.825
S 213.796 4.112 79.744
A 215.29 1.013 78.174
D 218.208 -0.421 80.14
S 220.757 0.537 77.466
V 220.043 4.263 77.979
K 218.468 4.507 81.447
D 221.419 6.287 83.085
R 222.018 8.661 80.139
F 218.694 9.576 78.445
T 215.782 11.597 79.845
I 212.294 12.12 78.355
S 210.221 15.142 79.374
R 207.261 17.285 78.376
D 207.505 21.031 77.87
K 205.653 23.003 80.544
T 204.406 25.645 78.069
K 203.937 23.883 74.707
N 202.829 20.388 73.662
T 206.389 19.264 72.957
V 208.151 16.149 74.231
Y 211.945 16.137 74.562
L 214.582 13.395 74.556
Q 217.754 14.504 76.343
M 220.61 12.235 75.236
N 223.891 12.339 77.155
S 227.176 10.441 76.833
L 226.324 9.408 73.289
K 228.262 6.471 71.832
P 228.495 5.088 68.279
E 226.034 2.342 69.255
D 223.402 5.084 69.665
T 223.432 5.903 65.933
A 219.925 5.456 64.52
V 216.859 7.206 63.202
Y 214.839 8.252 66.247
Y 211.038 8.303 66.093
C 208.454 10.083 68.227
A 205.344 8.007 68.992
A 201.968 8.631 70.646
R 199.52 6.251 72.32
S 195.884 7.28 72.799
R 194.132 3.961 73.466
F 193.719 3.296 77.175
I 196.632 1.504 78.814
V 198.242 1.096 82.22
G 201.887 2.123 82.325
V 204.292 2.827 79.486
P 204.313 0.143 76.771
Q 207.528 -0.733 74.95
A 206.03 -2.731 72.053
R 206.121 -0.742 68.825
D 202.839 -2.347 67.728
L 200.955 -0.831 70.666
Y 201.612 2.794 69.659
D 198.947 4.702 67.71
Y 200.761 7.585 65.95
W 204.274 8.014 64.587
G 206.499 10.872 63.549
Q 208.627 10.899 60.409
G 211.939 10.325 62.24
T 215.178 12.26 62.671
Q 218.703 10.971 62.044
V 221.189 10.86 64.931
T 224.801 9.939 64.085
V 227.482 9.561 66.774
S 231.038 9.648 65.383
S 234.239 9.062 67.344
