tag x y z
Q 66.165 18.145 116.676
V 64.491 20.774 118.792
Q 65.47 24.176 117.445
L 64.793 27.654 118.802
Q 65.16 30.467 116.26
E 65.049 34.031 117.553
S 64.718 37.259 115.575
G 64.528 40.957 116.361
G 66.593 43.079 118.671
G 69.337 45.497 117.776
L 70.224 49.085 118.651
V 67.75 51.597 120.074
Q 68.003 54.946 121.821
A 67.211 55.139 125.523
G 63.462 55.313 126.042
G 62.764 53.479 122.785
S 61.046 50.178 122.098
L 62.052 46.837 120.587
R 60.378 43.513 119.773
L 61.798 39.999 120.018
S 60.358 36.802 118.573
C 61.349 33.15 118.877
A 60.048 30.081 117.034
A 60.306 26.496 118.303
S 60.631 23.789 115.649
G 61.463 20.114 115.385
R 59.929 16.808 116.382
M 58.471 17.073 119.886
F 55.544 15.711 121.885
S 54.751 18.656 124.145
I 55.823 22.203 124.978
N 55.235 23.779 128.371
S 56.539 27.247 129.247
M 58.395 29.573 126.88
G 60.395 32.532 128.051
W 63.071 35.159 127.61
Y 66.331 35.451 129.535
R 69.177 37.921 129.24
Q 72.86 38.045 130.099
A 75.293 40.907 129.908
P 79.053 40.222 129.686
G 80.468 39.611 133.148
K 77.017 39.118 134.709
E 74.873 36.042 135.265
R 71.905 34.982 133.166
E 68.618 36.261 134.589
L 64.935 35.741 133.886
V 63.106 38.434 131.92
A 59.651 36.949 131.313
T 57.973 33.583 130.84
I 54.544 32.566 129.579
S 52.918 29.195 130.2
E 50.914 27.255 127.63
A 47.666 28.428 129.249
G 48.862 32.026 128.807
T 49.955 32.731 132.391
T 52.779 35.289 132.358
T 55.524 36.038 134.894
Y 57.946 38.978 134.751
A 61.148 40.017 136.474
D 60.91 42.964 138.856
S 63.195 45.204 136.781
V 61.034 44.858 133.638
R 57.432 44.547 134.901
G 55.166 47.145 133.303
R 57.7 47.89 130.546
F 57.968 44.507 128.8
T 55.16 42.378 127.36
I 55.402 38.65 126.603
A 53.023 36.943 124.168
R 52.712 33.525 122.572
D 51.109 31.854 119.543
N 50.561 28.202 120.45
A 49.674 27.168 116.886
K 53.115 28.295 115.671
N 54.99 27.571 118.944
T 56.222 31.169 118.979
V 56.909 33.479 121.929
Y 57.151 37.275 121.633
L 58.701 39.993 123.79
Q 57.882 43.67 123.293
M 60.179 45.884 125.377
N 59.088 49.459 126.119
S 60.893 52.328 127.87
L 64.305 50.731 127.398
N 67.227 52.107 129.406
P 70.98 51.315 129.138
E 70.829 48.671 131.887
D 68.684 46.547 129.533
T 71.666 46.057 127.205
A 72.312 42.315 127.042
V 72.167 39.198 124.926
Y 68.571 37.991 125.071
Y 67.923 34.253 124.971
C 64.782 32.379 124.062
N 63.869 29.482 126.327
A 61.425 26.581 126.179
Y 60.688 23.458 128.227
I 59.966 20.701 125.711
Q 58.943 17.066 126.168
L 60.522 14.947 123.423
D 58.211 11.942 123.858
S 55.261 10.799 125.943
T 57.486 8.528 128.083
I 60.151 11.181 128.768
W 60.268 14.186 131.092
F 60.808 17.835 130.076
R 64.081 19.507 129.087
A 65.058 23.178 128.806
Y 66.19 24.278 125.345
W 67.781 27.598 124.426
G 68.019 29.8 121.379
Q 71.253 31.087 119.93
G 70.946 34.569 121.407
T 70.098 38.033 120.1
Q 71.925 41.203 121.099
V 69.964 44.177 122.437
T 71.877 47.457 122.785
V 70.399 50.599 124.367
S 72.6 53.667 123.888
S 72.268 56.954 125.779
