tag x y z
V 5.138 20.207 -19.928
Q 8.44 21.728 -21.127
L 8.986 24.031 -24.134
Q 12.539 23.592 -25.511
E 13.659 26.481 -27.773
S 16.347 26.409 -30.459
G 17.41 28.161 -33.659
G 18.137 31.708 -32.509
G 21.417 33.598 -32.398
L 23.368 36.272 -34.255
V 22.706 36.893 -37.927
Q 23.449 39.669 -40.443
A 20.639 41.992 -41.576
G 18.906 40.633 -44.688
G 19.639 37.094 -43.427
S 17.415 34.272 -42.202
L 16.877 32.168 -39.082
R 14.617 29.238 -38.267
L 13.301 28.966 -34.711
S 11.965 25.661 -33.408
C 10.033 24.843 -30.225
A 9.457 21.195 -29.22
A 6.751 20.917 -26.578
S 7.373 17.766 -24.545
G 4.409 16.974 -22.284
S 0.669 16.302 -22.128
I -1.196 18.878 -24.245
F -4.88 18.791 -25.296
S -5.463 17.877 -28.991
I -6.859 21.372 -29.545
N -4.264 24.089 -28.875
T -2.507 27.158 -30.264
M 1.304 27.196 -30.533
G 2.95 30.553 -31.051
W 5.965 32.789 -30.972
Y 6.05 35.965 -28.931
R 8.99 38.357 -28.613
Q 10.173 41.047 -26.206
A 12.552 43.685 -27.594
P 14.717 45.676 -25.133
G 12.634 48.335 -23.354
K 9.355 47.164 -24.94
Q 6.43 44.98 -23.887
R 6.043 41.353 -25.037
E 4.16 41.035 -28.353
L 2.805 38.292 -30.599
V 4.995 37.538 -33.586
A 3.063 34.571 -35.018
A 0.675 31.809 -33.963
I -0.776 28.638 -35.454
H -3.863 26.803 -34.221
S -4.059 22.976 -34.185
G -6.793 23.334 -36.832
G -4.267 25.053 -39.12
S -5.359 28.712 -38.892
T -2.502 31.23 -38.633
N -2.133 34.764 -37.295
Y 0.837 37.099 -37.811
A 1.806 40.577 -36.614
N 1.793 43.141 -39.458
S 5.503 43.946 -38.92
V 6.477 40.349 -39.808
K 3.904 39.603 -42.572
G 5.477 38.449 -45.849
R 8.799 37.715 -44.085
F 8.074 35.282 -41.241
T 6.194 31.974 -41.699
I 4.846 29.8 -38.86
S 4.17 26.094 -39.207
R 3.865 23.127 -36.917
D 5.071 19.569 -37.059
N 2.591 17.135 -38.567
A 2.754 14.573 -35.683
A 4.639 16.176 -32.745
N 3.875 19.309 -30.756
T 6.711 21.273 -32.388
V 6.338 24.705 -33.966
Y 8.709 26.36 -36.483
L 9.127 30.091 -37.204
Q 11.098 30.586 -40.44
M 12.326 34.205 -40.221
N 13.529 35.701 -43.551
S 14.671 39.253 -44.47
L 15.601 39.952 -40.836
K 16.116 43.537 -39.659
P 17.702 45.01 -36.505
E 14.135 45.897 -35.382
D 13.483 42.126 -34.986
T 16.228 41.75 -32.365
A 14.479 40.426 -29.233
V 14.053 37.536 -26.801
Y 11.66 35.148 -28.581
Y 9.319 32.974 -26.47
C 7.5 29.806 -27.455
N 3.918 29.717 -26.105
V 1.282 26.974 -25.945
K -2.35 27.774 -25.201
D -3.979 24.524 -24.098
Y -7.813 24.291 -24.364
G -8.356 21.124 -22.279
A -10.217 22.909 -19.464
V -12.929 23.871 -22.038
L -14.113 26.909 -20.016
Y -10.648 28.518 -19.923
E -7.242 28.315 -21.628
Y -4.004 27.356 -19.851
D -0.675 29.038 -20.792
Y 2.796 27.515 -21.012
W 5.854 29.697 -21.785
G 9.408 28.893 -22.885
Q 12.456 30.322 -21.08
G 13.065 32.35 -24.244
T 15.86 32.304 -26.812
Q 17.851 35.387 -27.862
V 17.802 36.599 -31.44
T 20.081 39.522 -32.385
V 20.205 40.999 -35.893
S 23.128 43.369 -36.727
S 23.379 45.915 -39.595
