tag x y z
Q -63.218 -42.322 16.898
V -63.058 -40.275 20.124
Q -66.344 -38.674 21.256
L -67.139 -36.369 24.178
Q -70.659 -36.643 25.679
E -71.739 -33.651 27.805
S -74.55 -33.644 30.372
G -75.734 -32.002 33.592
G -76.477 -28.465 32.37
G -79.743 -26.526 32.122
L -81.65 -23.77 33.94
V -80.983 -22.994 37.6
Q -81.602 -20.264 40.198
A -78.826 -17.884 41.338
G -77.105 -19.406 44.391
G -77.975 -22.915 43.14
S -75.661 -25.629 41.865
L -75.098 -27.834 38.808
R -72.865 -30.815 38.114
L -71.555 -31.035 34.553
S -70.167 -34.329 33.316
C -68.28 -35.209 30.134
A -67.721 -38.88 29.231
A -64.944 -39.373 26.678
S -65.269 -42.633 24.714
G -62.493 -44.011 22.479
S -58.707 -44.299 22.584
I -57.122 -41.48 24.613
F -53.447 -41.455 25.632
A -52.976 -41.966 29.386
L -51.252 -38.569 29.622
N -53.852 -35.859 28.912
I -55.803 -32.851 30.171
M -59.603 -32.939 30.452
G -61.162 -29.524 30.919
W -64.153 -27.23 30.678
Y -64.254 -24.036 28.642
R -67.202 -21.635 28.271
Q -68.448 -18.996 25.819
A -70.897 -16.386 27.144
P -73.009 -14.708 24.427
G -71.0 -12.137 22.448
K -67.735 -12.963 24.258
Q -64.673 -15.161 23.68
R -64.219 -18.76 24.835
E -62.382 -18.829 28.201
L -61.009 -21.629 30.377
V -63.111 -22.55 33.415
A -61.249 -25.548 34.843
A -58.829 -28.308 33.828
I -57.429 -31.45 35.402
H -54.342 -33.343 34.216
S -54.356 -37.163 34.214
G -51.782 -37.063 37.04
G -54.168 -35.112 39.299
T -53.092 -31.437 39.268
T -55.706 -28.762 38.479
N -56.069 -25.231 37.127
Y -59.017 -22.861 37.659
A -59.947 -19.428 36.28
N -60.14 -16.639 38.888
S -63.845 -15.862 38.328
V -64.773 -19.404 39.53
K -62.121 -20.115 42.241
G -63.585 -21.638 45.426
R -67.048 -22.053 43.848
F -66.397 -24.621 41.091
T -64.516 -27.93 41.472
I -63.164 -30.174 38.703
S -62.558 -33.862 39.34
R -62.335 -36.974 37.21
D -63.299 -40.637 37.285
N -60.326 -42.741 38.416
A -61.443 -45.643 36.13
A -62.851 -44.198 32.857
N -62.22 -40.975 30.882
T -64.991 -38.931 32.525
V -64.589 -35.429 33.965
Y -67.004 -33.657 36.341
L -67.476 -29.962 37.113
Q -69.289 -29.353 40.39
M -70.571 -25.77 40.02
N -71.807 -24.274 43.344
S -72.908 -20.681 44.158
L -73.857 -19.88 40.559
K -74.336 -16.265 39.393
P -75.938 -14.701 36.293
E -72.366 -14.031 34.987
D -71.737 -17.82 34.793
T -74.386 -18.178 32.041
A -72.755 -19.616 28.907
V -72.412 -22.569 26.534
Y -69.97 -24.892 28.375
Y -67.616 -27.018 26.224
C -65.738 -30.154 27.262
N -62.16 -30.433 25.997
V -59.517 -33.169 25.884
K -55.862 -32.367 25.087
D -54.22 -35.644 24.111
F -50.407 -35.93 24.447
G -50.023 -39.151 22.417
A -47.821 -37.647 19.661
I -45.288 -36.287 22.242
I -44.132 -33.269 20.171
Y -47.606 -31.744 19.718
D -50.985 -32.05 21.481
Y -54.201 -33.119 19.76
D -57.516 -31.46 20.74
Y -61.057 -32.857 21.019
W -64.059 -30.569 21.639
G -67.616 -31.422 22.681
Q -70.656 -29.913 20.929
G -71.428 -27.819 24.044
T -74.172 -27.715 26.665
Q -76.203 -24.66 27.747
V -76.089 -23.453 31.318
T -78.459 -20.549 32.046
V -78.442 -18.96 35.512
S -81.383 -16.655 36.284
S -81.65 -14.079 39.077
