tag x y z
S 22.091 -13.058 41.511
Q 21.732 -15.828 38.896
V 22.341 -19.569 39.396
Q 25.189 -20.757 37.15
L 26.726 -24.203 36.631
Q 30.505 -24.301 35.998
E 31.655 -27.566 34.386
S 35.216 -28.882 34.407
G 37.315 -32.049 34.399
G 36.549 -33.439 30.949
G 38.65 -33.789 27.801
L 40.581 -36.341 25.754
V 41.562 -39.605 27.439
Q 42.756 -43.115 26.517
A 40.272 -46.034 26.708
G 40.24 -47.993 29.974
G 41.134 -44.657 31.613
S 39.611 -42.245 34.119
L 38.191 -38.702 34.42
R 36.586 -36.633 37.193
L 33.893 -34.191 36.141
S 32.985 -31.379 38.528
C 30.045 -28.976 38.382
A 30.089 -26.044 40.828
A 26.685 -24.375 41.109
S 27.216 -20.727 42.092
G 23.981 -18.991 43.161
S 20.891 -19.447 45.347
I 19.546 -23.027 45.309
F 16.768 -24.438 47.517
A 17.996 -26.968 50.106
L 15.955 -29.768 48.497
N 17.291 -30.48 44.979
I 18.885 -32.947 42.542
M 22.343 -32.341 41.057
G 22.985 -34.595 38.041
W 24.995 -35.343 34.921
Y 23.323 -35.985 31.583
R 25.162 -36.618 28.314
Q 24.384 -36.152 24.612
A 26.244 -38.61 22.348
P 26.914 -37.465 18.743
G 23.558 -37.2 16.912
K 21.62 -38.9 19.747
Q 19.167 -37.838 22.464
R 20.37 -36.555 25.827
E 20.279 -39.376 28.425
L 20.773 -39.488 32.201
V 24.213 -40.654 33.304
A 23.917 -40.114 37.065
A 22.141 -38.004 39.687
I 22.275 -37.305 43.428
H 19.599 -35.805 45.728
S 20.29 -33.402 48.65
G 19.203 -36.287 50.916
G 21.915 -38.458 49.317
T 19.988 -41.05 47.27
T 21.544 -41.783 43.855
N 20.351 -43.011 40.455
Y 22.667 -44.253 37.664
A 21.952 -45.256 34.071
N 22.587 -48.926 33.211
S 25.55 -48.356 30.858
V 27.61 -46.537 33.533
K 26.63 -48.675 36.582
G 29.597 -49.892 38.656
R 32.068 -47.683 36.735
F 30.922 -44.105 37.495
T 30.338 -42.573 40.961
I 28.257 -39.447 41.557
S 29.052 -37.749 44.839
R 28.481 -34.225 46.031
D 30.256 -31.69 48.188
N 28.543 -31.664 51.6
A 29.742 -28.031 52.079
A 29.191 -26.191 48.753
N 26.77 -26.682 45.822
T 29.185 -28.863 43.803
V 28.75 -32.344 42.258
Y 31.416 -34.78 41.042
L 31.12 -37.639 38.535
Q 34.134 -39.94 38.997
M 34.298 -41.735 35.616
N 36.442 -44.917 35.608
S 37.034 -47.728 33.051
L 36.043 -45.433 30.16
K 35.026 -46.705 26.714
P 34.68 -44.938 23.334
E 30.842 -45.129 23.599
D 31.021 -42.815 26.654
T 32.25 -40.051 24.296
A 29.683 -37.233 24.489
V 29.003 -33.677 25.599
Y 28.279 -34.018 29.337
Y 25.792 -31.496 30.8
C 25.477 -30.609 34.474
N 21.904 -30.221 35.731
V 20.153 -28.929 38.868
K 16.475 -29.728 39.567
D 15.435 -27.052 42.092
F 12.321 -27.869 44.192
G 11.851 -24.368 45.723
A 8.458 -23.784 44.069
I 7.094 -27.037 45.656
I 4.395 -27.705 43.011
Y 6.853 -27.669 40.1
D 10.608 -27.891 39.694
Y 12.808 -25.295 38.025
D 15.77 -26.529 35.937
Y 19.292 -25.239 35.408
W 21.609 -26.552 32.686
G 25.339 -26.018 32.239
Q 26.78 -25.084 28.827
G 28.202 -28.621 28.472
T 31.736 -30.009 28.508
Q 33.329 -32.376 26.008
V 34.506 -35.831 26.978
T 36.238 -37.835 24.207
V 37.452 -41.382 24.837
S 39.859 -42.692 22.166
S 40.454 -46.448 21.819
