tag x y z
V 1.073 0.765 -22.586
Q 1.755 3.203 -19.738
L 5.261 2.07 -18.806
Q 8.218 0.825 -20.799
E 11.137 -0.928 -19.137
S 14.723 -1.036 -20.321
G 17.727 -2.9 -18.996
G 17.946 -6.509 -17.92
G 19.722 -9.644 -19.028
L 22.657 -11.526 -17.606
V 24.968 -10.31 -14.874
Q 27.824 -11.935 -12.974
P 27.61 -12.107 -9.156
G 29.113 -8.911 -7.776
G 28.348 -7.073 -11.022
S 25.961 -4.2 -11.737
L 22.98 -3.519 -13.997
R 20.829 -0.432 -14.528
L 17.077 -0.756 -15.17
S 14.984 2.092 -16.454
C 11.313 2.85 -16.812
A 9.799 5.415 -19.152
A 6.345 6.927 -19.264
S 4.611 9.913 -20.875
G 5.961 13.388 -20.156
R 2.444 14.785 -19.915
T 1.794 13.439 -16.437
F 5.184 11.898 -15.419
S 5.817 13.898 -12.261
S 2.312 13.198 -10.881
Y 3.125 9.567 -10.033
N 5.136 7.575 -7.59
M 7.187 4.964 -9.427
G 8.679 1.705 -8.221
W 9.946 -1.734 -8.965
F 8.612 -5.101 -7.915
R 10.179 -8.468 -8.742
Q 8.848 -11.978 -9.123
A 10.545 -15.361 -9.098
P 8.603 -18.292 -10.617
G 6.174 -19.82 -8.128
K 6.374 -16.785 -5.828
G 4.608 -13.417 -5.583
R 5.452 -9.843 -6.458
E 8.043 -8.621 -4.004
F 8.386 -4.868 -3.469
V 11.955 -3.771 -4.316
A 12.049 0.047 -4.285
S 9.921 3.07 -4.895
I 10.305 6.829 -5.25
T 7.841 9.674 -4.812
S 6.686 11.992 -7.609
S 9.222 14.715 -6.763
G 12.097 12.267 -6.183
D 12.582 13.512 -2.588
K 11.64 10.244 -0.867
S 12.501 6.638 -1.594
D 12.304 3.276 0.102
Y 13.715 -0.188 -0.3
T 13.131 -3.749 0.717
D 15.704 -4.673 3.387
S 17.703 -7.128 1.332
V 18.669 -4.516 -1.287
K 19.545 -1.622 1.019
G 23.026 -0.319 0.232
R 23.103 -2.204 -3.086
F 20.2 -0.812 -5.149
T 19.423 2.892 -5.696
I 16.174 4.138 -7.228
S 16.226 7.605 -8.822
R 14.177 9.562 -11.312
D 14.935 12.17 -13.913
N 11.673 14.056 -14.054
A 13.124 16.294 -16.801
K 13.698 13.219 -19.062
N 10.537 11.289 -18.049
T 12.623 8.315 -16.941
M 13.073 6.466 -13.63
Y 16.053 4.202 -12.846
L 17.014 1.294 -10.628
Q 20.784 1.045 -10.258
M 21.499 -2.515 -9.117
N 24.975 -3.025 -7.687
N 26.662 -6.006 -6.076
L 24.16 -8.383 -7.615
K 23.455 -11.71 -5.93
P 21.779 -14.986 -6.933
E 18.82 -14.002 -4.728
D 18.18 -11.068 -7.09
T 17.298 -13.241 -10.14
A 13.683 -12.452 -11.093
T 11.406 -10.681 -13.507
Y 11.454 -6.99 -12.554
Y 8.314 -4.919 -13.156
C 8.12 -1.175 -13.229
A 4.949 0.129 -11.563
R 3.449 3.505 -10.838
G 0.588 5.049 -8.939
L -0.772 8.468 -8.152
G 1.395 10.594 -5.863
I -1.41 10.739 -3.283
Y -0.345 7.236 -2.219
I 2.412 6.504 0.25
I 5.098 4.663 -1.749
R 4.993 1.525 0.406
A 1.271 0.905 -0.283
R 1.009 -2.136 -2.543
G -2.556 -1.087 -3.327
G -1.325 2.23 -4.764
Y 0.178 0.853 -7.986
D -2.252 1.367 -10.862
H 0.023 0.741 -13.854
W 2.487 -2.071 -14.534
Q 5.041 -2.644 -17.211
Q 5.548 -5.962 -19.023
G 8.612 -6.918 -16.995
T 12.265 -7.489 -17.698
Q 14.177 -10.661 -16.762
V 17.349 -10.239 -14.692
T 19.499 -13.329 -14.222
V 22.51 -13.364 -11.955
S 24.862 -16.128 -13.17
