tag x y z
Q -7.599 -54.915 -33.389
V -6.192 -51.917 -31.476
Q -4.19 -53.026 -28.432
L -3.493 -51.117 -25.215
Q -0.539 -51.85 -22.919
E -0.047 -50.315 -19.484
S 3.424 -49.82 -18.045
G 5.187 -47.941 -15.28
G 3.758 -49.699 -12.245
G 5.855 -50.778 -9.31
L 6.542 -50.326 -5.616
V 6.551 -46.85 -4.069
Q 6.472 -45.627 -0.488
P 3.519 -43.559 0.77
G 3.893 -39.929 -0.234
G 5.808 -40.972 -3.355
S 4.986 -40.646 -7.037
L 4.54 -42.845 -10.091
R 3.865 -42.145 -13.776
R 3.847 -42.141 -13.766
L 1.818 -44.715 -15.688
S 1.851 -45.059 -19.473
C -0.754 -46.544 -21.815
A 0.587 -47.318 -25.291
A -1.806 -47.998 -28.156
S -1.126 -49.922 -31.313
G -2.836 -48.901 -34.491
R -3.827 -45.871 -36.414
T -6.793 -44.13 -34.738
F -5.477 -43.137 -31.297
S -6.501 -39.469 -31.396
S -10.083 -40.278 -32.479
Y -11.203 -41.793 -29.161
N -11.573 -40.782 -25.542
M -9.367 -42.688 -23.08
G -9.607 -43.549 -19.388
W -8.014 -45.255 -16.4
F -9.591 -47.761 -14.005
R -8.091 -49.587 -11.032
Q -8.86 -52.796 -9.154
A -7.813 -53.34 -5.543
P -7.547 -56.816 -3.996
G -10.989 -58.281 -3.41
K -12.748 -55.481 -5.321
G -13.784 -54.773 -8.9
R -12.549 -52.254 -11.448
E -13.449 -48.69 -10.477
F -13.149 -45.447 -12.425
V -10.001 -43.378 -11.831
A -9.793 -40.726 -14.572
S -10.658 -40.049 -18.205
I -9.765 -37.616 -20.982
T -11.307 -36.705 -24.324
S -9.732 -37.56 -27.671
S -8.295 -34.05 -28.065
G -7.378 -33.651 -24.391
D -9.554 -30.563 -23.928
K -11.459 -32.007 -20.951
S -10.814 -34.524 -18.196
D -12.609 -36.188 -15.303
Y -11.505 -37.721 -12.014
T -13.003 -39.805 -9.237
D -13.213 -37.959 -5.939
S -10.503 -39.915 -4.106
V -7.776 -38.925 -6.608
K -8.761 -35.306 -7.362
G -5.78 -33.002 -6.901
R -3.345 -35.93 -6.649
F -3.59 -37.582 -10.091
T -3.203 -35.911 -13.492
I -4.308 -37.593 -16.717
S -2.835 -36.519 -20.044
R -2.101 -37.792 -23.528
D 0.324 -37.265 -26.407
N -1.664 -38.057 -29.553
A 1.59 -37.941 -31.532
K 3.057 -40.83 -29.507
N -0.133 -42.948 -29.285
T 0.368 -42.757 -25.517
M -1.74 -41.711 -22.527
Y -0.255 -40.92 -19.116
L -1.359 -40.895 -15.477
Q 0.801 -38.876 -13.07
M 0.148 -39.969 -9.475
N 1.493 -37.865 -6.598
N 0.975 -38.042 -2.832
N 1.059 -38.066 -2.82
L 0.307 -41.762 -3.181
K -1.425 -43.563 -0.319
P -1.542 -47.223 0.75
E -5.132 -47.495 -0.49
D -3.981 -46.538 -3.997
T -2.518 -50.061 -4.195
A -4.29 -51.744 -7.105
T -3.952 -53.052 -10.631
Y -4.389 -50.102 -13.005
Y -6.026 -50.59 -16.406
C -6.268 -48.231 -19.36
A -9.157 -48.428 -21.795
R -10.643 -46.772 -24.868
G -13.795 -44.721 -24.477
L -17.045 -45.901 -26.045
G -19.132 -43.088 -27.474
I -18.301 -39.395 -27.417
Y -18.916 -38.649 -23.714
I -16.352 -39.581 -21.073
I -18.315 -41.258 -18.275
R -17.418 -43.141 -15.084
A -19.377 -46.376 -15.578
R -17.396 -49.526 -16.293
G -19.519 -49.83 -19.44
G -18.156 -46.604 -20.897
Y -14.897 -48.201 -22.06
D -13.515 -51.269 -23.828
H -10.211 -52.547 -25.268
W -9.016 -53.054 -21.696
G -5.277 -53.47 -21.351
Q -3.817 -56.293 -19.289
G -3.055 -53.931 -16.409
T -0.05 -52.938 -14.316
Q 0.418 -53.375 -10.572
V 0.964 -50.422 -8.225
T 1.939 -51.165 -4.617
V 2.146 -48.292 -2.124
S 3.894 -49.412 1.061
S 6.992 -48.676 3.125
H 7.985 -52.262 3.972
