tag x y z
Q 145.975 109.421 172.266
V 147.292 106.072 173.574
Q 151.113 106.356 173.784
L 153.86 104.368 175.601
V 156.061 107.093 177.011
E 159.727 106.184 177.899
S 162.356 107.8 180.193
G 165.973 107.163 181.335
G 168.899 105.782 179.359
G 171.959 107.301 177.754
L 175.692 106.697 178.154
V 176.737 104.65 181.205
Q 180.022 103.193 182.594
A 180.498 99.395 182.735
G 179.4 97.85 186.048
G 177.017 100.754 186.66
S 173.263 100.928 187.554
L 170.57 102.562 185.367
R 166.821 102.759 185.675
L 164.476 102.832 182.592
F 160.889 104.074 183.058
C 157.817 103.483 180.902
A 154.185 104.617 181.099
A 150.931 103.839 179.308
S 149.449 107.289 178.522
G 145.973 108.026 177.197
S 142.52 106.516 177.811
I 143.211 102.818 178.347
F 140.569 100.411 179.71
R 143.061 97.519 180.333
V 146.854 97.057 180.41
N 147.657 93.299 180.402
A 151.45 92.818 180.416
M 154.089 95.462 180.231
G 157.675 94.794 179.254
W 161.066 95.716 177.804
Y 162.675 94.489 174.594
R 166.103 95.276 173.07
Q 167.625 95.406 169.606
V 171.04 95.801 168.015
T 170.717 96.905 164.348
G 170.952 93.744 162.175
K 170.161 91.527 165.211
Q 166.605 90.688 166.234
R 164.495 92.37 168.989
E 164.711 90.159 172.128
L 162.697 90.078 175.376
V 164.613 91.629 178.3
A 161.976 91.503 181.096
A 158.103 91.357 181.253
I 155.398 91.512 183.977
T 151.733 90.785 184.086
S 149.255 92.599 186.213
G 149.475 89.666 188.549
G 153.164 90.252 189.084
R 154.324 87.191 187.137
T 157.772 88.038 185.741
N 159.764 86.826 182.726
Y 163.476 87.549 182.354
A 165.969 86.744 179.604
D 168.781 84.472 180.985
S 171.555 87.077 180.091
V 169.904 89.562 182.523
K 168.508 87.262 185.283
G 169.731 88.632 188.671
R 171.346 91.823 187.356
F 167.94 93.269 186.198
T 164.573 93.782 187.95
I 161.225 94.77 186.515
S 158.424 96.208 188.657
R 155.066 97.714 187.786
D 152.759 100.32 189.371
N 149.376 98.846 188.528
I 147.115 101.932 189.03
K 149.419 104.577 187.409
N 150.136 101.955 184.606
T 153.935 102.244 184.689
V 156.853 99.821 184.391
Y 160.358 100.225 185.764
L 163.463 98.371 184.586
Q 166.296 98.514 187.108
M 169.561 97.529 185.356
N 172.534 96.783 187.678
S 176.042 95.52 186.929
L 175.831 96.649 183.241
K 178.11 94.923 180.611
P 179.177 96.513 177.219
E 177.153 93.699 175.497
D 174.023 95.345 177.116
T 174.452 98.359 174.714
A 171.3 98.365 172.563
V 168.098 100.371 171.945
Y 165.474 99.42 174.525
Y 161.782 99.375 173.702
C 158.871 99.429 176.073
N 155.93 97.16 175.217
A 152.439 96.839 176.546
D 149.616 94.509 175.661
L 146.472 96.762 175.654
G 143.967 94.341 174.079
T 140.494 93.404 175.363
G 139.564 91.145 172.382
G 141.262 88.015 173.732
R 143.861 88.581 170.999
S 146.864 90.67 172.14
Y 147.197 94.344 171.059
D 150.816 95.471 171.128
Y 151.943 98.954 171.906
W 155.458 100.088 171.564
G 157.693 102.889 172.778
Q 159.755 105.109 170.426
G 163.007 103.517 171.674
T 165.35 104.581 174.48
Q 169.143 104.198 173.74
V 171.328 102.519 176.448
T 175.1 102.784 175.786
V 177.48 100.853 178.081
S 181.157 102.042 177.845
S 184.169 100.085 179.168
