tag x y z
Q -59.86 50.911 -43.448
L -61.561 52.003 -40.212
Q -64.965 53.672 -39.848
E -66.339 55.144 -36.622
S -69.94 55.964 -35.702
G -72.223 56.559 -32.73
G -71.273 60.203 -32.225
G -73.777 62.914 -31.461
L -74.708 65.823 -29.242
V -75.659 65.139 -25.627
Q -76.319 67.01 -22.398
A -73.903 66.894 -19.474
G -74.121 63.539 -17.725
G -75.514 61.765 -20.787
S -74.327 58.732 -22.698
L -73.113 57.652 -26.107
R -71.953 54.35 -27.595
L -69.247 54.883 -30.19
S -68.696 52.031 -32.638
C -65.695 51.215 -34.826
A -66.087 48.968 -37.871
A -62.939 47.233 -39.12
S -62.638 46.033 -42.716
G -59.597 44.444 -44.326
R -56.444 42.767 -43.027
I -56.66 42.892 -39.236
F -55.976 39.601 -37.461
S -58.346 40.458 -34.604
T -59.908 43.371 -32.737
N -57.172 43.368 -30.063
V -55.337 45.908 -32.241
M -57.959 48.688 -32.282
G -57.807 51.608 -29.875
W -59.922 54.695 -29.274
F -58.413 58.197 -29.408
R -59.809 61.727 -29.338
Q -58.666 65.163 -30.489
A -60.209 68.5 -29.535
P -59.723 71.787 -31.415
G -56.154 72.983 -30.921
K -55.145 70.2 -28.546
E -53.17 67.167 -29.682
R -54.727 63.76 -30.278
E -54.757 61.783 -27.025
F -55.318 58.187 -25.945
V -58.665 56.992 -24.582
A -58.853 53.197 -24.437
T -57.675 49.876 -25.862
V -57.252 46.263 -24.787
G -54.582 45.325 -22.273
R -51.724 42.914 -22.847
I -52.974 40.1 -20.598
G -56.452 38.673 -21.143
G -59.291 40.295 -19.223
S -57.468 43.625 -18.827
T -58.241 46.932 -20.547
V -56.189 50.144 -20.597
Y -58.035 53.424 -19.981
A -56.744 56.985 -19.958
D -56.505 58.694 -16.582
F -59.458 60.992 -17.353
V -61.878 58.108 -18.023
K -62.345 57.492 -14.285
G -64.479 54.414 -14.929
R -67.05 56.221 -17.081
F -66.201 54.57 -20.418
T -66.06 50.876 -21.311
L -64.411 49.138 -24.26
S -66.16 46.071 -25.677
R -65.6 44.009 -28.805
D -67.28 41.511 -31.133
N -64.432 39.618 -32.8
A -66.905 37.991 -35.199
K -68.204 41.295 -36.599
N -64.716 42.88 -36.359
M -65.997 45.806 -34.309
V -65.298 47.514 -30.992
Y -67.637 49.745 -28.996
L -66.881 52.559 -26.549
Q -69.823 52.852 -24.153
M -69.455 56.391 -22.785
N -71.36 57.49 -19.678
S -71.435 60.498 -17.344
L -70.123 62.627 -20.2
K -68.838 66.118 -19.419
P -68.105 69.24 -21.487
E -64.401 68.366 -21.251
D -65.165 65.198 -23.249
T -66.166 67.273 -26.298
A -63.832 66.299 -29.143
V -63.503 64.243 -32.316
Y -63.183 60.581 -31.31
Y -60.969 58.593 -33.687
C -60.419 54.851 -34.038
G -56.881 53.684 -34.776
A -55.065 50.396 -35.333
R -51.814 49.533 -33.568
I -48.896 48.929 -35.937
G -45.97 47.945 -33.735
G -43.583 49.448 -31.21
S -44.469 48.762 -27.581
D -46.75 51.531 -26.3
R -50.498 50.979 -26.534
L -50.922 54.558 -25.265
A -48.721 56.231 -27.899
P -50.568 57.566 -30.98
E -47.246 57.386 -32.852
N -47.716 53.59 -32.984
Y -51.237 53.725 -34.471
G -52.379 54.104 -38.065
Y -55.323 53.689 -40.426
W -57.272 56.374 -38.581
G -60.886 56.775 -39.615
Q -62.531 60.091 -40.394
G -63.548 60.345 -36.733
T -66.85 61.074 -35.04
Q -67.826 64.309 -33.311
V -68.968 64.218 -29.683
T -70.516 67.362 -28.197
V -71.499 67.849 -24.548
S -73.288 71.079 -23.621
S -74.814 72.598 -20.495
