tag x y z
Q -48.333 -0.782 -36.302
V -50.263 -1.42 -33.074
Q -53.544 -3.208 -32.36
L -55.633 -2.883 -29.189
Q -58.471 -5.166 -28.075
E -60.665 -4.553 -25.029
S -62.752 -7.043 -23.05
G -64.448 -7.576 -19.702
G -67.475 -5.362 -20.274
G -71.054 -6.414 -19.728
L -74.261 -5.754 -17.84
V -74.1 -5.016 -14.118
Q -76.315 -3.535 -11.419
A -75.617 -0.364 -9.458
G -72.832 -1.076 -6.989
G -71.476 -4.033 -8.953
S -67.983 -4.553 -10.303
L -66.311 -5.237 -13.634
R -62.713 -5.902 -14.643
L -61.74 -4.654 -18.098
S -58.785 -6.034 -20.049
C -56.843 -4.576 -22.974
A -54.353 -6.577 -25.038
A -51.76 -4.692 -27.087
S -50.006 -6.141 -30.134
G -47.429 -4.853 -32.6
R -44.688 -2.222 -32.325
I -45.141 -1.373 -28.645
F -42.238 -1.164 -26.19
S -44.228 -0.783 -22.947
T -47.74 -0.631 -21.507
N -47.124 2.827 -19.999
V -48.504 4.484 -23.149
M -51.838 2.674 -22.728
G -54.766 4.582 -21.267
W -58.467 4.019 -20.702
F -61.166 6.307 -22.104
R -64.949 6.131 -22.2
Q -67.611 7.656 -24.44
A -71.342 7.784 -23.755
P -74.131 8.192 -26.332
G -74.068 11.808 -27.438
K -71.128 12.723 -25.196
E -67.476 13.507 -25.851
R -64.997 10.689 -25.285
E -63.525 11.478 -21.871
F -60.364 10.374 -20.081
V -60.497 7.715 -17.363
A -57.059 6.472 -16.316
T -53.438 5.996 -17.359
V -50.058 5.485 -15.721
G -48.336 8.386 -13.99
R -44.968 9.874 -14.885
I -43.211 8.756 -11.689
G -43.209 5.107 -10.638
G -46.004 4.212 -8.245
S -48.375 6.947 -9.452
T -51.534 6.73 -11.553
V -53.74 9.436 -13.081
Y -57.516 9.193 -12.654
A -60.356 11.373 -13.896
D -62.183 13.408 -11.272
F -65.244 11.128 -11.403
V -63.279 7.986 -10.442
K -63.168 8.922 -6.737
G -61.08 5.898 -5.775
R -63.55 3.473 -7.373
F -61.363 2.314 -10.294
T -57.811 0.972 -10.297
L -55.376 0.591 -13.194
S -52.891 -2.301 -13.176
R -50.701 -3.931 -15.803
D -48.754 -7.028 -16.85
N -45.849 -5.749 -18.948
A -44.612 -9.258 -19.758
K -47.895 -9.997 -21.566
N -48.446 -6.419 -22.837
M -51.756 -5.965 -21.039
V -53.446 -3.45 -18.759
Y -56.484 -3.937 -16.527
L -59.106 -1.538 -15.157
Q -60.883 -2.816 -12.041
M -64.188 -0.933 -11.7
N -65.951 -1.114 -8.324
S -69.054 0.605 -6.953
L -70.438 1.213 -10.43
K -73.221 3.766 -10.885
P -75.611 4.384 -13.798
E -73.421 7.363 -14.733
D -70.616 4.941 -15.666
T -72.651 3.515 -18.56
A -70.608 4.022 -21.729
V -68.279 2.318 -24.185
Y -64.804 2.019 -22.659
Y -61.993 2.425 -25.185
C -58.331 1.472 -24.849
G -55.863 3.91 -26.385
A -52.111 4.1 -26.865
R -50.31 7.389 -26.241
I -48.661 8.466 -29.499
G -46.761 11.475 -28.17
G -47.523 14.998 -27.027
S -47.106 15.914 -23.379
D -50.655 15.608 -22.002
R -51.667 12.034 -21.172
L -55.148 13.292 -20.211
A -55.866 14.514 -23.762
P -57.584 11.998 -26.083
E -55.912 13.77 -29.019
N -52.516 12.386 -27.92
Y -53.785 8.789 -28.229
G -54.196 6.479 -31.202
Y -54.639 2.865 -32.321
W -57.997 2.947 -30.53
G -59.747 -0.37 -30.008
Q -63.279 -1.448 -30.803
G -64.245 -0.979 -27.16
T -66.278 -2.964 -24.651
Q -69.767 -1.9 -23.583
V -70.379 -1.164 -19.903
T -74.017 -0.884 -18.827
V -74.852 -0.132 -15.191
S -78.584 -0.708 -14.774
S -80.42 1.661 -12.4
