tag x y z
V -14.132 72.678 -31.9
Q -13.272 76.131 -30.544
L -14.059 77.403 -27.044
Q -13.976 81.011 -25.837
E -14.342 81.962 -22.179
S -15.712 85.271 -20.919
G -17.073 86.991 -17.828
G -13.919 87.376 -15.736
G -12.733 90.548 -14.018
L -11.929 91.904 -10.575
V -14.143 91.601 -7.5
Q -13.839 91.87 -3.723
A -14.249 89.036 -1.237
G -17.877 87.951 -1.099
G -18.689 89.293 -4.568
S -20.092 87.509 -7.598
L -19.353 86.832 -11.259
R -20.929 84.921 -14.147
L -18.479 83.204 -16.487
S -19.564 82.15 -19.972
C -18.026 79.632 -22.377
A -19.14 79.753 -26.016
A -18.632 76.59 -28.071
S -18.162 76.867 -31.841
G -17.563 73.888 -34.11
R -18.613 70.225 -34.046
I -19.997 69.468 -30.576
F -22.654 66.872 -29.781
S -23.87 68.843 -26.742
T -22.729 71.031 -23.863
N -22.649 68.004 -21.536
V -19.046 67.509 -22.69
M -17.847 70.912 -21.443
G -16.29 71.489 -18.04
W -14.823 74.391 -16.106
F -11.243 74.287 -14.83
R -8.917 76.794 -13.191
Q -5.181 77.292 -12.745
A -3.61 79.744 -10.318
P 0.033 80.81 -10.709
G 2.21 77.945 -9.52
K -0.715 75.556 -8.978
E -1.79 72.824 -11.373
R -4.86 73.203 -13.56
E -7.624 71.812 -11.344
F -11.201 70.72 -11.997
V -14.045 73.057 -11.039
A -17.346 71.759 -12.414
T -19.091 69.817 -15.172
V -22.351 67.974 -15.76
G -23.036 64.686 -14.019
R -23.607 61.335 -15.681
I -27.274 61.2 -14.619
G -29.749 63.95 -15.406
G -30.112 66.603 -12.731
S -26.652 65.956 -11.255
T -23.54 68.134 -11.449
V -19.972 67.437 -10.304
Y -18.243 70.162 -8.282
A -14.731 70.333 -6.885
D -14.472 70.019 -3.115
F -13.564 73.708 -2.763
V -16.8 74.915 -4.404
K -18.803 74.255 -1.217
G -22.102 75.103 -2.898
R -20.959 78.568 -3.988
F -20.739 78.006 -7.754
T -23.561 76.755 -9.978
L -23.251 75.357 -13.504
S -25.955 76.025 -16.09
R -26.304 75.576 -19.832
D -28.211 76.878 -22.858
N -27.955 74.025 -25.367
A -29.745 76.202 -27.935
K -27.172 79.006 -27.772
N -24.576 76.237 -27.235
M -23.216 77.725 -24.021
V -22.516 76.902 -20.381
Y -22.511 79.395 -17.505
L -20.779 79.35 -14.108
Q -22.47 81.576 -11.516
M -19.762 82.211 -8.913
N -20.871 83.618 -5.552
S -19.276 84.288 -2.161
L -15.816 84.617 -3.674
K -12.645 84.353 -1.598
P -8.998 85.311 -2.186
E -8.06 81.658 -2.743
D -10.225 81.563 -5.894
T -7.949 83.922 -7.863
A -6.859 82.065 -11.002
V -7.22 81.707 -14.777
Y -10.481 79.855 -15.451
Y -10.26 77.793 -18.637
C -13.022 75.91 -20.464
G -12.332 72.389 -21.715
A -14.244 69.765 -23.678
R -14.175 66.14 -22.551
I -12.245 64.311 -25.275
G -13.178 60.843 -23.958
G -12.272 58.535 -21.108
S -14.326 57.996 -17.959
D -12.907 60.596 -15.554
R -14.884 63.832 -15.841
L -12.65 65.174 -13.049
A -9.447 64.482 -15.021
P -8.0 67.371 -17.078
E -6.093 64.805 -19.15
N -9.485 63.781 -20.594
Y -10.207 67.336 -21.815
G -9.041 69.373 -24.772
Y -9.778 72.281 -27.089
W -9.011 74.591 -24.176
G -9.768 78.281 -24.599
Q -7.591 81.336 -24.114
G -8.85 81.524 -20.523
T -10.47 84.26 -18.462
Q -8.692 85.871 -15.515
V -10.498 86.159 -12.179
T -8.943 87.932 -9.192
V -10.329 88.264 -5.661
S -9.007 90.779 -3.134
