tag x y z
Q -11.676 -30.96 12.486
V -13.416 -32.619 15.495
Q -16.795 -34.374 16.016
L -18.762 -33.923 19.283
Q -21.462 -36.326 20.566
E -23.82 -35.708 23.549
S -25.826 -38.398 25.413
G -27.449 -38.926 28.843
G -30.457 -36.65 28.299
G -34.101 -37.48 28.825
L -37.307 -37.103 30.823
V -36.934 -36.594 34.564
Q -39.214 -35.416 37.388
A -38.493 -32.11 39.228
G -35.858 -32.77 41.908
G -34.397 -35.545 39.755
S -30.921 -36.123 38.317
L -29.241 -36.765 34.947
R -25.649 -37.33 33.864
L -24.823 -35.916 30.448
S -21.817 -37.229 28.521
C -19.871 -35.707 25.627
A -17.547 -37.775 23.44
A -14.849 -35.942 21.443
S -13.214 -37.511 18.351
G -10.619 -35.931 16.049
R -7.903 -33.213 16.158
I -8.565 -32.55 19.905
F -5.557 -31.984 22.237
S -7.433 -31.516 25.567
T -10.968 -31.768 27.039
N -10.391 -28.295 28.685
V -11.526 -26.738 25.35
M -14.994 -28.443 25.781
G -17.976 -26.58 27.302
W -21.682 -27.292 27.998
F -24.422 -24.969 26.697
R -28.254 -25.127 26.618
Q -31.024 -23.872 24.323
A -34.737 -23.828 25.271
P -37.385 -23.355 22.45
G -37.495 -19.705 21.283
K -34.561 -18.758 23.557
E -30.846 -18.053 22.893
R -28.041 -20.597 23.419
E -26.758 -19.936 26.963
F -23.543 -21.064 28.735
V -23.871 -23.858 31.347
A -20.334 -25.057 32.375
T -16.62 -25.235 31.356
V -13.113 -25.607 32.891
G -11.626 -22.612 34.706
R -8.19 -21.191 33.82
I -6.397 -22.281 37.054
G -6.151 -25.953 38.18
G -9.055 -27.147 40.322
S -11.426 -24.431 39.043
T -14.653 -24.803 36.985
V -16.809 -21.959 35.562
Y -20.585 -22.322 36.044
A -23.487 -20.132 34.873
D -25.378 -18.189 37.602
F -28.464 -20.542 37.333
V -26.407 -23.737 38.16
K -26.335 -22.69 41.895
G -24.208 -25.704 42.955
R -26.617 -28.271 41.361
F -24.464 -29.234 38.31
T -20.897 -30.631 38.248
L -18.477 -30.844 35.309
S -16.102 -33.866 35.313
R -13.605 -35.105 32.702
D -11.844 -38.265 31.455
N -8.896 -36.923 29.361
A -7.892 -40.548 28.463
K -11.34 -41.357 26.919
N -11.746 -37.697 25.611
M -14.961 -37.364 27.671
V -16.636 -34.567 29.645
Y -19.594 -35.235 31.933
L -22.273 -32.967 33.352
Q -23.837 -34.332 36.527
M -27.152 -32.5 36.905
N -28.916 -32.71 40.277
S -31.975 -30.967 41.837
L -33.416 -30.357 38.32
K -36.124 -27.631 38.046
P -38.519 -27.29 35.007
E -36.454 -24.149 34.034
D -33.613 -26.573 33.081
T -35.715 -28.066 30.2
A -33.641 -27.488 27.046
V -31.408 -29.174 24.453
Y -27.943 -29.428 26.011
Y -25.04 -28.854 23.65
C -21.349 -29.651 23.895
G -19.13 -27.218 21.977
A -15.362 -26.758 21.637
R -13.498 -23.455 22.273
I -12.481 -22.477 18.7
G -10.871 -19.199 19.78
G -11.334 -15.79 21.345
S -10.611 -15.191 24.992
D -13.985 -15.652 26.682
R -14.974 -19.22 27.719
L -18.533 -17.944 28.504
A -19.322 -16.678 24.947
P -20.912 -19.29 22.553
E -19.358 -17.384 19.552
N -15.943 -18.681 20.764
Y -17.279 -22.277 20.32
G -17.614 -24.651 17.387
Y -17.855 -28.334 16.32
W -21.206 -28.441 18.25
G -22.927 -31.782 18.691
Q -26.512 -32.632 17.681
G -27.583 -32.007 21.29
T -29.203 -34.008 24.098
Q -32.763 -33.107 25.106
V -33.48 -32.865 28.822
T -37.122 -32.486 29.902
V -37.938 -31.694 33.569
S -41.623 -32.283 34.575
S -43.162 -30.028 37.318
