tag x y z
Q 124.066 171.004 129.025
V 125.53 171.449 132.51
Q 124.749 174.943 133.837
L 125.957 175.628 137.387
Q 123.538 178.453 138.19
E 124.457 180.541 141.229
S 122.244 182.756 143.375
G 122.441 184.771 146.584
G 123.152 188.374 147.451
G 125.786 190.747 146.162
L 125.877 193.667 148.606
V 126.074 193.679 152.402
Q 127.344 195.77 155.297
G 126.521 191.081 158.052
S 125.962 187.545 156.83
L 125.103 186.078 153.434
R 124.349 182.692 151.851
V 125.542 182.332 148.255
S 123.868 179.306 146.668
C 124.522 177.243 143.539
A 121.742 175.29 141.82
A 123.147 172.667 139.453
S 121.349 171.255 136.429
G 122.039 168.775 133.655
R 124.148 166.34 135.697
T 123.851 164.714 139.114
F 126.937 165.847 140.999
T 126.518 163.699 144.107
T 129.597 161.664 143.197
Y 131.48 164.867 142.25
I 133.215 167.33 144.582
M 131.461 170.716 144.523
A 133.613 173.62 145.694
W 133.639 177.407 146.069
F 136.386 179.754 144.868
R 137.134 183.467 145.105
Q 138.679 185.794 142.517
A 139.614 189.254 143.767
P 141.023 191.929 141.434
G 144.451 190.397 140.972
K 143.445 187.343 138.908
E 144.007 184.675 141.585
R 141.231 182.119 142.128
E 141.592 181.404 145.843
F 140.192 178.242 147.409
L 137.386 178.884 149.898
A 135.495 175.666 150.618
A 134.875 172.205 149.189
M 132.902 169.119 150.135
D 133.53 165.498 149.158
Q 130.785 162.873 148.636
G 131.354 161.789 152.255
R 130.293 165.258 153.516
I 133.839 166.306 154.433
Q 134.405 170.047 154.655
Y 137.737 171.302 153.295
Y 138.524 174.944 154.05
G 141.186 177.422 153.066
D 143.414 178.622 155.884
S 142.401 182.268 155.452
V 138.694 181.364 155.55
R 138.614 178.46 158.005
G 136.0 178.858 160.729
R 134.192 181.752 159.025
F 132.549 180.322 155.898
T 130.459 177.153 156.198
I 129.808 174.887 153.208
S 126.817 172.566 152.868
R 125.644 170.36 150.003
D 122.077 169.276 149.292
Y 122.481 165.877 147.648
A 118.779 165.509 146.814
K 118.256 168.901 145.158
N 121.784 168.796 143.612
S 123.137 172.018 145.089
V 125.962 173.432 147.198
D 125.624 176.346 149.625
L 128.211 178.652 151.199
Q 127.17 180.343 154.452
L 129.016 183.659 154.612
D 129.694 184.8 158.166
G 131.775 187.642 159.576
L 132.341 189.485 156.304
R 135.441 191.654 156.412
P 135.709 194.372 153.713
E 138.5 192.333 152.05
D 135.894 189.792 150.859
T 134.763 192.01 147.951
A 135.315 189.606 145.05
V 133.605 187.138 142.698
Y 132.527 183.742 144.053
Y 132.684 180.825 141.613
C 130.733 177.61 142.154
A 132.988 174.799 140.947
A 132.088 171.136 140.501
G 134.687 168.51 139.673
A 136.292 165.23 140.742
G 139.523 166.892 141.767
F 142.611 165.388 140.164
W 145.776 166.88 141.657
G 142.968 168.764 143.284
L 140.75 169.984 146.152
R 142.977 173.088 146.146
T 143.906 173.497 142.463
A 141.589 175.513 140.231
S 142.516 173.424 137.16
S 140.951 170.23 138.548
Y 137.303 171.36 138.524
H 135.817 170.934 135.048
Y 132.501 172.73 135.652
W 132.076 176.36 136.655
G 129.467 178.811 137.834
Q 128.766 182.19 136.304
G 129.976 184.298 139.239
T 128.552 186.465 142.012
Q 129.927 189.964 142.597
V 129.762 190.248 146.389
T 130.443 193.794 147.602
V 131.34 194.329 151.268
S 131.642 198.046 152.02
S 132.542 199.77 155.281
