tag x y z
Q 126.792 175.147 132.144
V 127.779 175.009 135.822
Q 126.836 178.233 137.624
L 128.044 178.908 141.174
Q 125.536 181.581 142.152
E 126.41 183.428 145.357
S 124.598 185.564 147.921
G 125.295 187.084 151.323
G 125.833 190.727 152.195
G 127.528 193.898 151.069
L 127.945 196.164 154.098
V 128.325 195.337 157.792
Q 129.3 197.13 160.992
A 132.798 196.335 162.291
G 131.827 193.922 165.045
G 128.849 192.366 163.304
S 128.377 188.902 161.877
L 127.379 188.023 158.317
R 126.432 184.873 156.398
V 127.655 184.41 152.817
S 126.085 181.522 150.893
C 126.767 179.841 147.553
A 124.206 177.711 145.72
A 125.232 175.419 142.873
S 123.448 174.157 139.778
G 124.307 171.914 136.849
R 126.529 169.471 138.747
T 126.22 167.514 141.989
F 129.185 168.644 144.105
T 128.672 165.988 146.795
A 132.046 164.461 145.846
Y 134.02 167.684 145.269
I 135.681 170.037 147.747
M 133.729 173.3 147.927
A 135.923 176.11 149.23
W 135.971 179.851 149.851
F 138.592 182.413 148.882
R 139.392 186.081 149.401
Q 140.968 188.623 147.045
A 141.919 191.983 148.52
P 142.371 194.919 146.099
G 146.014 194.831 145.09
K 146.53 191.336 146.499
E 146.288 187.735 145.301
R 143.573 185.212 146.134
E 143.802 184.114 149.772
F 142.379 180.841 151.074
L 139.66 181.061 153.73
A 137.889 177.726 154.269
A 137.114 174.37 152.677
M 134.939 171.377 153.498
D 135.64 167.924 152.063
Q 133.069 165.182 151.387
G 133.558 163.768 154.882
R 132.557 167.064 156.574
I 136.164 168.047 157.301
Q 136.721 171.77 157.813
Y 140.055 173.066 156.483
Y 140.603 176.64 157.652
G 143.189 179.232 156.759
D 145.788 180.023 159.392
S 144.989 183.747 159.504
V 141.22 183.171 159.746
R 141.021 180.14 162.032
G 138.429 180.233 164.803
R 136.52 183.193 163.334
F 134.801 181.796 160.238
T 132.792 178.573 160.096
I 132.169 176.779 156.815
S 129.081 174.577 156.545
R 127.834 172.642 153.531
D 124.345 171.42 152.674
Y 124.777 168.229 150.651
A 121.05 167.988 149.881
K 120.623 171.486 148.429
N 124.163 171.332 146.905
S 125.464 174.506 148.527
V 128.119 175.853 150.891
D 127.927 178.52 153.597
L 130.524 180.697 155.326
Q 129.576 182.135 158.722
L 131.434 185.445 158.842
D 132.047 186.333 162.484
G 134.189 188.969 164.173
L 134.727 191.004 161.019
R 137.752 193.25 161.376
P 138.202 196.075 158.823
E 141.105 194.074 157.313
D 138.564 191.606 155.84
T 137.079 193.958 153.223
A 137.526 192.073 149.943
V 135.711 189.973 147.331
Y 134.757 186.475 148.486
Y 134.8 183.737 145.849
C 133.097 180.338 145.895
A 135.127 177.491 144.411
A 134.666 173.772 143.806
G 137.225 171.216 142.689
A 139.003 167.966 143.416
G 142.047 169.599 145.011
F 144.815 168.137 142.842
W 147.994 169.78 144.195
G 145.34 171.681 146.068
L 143.005 172.28 149.052
R 145.071 175.437 149.67
T 146.212 176.221 146.129
A 143.767 178.244 144.035
S 144.838 176.587 140.764
S 143.163 173.278 141.695
Y 139.553 174.526 141.614
H 137.967 174.24 138.177
Y 134.591 175.843 138.981
W 134.412 179.393 140.334
G 131.792 181.766 141.648
Q 131.194 185.328 140.562
G 132.196 187.22 143.71
T 130.629 189.106 146.607
Q 131.91 192.499 147.759
V 131.932 192.406 151.57
T 132.587 195.853 153.044
V 133.429 196.19 156.74
S 132.934 199.791 157.874
S 134.262 201.192 161.145
