tag x y z
V 5.204 20.152 -19.936
Q 8.563 21.699 -21.127
L 9.012 24.067 -24.171
Q 12.626 23.566 -25.505
E 13.685 26.536 -27.786
S 16.396 26.327 -30.517
G 17.427 28.152 -33.73
G 18.134 31.705 -32.444
G 21.419 33.65 -32.297
L 23.4 36.302 -34.261
V 22.703 36.888 -38.012
Q 23.486 39.758 -40.507
A 20.574 42.066 -41.607
G 18.893 40.628 -44.765
G 19.699 37.111 -43.355
S 17.376 34.229 -42.274
L 16.886 32.202 -39.04
R 14.574 29.217 -38.296
L 13.296 28.992 -34.668
S 12.005 25.575 -33.434
C 10.031 24.863 -30.199
A 9.516 21.147 -29.227
A 6.733 20.891 -26.575
S 7.472 17.691 -24.552
G 4.44 16.926 -22.303
S 0.634 16.32 -22.088
I -1.176 18.956 -24.275
F -4.909 18.767 -25.325
S -5.499 17.817 -29.058
I -6.897 21.391 -29.583
N -4.217 24.077 -28.846
T -2.518 27.235 -30.277
M 1.339 27.16 -30.518
G 2.908 30.6 -30.982
W 6.013 32.808 -31.022
Y 6.033 35.98 -28.861
R 9.049 38.379 -28.662
Q 10.154 41.053 -26.118
A 12.518 43.687 -27.663
P 14.763 45.669 -25.207
G 12.696 48.377 -23.373
K 9.382 47.21 -25.028
Q 6.424 45.008 -23.865
R 6.056 41.316 -25.013
E 4.114 41.107 -28.369
L 2.776 38.232 -30.57
V 5.046 37.538 -33.607
A 3.049 34.558 -35.047
A 0.609 31.802 -33.898
I -0.761 28.584 -35.53
H -3.91 26.805 -34.217
S -4.09 22.926 -34.158
G -6.853 23.364 -36.834
G -4.202 25.057 -39.07
S -5.421 28.728 -38.848
T -2.472 31.232 -38.64
N -2.205 34.805 -37.222
Y 0.848 37.106 -37.815
A 1.845 40.624 -36.605
N 1.77 43.16 -39.535
S 5.533 43.98 -38.931
V 6.513 40.317 -39.814
K 3.884 39.604 -42.611
G 5.512 38.476 -45.931
R 8.862 37.714 -44.123
F 8.045 35.259 -41.245
T 6.132 31.913 -41.77
I 4.818 29.786 -38.798
S 4.195 26.013 -39.239
R 3.873 23.055 -36.828
D 5.153 19.444 -37.057
N 2.582 17.058 -38.645
A 2.672 14.536 -35.659
A 4.674 16.129 -32.725
N 3.872 19.307 -30.705
T 6.796 21.223 -32.415
V 6.287 24.734 -33.958
Y 8.736 26.351 -36.503
L 9.096 30.143 -37.226
Q 11.12 30.549 -40.5
M 12.303 34.238 -40.21
N 13.535 35.694 -43.607
S 14.648 39.307 -44.538
L 15.589 39.927 -40.832
K 16.098 43.583 -39.682
P 17.716 45.007 -36.469
E 14.088 45.932 -35.4
D 13.457 42.107 -35.02
T 16.257 41.763 -32.351
A 14.441 40.433 -29.202
V 14.07 37.493 -26.733
Y 11.646 35.135 -28.623
Y 9.3 32.972 -26.414
C 7.514 29.754 -27.465
N 3.892 29.759 -26.074
V 1.279 26.907 -25.924
K -2.391 27.799 -25.169
D -3.987 24.456 -24.078
Y -7.871 24.278 -24.341
G -8.331 21.052 -22.235
A -10.211 22.933 -19.423
V -12.93 23.873 -22.08
L -14.134 26.915 -19.969
Y -10.602 28.524 -19.87
E -7.198 28.295 -21.669
Y -3.964 27.309 -19.792
D -0.692 29.129 -20.816
Y 2.79 27.499 -20.995
W 5.846 29.761 -21.77
G 9.384 28.902 -22.986
Q 12.464 30.281 -21.072
G 13.065 32.334 -24.281
T 15.904 32.239 -26.886
Q 17.88 35.43 -27.813
V 17.771 36.615 -31.47
T 20.116 39.581 -32.333
V 20.177 41.002 -35.939
S 23.233 43.302 -36.702
S 23.374 46.036 -39.448
