tag x y z
Q -79.73 44.209 -39.152
V -80.844 40.483 -39.405
Q -83.787 39.317 -37.141
L -84.905 35.615 -36.697
Q -88.748 35.591 -36.144
E -89.905 32.194 -34.639
S -93.53 30.845 -34.815
G -95.353 27.476 -34.595
G -94.613 26.309 -30.995
G -97.001 26.005 -28.003
L -98.936 23.292 -26.054
V -99.76 19.989 -27.853
Q -100.853 16.477 -26.674
A -98.278 13.598 -26.799
G -98.473 11.769 -30.189
G -99.484 15.121 -31.818
S -97.702 17.297 -34.454
L -96.387 20.928 -34.568
R -94.71 22.875 -37.418
L -92.071 25.467 -36.33
S -91.233 28.248 -38.87
C -88.293 30.743 -38.677
A -88.252 33.708 -41.164
A -84.721 35.276 -41.197
S -85.449 38.939 -42.24
G -82.178 40.689 -43.296
S -79.042 40.329 -45.512
I -77.57 36.737 -45.251
F -74.781 35.254 -47.514
S -76.044 32.904 -50.348
I -74.176 30.001 -48.599
N -75.556 29.373 -45.048
T -76.863 26.628 -42.673
M -80.34 27.241 -41.071
G -81.005 25.1 -37.955
W -83.274 24.335 -34.975
Y -81.587 23.946 -31.549
R -83.521 23.227 -28.291
Q -82.7 23.646 -24.539
A -84.78 21.425 -22.152
P -85.019 22.747 -18.51
G -81.709 22.281 -16.556
K -79.869 20.804 -19.637
Q -77.486 22.358 -22.255
R -78.63 23.483 -25.772
E -78.53 20.619 -28.389
L -78.968 20.56 -32.226
V -82.45 19.213 -33.214
A -82.122 19.588 -37.048
A -80.147 21.675 -39.627
I -80.366 22.22 -43.449
H -77.512 23.69 -45.626
S -78.254 26.204 -48.511
G -77.002 23.357 -50.818
G -79.864 21.169 -49.406
S -77.835 18.726 -47.177
T -79.673 17.889 -43.856
N -78.431 16.737 -40.377
Y -80.755 15.478 -37.53
A -80.118 14.445 -33.866
N -80.735 10.636 -33.397
S -83.536 11.378 -30.788
V -85.659 13.219 -33.485
K -84.746 11.074 -36.622
G -87.834 9.678 -38.466
R -90.204 12.031 -36.479
F -88.873 15.582 -37.239
T -88.288 16.808 -40.873
I -86.35 20.092 -41.628
S -86.94 21.982 -44.927
R -86.227 25.578 -46.077
D -88.3 27.983 -48.231
N -87.499 28.002 -52.007
A -87.16 31.894 -52.229
A -86.979 33.475 -48.68
N -84.509 32.612 -45.841
T -87.232 30.683 -43.891
V -86.668 27.202 -42.28
Y -89.529 24.785 -41.258
L -89.256 21.97 -38.604
Q -92.324 19.653 -39.02
M -92.382 17.857 -35.576
N -94.563 14.625 -35.617
S -95.032 11.881 -32.895
L -94.104 14.461 -30.159
K -93.154 13.122 -26.648
P -92.889 14.967 -23.258
E -89.047 14.499 -23.596
D -89.197 17.022 -26.568
T -90.563 19.834 -24.257
A -87.931 22.663 -24.507
V -87.201 26.261 -25.672
Y -86.549 25.822 -29.477
Y -84.071 28.361 -31.064
C -83.751 29.184 -34.787
N -80.04 29.485 -35.818
V -78.431 30.864 -39.054
K -74.677 30.156 -39.684
D -73.67 32.811 -42.328
Y -70.421 31.965 -44.309
G -69.938 35.495 -45.878
A -66.702 36.112 -43.881
V -65.176 33.01 -45.742
L -62.519 32.453 -42.948
Y -65.152 32.179 -40.101
E -68.917 31.503 -39.651
Y -71.166 34.209 -38.054
D -74.075 33.014 -35.796
Y -77.56 34.597 -35.575
W -79.927 33.268 -32.794
G -83.688 33.851 -32.283
Q -85.177 34.733 -28.828
G -86.564 31.124 -28.789
T -90.192 29.803 -28.822
Q -91.552 27.516 -26.015
V -92.743 24.006 -27.022
T -94.45 21.975 -24.186
V -95.713 18.379 -24.874
S -98.004 16.807 -22.13
S -99.09 13.093 -21.681
