tag x y z
Q 22.63 23.208 29.645
V 20.389 26.181 30.431
Q 20.219 29.151 28.046
L 18.89 32.506 29.309
Q 18.302 35.485 26.991
E 17.161 38.896 28.248
S 15.43 41.667 26.322
G 13.44 44.849 26.753
G 16.064 47.239 28.067
G 17.207 50.615 26.919
S 17.24 54.271 27.807
V 14.365 55.768 29.762
Q 13.658 58.906 31.762
A 13.342 58.927 35.545
G 9.792 58.187 36.624
G 9.338 55.952 33.588
S 8.459 52.286 33.222
L 10.093 49.323 31.486
R 9.364 45.609 31.255
L 12.317 43.268 30.871
S 11.89 39.724 29.614
C 14.079 36.663 29.891
V 13.432 33.498 27.913
V 14.787 30.138 29.071
S 15.458 26.924 27.198
G 17.164 23.654 27.969
N 17.009 21.048 30.713
T 16.348 23.128 33.824
G 14.626 20.654 36.113
S 11.388 21.542 37.839
T 12.556 23.483 40.918
G 14.896 26.314 41.771
Y 15.5 30.039 41.672
W 14.996 32.392 38.744
A 16.348 35.844 39.484
W 17.164 39.303 38.192
F 20.489 40.924 39.033
R 21.832 44.303 38.102
Q 25.497 45.112 37.666
R 26.17 42.583 41.11
E 23.055 43.229 43.196
G 20.092 40.903 43.609
V 16.967 42.743 42.422
A 14.183 40.145 42.633
A 13.865 36.372 42.519
T 11.256 33.637 42.414
Y 11.677 30.17 43.873
T 9.53 27.502 42.23
A 8.888 24.438 44.397
G 8.016 20.912 43.313
S 4.333 21.364 44.156
T 3.862 26.83 44.318
S 6.326 29.726 44.326
M 7.897 32.287 46.631
T 9.047 35.728 45.528
Y 11.68 38.061 46.985
Y 12.594 41.708 46.384
A 15.53 43.903 47.308
D 14.415 46.645 49.687
S 15.379 49.364 47.177
V 12.904 48.112 44.541
K 9.962 46.929 46.682
G 6.747 48.548 45.508
R 8.356 49.652 42.238
F 9.41 46.389 40.567
T 7.41 43.194 40.095
I 8.85 39.862 39.036
S 6.59 37.327 37.37
Q 6.917 34.305 35.159
D 4.831 32.801 32.369
N 5.561 29.112 32.844
A 3.855 28.184 29.559
K 6.018 30.652 27.596
K 9.164 29.936 29.684
T 9.555 33.672 30.221
L 10.548 35.646 33.312
Y 9.458 39.282 33.514
L 10.748 42.243 35.451
Q 8.183 45.034 35.469
M 9.908 48.266 36.451
N 7.82 51.276 37.417
S 8.857 54.64 38.857
L 12.412 54.204 37.609
K 15.196 56.139 39.345
P 18.711 56.903 38.071
E 20.297 54.498 40.55
D 18.353 51.715 38.833
T 20.74 52.117 35.882
G 22.728 48.968 35.194
M 23.145 45.824 33.152
Y 20.187 43.636 34.123
R 21.027 39.953 33.942
C 18.828 37.019 34.629
A 20.211 33.999 36.454
S 18.899 30.613 37.478
T 19.931 27.752 39.71
R 18.509 24.547 41.121
F 19.557 25.492 44.659
A 20.738 28.505 46.605
G 20.91 29.566 50.208
R 20.466 33.296 49.688
W 18.472 34.287 46.623
Y 20.43 37.528 46.304
R 23.94 36.028 46.28
D 25.137 36.009 42.676
S 27.859 33.437 43.399
E 25.203 30.769 44.043
Y 23.778 30.924 40.524
R 24.81 28.379 37.898
A 23.285 29.854 34.731
W 23.508 33.464 33.484
G 22.236 35.506 30.585
Q 24.334 38.187 28.901
G 21.957 40.893 30.108
T 19.986 43.886 28.852
Q 21.185 47.416 29.634
V 18.903 49.885 31.439
T 19.927 53.544 31.557
V 17.693 55.895 33.548
S 18.237 59.609 32.853
