tag x y z
D -6.671 -23.549 -4.381
V -8.938 -24.737 -7.165
Q -8.961 -28.262 -8.535
L -9.907 -28.767 -12.169
V -10.93 -32.17 -13.575
V -10.853 -32.145 -13.61
E -11.51 -32.954 -17.253
S -13.777 -35.614 -18.659
S -13.758 -35.62 -18.697
G -14.476 -36.64 -22.238
G -12.05 -37.005 -25.091
G -10.759 -39.767 -27.369
S -11.138 -40.497 -31.046
V -13.431 -38.751 -33.43
Q -13.819 -38.868 -37.211
A -13.057 -35.757 -39.313
G -16.199 -33.702 -39.532
G -17.409 -35.229 -36.297
S -18.058 -33.775 -32.845
L -16.778 -34.366 -29.311
R -17.646 -32.718 -25.993
R -17.601 -32.705 -25.989
L -15.089 -32.072 -23.237
S -16.064 -31.18 -19.702
S -16.051 -31.127 -19.724
C -14.124 -29.42 -16.902
A -15.328 -29.46 -13.307
A -13.912 -26.994 -10.811
S -13.915 -27.487 -7.062
G -12.251 -25.863 -4.049
S -12.003 -22.067 -3.808
T -14.312 -21.768 -6.789
D -16.003 -18.597 -5.725
S -13.257 -16.387 -6.997
I -12.999 -18.13 -10.438
E -12.912 -15.486 -13.173
Y -12.137 -17.341 -16.409
M -12.418 -21.002 -17.307
M -12.479 -21.025 -17.323
T -10.508 -21.723 -20.512
W -9.478 -24.558 -22.788
F -5.869 -24.829 -24.01
R -4.397 -27.422 -26.282
Q -1.02 -28.746 -27.277
A -0.618 -30.561 -30.583
P 2.23 -33.025 -31.225
G 5.52 -31.196 -31.412
K 3.978 -27.775 -30.765
A 3.576 -25.284 -28.013
R 0.463 -25.004 -25.876
E -2.031 -22.464 -27.191
G -5.231 -20.943 -25.828
V -8.292 -22.307 -27.691
A -11.426 -20.848 -26.045
A -11.855 -18.701 -22.975
L -15.025 -18.001 -21.022
Y -15.469 -15.143 -18.562
T -17.738 -16.787 -15.993
H -19.483 -13.704 -14.629
T -20.863 -12.587 -17.992
G -20.656 -15.667 -20.223
N -18.522 -13.781 -22.756
T -16.297 -16.014 -24.862
Y -13.031 -15.579 -26.76
Y -11.646 -17.94 -29.412
T -8.414 -18.496 -31.282
D -8.897 -17.871 -34.973
S -8.319 -21.492 -36.096
V -11.378 -22.762 -34.181
K -13.875 -19.932 -34.641
G -17.279 -21.178 -35.719
R -16.397 -24.823 -35.0
F -15.704 -24.924 -31.265
T -18.058 -23.588 -28.582
I -17.133 -23.028 -24.963
S -20.035 -22.823 -22.485
Q -20.592 -23.155 -18.748
D -22.885 -24.102 -15.93
K -21.773 -21.45 -13.439
A -23.969 -22.794 -10.617
K -22.157 -26.155 -10.958
N -18.696 -24.688 -11.641
M -18.548 -26.49 -14.967
A -17.084 -25.498 -18.324
Y -17.662 -27.36 -21.559
L -15.901 -27.451 -24.931
R -18.07 -28.623 -27.837
M -15.795 -29.43 -30.732
D -17.849 -29.616 -33.963
S -16.621 -30.182 -37.548
V -13.254 -31.385 -36.235
K -10.165 -31.343 -38.439
S -6.863 -33.164 -38.601
S -6.872 -33.238 -38.314
E -5.095 -30.123 -37.056
D -7.324 -30.439 -33.886
T -5.544 -33.561 -32.679
A -3.979 -32.536 -29.362
I -3.964 -32.799 -25.607
Y -6.742 -30.426 -24.396
T -6.232 -28.932 -20.905
C -8.666 -26.943 -18.791
G -7.311 -23.834 -17.095
A -8.747 -21.335 -14.639
T -7.779 -18.196 -12.908
R -8.993 -16.211 -9.961
K -7.79 -12.949 -11.395
A -9.666 -10.566 -13.602
V -7.394 -10.872 -16.591
P -7.801 -8.312 -19.372
V -9.578 -9.85 -22.338
R -6.498 -9.331 -24.518
F -4.517 -11.733 -22.31
A -7.283 -14.319 -21.776
L -5.767 -16.826 -24.276
D -2.257 -16.654 -22.872
D -2.215 -16.559 -22.813
Q -1.264 -19.56 -20.658
S 0.717 -17.372 -18.265
S -2.579 -15.736 -17.238
Y -3.755 -18.968 -15.646
D -3.187 -20.273 -12.121
Y -4.951 -23.665 -12.099
W -4.758 -26.554 -14.545
G -6.475 -29.903 -15.19
Q -4.774 -33.102 -16.301
G -5.087 -32.816 -20.086
T -7.256 -35.062 -22.235
T -7.246 -35.047 -22.224
Q -6.284 -36.56 -25.591
V -8.416 -35.923 -28.615
T -7.447 -37.777 -31.816
V -9.05 -36.98 -35.177
S -8.937 -39.941 -37.546
