tag x y z
V 10.426 -24.681 22.602
Q 10.458 -28.233 21.133
L 9.409 -28.649 17.55
V 8.088 -31.991 16.534
E 8.057 -32.842 12.825
S 5.998 -35.518 11.174
G 5.38 -36.633 7.591
G 7.923 -36.964 4.825
G 9.666 -39.688 3.018
S 9.451 -40.765 -0.539
V 7.32 -39.038 -3.145
Q 7.182 -39.128 -7.013
A 7.834 -36.183 -9.377
G 4.883 -33.932 -9.973
G 3.316 -35.418 -6.831
S 2.439 -34.013 -3.42
S 2.503 -34.01 -3.417
L 3.61 -34.467 0.171
R 2.564 -32.744 3.457
L 4.879 -32.049 6.348
S 3.603 -31.145 9.849
S 3.62 -31.056 9.807
C 5.312 -29.377 12.749
A 3.765 -29.29 16.228
A 5.133 -26.611 18.617
S 5.662 -27.098 22.431
G 4.265 -24.83 25.204
S 1.879 -21.922 24.945
T 0.603 -20.808 21.488
D 0.958 -17.113 22.142
S 4.731 -16.436 22.193
I 5.581 -18.184 18.912
E 6.074 -15.576 16.206
Y 7.21 -17.22 13.024
M 7.102 -20.88 12.089
M 7.012 -20.896 12.055
T 9.231 -21.465 9.025
W 10.344 -24.449 7.052
F 13.999 -24.734 6.031
R 15.726 -27.385 3.945
Q 19.157 -28.629 3.145
A 19.79 -30.414 -0.172
P 22.835 -32.461 -1.238
G 25.819 -30.12 -1.736
K 24.105 -26.951 -0.471
A 23.682 -24.973 2.781
R 20.373 -24.893 4.772
E 17.966 -22.46 3.088
G 14.701 -20.913 3.991
V 11.753 -22.374 2.019
A 8.503 -20.953 3.442
A 7.824 -18.733 6.437
L 4.574 -18.077 8.206
Y 3.959 -15.223 10.63
T 1.517 -16.868 13.023
H -0.257 -13.72 14.294
T -1.355 -12.518 10.866
G -1.087 -15.601 8.653
N 1.26 -13.833 6.289
T 3.515 -16.109 4.196
Y 6.879 -15.682 2.495
Y 8.36 -18.106 -0.002
T 11.769 -18.686 -1.603
D 11.624 -18.086 -5.389
S 12.187 -21.734 -6.395
V 8.987 -22.994 -4.632
K 6.574 -20.093 -5.304
G 3.309 -21.445 -6.616
R 4.153 -25.081 -5.767
F 4.425 -25.059 -1.967
T 1.928 -23.824 0.566
I 2.652 -23.092 4.25
S -0.352 -22.949 6.562
Q -1.261 -23.284 10.23
D -3.725 -24.26 12.94
K -2.65 -21.658 15.501
A -4.857 -23.012 18.283
K -2.752 -26.229 18.182
N 0.635 -24.612 17.716
M 0.69 -26.533 14.265
A 2.296 -25.482 11.02
Y 1.992 -27.345 7.737
L 3.977 -27.456 4.514
R 2.134 -28.865 1.517
M 4.427 -29.573 -1.337
D 2.52 -29.68 -4.667
S 4.053 -30.254 -8.146
V 7.294 -31.581 -6.387
K 10.542 -31.645 -8.46
S 14.028 -33.251 -8.047
E 15.412 -30.098 -6.426
D 12.963 -30.606 -3.584
T 14.859 -33.584 -2.332
A 16.341 -32.459 0.94
I 16.244 -32.7 4.721
Y 13.379 -30.344 5.84
T 13.507 -28.74 9.256
C 10.937 -26.401 10.908
G 12.27 -23.444 12.838
A 10.486 -20.979 15.068
T 11.098 -17.725 16.935
T 11.147 -17.866 17.03
R 9.583 -16.213 20.059
K 10.491 -12.656 18.963
Y 9.523 -10.707 15.841
V 11.891 -10.91 12.88
P 11.774 -8.349 10.05
V 10.174 -9.879 6.94
R 13.383 -9.38 4.963
F 15.227 -11.806 7.276
A 12.375 -14.284 7.704
L 13.949 -16.866 5.399
D 17.43 -16.68 6.958
Q 18.442 -19.532 9.292
S 20.312 -17.181 11.66
S 16.922 -15.564 12.451
Y 15.63 -18.744 14.196
D 16.243 -19.984 17.685
Y 14.24 -23.255 17.895
W 14.517 -26.184 15.53
G 12.963 -29.612 14.902
Q 14.761 -32.818 13.8
G 14.918 -32.695 10.077
T 12.713 -34.896 8.012
Q 13.952 -36.417 4.792
V 11.902 -35.879 1.642
T 12.98 -37.797 -1.529
V 11.552 -37.029 -5.009
S 11.705 -39.802 -7.595
