tag x y z
V -7.426 -22.866 71.52
Q -6.026 -20.879 74.463
L -2.581 -19.434 75.21
V -2.095 -18.174 78.778
E 1.088 -16.262 79.602
S 2.642 -15.987 83.057
G 5.859 -15.062 84.819
G 5.963 -11.347 84.019
G 6.333 -8.461 86.409
L 8.597 -5.594 87.426
V 12.36 -5.727 87.991
Q 15.394 -3.438 88.194
A 17.998 -3.174 85.448
G 20.241 -6.229 85.34
G 17.627 -8.47 86.958
S 16.082 -11.593 85.508
L 12.625 -12.978 84.743
R 11.237 -16.209 83.28
L 8.029 -16.268 81.243
S 5.818 -19.323 80.781
C 3.039 -20.071 78.296
T 0.771 -23.089 78.726
A -1.198 -24.21 75.676
S -4.737 -25.578 75.403
G -6.082 -27.975 72.763
F -3.909 -28.263 69.645
T -0.868 -30.443 69.121
F 1.811 -28.266 70.749
D 4.754 -30.437 69.672
D 3.98 -30.036 65.94
Y 3.743 -26.216 65.965
T 6.456 -23.558 65.835
M 6.08 -21.526 69.032
G 7.332 -17.971 69.408
W 7.568 -14.905 71.624
F 6.616 -11.382 70.531
R 6.775 -8.047 72.329
Q 5.112 -4.656 71.865
A 6.673 -1.456 73.203
P 4.401 1.425 74.329
G 3.529 3.412 71.218
K 5.476 1.131 68.856
E 4.517 -1.789 66.643
R 4.682 -5.419 67.736
E 8.081 -6.978 67.012
G 9.348 -10.547 67.143
V 11.696 -11.73 69.89
S 12.36 -15.459 69.512
Y 10.788 -18.597 68.079
T 11.589 -22.299 67.971
G 10.165 -25.154 65.942
W 10.169 -26.276 62.306
G 14.933 -30.515 62.056
S 14.544 -27.904 64.791
T 15.371 -24.225 64.258
T 15.512 -21.614 67.022
Y 15.702 -17.866 66.396
Y 16.801 -14.878 68.479
T 16.676 -11.177 67.598
D 19.871 -9.071 67.79
S 18.576 -7.013 70.73
V 18.043 -10.171 72.833
K 21.065 -12.106 71.512
G 23.066 -13.845 74.232
R 20.673 -12.731 76.987
F 17.376 -14.494 76.204
T 16.743 -18.239 75.996
I 13.672 -19.963 74.552
S 12.74 -23.56 75.396
R 9.722 -25.834 75.108
D 8.3 -28.793 77.031
N 6.262 -30.986 74.683
A 5.029 -33.164 77.563
K 3.484 -30.274 79.525
N 2.702 -28.164 76.382
T 4.553 -25.175 77.84
L 6.837 -22.577 76.25
Y 9.498 -20.759 78.276
L 11.526 -17.56 77.855
Q 14.446 -17.078 80.259
M 15.286 -13.354 80.207
N 18.651 -12.61 81.835
S 20.512 -9.27 82.119
L 17.403 -7.179 81.553
K 17.809 -3.695 80.006
P 15.222 -0.869 80.172
E 14.748 -1.178 76.388
D 13.259 -4.665 76.992
T 10.184 -3.09 78.638
A 7.118 -4.277 76.7
M 4.088 -6.53 76.864
Y 5.256 -9.99 75.829
Y 2.996 -12.221 73.722
C 3.153 -15.979 73.115
A 2.23 -16.926 69.543
A 1.887 -20.114 67.499
A 2.375 -20.938 63.814
R 1.578 -24.084 61.85
Y 3.449 -23.666 58.561
S 10.488 -22.407 52.606
Q 11.408 -19.69 55.113
V 9.154 -19.165 58.14
R 8.11 -15.525 58.613
W 6.298 -13.327 61.133
T 2.872 -13.404 59.453
D 2.62 -17.193 59.896
F 1.782 -16.79 63.599
I -2.004 -17.111 63.813
Y -2.911 -18.115 67.382
W -2.015 -15.526 70.029
G -2.225 -15.049 73.779
Q -3.391 -12.112 75.861
G 0.155 -11.258 76.958
T 2.058 -10.392 80.109
Q 3.784 -7.192 81.213
V 7.537 -6.979 81.684
T 8.807 -3.702 83.151
V 12.522 -2.985 83.589
S 13.014 0.268 85.494
S 16.173 2.314 86.018
