tag x y z
Q -2.665 34.705 -66.509
V -1.812 31.692 -68.683
Q -0.593 31.859 -72.279
L 0.518 29.176 -74.738
V 2.233 30.079 -78.04
E 2.607 27.49 -80.827
S 5.658 27.822 -83.096
G 7.162 25.503 -85.675
G 4.472 24.478 -88.101
G 4.444 25.371 -91.75
S 4.297 23.337 -94.946
V 6.232 20.022 -95.302
Q 5.976 17.113 -97.779
S 5.162 13.503 -96.918
G 7.587 11.603 -94.718
G 8.878 14.904 -93.309
S 10.111 15.757 -89.799
L 8.235 18.604 -88.088
T 8.505 19.675 -84.483
L 6.103 22.103 -82.775
S 6.855 24.042 -79.594
C 4.114 25.226 -77.234
A 5.954 27.835 -75.17
A 3.932 28.366 -72.032
S 3.591 31.138 -69.47
G 2.005 31.319 -66.024
S 1.48 27.573 -66.16
T 3.189 25.194 -63.789
Y 4.073 21.588 -64.34
S 3.0 21.122 -60.721
S -0.532 22.406 -61.318
H -1.085 21.928 -65.059
C -0.99 19.301 -67.812
M -0.455 19.912 -71.529
G -1.803 18.386 -74.745
W -2.235 18.931 -78.5
F -5.317 19.085 -80.686
R -5.844 19.978 -84.369
Q -8.507 20.885 -86.952
A -8.572 19.964 -90.671
P -10.735 22.038 -91.235
G -14.104 20.942 -92.5
K -13.985 18.347 -89.735
E -14.103 18.624 -85.982
R -11.446 19.09 -83.293
E -9.514 15.958 -82.362
G -7.087 15.036 -79.627
V -3.591 14.216 -80.856
A -0.992 13.686 -78.111
L -1.773 14.563 -74.499
M 0.191 14.259 -71.289
T -1.805 12.042 -68.937
R -1.684 11.127 -65.255
S -1.85 7.355 -65.687
R -0.243 6.435 -68.997
G 2.714 8.486 -69.989
T 1.131 10.099 -72.957
S -2.117 9.267 -74.603
Y -1.643 9.373 -78.33
A -4.405 8.984 -80.852
D -4.522 5.755 -82.83
S -3.565 7.477 -86.102
V -0.535 9.512 -84.942
K 0.664 6.691 -82.676
G 4.256 5.613 -83.273
R 4.94 8.591 -85.554
F 4.632 11.594 -83.261
T 6.793 12.114 -80.176
I 5.788 14.498 -77.367
S 7.646 15.963 -74.4
Q 7.375 18.529 -71.587
D 10.243 20.741 -70.356
N 9.454 22.455 -67.052
T 12.898 24.096 -67.149
K 11.875 26.397 -70.008
N 8.2 25.368 -69.573
I 7.434 24.213 -73.151
L 5.477 21.261 -74.59
Y 6.779 19.621 -77.768
L 5.413 17.609 -80.686
Q 8.018 15.819 -82.827
M 6.207 14.64 -85.943
N 8.158 12.061 -87.964
S 7.149 10.483 -91.302
L 4.237 12.831 -91.927
K 0.933 11.894 -93.638
P -1.19 14.334 -95.647
E -4.188 13.342 -93.56
D -2.198 14.98 -90.768
T -2.743 18.23 -92.706
A -4.365 20.511 -90.137
M -4.003 23.379 -87.651
Y -2.555 22.419 -84.27
Y -3.274 24.012 -80.893
C -1.92 23.218 -77.432
A -4.236 23.272 -74.479
A -3.456 22.986 -70.795
V -5.509 21.892 -67.778
P -5.342 22.001 -63.989
R -4.634 18.897 -61.885
A -5.985 18.15 -58.444
G -4.964 18.104 -54.81
I -2.923 14.956 -54.412
E -5.848 13.613 -52.474
S -7.2 12.988 -55.954
G -3.936 11.727 -57.447
A -2.558 14.806 -59.219
Y -5.004 13.99 -62.001
C -5.11 16.215 -65.039
K -8.587 17.509 -65.72
W -8.361 16.744 -69.41
N -11.91 15.879 -69.875
M -13.656 17.922 -67.544
K -14.001 20.85 -69.685
D -11.673 21.813 -72.394
S -12.376 25.351 -71.778
G -9.027 25.715 -70.169
S -5.803 27.404 -71.256
W -5.652 27.258 -75.05
G -3.693 28.866 -77.889
Q -4.039 30.205 -81.421
G -2.96 26.907 -82.85
T -0.323 26.616 -85.464
Q -1.101 25.088 -88.756
V 0.712 22.23 -90.478
T 0.446 21.418 -94.209
V 1.344 18.02 -95.688
S 1.514 17.817 -99.508
S 2.102 14.969 -101.971
