tag x y z
S 3.558 -41.266 -0.34
Q 0.29 -39.395 0.16
V -0.489 -39.779 3.886
Q 1.538 -37.331 6.029
L 1.183 -36.799 9.79
E 1.963 -33.427 11.41
E 2.643 -33.434 15.159
S 2.432 -30.599 17.659
G 2.647 -30.079 21.404
G 4.786 -31.851 23.98
G 7.239 -30.038 26.222
S 8.224 -30.216 29.875
V 6.42 -30.102 33.232
Q 7.029 -31.346 36.74
A 5.598 -34.675 37.874
G 1.862 -34.459 38.515
G 1.333 -31.72 35.922
S -0.248 -31.976 32.501
L 0.682 -31.729 28.828
R -1.134 -32.205 25.537
L -0.054 -33.677 22.201
S -1.804 -33.145 18.88
C -1.517 -34.694 15.435
A -3.107 -34.01 12.052
A -3.321 -36.368 9.075
S -3.146 -35.349 5.416
G -3.422 -37.192 2.103
Y -5.907 -39.972 2.838
M -8.068 -40.546 -0.209
Y -11.665 -39.44 0.201
S -14.094 -42.304 0.788
T -17.235 -42.196 2.936
Y -17.199 -45.978 3.481
S -13.557 -46.103 4.694
T -11.9 -44.921 7.892
Y -8.629 -45.216 9.779
C -7.153 -45.149 13.271
M -4.719 -42.66 14.785
G -2.707 -42.553 17.975
W 0.646 -42.409 19.72
F 3.43 -44.825 20.431
R 6.155 -43.741 22.814
Q 9.731 -44.75 23.504
A 11.092 -44.093 26.981
P 14.806 -43.689 27.762
G 16.507 -47.053 27.471
K 13.207 -48.858 26.794
E 11.305 -50.519 23.966
R 8.617 -48.615 22.089
E 5.061 -49.161 23.343
G 1.608 -48.082 22.22
V -0.007 -45.386 24.348
A -3.5 -44.608 23.055
F -5.431 -44.886 19.807
I -8.699 -43.675 18.333
K -10.668 -45.065 15.404
R -11.667 -41.805 13.735
G -14.758 -43.335 12.155
D -16.588 -44.3 15.362
H -14.556 -42.474 18.088
S -13.778 -45.771 19.868
T -10.509 -45.703 21.809
Y -7.755 -47.956 23.153
Y -5.46 -47.086 26.064
T -2.489 -48.973 27.413
D -3.196 -49.988 31.003
S -0.391 -47.773 32.356
V -2.182 -44.563 31.307
K -5.878 -45.361 31.83
G -7.518 -42.628 33.869
R -4.626 -40.206 33.323
F -4.478 -39.9 29.512
T -7.466 -39.389 27.214
I -7.293 -39.387 23.404
S -9.772 -37.132 21.627
Q -10.521 -35.969 18.1
D -11.534 -32.438 17.159
S -14.369 -32.64 14.636
A -13.788 -29.073 13.42
K -9.976 -28.933 13.243
N -9.45 -32.398 11.68
T -7.0 -33.185 14.504
V -6.513 -35.787 17.203
S -5.046 -34.915 20.567
L -3.78 -36.68 23.674
Q -4.413 -35.033 27.047
M -1.925 -36.296 29.654
N -2.846 -35.632 33.298
N -1.037 -36.54 36.522
L 2.17 -37.091 34.58
K 4.782 -39.433 36.075
P 8.516 -39.821 35.404
E 7.717 -43.118 33.669
D 5.888 -41.1 30.979
T 8.981 -39.224 29.792
A 9.541 -40.405 26.217
I 9.572 -39.459 22.577
Y 5.942 -39.799 21.435
Y 5.247 -40.716 17.807
C 1.945 -40.1 16.116
A 0.878 -42.984 13.898
A -1.975 -43.867 11.541
D -2.973 -46.982 9.59
F -3.994 -47.822 6.029
A -7.603 -46.857 5.353
H -9.992 -49.707 6.031
S -13.549 -50.769 6.633
F -15.692 -49.296 9.388
L -16.481 -52.87 10.395
L -12.984 -53.27 11.961
S -12.391 -52.3 15.606
V -9.742 -49.797 16.728
H -6.157 -50.92 16.065
S -3.335 -50.766 18.594
G -0.291 -52.888 17.559
A 2.768 -51.348 15.946
G 2.422 -53.986 13.241
Q -1.001 -52.576 12.349
Y 0.242 -48.975 11.899
S 1.953 -47.789 8.74
Y 2.341 -43.974 8.797
W 4.549 -42.274 11.386
G 5.268 -38.786 12.63
Q 8.756 -37.55 13.377
Q 8.757 -37.541 13.359
G 8.383 -37.736 17.154
T 7.793 -35.185 19.89
Q 9.677 -35.068 23.178
V 7.682 -35.244 26.422
T 9.636 -34.708 29.648
V 8.45 -35.143 33.224
S 10.616 -33.357 35.827
S 10.93 -34.123 39.55
