tag x y z
Q 115.576 56.253 103.475
V 117.295 58.966 101.445
Q 118.954 57.288 98.462
L 120.803 58.731 95.475
Q 121.867 56.837 92.353
E 123.701 58.098 89.285
S 123.915 57.23 85.6
G 126.241 57.888 82.655
G 130.002 57.844 82.425
G 132.516 55.92 80.365
L 135.301 56.867 77.987
V 134.51 59.701 75.568
Q 136.824 61.202 72.94
P 137.702 64.902 73.456
G 135.097 66.901 71.615
G 132.337 64.467 72.552
S 128.99 65.022 74.242
L 127.625 63.284 77.329
R 124.466 63.269 79.446
L 124.801 62.722 83.2
S 121.531 61.855 84.929
C 121.091 61.729 88.703
A 118.058 59.961 90.181
A 117.156 60.424 93.834
S 114.408 59.023 96.027
G 113.312 59.179 99.636
F 112.424 62.854 100.034
T 110.635 65.822 98.494
F 112.811 66.87 95.596
S 111.304 70.16 94.515
N 112.012 72.42 97.473
Y 115.797 72.844 97.771
K 119.043 73.346 95.889
M 121.178 70.974 93.868
N 124.888 70.96 93.077
W 127.093 68.966 90.73
V 130.534 68.263 92.178
R 133.424 66.482 90.471
Q 136.484 64.717 91.862
A 139.8 64.954 90.042
P 142.486 62.354 90.841
G 145.328 63.753 92.906
K 143.292 66.756 94.05
G 140.53 67.314 96.575
L 136.915 68.035 95.721
E 135.961 70.868 93.379
W 132.492 72.271 92.784
V 131.159 72.472 89.214
S 127.622 73.798 88.904
D 124.579 74.928 90.88
I 120.822 75.087 90.275
S 118.071 76.407 92.539
Q 114.785 74.827 93.552
S 112.891 75.744 90.369
G 115.627 76.366 87.826
A 115.523 80.128 88.381
S 119.17 80.758 89.306
I 121.812 78.586 87.631
S 125.54 79.215 87.72
Y 128.489 77.355 86.213
T 131.853 78.044 87.765
G 135.438 77.593 86.748
S 136.555 76.506 83.299
V 133.244 74.741 82.573
K 131.453 77.998 81.771
G 129.232 77.774 78.721
R 130.485 74.449 77.388
F 128.35 72.57 79.94
T 124.709 73.185 80.882
I 122.594 71.688 83.662
S 118.863 71.587 84.341
R 116.511 69.611 86.533
D 113.185 67.783 86.525
N 111.098 68.196 89.667
A 108.364 65.677 88.901
K 110.782 62.93 87.851
N 113.264 63.516 90.74
T 116.116 63.996 88.306
L 119.167 66.151 87.637
Y 120.449 66.599 84.07
L 123.96 67.741 83.141
Q 124.632 67.992 79.398
M 128.305 68.403 78.551
N 129.916 69.386 75.254
S 133.608 69.784 74.344
L 135.34 67.708 77.014
K 139.057 67.788 77.794
P 141.794 65.633 79.358
E 141.435 67.523 82.654
D 137.747 66.625 83.081
T 138.755 63.013 83.775
A 136.811 62.81 86.989
V 134.285 61.109 89.203
Y 130.982 62.983 89.225
Y 128.687 63.151 92.261
C 125.309 64.852 92.397
A 125.254 66.62 95.749
R 122.399 68.02 97.776
C 121.731 71.076 99.904
P 121.705 70.075 103.595
A 118.451 71.819 104.489
P 115.253 72.865 102.715
F 114.41 76.464 101.788
T 118.004 77.717 101.973
R 120.066 80.005 99.791
D 123.213 78.486 101.37
C 124.973 75.198 100.597
F 128.037 73.449 102.068
D 128.307 70.009 100.488
V 131.142 70.064 98.012
T 134.351 70.414 100.008
S 133.439 67.709 102.49
T 135.755 64.845 103.344
T 132.566 62.878 103.827
Y 128.95 63.942 103.509
A 125.618 62.228 103.973
Y 123.555 63.286 100.937
R 125.535 62.478 97.78
G 125.747 59.287 95.779
Q 128.723 57.219 94.762
G 128.656 58.729 91.338
T 129.744 57.916 87.804
Q 133.224 58.031 86.282
V 134.001 60.01 83.127
T 137.285 59.537 81.27
V 138.734 60.554 77.921
S 140.893 58.841 75.329
S 144.382 60.024 74.42
