tag x y z
S 18.348 16.486 69.086
Q 15.496 16.207 71.505
V 15.504 12.871 69.632
Q 16.843 10.163 71.925
L 16.643 6.371 72.054
V 17.21 4.37 75.25
E 17.105 0.563 75.461
S 16.573 -1.109 78.827
S 16.564 -1.108 78.83
G 16.162 -4.592 80.27
G 19.364 -6.386 79.253
G 21.206 -8.627 81.646
L 22.73 -11.973 82.545
V 20.396 -14.952 82.193
Q 20.955 -18.674 81.692
Q 20.972 -18.658 81.673
A 20.013 -20.731 78.641
G 16.277 -21.309 78.489
G 15.622 -18.086 80.403
S 13.572 -14.958 79.688
L 14.16 -11.221 79.403
R 11.849 -8.35 78.475
R 11.849 -8.352 78.476
L 13.682 -5.6 76.628
S 12.154 -2.216 75.975
C 13.117 0.76 73.827
A 11.869 4.284 74.588
A 12.105 7.103 72.026
S 11.549 10.811 72.611
G 11.277 13.603 70.074
F 8.885 12.015 67.541
P 5.113 12.099 67.045
V 3.546 9.075 68.7
G 3.091 6.03 66.479
R 4.028 7.557 63.127
A 7.199 5.544 62.451
S 8.026 1.852 62.438
M 10.463 0.632 65.085
W 13.195 -1.93 64.531
W 15.301 -4.148 66.8
Y 18.866 -5.15 65.944
R 21.616 -6.913 67.855
Q 25.392 -7.131 67.51
A 27.658 -9.747 69.105
P 31.459 -9.931 69.416
P 31.528 -9.652 69.48
G 33.171 -10.265 66.094
K 29.851 -10.758 64.321
E 28.054 -8.34 62.045
R 24.806 -6.647 63.006
E 21.688 -8.843 62.785
W 18.128 -7.664 62.257
V 15.893 -9.128 64.992
A 12.306 -7.805 64.859
A 10.134 -4.93 63.645
I 6.738 -3.386 64.401
S 4.631 -1.008 62.316
S 3.761 2.604 63.183
Y 0.386 1.679 64.693
G 1.477 -1.735 65.975
W -0.898 -3.678 63.691
V 1.826 -5.755 61.997
T 5.086 -7.291 63.188
A 7.978 -9.281 61.738
Y 10.795 -11.444 63.095
A 14.074 -12.907 61.918
D 13.82 -16.662 61.326
S 16.266 -17.335 64.183
V 13.955 -15.714 66.774
K 10.46 -16.419 65.386
G 8.332 -18.223 67.957
R 10.708 -17.225 70.776
F 10.535 -13.382 70.731
T 7.439 -11.165 70.701
I 7.433 -7.481 69.832
S 4.743 -5.065 71.039
R 4.226 -1.336 71.21
D 2.48 1.212 73.423
N -0.448 2.779 71.59
A 0.207 6.126 73.291
K 4.022 6.301 73.459
N 6.935 5.521 71.155
T 7.903 2.677 73.472
V 8.419 -0.838 72.15
Y 8.873 -4.095 74.056
L 10.715 -7.257 72.999
Q 9.727 -10.276 75.098
M 12.628 -12.734 74.706
N 11.767 -16.327 75.732
S 13.672 -19.615 75.383
L 16.977 -17.776 75.172
K 20.035 -19.387 73.571
P 23.768 -18.622 73.83
E 23.69 -17.343 70.235
D 21.295 -14.607 71.469
T 24.15 -13.002 73.45
A 24.707 -9.496 72.061
V 24.016 -5.815 72.498
Y 20.421 -5.17 71.417
Y 19.507 -1.8 69.84
Y 19.347 -1.83 70.059
C 16.385 -0.186 68.42
E 15.985 2.32 65.617
V 13.092 4.559 64.645
S 12.23 3.946 60.975
S 12.233 3.948 60.974
V 14.962 2.823 58.544
G 17.987 4.883 57.517
T 17.511 7.791 59.968
G 20.882 7.654 61.725
Y 19.04 7.834 65.072
R 20.245 4.938 67.232
G 20.317 4.084 70.939
Q 23.325 2.972 72.981
G 21.894 -0.538 73.257
T 21.442 -2.99 76.087
Q 23.627 -6.023 76.774
V 22.085 -9.508 76.789
T 24.349 -12.377 77.862
T 24.346 -12.377 77.861
V 22.995 -15.93 77.797
S 25.083 -18.395 79.788
A 25.083 -21.975 78.533
G 23.711 -24.317 81.19
