tag x y z
Q 96.245 76.03 48.28
V 98.836 78.816 48.18
Q 99.341 79.592 44.483
L 100.567 83.122 43.678
Q 100.695 83.344 39.895
E 101.652 86.398 37.852
S 101.273 87.888 34.369
G 103.871 90.174 32.843
G 107.462 91.157 32.264
G 109.087 91.986 28.969
L 111.239 94.412 26.999
V 110.943 98.11 27.732
Q 112.958 101.098 26.552
P 113.047 103.872 29.159
G 109.781 105.763 29.005
G 107.469 102.825 28.375
S 104.354 101.66 30.183
L 103.183 98.217 31.286
R 100.901 96.39 33.731
L 101.094 93.461 36.158
S 98.241 91.369 37.524
C 99.058 88.804 40.205
A 96.242 86.284 39.899
A 96.118 84.026 42.937
S 93.701 81.654 44.65
G 93.443 79.168 47.493
F 92.104 81.302 50.354
T 89.843 84.199 51.271
F 91.603 87.029 49.438
S 89.807 89.831 51.294
N 91.403 88.819 54.615
Y 94.981 89.306 53.446
K 97.301 92.237 52.821
M 99.367 91.948 49.664
N 102.729 93.378 48.659
W 105.375 93.215 45.953
V 109.132 92.714 46.101
R 111.958 92.701 43.566
Q 115.627 91.739 43.609
A 118.357 93.153 41.394
P 121.019 90.789 40.008
G 123.844 91.039 42.515
K 121.81 92.482 45.401
G 119.228 91.352 47.929
L 115.486 91.807 47.923
E 113.642 95.009 48.763
W 110.027 95.941 49.395
V 108.591 98.19 46.696
S 104.886 98.585 47.456
D 101.869 97.148 49.248
I 98.151 97.612 49.802
S 96.057 97.2 52.921
Q 93.091 94.852 53.357
S 90.531 97.39 52.139
G 92.942 99.165 49.819
A 93.092 102.357 51.867
S 96.73 102.653 52.921
I 99.263 102.649 50.079
S 103.022 103.051 50.389
Y 106.027 102.924 48.089
T 109.793 102.903 48.17
G 111.157 106.419 47.735
S 113.045 105.654 44.527
V 109.8 104.485 42.858
K 107.524 107.225 44.201
G 104.8 108.379 41.831
R 105.792 106.085 38.955
F 103.949 102.912 40.023
T 100.37 102.351 41.125
I 99.047 99.344 43.011
S 95.489 98.053 43.267
R 93.483 94.866 43.607
D 90.224 93.391 42.372
N 88.922 91.661 45.485
A 85.956 90.23 43.556
K 88.115 88.067 41.276
N 91.194 87.992 43.626
T 93.831 89.666 41.477
L 96.473 92.276 42.262
Y 96.89 95.035 39.694
L 100.198 96.896 39.396
Q 100.82 99.54 36.73
M 104.366 100.481 35.735
N 104.613 103.823 33.948
S 107.505 106.173 33.056
L 110.205 103.527 33.215
K 113.772 103.981 34.451
P 116.865 102.021 33.337
E 117.899 100.917 36.854
D 114.742 98.875 37.536
T 115.55 95.638 35.703
A 115.219 92.981 38.396
V 113.385 89.762 39.099
Y 110.096 90.653 40.772
Y 107.755 88.587 42.906
C 104.22 88.836 44.27
A 104.177 88.172 48.006
R 101.638 87.786 50.8
C 101.991 88.76 54.422
P 101.761 85.603 56.558
A 98.945 86.189 59.033
P 95.494 87.527 58.252
F 93.735 90.446 59.985
T 96.913 92.33 60.982
R 99.203 94.635 59.017
D 102.508 93.26 60.38
C 104.686 91.551 57.764
F 108.062 89.768 57.788
D 108.347 88.526 54.202
V 111.315 90.061 52.368
T 113.769 87.294 53.316
S 115.615 85.066 50.878
T 115.457 81.638 52.494
T 112.334 80.368 50.69
Y 109.625 82.489 52.207
A 106.644 80.233 51.766
Y 104.273 82.779 50.197
R 106.088 84.488 47.37
G 105.281 83.622 43.777
Q 107.248 81.902 41.052
G 108.644 85.235 39.852
T 108.754 87.615 36.897
Q 111.521 89.362 34.956
V 111.755 92.825 33.379
T 114.443 94.094 30.976
V 114.666 97.891 30.963
