tag x y z
Q -41.956 -14.159 17.092
V -43.092 -10.747 15.855
Q -44.588 -10.745 12.352
L -45.648 -8.08 9.846
Q -46.91 -9.256 6.455
E -47.942 -6.803 3.736
S -50.4 -7.528 0.929
G -52.3 -5.518 -1.669
G -49.443 -4.116 -3.722
G -48.484 -4.905 -7.298
L -49.382 -3.146 -10.538
V -51.779 -0.235 -11.044
Q -52.712 2.257 -13.778
P -51.65 5.888 -13.24
G -54.604 7.52 -11.505
G -55.674 4.125 -10.202
S -56.097 2.936 -6.624
L -54.603 0.276 -4.349
R -55.201 -0.762 -0.735
L -52.266 -2.002 1.339
S -52.928 -4.365 4.234
C -50.467 -5.034 7.046
A -51.22 -8.007 9.297
A -49.654 -7.982 12.762
S -49.15 -10.863 15.192
G -46.971 -11.283 18.269
F -47.288 -8.023 20.196
A -49.703 -5.632 21.922
F -50.939 -4.008 18.703
S -53.433 -1.574 20.251
S -50.744 0.35 22.141
Y -48.422 0.787 19.158
E -47.796 3.627 16.715
L -48.124 2.547 13.088
R -46.393 4.076 10.073
W -46.068 3.404 6.35
Y -42.635 3.946 4.807
R -41.549 3.659 1.173
Q -38.321 3.558 -0.817
A -37.901 4.362 -4.503
P -35.009 2.538 -6.234
G -31.708 4.355 -5.715
K -33.252 6.794 -3.253
Q -33.459 7.416 0.5
H -36.443 5.867 2.285
E -39.223 8.259 3.28
L -42.325 8.313 5.474
V -45.654 7.982 3.657
A -48.296 7.93 6.384
G -48.632 7.244 10.095
I -51.346 6.716 12.687
T -51.113 6.994 16.472
T -52.912 5.025 19.175
G -55.464 7.808 19.547
G -56.201 7.71 15.834
N -54.285 10.825 14.818
T -53.108 10.481 11.223
Y -50.304 12.401 9.525
Y -48.995 12.229 5.966
A -46.126 13.299 3.728
D -46.506 16.512 1.721
S -46.326 14.557 -1.541
V -49.105 12.072 -0.751
K -51.248 14.358 1.406
G -54.88 14.257 0.308
R -54.482 11.18 -1.879
F -53.479 8.516 0.643
T -55.408 7.485 3.761
I -54.088 5.331 6.601
S -56.387 3.541 9.052
R -55.979 0.906 11.763
D -58.099 -1.969 13.051
N -57.135 -3.079 16.558
A -59.768 -5.82 16.549
K -57.954 -7.528 13.675
N -54.433 -6.23 14.374
T -54.238 -4.693 10.908
V -53.259 -1.277 9.568
Y -54.386 -0.198 6.099
L -53.085 2.306 3.557
Q -55.781 3.17 1.03
M -54.053 5.084 -1.756
S -55.869 6.655 -4.709
N -54.847 8.807 -7.691
L -51.513 6.995 -7.926
R -48.498 8.347 -9.804
P -45.293 6.991 -11.422
E -43.428 8.707 -8.568
D -45.326 6.595 -6.037
T -43.546 3.575 -7.517
A -41.609 2.139 -4.576
V -41.398 -0.616 -1.969
Y -43.937 0.126 0.764
A -43.23 -1.169 4.27
C -45.367 -1.46 7.403
N -43.916 -0.36 10.755
A -45.088 -0.744 14.354
N -43.274 1.097 17.142
W -43.374 1.495 20.923
D -39.879 2.668 21.85
L -36.35 2.443 20.441
L -36.131 -1.319 20.985
S -39.747 -2.197 20.209
D -39.434 -1.207 16.553
Y -40.675 -3.857 14.121
W -40.763 -3.749 10.318
G -42.449 -5.699 7.54
Q -40.828 -7.349 4.535
G -42.284 -4.631 2.314
T -44.453 -4.898 -0.793
Q -43.719 -3.578 -4.288
V -46.058 -1.045 -5.887
T -45.42 -0.206 -9.541
V -47.339 2.575 -11.282
S -47.274 2.776 -15.08
S -49.619 2.861 -18.071
H -47.914 0.217 -20.218
H -48.568 -2.633 -17.779
H -48.006 -5.991 -19.498
H -47.814 -4.145 -22.806
H -44.572 -5.535 -24.216
H -43.4 -2.975 -26.771
