tag x y z
Q 28.154 44.812 26.887
V 24.471 44.017 26.293
Q 22.371 41.219 24.818
L 19.039 41.084 22.992
V 16.353 38.376 22.992
E 13.971 38.971 20.077
S 10.928 37.119 21.433
G 8.02 36.479 19.092
G 6.248 34.018 16.857
G 5.142 34.514 13.27
L 2.237 32.568 11.781
V -0.899 34.584 10.989
Q -3.168 35.055 7.994
A -3.788 38.377 6.256
G -4.884 41.249 8.464
G -3.129 39.775 11.49
S -1.78 41.462 14.601
L 1.361 40.368 16.449
R 3.223 41.613 19.533
L 7.011 41.281 19.278
S 9.302 41.808 22.268
C 13.065 42.25 22.62
A 14.549 41.643 26.071
A 17.412 44.014 26.868
S 20.069 42.549 29.119
G 23.337 44.014 30.343
R 25.1 47.228 31.273
A 23.699 50.712 30.598
I 20.985 49.859 28.085
R 19.39 53.23 28.908
S 22.254 54.917 27.023
Y 21.465 52.822 23.925
F 18.501 53.157 21.568
M 16.579 50.174 20.217
A 15.463 49.497 16.649
W 13.823 46.872 14.458
F 15.012 45.455 11.139
R 13.467 43.034 8.649
R 18.404 43.692 5.691
E 15.981 46.628 5.838
F 14.794 49.255 8.303
V 11.479 48.854 10.126
A 11.255 51.105 13.18
A 13.347 52.542 15.995
V 12.974 54.385 19.289
E 15.364 56.579 21.224
Y 14.445 55.973 24.871
I 10.647 56.403 25.092
F 9.144 59.225 22.963
N 11.008 59.746 19.65
T 9.708 56.999 17.351
Y 10.833 56.637 13.737
Y 9.022 54.476 11.186
A 9.353 53.6 7.506
V 5.345 50.681 6.956
K 4.308 53.661 9.065
G 0.795 53.853 10.477
R 0.593 50.062 10.836
F 3.454 49.485 13.3
T 3.914 51.006 16.76
I 7.384 50.839 18.319
S 7.278 51.226 22.107
R 9.853 50.788 24.865
D 9.217 50.077 28.556
N 12.526 51.316 29.97
A 11.488 50.039 33.405
K 11.423 46.325 32.525
N 13.422 46.994 29.325
T 12.111 44.895 26.415
V 11.228 47.217 23.534
F 7.952 46.306 21.855
L 6.654 46.389 18.277
Q 2.88 46.248 17.724
M 2.247 45.084 14.141
N -1.406 45.757 13.342
S -2.884 45.051 9.901
L 0.023 42.793 8.982
K 0.633 42.789 5.215
P 1.843 39.637 3.426
E 4.842 41.549 2.062
D 5.884 42.094 5.706
T 6.628 38.352 6.092
A 10.329 37.967 6.917
V 12.714 37.655 9.863
Y 12.426 40.605 12.26
Y 15.624 41.586 14.073
C 16.098 43.782 17.137
A 19.078 46.138 17.315
A 20.644 48.746 19.597
G 22.679 51.778 18.548
V 24.989 53.964 20.602
G 25.659 57.603 21.318
A 23.827 60.381 19.507
S 21.298 60.561 16.671
V 19.644 57.548 15.013
S 20.072 56.613 11.351
V 18.297 54.019 9.218
S 21.623 52.506 8.13
E 22.88 49.232 9.6
S 26.314 50.59 10.554
W 25.205 52.61 13.6
Y 23.626 49.654 15.461
N 26.278 47.7 17.343
Y 24.246 44.961 19.062
W 21.79 42.551 17.43
G 19.694 39.613 18.577
Q 18.364 36.196 17.585
G 15.494 37.171 15.294
T 11.823 36.224 15.446
Q 10.269 34.695 12.343
V 7.149 36.239 10.793
T 4.976 34.738 8.046
V 1.751 36.272 6.741
