tag x y z
Q -4.285 8.476 27.302
V -7.915 8.029 26.196
Q -9.995 5.141 24.845
L -13.294 5.13 22.941
V -15.902 2.393 23.377
E -18.172 3.103 20.397
S -21.184 0.988 21.352
G -24.484 0.459 19.55
G -26.042 -1.657 16.85
G -27.86 -1.057 13.601
L -30.162 -3.321 11.596
V -33.576 -1.748 10.95
Q -35.852 -1.126 7.992
A -35.911 2.225 6.213
G -37.291 5.16 8.181
G -36.25 3.792 11.572
S -34.309 5.371 14.411
L -31.061 4.493 16.174
R -29.441 5.506 19.472
L -25.667 5.335 19.092
S -23.364 6.061 22.016
C -19.576 6.102 22.394
A -18.187 5.614 25.9
A -15.321 7.92 26.838
S -12.73 6.362 29.112
G -9.272 7.893 29.37
R -7.615 10.963 30.834
A -8.526 14.637 30.354
I -11.335 14.057 27.863
R -13.142 17.331 28.652
S -10.372 19.103 26.711
Y -11.203 16.909 23.688
F -13.91 17.554 21.103
M -15.54 14.413 19.72
A -17.054 13.625 16.336
W -18.771 10.817 14.441
F -17.661 9.477 11.06
R -19.135 7.106 8.485
R -14.559 7.893 5.454
E -17.081 10.725 5.713
F -17.851 13.386 8.306
V -21.167 12.886 10.108
A -21.378 15.126 13.174
A -19.295 16.689 15.932
V -19.727 18.362 19.311
E -17.345 20.884 20.832
Y -18.049 20.075 24.484
I -21.83 20.439 24.815
F -23.18 23.266 22.603
N -21.195 23.643 19.361
T -22.702 21.031 17.02
Y -21.585 20.661 13.395
Y -23.438 18.532 10.838
A -23.185 17.675 7.142
K -28.366 17.771 8.93
G -31.933 17.917 10.221
R -32.094 14.154 10.818
F -29.133 13.492 13.125
T -28.575 14.946 16.598
I -25.127 15.004 18.212
S -25.124 15.54 21.986
R -22.576 14.912 24.741
D -23.688 14.098 28.287
N -20.336 15.057 29.821
A -21.436 13.935 33.299
K -21.483 10.305 32.114
N -18.619 10.726 29.589
T -20.635 9.525 26.6
V -21.329 11.16 23.23
F -24.618 10.269 21.539
L -25.804 10.295 17.917
Q -29.591 10.153 17.559
M -30.247 9.047 13.965
N -33.879 9.866 13.159
S -35.464 9.035 9.785
L -32.604 6.819 8.636
K -32.381 6.559 4.852
P -30.941 3.402 3.233
E -27.965 5.451 2.005
D -26.821 5.842 5.638
T -25.994 2.108 5.89
A -22.3 1.912 6.808
V -19.966 1.759 9.812
Y -20.099 4.61 12.338
Y -17.058 5.457 14.463
C -16.302 8.164 17.018
A -13.201 10.336 17.322
A -11.665 12.959 19.611
G -9.663 15.946 18.39
V -7.306 18.267 20.263
G -9.297 21.042 21.925
A -9.096 23.92 19.46
S -11.227 24.206 16.312
S -12.103 21.186 11.051
V -13.014 17.587 10.159
S -10.585 16.441 7.439
E -10.2 13.12 9.315
S -6.764 14.307 10.496
W -7.389 16.681 13.424
Y -8.738 13.713 15.43
N -6.081 11.777 17.319
Y -8.093 8.974 18.947
W -10.564 6.642 17.231
G -12.908 3.897 18.391
Q -13.874 0.477 17.082
G -17.182 1.209 15.353
T -20.815 0.108 15.291
Q -22.535 -1.455 12.289
V -25.585 0.227 10.746
T -27.709 -1.315 7.985
V -30.92 -0.029 6.415
