tag x y z
Q 128.994 88.561 151.183
V 132.219 90.341 150.072
Q 135.647 88.743 150.053
L 138.845 89.294 148.107
Q 141.28 86.38 148.287
E 144.977 87.005 147.832
S 146.602 84.058 146.109
G 150.115 83.466 144.923
G 152.976 84.843 146.928
G 155.826 83.128 148.682
L 159.576 82.95 149.025
V 161.332 84.049 145.834
Q 164.87 85.086 144.908
P 165.423 88.848 144.503
G 165.478 89.642 140.841
G 162.809 86.999 140.257
S 159.173 87.352 139.299
L 155.906 86.555 141.012
R 152.304 86.877 139.854
L 149.759 87.908 142.469
S 146.102 87.143 141.805
C 142.912 88.219 143.592
A 139.581 86.444 143.134
A 136.599 88.685 143.883
S 132.862 87.936 144.053
G 129.666 89.084 145.666
F 129.631 92.348 143.736
T 129.567 93.67 140.188
F 133.341 93.596 139.702
S 133.188 95.682 136.514
N 132.436 98.929 138.327
Y 134.773 99.03 141.309
K 138.22 100.567 141.296
M 140.537 97.879 142.639
N 143.963 98.51 144.12
W 146.876 96.724 145.77
V 147.997 97.918 149.198
R 150.914 96.628 151.204
Q 151.732 96.302 154.885
A 155.409 96.013 155.655
P 156.491 93.869 158.621
G 156.794 96.09 161.68
K 155.848 99.289 159.869
G 152.651 100.953 158.733
L 150.844 100.368 155.464
E 151.558 102.14 152.183
W 149.537 102.202 148.976
V 151.296 100.653 145.964
S 149.2 100.402 142.808
D 145.675 101.071 141.56
I 143.612 100.129 138.482
S 140.497 101.86 137.22
Q 137.212 100.544 135.823
S 138.127 100.028 132.173
G 141.679 98.954 132.787
A 143.031 102.253 131.496
S 143.937 104.579 134.375
I 146.913 103.054 136.194
S 149.191 104.665 138.787
Y 152.096 103.313 140.789
T 153.945 104.37 143.871
G 157.246 105.806 142.667
S 159.309 103.024 144.225
V 157.766 100.436 141.878
K 157.468 102.339 138.579
G 157.055 100.112 135.545
R 158.408 96.861 137.008
F 154.987 95.968 138.395
T 152.125 95.273 135.995
I 148.559 95.434 137.254
S 145.875 93.949 134.974
R 142.178 93.253 135.535
D 140.01 90.499 134.06
N 136.418 91.709 134.102
A 135.296 88.644 132.157
K 135.226 86.239 135.095
N 135.521 88.71 138.055
T 139.207 88.261 138.837
L 142.155 90.601 139.46
Y 145.873 90.185 138.689
L 149.113 91.755 139.894
Q 152.249 90.849 137.954
M 155.398 91.6 139.912
N 158.724 91.468 138.103
S 162.354 91.922 139.236
L 161.839 91.989 142.992
K 163.784 94.212 145.387
P 164.698 93.57 149.049
E 162.332 96.359 150.126
D 159.347 94.562 148.669
T 159.038 91.936 151.4
A 155.617 92.516 152.958
V 152.045 91.264 153.013
Y 150.222 92.292 149.849
Y 146.48 92.818 150.254
C 144.0 93.416 147.436
A 141.458 95.99 148.568
R 138.709 97.623 146.588
C 137.608 101.143 146.711
P 134.277 101.454 148.492
A 132.513 103.736 146.18
P 131.081 102.879 142.778
F 131.966 104.895 139.678
T 134.603 107.298 140.958
R 138.27 108.294 141.12
D 138.827 108.693 144.893
C 139.749 105.993 147.41
F 140.178 105.887 151.226
D 141.698 102.484 152.029
V 145.282 102.567 153.367
T 143.58 103.362 156.679
S 144.117 100.413 158.985
T 142.202 97.345 160.092
T 138.52 96.483 160.573
Y 138.095 97.781 157.02
A 135.944 95.112 155.431
Y 136.811 95.564 151.758
R 140.274 94.035 152.093
G 141.53 90.481 152.114
Q 143.778 88.56 154.432
G 146.892 88.895 152.296
T 149.761 86.715 151.169
Q 153.39 86.675 152.246
V 156.065 87.761 149.784
T 159.561 87.428 151.215
V 162.917 88.308 149.653
S 165.409 85.444 149.648
S 168.891 85.428 151.087
