tag x y z
Q -13.063 -39.112 22.767
V -11.944 -42.076 20.648
Q -9.171 -44.643 21.071
L -7.316 -45.968 18.025
Q -5.542 -49.304 17.63
E -3.138 -50.013 14.771
S -2.244 -53.492 13.551
G -0.317 -55.262 10.813
G 3.16 -53.997 11.649
G 6.206 -56.21 11.598
L 9.569 -56.904 10.022
V 9.766 -57.31 6.236
Q 12.33 -57.365 3.43
A 13.089 -54.684 0.86
G 10.711 -54.551 -2.088
G 7.872 -56.238 -0.198
S 4.295 -55.26 0.585
L 2.467 -54.687 3.864
R -1.042 -53.646 4.901
L -1.669 -51.623 8.06
S -5.111 -50.961 9.525
C -6.424 -48.515 12.13
A -9.518 -49.574 14.083
A -11.309 -46.808 16.004
S -13.147 -47.981 19.129
G -16.262 -45.826 18.905
Y -19.178 -45.069 16.597
I -17.768 -41.612 15.776
F -15.646 -42.409 12.712
S -17.1 -40.075 10.066
S -17.157 -36.803 12.042
Y -13.345 -37.111 12.406
A -10.678 -36.63 9.751
M -8.037 -39.355 9.856
G -4.611 -40.002 8.365
W -1.419 -42.003 8.716
Y 1.834 -40.704 10.2
R 5.254 -42.189 10.906
Q 8.007 -41.257 13.361
A 11.5 -42.724 13.481
P 13.316 -43.248 16.804
G 15.368 -40.112 16.1
K 13.141 -38.031 13.826
E 10.043 -35.892 14.234
R 6.558 -37.083 13.329
E 6.277 -37.195 9.537
F 3.176 -37.02 7.354
V 2.249 -40.056 5.26
A -1.245 -40.128 3.756
T -4.803 -38.949 4.362
I -8.28 -39.709 3.022
G -11.023 -37.171 2.342
W -14.789 -37.387 2.072
G -14.614 -38.649 -1.505
T -11.71 -39.688 -3.717
I -9.637 -36.839 -2.24
T -6.269 -38.112 -1.012
Y -2.916 -36.599 -0.049
Y 0.441 -38.388 -0.001
A 4.014 -37.473 0.837
D 6.736 -37.027 -1.77
S 8.611 -40.192 -0.751
V 5.288 -42.031 -0.31
K 3.196 -41.085 -3.338
G 3.018 -43.915 -5.853
R 3.934 -46.793 -3.547
F 1.389 -46.203 -0.758
T -2.396 -46.432 -0.985
I -4.982 -45.369 1.601
S -8.638 -46.382 1.827
R -11.321 -46.186 4.505
D -14.154 -48.534 5.481
N -16.954 -46.33 6.809
A -18.936 -49.384 7.931
K -16.103 -51.061 9.858
N -14.678 -47.833 11.364
T -11.269 -48.795 9.986
V -8.674 -47.024 7.835
Y -6.168 -49.024 5.787
L -2.711 -48.18 4.43
Q -1.552 -50.484 1.619
M 2.242 -50.195 1.542
N 3.985 -51.642 -1.519
S 7.647 -51.94 -2.507
L 8.938 -50.963 0.918
K 12.388 -49.389 1.193
P 14.626 -49.535 4.287
E 14.2 -45.773 4.758
D 10.511 -46.431 5.522
T 11.456 -47.988 8.872
A 9.473 -46.113 11.518
V 6.635 -46.428 14.017
Y 3.529 -45.728 11.932
Y 0.823 -43.889 13.887
C -2.862 -43.226 13.23
A -4.509 -39.908 14.101
A -8.204 -39.021 14.355
Q -8.658 -35.257 14.677
D -11.569 -32.834 14.526
L -12.301 -31.197 11.183
L -11.233 -27.73 12.397
Y -8.491 -29.072 14.676
Y -5.672 -27.071 13.082
S -7.546 -23.763 12.946
F -8.896 -23.56 16.501
P -7.365 -24.506 19.872
G -10.623 -25.825 21.337
D -10.535 -28.902 19.108
H -8.442 -31.957 19.958
A -6.566 -34.681 18.085
Y -6.627 -38.336 19.147
W -3.722 -40.647 18.298
G -3.097 -44.377 18.448
Q -0.325 -46.517 19.877
G 1.419 -47.168 16.556
T 3.139 -50.224 15.114
Q 6.79 -50.643 14.169
V 7.527 -51.509 10.531
T 11.149 -52.518 9.906
V 12.498 -53.206 6.409
S 15.583 -55.371 5.898
S 17.994 -54.646 3.052
