tag x y z
Q 11.751 6.062 9.309
V 12.973 2.476 9.602
Q 12.972 0.32 6.451
L 12.479 -3.462 6.56
A 13.157 -5.775 3.623
E 11.905 -9.368 3.437
T 13.17 -12.273 1.282
G 12.564 -16.027 1.118
G 8.954 -16.249 -0.047
G 7.894 -18.653 -2.767
L 5.953 -21.744 -3.749
V 6.606 -25.054 -1.98
Q 4.981 -28.489 -1.816
P 3.516 -29.848 1.444
G 6.237 -30.877 3.897
G 8.375 -28.216 2.26
A 10.377 -25.496 3.969
R 11.153 -21.78 3.773
T 13.685 -19.443 5.316
L 12.354 -15.924 5.577
S 14.878 -13.19 6.256
C 14.194 -9.609 7.313
A 16.86 -6.942 6.787
A 16.598 -3.609 8.65
S 17.836 -0.089 7.849
E 19.399 0.058 11.301
S 20.934 -2.191 13.926
I 18.357 -4.771 14.999
S 19.428 -4.124 18.588
S 17.758 -0.734 18.176
F 14.479 -2.647 18.387
Y 12.808 -3.808 21.587
F 11.055 -6.557 19.63
M 11.166 -7.879 16.132
G 8.536 -10.219 14.776
W 6.938 -12.157 11.959
Y 3.213 -11.91 11.248
R 1.113 -13.516 8.57
Q -2.129 -12.761 6.841
A -3.781 -15.898 5.511
P -6.644 -15.93 2.982
G -9.838 -14.543 4.508
K -8.084 -13.98 7.832
P -6.758 -10.863 9.592
R -3.02 -10.319 10.046
E -1.866 -12.452 13.0
L 1.252 -13.057 15.095
V 3.595 -15.835 13.989
A 6.554 -15.12 16.284
E 8.14 -12.326 18.284
I 11.637 -12.083 19.762
S 12.863 -9.45 22.206
N 16.263 -7.805 22.516
Y 17.079 -10.339 25.263
G 16.145 -13.553 23.49
R 12.644 -13.927 24.886
T 10.391 -15.5 22.242
D 6.671 -16.002 21.827
Y 4.863 -17.878 19.071
G 1.355 -17.942 17.671
D -0.623 -20.947 18.893
S 0.671 -24.23 17.434
L 3.676 -22.709 15.634
K 6.22 -23.602 18.31
G 8.208 -26.583 17.067
R 7.291 -25.844 13.453
F 8.622 -22.31 13.011
T 11.709 -20.764 14.607
I 12.358 -17.066 14.858
S 16.022 -16.095 15.301
R 18.284 -13.053 15.173
D 21.523 -12.794 13.227
N 23.442 -9.898 14.715
A 26.291 -10.14 12.212
A 23.972 -10.061 9.193
N 21.67 -7.689 11.075
T 18.558 -9.729 10.276
V 15.69 -11.499 11.972
N 14.779 -14.78 10.375
L 11.93 -17.254 10.281
Q 12.7 -20.901 9.623
M 9.481 -22.619 8.469
N 9.457 -26.419 8.423
N 6.997 -29.119 7.328
L 4.694 -26.683 5.555
A 1.035 -27.277 4.795
P -1.618 -25.453 2.766
E -2.764 -23.883 6.069
D 0.539 -21.988 6.118
T -0.219 -20.139 2.897
A -0.15 -16.436 3.63
L 1.573 -13.122 3.159
Y 4.31 -12.962 5.834
Y 5.388 -9.588 7.247
C 8.508 -8.573 9.151
N 7.818 -6.299 12.137
A 10.22 -4.139 14.137
R 9.183 -2.316 17.312
K 11.195 0.655 18.521
W 10.704 2.948 21.486
E 10.428 6.507 20.211
R 9.47 9.381 22.524
S 8.158 6.868 25.066
V 5.953 5.188 22.455
L 6.678 1.691 21.134
E 6.31 2.268 17.379
D 5.736 -0.432 14.715
Y 7.564 -0.745 11.41
W 6.511 -3.225 8.77
G 8.018 -4.766 5.675
Q 6.011 -4.971 2.444
G 5.539 -8.706 2.951
T 6.632 -11.947 1.292
T 6.596 -11.93 1.254
Q 4.181 -14.516 -0.055
V 4.51 -18.136 0.952
T 2.31 -20.552 -0.978
V 2.005 -24.243 -0.163
S 0.444 -26.247 -3.002
S 0.085 -29.971 -3.655
