tag x y z
Q -46.874 -8.776 -9.508
V -46.712 -10.977 -12.605
Q -48.109 -14.501 -12.916
L -47.711 -17.281 -15.48
V -50.225 -20.042 -16.198
E -49.542 -23.167 -18.256
T -52.33 -25.046 -20.021
G -51.759 -28.091 -22.222
L -49.136 -38.482 -22.532
V -48.399 -38.302 -26.265
Q -47.182 -40.967 -28.697
A -44.054 -40.633 -30.847
G -44.514 -38.401 -33.887
G -47.723 -36.92 -32.522
S -48.563 -33.271 -31.889
L -49.164 -31.166 -28.778
R -49.922 -27.549 -27.89
L -48.793 -25.591 -24.827
S -50.059 -22.166 -23.782
C -48.848 -19.492 -21.377
A -50.948 -16.501 -20.349
A -49.663 -13.468 -18.464
S -51.452 -10.934 -16.275
G -50.795 -8.127 -13.798
S -48.373 -5.196 -14.106
I -47.069 -6.435 -17.462
S -46.987 -3.016 -19.129
S -43.33 -3.306 -20.18
L -43.445 -7.077 -20.7
N -40.948 -8.063 -23.384
A -40.12 -11.568 -24.614
M -41.933 -14.781 -23.711
G -40.831 -18.345 -24.376
W -40.464 -21.987 -23.375
Y -37.59 -23.764 -21.652
R -37.363 -27.463 -20.777
Q -35.405 -29.762 -18.507
A -34.999 -33.522 -18.64
P -34.187 -34.629 -15.069
G -30.462 -34.55 -14.325
K -29.66 -32.847 -17.619
E -30.192 -29.085 -17.933
R -32.526 -26.245 -18.901
E -32.617 -25.641 -22.646
L -34.219 -22.718 -24.396
V -36.76 -24.19 -26.802
A -38.393 -21.131 -28.313
D -39.28 -17.544 -27.512
I -40.987 -14.644 -29.224
S -41.091 -10.893 -28.687
A -44.348 -8.931 -28.838
S -42.61 -7.313 -31.814
G -42.44 -10.636 -33.668
R -38.826 -11.729 -33.197
T -38.808 -15.527 -32.939
N -36.008 -17.753 -31.661
Y -35.746 -21.537 -31.917
A -33.406 -24.189 -30.565
D -31.799 -26.104 -33.43
S -33.29 -29.355 -32.155
V -36.893 -28.264 -32.698
K -36.613 -26.259 -35.925
G -39.233 -27.407 -38.413
R -40.989 -29.309 -35.632
F -42.171 -26.738 -33.089
T -43.948 -23.472 -33.859
I -44.251 -20.711 -31.269
S -47.02 -18.144 -31.61
R -47.843 -15.042 -29.589
D -51.151 -13.249 -29.13
N -50.536 -9.701 -27.903
A -54.215 -8.922 -27.344
K -54.281 -11.307 -24.381
N -50.546 -11.463 -23.594
T -50.425 -15.185 -24.344
V -47.922 -17.538 -25.964
S -48.483 -20.857 -27.735
L -46.229 -23.788 -28.584
Q -47.251 -26.108 -31.41
M -45.203 -29.288 -31.091
N -45.245 -31.68 -34.041
S -43.202 -34.8 -34.813
L -42.583 -35.392 -31.114
K -39.608 -37.579 -30.215
P -38.881 -39.373 -26.934
E -35.979 -36.91 -26.66
D -38.527 -34.12 -26.182
T -39.644 -35.73 -22.926
A -39.057 -33.189 -20.164
V -40.622 -30.687 -17.8
Y -41.453 -27.627 -19.888
Y -41.276 -24.161 -18.353
C -42.896 -20.986 -19.596
N -40.727 -17.895 -19.206
A -41.317 -14.157 -19.329
V -38.978 -11.185 -19.327
G -39.803 -7.49 -19.056
G -38.765 -4.054 -17.867
T -39.05 -0.429 -18.909
Y -35.379 0.374 -18.243
Y -33.892 -2.859 -19.567
Y -35.185 -5.836 -21.525
D -34.967 -8.297 -18.642
E -35.544 -6.342 -15.42
Y -37.697 -9.239 -14.245
D -37.264 -12.914 -15.137
Y -40.345 -14.924 -14.204
W -40.79 -18.676 -14.534
G -43.812 -20.957 -14.671
Q -44.296 -23.978 -12.429
G -43.813 -26.321 -15.379
T -45.79 -28.982 -17.23
Q -44.581 -32.549 -17.787
V -44.364 -33.856 -21.353
T -43.879 -37.587 -21.949
V -43.227 -39.155 -25.367
S -43.003 -42.626 -26.979
