tag x y z
V 37.566 126.525 26.024
Q 41.056 126.161 24.487
L 42.03 123.524 21.875
A 45.607 122.393 21.299
E 46.205 120.587 17.994
T 49.339 118.587 17.247
G 50.54 116.244 14.495
G 49.812 116.19 10.804
G 52.336 117.401 8.275
L 53.717 115.811 5.115
A 53.421 112.16 4.154
Q 53.749 109.806 1.209
A 50.792 107.98 -0.3
G 50.402 104.846 1.771
G 52.124 106.502 4.731
S 50.753 107.309 8.178
L 50.1 110.444 10.194
R 48.447 111.06 13.535
L 46.5 114.094 14.756
S 45.636 114.883 18.364
C 43.561 117.583 20.027
A 43.412 118.356 23.746
A 40.63 120.511 25.18
S 40.682 122.461 28.437
G 38.722 125.222 30.127
S 34.941 125.282 30.709
I 34.647 121.664 29.742
F 32.382 119.91 32.234
S 29.515 119.131 29.805
I 31.759 118.475 26.804
N 30.222 116.186 24.185
A 31.515 115.08 20.769
M 35.077 115.794 19.613
G 36.311 115.318 16.11
W 38.154 116.395 13.035
Y 36.82 118.178 9.99
R 38.943 118.784 6.933
Q 38.894 121.37 4.161
A 40.771 121.438 0.854
P 41.584 124.808 -0.785
G 38.489 125.293 -2.954
K 36.231 122.61 -1.478
E 33.539 122.315 1.16
R 34.462 121.352 4.721
E 33.715 117.746 5.592
L 33.577 115.774 8.803
V 36.383 113.235 8.847
A 35.661 111.488 12.132
D 34.24 112.194 15.545
I 33.791 110.411 18.853
S 31.562 110.969 21.855
G 32.597 110.566 25.472
S 30.349 107.508 25.458
G 32.271 106.024 22.53
R 30.066 106.622 19.492
T 32.266 107.055 16.431
N 31.359 108.396 13.018
Y 33.55 108.375 9.924
A 33.329 109.827 6.445
D 32.884 106.978 3.982
S 36.201 107.661 2.244
V 38.276 107.182 5.413
K 36.743 103.972 6.777
G 39.221 101.128 6.957
R 42.035 103.703 6.921
F 41.554 106.25 9.713
T 40.731 105.457 13.318
I 39.672 107.915 16.01
S 40.086 107.431 19.745
R 39.372 109.416 22.859
D 40.682 109.739 26.395
N 38.042 111.318 28.594
A 40.483 111.797 31.51
K 42.438 114.309 29.407
N 39.606 115.463 27.151
T 41.716 114.462 24.192
V 41.064 112.863 20.836
S 43.487 111.296 18.4
L 43.034 110.479 14.734
Q 45.28 107.738 13.43
M 45.564 108.166 9.651
N 46.904 105.114 7.813
S 47.116 104.363 4.073
L 47.043 108.07 3.295
K 45.85 109.129 -0.151
P 46.571 112.344 -2.089
E 42.863 113.098 -1.689
D 43.487 113.376 2.097
T 45.469 116.563 1.543
A 43.622 119.355 3.374
V 43.654 121.558 6.425
Y 42.275 119.486 9.305
Y 40.368 121.213 12.113
C 39.587 119.854 15.535
C 39.586 120.148 15.644
N 36.025 120.543 16.682
V 34.503 120.274 20.172
V 30.802 120.678 21.01
G 29.256 120.605 24.445
G 26.577 121.827 26.764
S 24.438 120.708 29.679
Y 21.149 121.927 28.109
Y 21.755 120.854 24.508
Y 24.442 118.842 22.777
D 26.112 121.702 20.953
E 25.521 124.778 23.111
Y 29.106 125.707 22.342
N 31.065 124.777 19.232
Y 34.812 125.475 19.215
W 37.289 125.01 16.363
G 41.036 124.503 16.424
Q 43.419 126.635 14.384
G 43.79 123.94 11.724
T 46.701 121.642 10.864
Q 47.972 121.128 7.35
V 48.172 117.552 6.099
T 49.853 117.048 2.71
V 50.178 113.645 1.004
S 52.126 113.232 -2.25
S 50.581 110.871 -4.816
