tag x y z
H 21.978 -31.098 -36.851
M 20.639 -33.177 -33.967
A 21.251 -36.906 -34.29
E 18.109 -38.984 -34.825
V 18.637 -41.706 -32.23
Q 15.602 -43.992 -32.323
L 15.541 -46.311 -29.317
V 13.934 -49.748 -29.62
E 13.006 -51.539 -26.395
S 12.29 -55.203 -25.727
G 12.083 -57.707 -22.911
G 8.887 -56.965 -21.011
G 6.75 -59.623 -19.431
L 5.147 -61.092 -16.326
V 6.929 -63.223 -13.705
Q 6.475 -64.31 -10.107
A 8.462 -62.758 -7.276
G 12.02 -64.057 -7.533
G 11.92 -64.525 -11.304
S 14.015 -62.751 -13.911
L 13.604 -60.665 -17.051
R 16.051 -58.93 -19.395
L 15.26 -55.561 -20.936
S 17.107 -54.63 -24.115
C 17.505 -51.221 -25.729
A 19.013 -50.688 -29.168
A 19.463 -47.898 -31.691
S 21.129 -47.901 -35.102
A 22.69 -44.437 -34.685
S 26.461 -44.743 -34.32
I 26.544 -42.13 -31.542
F 24.567 -44.531 -29.323
R 27.833 -46.376 -28.618
A 29.423 -43.223 -27.156
L 26.413 -42.187 -25.043
N 25.488 -42.867 -21.465
V 22.461 -45.169 -21.374
G 20.081 -45.59 -18.461
Y 16.827 -47.256 -17.51
Y 14.152 -45.147 -15.811
R 11.099 -46.66 -14.141
Q 7.749 -45.074 -13.291
T 5.804 -46.559 -10.383
P 1.967 -46.465 -10.58
G 1.687 -43.003 -9.04
R 5.258 -41.672 -9.061
Q 7.736 -39.664 -11.123
R 10.291 -41.397 -13.334
E 13.548 -42.202 -11.543
L 16.835 -43.51 -12.933
I 17.507 -46.965 -11.473
A 20.411 -48.192 -13.644
G 22.901 -46.446 -15.915
I 25.987 -47.365 -17.921
S 28.816 -45.27 -19.359
G 29.978 -45.576 -22.954
G 32.817 -47.771 -21.691
G 30.675 -49.996 -19.483
S 30.873 -48.296 -16.072
T 27.63 -48.859 -14.186
H 25.572 -47.115 -11.512
Y 22.387 -48.276 -9.795
A 19.678 -46.992 -7.502
D 19.93 -48.536 -4.039
P 16.639 -50.537 -4.248
V 17.935 -52.592 -7.21
K 21.595 -53.067 -6.257
G 22.728 -56.684 -6.266
R 19.649 -57.728 -8.26
F 19.893 -55.724 -11.506
T 22.833 -55.736 -13.917
I 23.167 -53.331 -16.851
S 25.539 -54.21 -19.684
R 26.221 -53.052 -23.228
D 27.512 -54.585 -26.467
N 28.711 -51.703 -28.644
A 29.252 -54.157 -31.511
K 25.476 -54.744 -31.499
N 24.534 -51.128 -30.613
R 22.553 -52.525 -27.694
V 22.238 -52.081 -23.93
D 20.808 -54.856 -21.747
L 19.294 -54.716 -18.249
Q 19.122 -58.111 -16.551
M 16.588 -57.919 -13.705
N 17.076 -60.76 -11.216
N 15.282 -61.552 -7.959
L 12.338 -59.479 -9.118
K 9.936 -58.159 -6.482
P 6.343 -56.889 -6.768
E 7.606 -53.383 -5.98
D 9.673 -53.675 -9.178
T 6.401 -53.603 -11.14
A 6.564 -50.441 -13.253
V 6.905 -49.163 -16.795
Y 10.598 -49.033 -17.675
Y 11.915 -46.474 -20.163
C 15.238 -46.62 -21.975
N 17.123 -43.33 -22.089
A 20.222 -42.345 -24.057
G 22.424 -39.483 -22.941
P 21.541 -39.182 -19.231
T 23.889 -37.646 -16.707
L 24.76 -40.56 -14.439
T 25.651 -38.413 -11.418
T 22.437 -36.364 -11.36
G 20.119 -38.745 -13.196
D 19.126 -35.923 -15.546
A 17.556 -37.596 -18.569
G 19.024 -37.355 -22.046
P 16.997 -36.337 -25.101
Y 16.336 -39.87 -26.414
W 13.487 -41.894 -24.888
G 12.062 -45.295 -25.725
Q 8.386 -46.163 -25.945
G 8.343 -47.84 -22.529
T 8.359 -51.48 -21.443
Q 5.919 -52.981 -18.951
V 7.218 -55.215 -16.159
T 4.788 -56.96 -13.799
V 5.83 -59.1 -10.824
S 3.083 -61.071 -9.101
S 3.251 -61.437 -5.337
