tag x y z
M 29.78 -24.247 -33.774
A 25.994 -24.578 -33.999
E 24.007 -21.376 -34.586
V 21.202 -21.584 -32.015
Q 18.992 -18.481 -32.227
L 16.708 -18.267 -29.184
V 13.305 -16.559 -29.483
E 11.474 -15.625 -26.273
S 7.826 -14.801 -25.605
G 5.237 -14.645 -22.855
G 5.949 -11.54 -20.778
G 3.335 -9.446 -19.061
L 1.976 -7.899 -15.869
V -0.182 -9.621 -13.226
Q -1.27 -9.15 -9.63
A 0.336 -11.062 -6.775
G -0.833 -14.654 -7.07
G -1.347 -14.486 -10.834
S 0.328 -16.549 -13.528
L 2.444 -16.103 -16.644
R 4.018 -18.596 -19.054
L 7.323 -17.751 -20.711
S 8.282 -19.631 -23.866
C 11.662 -20.119 -25.532
A 12.123 -21.596 -29.006
A 14.899 -22.071 -31.554
S 14.801 -23.5 -35.064
A 18.12 -25.343 -34.735
S 17.371 -29.03 -34.184
I 20.184 -29.273 -31.619
F 18.099 -27.092 -29.281
R 16.179 -30.274 -28.389
A 19.351 -31.976 -27.128
L 20.573 -28.998 -25.07
N 19.969 -28.083 -21.47
V 17.716 -25.021 -21.336
G 17.333 -22.648 -18.41
Y 15.731 -19.361 -17.423
Y 17.867 -16.739 -15.662
R 16.429 -13.655 -13.971
Q 18.178 -10.311 -13.44
T 17.31 -7.556 -10.982
P 18.334 -4.099 -12.339
G 21.623 -3.945 -10.437
R 22.165 -7.601 -9.568
Q 23.75 -10.641 -11.197
R 21.786 -13.065 -13.352
E 20.779 -16.246 -11.522
L 19.565 -19.552 -12.94
I 16.123 -20.168 -11.449
A 14.807 -23.036 -13.6
G 16.499 -25.526 -15.911
I 15.53 -28.612 -17.883
S 17.608 -31.441 -19.345
G 17.219 -32.691 -22.901
G 14.997 -35.472 -21.581
G 12.84 -33.305 -19.326
S 14.586 -33.583 -15.947
T 14.084 -30.358 -14.042
H 15.87 -28.279 -11.435
Y 14.74 -25.005 -9.885
A 16.121 -22.273 -7.698
D 14.875 -22.55 -4.134
P 12.826 -19.28 -4.247
V 10.632 -20.61 -7.092
K 10.269 -24.293 -6.172
G 6.679 -25.496 -5.991
R 5.502 -22.413 -7.917
F 7.441 -22.592 -11.208
T 7.424 -25.529 -13.613
I 9.733 -25.8 -16.61
S 8.716 -28.126 -19.425
R 9.722 -28.732 -23.009
D 7.927 -29.785 -26.181
N 10.752 -30.982 -28.403
A 8.225 -31.619 -31.177
K 7.718 -27.832 -31.233
N 11.384 -26.99 -30.449
R 10.083 -25.071 -27.442
V 10.686 -24.779 -23.701
D 8.045 -23.317 -21.381
L 8.28 -21.8 -17.898
Q 4.908 -21.763 -16.149
M 5.09 -19.259 -13.268
N 2.224 -19.634 -10.793
N 1.425 -17.677 -7.622
L 3.69 -14.877 -8.776
K 4.961 -12.549 -6.058
P 6.306 -8.97 -6.292
E 9.91 -10.119 -5.821
D 9.43 -12.259 -8.948
T 9.437 -9.011 -10.939
A 12.583 -9.232 -13.076
V 13.917 -9.582 -16.607
Y 13.987 -13.269 -17.543
Y 16.548 -14.629 -20.017
C 16.409 -17.916 -21.881
N 19.704 -19.793 -21.98
A 20.591 -22.908 -23.971
G 23.414 -25.213 -22.952
P 23.839 -24.384 -19.238
T 25.23 -26.781 -16.672
L 22.26 -27.332 -14.377
T 24.196 -28.325 -11.248
T 26.612 -25.384 -11.326
G 24.339 -22.939 -13.152
D 27.128 -21.984 -15.556
A 25.384 -20.415 -18.542
G 25.752 -21.793 -22.049
P 26.713 -19.695 -25.079
Y 23.142 -19.068 -26.335
W 21.133 -16.214 -24.795
G 17.681 -14.86 -25.532
Q 16.748 -11.204 -25.823
G 15.121 -11.04 -22.385
T 11.506 -10.949 -21.197
Q 10.027 -8.547 -18.643
V 7.847 -9.901 -15.822
T 6.056 -7.553 -13.414
V 4.022 -8.605 -10.365
S 1.956 -6.019 -8.498
