tag x y z
M 31.046 -40.97 -33.952
A 34.84 -40.731 -33.982
E 36.737 -43.951 -34.749
V 39.457 -43.904 -32.084
Q 41.667 -47.008 -32.282
L 43.817 -47.277 -29.148
V 47.213 -49.011 -29.345
E 49.004 -49.956 -26.124
S 52.651 -50.748 -25.467
G 55.21 -51.094 -22.712
G 54.356 -54.262 -20.807
G 56.942 -56.43 -19.152
L 58.389 -57.965 -16.002
V 60.426 -56.102 -13.362
Q 61.552 -56.582 -9.773
A 60.048 -54.757 -6.813
G 61.341 -51.191 -6.941
G 61.795 -51.173 -10.718
S 60.026 -49.021 -13.273
L 57.925 -49.434 -16.403
R 56.38 -46.972 -18.859
R 56.376 -46.959 -18.848
L 53.104 -47.893 -20.521
S 52.194 -45.942 -23.642
C 48.815 -45.485 -25.315
A 48.404 -43.928 -28.741
A 45.698 -43.321 -31.322
S 45.977 -41.714 -34.739
A 42.649 -39.856 -34.583
S 43.287 -36.19 -33.812
I 40.292 -36.105 -31.447
F 42.324 -38.316 -29.096
R 44.254 -35.147 -28.169
A 41.09 -33.476 -26.824
L 39.893 -36.499 -24.816
N 40.498 -37.467 -21.234
V 42.726 -40.548 -21.155
G 43.028 -42.934 -18.239
Y 44.628 -46.203 -17.23
Y 42.472 -48.862 -15.581
R 44.035 -51.887 -13.92
Q 42.495 -55.294 -13.238
T 43.879 -57.392 -10.397
P 43.793 -61.188 -10.97
G 40.071 -61.737 -10.304
R 38.662 -58.219 -9.965
Q 36.807 -55.405 -11.69
R 38.719 -52.684 -13.525
E 39.492 -49.561 -11.487
L 40.754 -46.21 -12.767
I 44.179 -45.533 -11.246
A 45.456 -42.612 -13.36
G 43.796 -40.069 -15.633
I 44.831 -36.995 -17.59
S 42.728 -34.231 -19.129
G 43.242 -33.012 -22.677
G 45.382 -30.203 -21.286
G 47.541 -32.383 -19.055
S 45.854 -32.122 -15.656
T 46.35 -35.37 -13.796
H 44.564 -37.398 -11.144
Y 45.636 -40.642 -9.488
A 44.247 -43.323 -7.228
D 45.764 -43.266 -3.745
P 47.596 -46.642 -4.094
V 49.692 -45.264 -6.981
K 50.103 -41.616 -5.937
G 53.705 -40.455 -5.65
R 54.867 -43.46 -7.689
F 52.858 -43.231 -10.93
T 52.856 -40.254 -13.294
I 50.606 -39.913 -16.329
S 51.668 -37.465 -19.034
R 50.775 -36.847 -22.649
D 52.551 -35.511 -25.727
N 49.73 -34.364 -27.991
A 52.3 -33.752 -30.731
K 52.747 -37.546 -30.825
N 49.077 -38.402 -30.081
R 50.382 -40.453 -27.163
V 49.725 -40.779 -23.43
D 52.278 -42.284 -21.043
L 51.922 -43.872 -17.608
Q 55.288 -43.888 -15.85
M 55.194 -46.509 -13.084
N 58.085 -46.057 -10.658
N 58.899 -47.971 -7.471
L 56.666 -50.821 -8.603
K 55.215 -53.173 -5.977
P 53.919 -56.759 -6.269
E 50.357 -55.52 -5.72
D 50.867 -53.422 -8.863
T 50.925 -56.694 -10.827
A 47.787 -56.52 -12.972
V 46.49 -56.104 -16.506
Y 46.432 -52.402 -17.366
Y 43.891 -51.03 -19.848
C 44.057 -47.716 -21.672
N 40.781 -45.804 -21.916
A 39.938 -42.646 -23.859
G 37.02 -40.47 -22.813
P 36.59 -41.331 -19.104
T 35.152 -38.99 -16.505
L 38.09 -38.366 -14.191
T 36.075 -37.513 -11.066
T 33.701 -40.497 -11.169
G 35.95 -42.933 -13.03
D 33.212 -43.702 -15.552
A 34.988 -45.248 -18.532
G 34.802 -43.822 -22.029
P 33.848 -45.856 -25.098
Y 37.419 -46.429 -26.365
W 39.44 -49.293 -24.871
G 42.874 -50.717 -25.53
Q 43.638 -54.422 -25.756
G 45.179 -54.621 -22.277
T 48.799 -54.809 -21.122
Q 50.259 -57.235 -18.574
V 52.504 -55.909 -15.787
T 54.245 -58.298 -13.375
V 56.335 -57.337 -10.36
