tag x y z
V 27.006 17.249 -24.613
Q 26.258 14.727 -27.379
L 27.803 11.297 -27.984
V 27.288 8.765 -30.779
E 28.678 5.23 -30.499
T 29.353 3.041 -33.538
G 31.197 -0.17 -34.403
G 28.563 -2.425 -32.883
G 27.866 -5.652 -34.742
V 27.894 -9.444 -34.801
V 31.15 -11.209 -33.951
Q 32.17 -14.861 -33.754
A 32.993 -16.243 -30.309
G 36.619 -15.566 -29.416
G 36.967 -12.761 -31.945
S 37.754 -9.051 -31.68
L 35.768 -5.832 -32.118
R 36.44 -2.113 -31.737
L 33.718 0.29 -30.641
S 33.89 4.009 -31.425
C 32.328 7.082 -29.822
V 32.611 10.641 -31.117
A 31.628 13.66 -29.028
S 30.309 17.033 -30.186
G 28.36 19.963 -28.77
R 28.407 23.468 -27.323
T 30.838 23.996 -24.406
F 33.746 22.046 -25.941
S 33.626 24.938 -26.437
G 37.673 25.221 -19.129
R 35.139 22.729 -20.473
T 37.013 21.511 -23.551
F 36.627 17.888 -24.639
S 39.939 17.291 -22.88
D 38.423 18.423 -19.572
H 35.728 15.749 -19.779
G 36.158 12.167 -18.628
L 34.678 9.336 -20.691
G 33.344 5.916 -19.671
W 32.025 2.756 -21.347
F 29.074 0.793 -19.925
R 26.94 -2.129 -21.129
E 21.076 -3.492 -15.807
R 24.07 -1.345 -16.722
E 27.609 -2.478 -15.941
F 30.829 -0.453 -15.835
V 33.239 -1.501 -18.584
G 36.051 1.047 -18.456
S 36.822 4.764 -18.411
I 39.433 7.219 -19.658
S 40.974 10.501 -18.513
W 43.152 12.857 -20.553
S 46.658 13.857 -19.461
V 49.09 16.588 -20.499
D 51.773 15.413 -18.075
G 55.083 14.116 -19.397
D 54.456 10.368 -19.455
A 51.057 9.65 -21.042
T 48.5 11.422 -23.237
Y 45.753 9.637 -21.302
Y 45.04 7.146 -18.508
T 42.505 4.304 -18.5
D 40.56 2.239 -15.961
L 39.154 -1.229 -16.656
A 36.699 -3.372 -14.697
N 38.43 -6.506 -13.385
S 36.469 -9.017 -15.488
V 37.617 -7.111 -18.572
K 41.243 -6.235 -17.75
G 43.094 -8.872 -19.778
R 40.862 -8.527 -22.833
F 39.539 -5.018 -23.45
T 41.624 -1.886 -23.929
I 40.71 1.782 -24.238
S 42.383 4.537 -26.221
G 41.534 7.947 -27.602
V 42.4 10.712 -30.023
N 41.845 14.02 -28.23
A 42.065 16.216 -31.334
K 39.199 14.28 -32.928
N 36.976 14.192 -29.839
T 36.936 10.402 -30.141
V 37.373 7.484 -27.738
Y 37.745 3.772 -28.541
L 36.938 0.431 -26.904
Q 39.014 -2.514 -28.141
M 37.462 -5.88 -27.277
N 39.52 -9.066 -27.659
S 38.505 -12.665 -26.908
L 34.775 -11.952 -27.089
K 32.311 -14.293 -25.381
D 29.71 -10.317 -23.544
T 26.675 -9.716 -25.765
A 24.959 -6.463 -24.778
V 24.274 -2.824 -25.628
Y 27.399 -0.714 -25.174
Y 27.075 2.91 -24.08
C 29.552 5.751 -23.869
A 29.181 8.405 -21.191
A 31.021 11.659 -20.496
G 31.191 14.358 -17.832
L 33.334 16.686 -15.73
R 33.121 14.092 -12.959
G 33.815 11.169 -15.273
G 37.057 9.475 -16.247
T 39.292 7.132 -14.268
Y 37.985 6.219 -10.806
A 34.441 7.044 -11.905
R 32.852 3.622 -12.368
T 29.266 4.602 -11.555
I 26.52 5.679 -13.971
Y 25.633 8.69 -11.813
E 29.105 10.184 -12.183
Y 28.525 10.877 -15.884
D 26.178 13.628 -17.056
Y 25.963 12.781 -20.762
W 25.025 9.561 -22.536
G 25.083 8.058 -26.009
Q 22.363 6.087 -27.771
G 24.384 2.891 -27.447
T 25.389 0.24 -29.976
Q 24.614 -3.481 -30.096
V 27.348 -6.108 -29.791
T 26.421 -9.76 -30.278
V 29.042 -12.486 -29.889
