tag x y z
S 71.034 32.721 -56.18
Q 68.188 34.207 -58.228
V 65.103 33.508 -56.091
Q 64.518 34.506 -52.449
L 61.705 33.385 -50.123
V 62.018 36.336 -47.718
E 59.686 35.773 -44.741
S 58.91 38.233 -41.932
G 56.637 38.625 -38.9
G 58.336 36.485 -36.237
G 58.333 37.542 -32.579
L 57.257 36.74 -29.013
V 53.739 36.665 -27.507
Q 51.726 35.211 -24.601
P 49.257 32.239 -24.537
G 46.241 33.305 -26.619
G 48.345 35.701 -28.712
S 48.114 36.851 -32.348
L 50.418 37.925 -35.21
R 50.727 38.063 -39.014
L 53.467 36.605 -41.221
S 54.61 38.454 -44.353
C 56.255 36.475 -47.163
E 57.532 38.955 -49.761
A 58.05 36.7 -52.766
S 60.503 38.368 -55.15
G 63.127 37.53 -57.78
F 60.331 35.935 -59.848
T 56.535 35.905 -60.108
L 54.156 33.802 -57.992
D 50.836 34.039 -59.812
Y 51.429 30.469 -61.002
Y 52.902 28.949 -57.872
G 50.999 27.627 -54.899
I 52.596 28.727 -51.633
G 52.638 26.535 -48.516
W 53.583 27.429 -44.926
F 55.766 25.11 -42.858
R 57.073 25.127 -39.273
Q 59.577 23.272 -37.09
P 58.981 23.076 -33.278
P 62.045 22.859 -30.937
G 63.667 19.442 -31.419
K 60.771 18.205 -33.568
E 60.552 17.627 -37.318
R 59.213 19.852 -40.115
E 55.5 20.422 -39.45
A 52.884 21.504 -42.03
V 50.905 24.68 -41.25
S 48.678 25.912 -44.095
Y 48.564 25.303 -47.856
I 47.234 27.719 -50.474
S 46.961 27.256 -54.224
A 47.593 29.911 -56.8
S 44.31 31.853 -56.944
A 42.829 30.539 -53.646
R 40.11 27.897 -54.213
T 42.489 25.544 -52.422
I 42.998 26.794 -48.893
L 44.144 23.975 -46.614
Y 44.994 24.019 -42.91
A 46.514 21.345 -40.686
D 44.186 20.187 -37.928
S 46.533 21.752 -35.344
V 45.521 25.277 -36.29
K 42.037 24.828 -37.784
G 39.892 27.936 -37.184
R 42.814 29.854 -35.614
F 45.181 30.672 -38.502
T 43.968 32.261 -41.764
I 45.957 32.41 -44.995
S 45.672 35.049 -47.73
R 47.712 36.136 -50.734
D 48.182 39.369 -52.664
N 49.267 38.239 -56.129
A 49.053 41.918 -57.105
K 51.592 42.865 -54.405
N 53.493 39.525 -54.734
A 53.144 38.62 -51.032
V 51.382 35.87 -49.079
Y 50.172 36.322 -45.486
L 49.38 34.11 -42.509
Q 47.238 35.66 -39.773
M 47.789 33.845 -36.475
N 45.161 34.012 -33.706
S 44.779 32.338 -30.298
L 48.501 31.531 -30.095
K 49.234 28.568 -27.819
R 52.67 27.6 -26.478
E 52.555 24.564 -28.788
D 52.776 27.041 -31.693
T 56.391 27.81 -30.716
A 58.416 27.005 -33.84
V 60.38 28.326 -36.834
Y 57.823 29.177 -39.545
Y 58.782 28.65 -43.202
C 57.313 29.897 -46.495
A 57.771 27.66 -49.565
R 56.507 27.532 -53.146
R 54.994 24.311 -54.455
R 56.396 23.043 -57.76
F 53.947 24.094 -60.446
S 53.794 20.536 -61.776
A 52.933 18.81 -58.506
S 50.621 15.901 -59.263
S 50.102 14.767 -55.661
V 47.025 15.1 -53.457
N 49.129 15.673 -50.314
R 50.281 19.207 -51.203
W 52.912 19.16 -48.406
L 55.246 16.446 -49.692
A 58.297 18.755 -49.569
D 59.66 17.057 -52.653
D 57.054 19.175 -54.386
Y 58.774 22.345 -53.184
D 61.611 24.113 -55.005
V 62.156 27.44 -53.23
W 62.468 27.711 -49.422
G 62.784 30.798 -47.22
R 65.042 31.421 -44.241
G 62.01 31.241 -41.952
T 61.043 33.522 -39.088
Q 60.883 32.237 -35.507
V 57.765 32.476 -33.345
A 58.024 31.921 -29.575
V 54.999 31.981 -27.25
