tag x y z
Q -34.021 -10.706 5.447
L -30.832 -8.948 6.602
V -28.886 -9.959 9.724
E -26.364 -7.49 11.178
S -23.749 -8.429 13.785
G -20.111 -8.095 14.862
G -20.205 -4.766 16.735
G -19.678 -3.85 20.396
L -17.119 -2.116 22.608
V -13.343 -2.578 22.335
Q -10.389 -0.748 23.865
T -8.008 1.307 21.721
G -5.957 -1.174 19.676
G -8.599 -3.936 19.526
S -10.272 -5.537 16.485
L -13.848 -6.156 15.342
R -15.352 -7.959 12.353
L -18.63 -6.416 11.21
S -21.026 -8.684 9.328
C -24.119 -8.06 7.202
A -25.751 -11.204 5.804
S -28.73 -11.176 3.432
S -30.964 -13.942 2.09
G -33.702 -13.877 -0.547
S -31.869 -12.039 -3.331
I -29.437 -12.883 -6.131
A -26.321 -11.092 -4.86
G -28.005 -8.463 -2.686
F -24.479 -7.137 -2.097
E -22.832 -7.297 -5.511
T -22.007 -3.635 -4.886
V -21.369 -2.726 -1.237
T -20.731 0.582 0.537
W -19.741 0.869 4.215
S -20.627 4.138 5.976
R -20.473 5.383 9.577
Q -22.108 8.157 11.586
A -20.898 9.641 14.861
P -23.374 11.781 16.92
G -23.245 15.399 15.738
K -21.334 14.449 12.576
S -22.412 13.805 8.972
L -22.571 10.284 7.552
Q -19.007 9.384 6.527
W -17.764 6.928 3.873
V -15.522 4.107 5.151
A -14.94 1.64 2.286
S -16.435 0.162 -0.886
M -16.305 -2.987 -3.018
T -17.268 -2.807 -6.703
K -18.958 -5.455 -8.843
T -15.377 -6.226 -9.975
N -14.356 -7.158 -6.406
N -12.392 -3.891 -6.33
E -11.717 -2.641 -2.789
I -11.71 1.133 -2.247
Y -10.743 2.536 1.164
S -11.092 5.961 2.771
D -7.698 7.484 3.649
S -8.458 7.594 7.382
V -8.961 3.829 7.407
K -6.453 2.342 4.952
G -3.933 -0.089 6.44
R -6.329 -0.883 9.305
F -9.601 -1.967 7.666
I -10.379 -4.813 5.251
I -13.672 -5.159 3.379
S -14.586 -8.611 2.027
R -17.47 -10.627 0.546
D -18.386 -14.291 0.293
N -18.501 -15.72 -3.244
A -22.323 -15.56 -3.347
K -22.012 -11.801 -2.67
N -24.819 -12.027 -0.09
T -22.784 -11.401 3.067
V -20.232 -8.594 3.475
Y -17.592 -8.199 6.19
L -15.591 -5.302 7.613
Q -12.446 -6.363 9.436
M -11.388 -3.367 11.516
N -8.042 -3.56 13.329
S -6.056 -1.093 15.455
L -9.256 0.755 16.336
K -9.051 4.347 17.58
P -11.734 6.327 19.54
E -12.054 8.244 16.244
D -13.652 5.101 14.755
T -16.575 5.191 17.21
G -20.0 5.362 15.55
V -22.914 3.535 13.877
Y -21.859 1.573 10.775
F -24.111 0.995 7.753
C -23.771 -1.612 5.006
K -25.372 -0.605 1.687
G -26.106 -2.829 -1.294
P -28.007 -1.742 -4.466
E -31.365 -2.306 -2.723
L -30.296 -3.371 0.8
R -29.283 -1.231 3.754
G -28.603 -2.261 7.357
Q -30.203 -0.608 10.397
G -26.705 0.159 11.72
I -24.09 -1.544 13.912
Q -22.853 0.366 16.977
V -19.051 0.462 17.332
T -17.404 1.915 20.447
V -13.658 2.3 21.036
S -12.836 3.044 24.652
S -9.323 4.498 25.179
