tag x y z
S 24.305 61.767 -19.184
N 27.038 64.154 -18.011
S 27.211 67.135 -20.37
Q 30.434 68.473 -18.825
V 32.367 65.345 -19.822
Q 33.576 65.043 -23.433
L 35.454 62.141 -25.047
V 37.543 62.228 -28.243
E 38.689 58.894 -29.714
S 41.43 58.635 -32.358
G 43.764 56.172 -34.099
G 41.308 54.346 -36.374
G 41.923 53.449 -40.03
L 42.59 50.572 -42.446
V 44.786 47.708 -41.227
E 45.783 44.305 -42.651
A 44.62 41.008 -41.121
G 47.001 39.921 -38.349
G 48.166 43.519 -37.846
S 48.166 45.786 -34.782
L 46.364 49.068 -34.076
R 46.204 51.312 -31.006
L 43.199 53.527 -30.282
S 43.368 56.497 -27.887
C 40.707 58.531 -26.077
V 41.106 61.82 -24.214
V 38.516 62.729 -21.579
T 37.471 66.131 -20.216
G 36.033 66.882 -16.758
S 36.682 65.813 -13.181
S 35.053 62.382 -12.76
F 37.616 60.211 -14.59
S 39.374 58.785 -11.525
T 36.155 57.558 -9.86
S 34.506 56.288 -13.07
T 34.75 53.125 -15.14
M 36.09 53.546 -18.666
A 34.806 51.233 -21.416
W 35.341 50.546 -25.124
Y 32.532 49.419 -27.441
R 32.236 48.75 -31.176
Q 29.443 48.852 -33.743
P 30.205 46.457 -36.648
P 28.435 47.195 -39.994
G 24.841 45.922 -40.038
K 24.99 44.817 -36.379
Q 24.127 46.559 -33.095
R 26.777 48.12 -30.834
R 26.769 48.121 -30.823
E 28.598 45.628 -28.589
W 30.825 45.923 -25.5
V 34.564 45.308 -25.919
A 36.504 46.089 -22.719
S 36.32 47.975 -19.411
F 38.805 49.275 -16.823
T 37.325 50.259 -13.455
S 38.539 53.073 -11.216
G 39.311 50.28 -8.724
G 41.746 48.803 -11.273
A 39.891 45.789 -12.737
I 40.128 44.985 -16.467
K 37.516 42.95 -18.373
Y 37.19 41.895 -22.028
T 34.485 40.409 -24.245
D 35.256 36.764 -25.122
S 35.987 37.312 -28.833
V 38.756 39.755 -27.886
K 40.316 38.141 -24.779
G 44.058 37.586 -25.208
R 44.285 39.892 -28.252
F 43.284 43.336 -26.954
T 44.863 45.276 -24.074
M 43.028 48.185 -22.439
S 44.836 50.727 -20.248
R 43.95 53.957 -18.422
D 45.899 56.936 -17.062
N 44.183 59.0 -14.344
A 46.699 61.868 -14.577
K 46.324 62.284 -18.362
K 42.622 61.306 -18.258
M 43.21 58.973 -21.186
T 42.392 55.385 -22.083
Y 43.938 53.19 -24.784
L 42.872 50.036 -26.602
Q 45.807 48.08 -28.02
M 44.53 45.651 -30.647
E 46.701 42.758 -31.845
N 46.218 39.883 -34.299
L 43.358 41.812 -35.895
K 40.705 39.83 -37.772
P 38.141 40.983 -40.415
E 35.376 40.524 -37.816
D 37.034 43.331 -35.813
T 35.907 45.862 -38.458
A 33.655 48.397 -36.719
V 33.326 51.917 -35.378
Y 34.964 51.853 -31.929
Y 33.584 54.169 -29.228
Y 33.661 54.235 -29.264
C 34.787 54.999 -25.712
A 32.508 55.695 -22.733
L 32.908 57.008 -19.203
H 30.422 55.286 -16.887
N 29.408 56.907 -13.602
A 26.316 55.949 -11.599
V 26.438 59.212 -9.632
S 27.463 62.006 -12.027
G 26.296 60.203 -15.189
S 27.851 58.599 -18.286
S 29.28 60.142 -21.481
W 30.331 58.603 -24.802
W 30.163 58.655 -24.904
G 32.541 59.708 -27.69
R 31.642 59.869 -31.392
G 33.988 56.976 -32.175
T 36.771 56.056 -34.621
Q 36.409 53.632 -37.56
V 38.585 50.518 -37.849
T 38.645 48.414 -41.023
V 40.539 45.115 -41.182
S 41.332 43.755 -44.67
S 40.727 40.091 -45.537
E 43.54 37.589 -46.212
