tag x y z
S -3.067 32.851 21.362
N -5.303 29.986 20.206
S -8.21 29.597 22.642
Q -9.428 26.421 20.879
V -6.258 24.554 21.922
Q -5.812 23.306 25.506
L -2.763 21.6 27.029
V -2.73 19.524 30.232
E 0.661 18.511 31.658
S 1.033 15.77 34.273
G 3.595 13.547 35.999
G 5.333 16.094 38.253
G 6.208 15.537 41.915
L 9.082 14.988 44.344
V 11.962 12.827 43.095
E 15.385 11.889 44.512
A 18.652 13.111 42.957
G 19.784 10.744 40.192
G 16.213 9.503 39.699
S 14.042 9.456 36.573
L 10.69 11.132 35.891
R 8.429 11.268 32.841
L 6.163 14.231 32.139
S 3.189 13.943 29.77
C 1.054 16.529 27.988
V -2.249 15.991 26.183
V -3.328 18.54 23.569
T -6.787 19.299 22.163
G -7.678 20.899 18.817
S -6.665 20.332 15.214
S -3.289 22.073 14.809
F -1.004 19.562 16.573
S 0.421 17.891 13.45
T 1.506 21.176 11.817
S 2.788 22.861 15.007
T 6.005 22.761 17.018
M 5.74 21.356 20.55
A 8.064 22.711 23.258
W 8.823 22.168 26.948
Y 9.896 24.976 29.278
R 10.599 25.278 33.01
Q 10.447 28.079 35.577
P 12.905 27.4 38.45
P 12.202 29.15 41.815
G 13.366 32.778 41.825
K 14.37 32.669 38.138
Q 12.533 33.47 34.893
R 11.042 30.756 32.658
R 11.039 30.762 32.655
E 13.567 29.013 30.392
W 13.313 26.796 27.299
V 14.062 23.079 27.693
A 13.296 21.139 24.489
S 11.365 21.304 21.211
F 10.078 18.831 18.611
T 8.91 20.307 15.292
S 6.123 18.945 13.098
G 8.909 18.317 10.552
G 10.571 16.01 13.104
A 13.51 18.087 14.424
I 14.442 17.728 18.112
K 16.435 20.279 20.111
Y 17.512 20.542 23.763
T 18.961 23.223 26.015
D 22.631 22.534 26.831
S 22.135 21.85 30.558
V 19.778 18.987 29.685
K 21.471 17.353 26.675
G 22.13 13.641 27.208
R 19.696 13.452 30.143
F 16.274 14.43 28.763
T 14.384 12.836 25.859
M 11.412 14.58 24.227
S 8.936 12.707 22.024
R 5.644 13.472 20.267
D 2.711 11.416 18.966
N 0.532 13.045 16.288
A -2.218 10.404 16.551
K -2.595 10.761 20.343
K -1.792 14.503 20.22
M 0.627 14.011 23.101
T 4.198 14.956 23.959
Y 6.488 13.478 26.619
L 9.608 14.655 28.422
Q 11.632 11.754 29.811
M 14.031 13.059 32.457
E 16.962 10.936 33.66
N 19.807 11.496 36.147
L 17.826 14.344 37.719
K 19.756 17.041 39.58
P 18.574 19.579 42.236
E 18.931 22.393 39.682
D 16.2 20.665 37.641
T 13.607 21.676 40.245
A 11.04 23.912 38.559
V 7.501 24.132 37.247
Y 7.581 22.475 33.805
Y 5.203 23.788 31.122
Y 5.202 23.784 31.131
C 4.352 22.569 27.62
A 3.511 24.819 24.661
L 2.15 24.378 21.157
H 3.693 26.957 18.819
N 1.931 27.918 15.582
A 2.669 31.067 13.571
V -0.628 30.805 11.682
S -3.303 29.652 14.15
G -1.461 30.874 17.27
S 0.289 29.367 20.315
S -1.135 27.821 23.507
W 0.418 26.815 26.842
W 0.463 26.704 26.764
G -0.501 24.53 29.72
R -0.568 25.544 33.385
G 2.43 23.307 34.106
T 3.458 20.545 36.517
Q 5.87 21.034 39.43
V 9.039 18.954 39.771
T 11.183 18.959 42.924
V 14.511 17.099 43.043
S 15.816 16.311 46.551
S 19.326 17.134 47.807
