tag x y z
Q -23.451 -12.045 -20.008
V -20.728 -13.936 -18.132
Q -19.093 -11.599 -15.616
L -15.787 -12.16 -13.816
Q -15.117 -10.729 -10.351
E -11.482 -10.465 -9.253
S -9.904 -10.082 -5.82
G -6.656 -10.627 -3.939
G -4.536 -7.719 -5.148
G -2.364 -5.606 -2.904
L 1.021 -4.028 -2.307
V 3.622 -6.365 -0.787
A 7.387 -6.247 -0.368
A 9.784 -8.117 -2.637
G 9.766 -11.88 -2.175
G 6.352 -11.996 -0.5
S 3.237 -13.923 -1.498
L -0.319 -13.312 -2.679
R -3.359 -15.304 -3.798
L -5.546 -13.896 -6.576
S -9.115 -15.178 -6.863
C -11.591 -15.005 -9.74
A -15.067 -16.567 -9.678
A -17.336 -16.669 -12.725
S -20.917 -15.433 -12.404
G -23.856 -15.229 -14.783
N -23.268 -18.542 -16.581
I -25.783 -21.364 -16.904
F -23.139 -23.985 -17.778
D -19.599 -24.682 -16.622
V -16.826 -22.386 -17.826
D -14.482 -24.154 -20.241
I -11.027 -22.618 -19.673
M -9.882 -19.802 -17.381
G -6.56 -18.025 -17.074
W -4.704 -14.913 -15.959
Y -3.235 -12.05 -17.994
R -1.074 -9.162 -16.801
Q -0.018 -5.885 -18.421
A 3.12 -4.155 -17.178
P 3.291 -0.345 -17.472
G 4.504 0.685 -20.91
K 4.512 -2.922 -22.162
E 2.063 -5.163 -23.987
R -0.235 -7.612 -22.231
E 0.978 -11.19 -21.818
L -0.382 -14.524 -20.633
V 0.701 -15.586 -17.141
A -1.056 -18.912 -16.586
S -4.105 -20.872 -17.701
I -5.829 -23.989 -16.363
T -8.542 -26.064 -18.024
D -11.444 -27.983 -16.487
G -9.339 -31.154 -16.669
G -6.428 -29.725 -14.69
S -3.726 -29.143 -17.328
T -1.782 -25.951 -16.606
N 0.403 -23.796 -18.857
Y 2.713 -21.184 -17.322
A 4.905 -18.51 -18.852
D 8.689 -18.771 -18.78
S 9.048 -15.732 -16.491
V 6.774 -17.067 -13.717
K 7.518 -20.778 -14.076
G 8.288 -22.432 -10.745
R 7.025 -19.413 -8.77
F 3.316 -19.061 -9.579
T 0.809 -21.874 -9.05
I -2.631 -21.643 -10.667
S -5.567 -23.795 -9.581
R -9.338 -23.916 -9.898
D -12.461 -25.329 -8.256
N -14.863 -26.598 -10.92
A -17.721 -26.643 -8.392
K -17.717 -22.872 -7.798
N -16.16 -21.937 -11.18
T -13.337 -20.097 -9.416
V -9.635 -19.86 -10.284
Y -6.882 -19.16 -7.746
L -3.441 -17.788 -8.656
A -0.981 -18.449 -5.822
M 1.915 -16.031 -6.36
A 5.116 -16.716 -4.418
S 8.617 -15.215 -4.443
L 7.311 -12.007 -5.988
K 9.777 -9.853 -7.927
P 9.605 -6.127 -8.769
E 9.139 -7.144 -12.417
D 5.75 -8.687 -11.545
T 4.274 -5.231 -10.829
A 1.324 -5.119 -13.232
V -2.465 -5.188 -13.479
Y -3.663 -8.798 -13.544
Y -6.762 -9.583 -15.611
C -8.996 -12.649 -15.372
A -10.163 -14.346 -18.572
A -12.609 -17.181 -19.18
V -14.116 -19.113 -22.093
A -17.761 -20.181 -21.85
Y -19.969 -21.681 -24.579
P -23.791 -21.629 -24.685
D -26.013 -24.707 -24.816
I -25.684 -26.734 -28.027
P -22.579 -24.696 -28.965
T -22.028 -24.123 -32.674
Y -18.553 -22.805 -31.706
F -19.256 -19.498 -33.459
D -19.829 -16.095 -31.871
Y -19.803 -12.685 -33.564
D -20.595 -10.852 -30.297
S -17.94 -11.96 -27.792
D -16.171 -15.013 -29.329
N -17.233 -16.938 -26.188
F -14.456 -15.0 -24.411
Y -14.998 -12.891 -21.291
W -12.658 -10.675 -19.266
G -12.662 -9.176 -15.785
Q -12.182 -5.757 -14.244
G -8.611 -6.267 -13.037
T -6.775 -5.94 -9.726
Q -3.543 -4.065 -9.062
V -0.502 -5.985 -7.8
T 2.498 -3.868 -6.778
V 5.856 -5.155 -5.514
S 8.453 -2.79 -4.053
S 12.098 -3.815 -4.319
L 12.888 -2.68 -0.761
