tag x y z
Q -23.159 -12.247 -19.93
V -20.418 -14.1 -18.039
Q -18.99 -11.67 -15.489
L -15.642 -12.19 -13.757
Q -14.937 -10.756 -10.299
E -11.287 -10.753 -9.226
S -9.85 -10.173 -5.762
G -6.593 -10.565 -3.863
G -4.486 -7.672 -5.162
G -2.347 -5.56 -2.881
L 0.99 -3.831 -2.283
V 3.456 -6.371 -0.866
A 7.198 -6.19 -0.278
A 9.661 -7.914 -2.591
G 9.812 -11.678 -2.166
G 6.394 -11.878 -0.519
S 3.421 -14.012 -1.485
L -0.143 -13.462 -2.667
R -3.197 -15.414 -3.813
L -5.463 -13.958 -6.5
S -9.004 -15.284 -6.899
C -11.521 -15.044 -9.735
A -14.994 -16.598 -9.594
A -17.226 -16.795 -12.666
S -20.795 -15.592 -12.099
G -23.724 -15.515 -14.499
N -22.912 -18.728 -16.399
I -25.587 -21.406 -16.711
F -22.918 -23.945 -17.714
D -19.366 -24.594 -16.575
V -16.562 -22.369 -17.826
D -14.225 -24.196 -20.199
I -10.792 -22.611 -19.621
M -9.74 -19.822 -17.253
G -6.466 -18.006 -16.776
W -4.656 -14.838 -15.772
Y -3.175 -11.977 -17.793
R -1.078 -9.039 -16.605
Q -0.241 -5.711 -18.247
A 2.951 -3.988 -17.151
P 3.038 -0.173 -17.416
G 4.205 0.868 -20.868
K 4.379 -2.785 -21.958
E 1.88 -4.957 -23.793
R -0.342 -7.515 -22.097
E 0.923 -11.074 -21.665
L -0.473 -14.421 -20.54
V 0.697 -15.406 -17.057
A -0.97 -18.779 -16.509
S -4.047 -20.735 -17.555
I -5.738 -23.889 -16.273
T -8.408 -26.015 -17.946
D -11.292 -27.91 -16.349
G -9.136 -31.053 -16.399
G -6.173 -29.593 -14.543
S -3.606 -28.908 -17.253
T -1.669 -25.7 -16.586
N 0.509 -23.562 -18.858
Y 2.83 -21.054 -17.176
A 4.93 -18.298 -18.699
D 8.717 -18.529 -18.605
S 8.931 -15.408 -16.411
V 6.723 -16.907 -13.662
K 7.309 -20.66 -14.029
G 8.25 -22.274 -10.727
R 7.04 -19.26 -8.713
F 3.341 -18.858 -9.55
T 0.945 -21.754 -8.944
I -2.457 -21.491 -10.624
S -5.325 -23.726 -9.513
R -9.106 -23.862 -9.743
D -12.251 -25.4 -8.27
N -14.624 -26.662 -10.961
A -17.49 -26.776 -8.445
K -17.494 -23.02 -7.765
N -15.963 -21.981 -11.128
T -13.143 -20.084 -9.429
V -9.445 -19.87 -10.32
Y -6.692 -19.185 -7.785
L -3.276 -17.729 -8.659
A -1.019 -18.439 -5.672
M 1.892 -16.057 -6.245
A 5.135 -16.681 -4.351
S 8.536 -14.96 -4.396
L 7.034 -11.841 -5.959
K 9.501 -9.641 -7.848
P 9.262 -5.927 -8.723
E 9.011 -7.018 -12.367
D 5.633 -8.605 -11.545
T 4.167 -5.153 -10.77
A 1.209 -5.045 -13.159
V -2.58 -5.106 -13.353
Y -3.617 -8.765 -13.368
Y -6.691 -9.522 -15.487
C -8.877 -12.622 -15.269
A -10.039 -14.428 -18.407
A -12.481 -17.251 -19.048
V -13.917 -19.171 -22.007
A -17.556 -20.221 -21.612
Y -19.686 -21.784 -24.356
P -23.503 -21.719 -24.512
D -25.769 -24.75 -24.67
I -25.372 -26.752 -27.89
P -22.332 -24.653 -28.875
T -21.554 -23.942 -32.518
Y -18.17 -22.414 -31.537
F -19.015 -19.282 -33.554
D -19.571 -16.05 -31.618
Y -19.628 -12.712 -33.445
D -20.421 -10.868 -30.185
S -17.769 -11.92 -27.65
D -15.926 -14.927 -29.195
N -17.018 -16.921 -26.108
F -14.273 -15.0 -24.27
Y -14.861 -12.934 -21.131
W -12.503 -10.697 -19.152
G -12.454 -9.104 -15.715
Q -12.098 -5.623 -14.288
G -8.513 -5.936 -13.029
T -6.741 -6.032 -9.677
Q -3.562 -4.061 -9.022
V -0.514 -6.008 -7.826
T 2.466 -3.881 -6.765
V 5.803 -5.271 -5.554
S 8.207 -2.71 -4.081
S 11.879 -3.077 -3.197
