tag x y z
Q 106.234 92.235 100.045
V 105.127 95.772 99.139
Q 102.778 95.714 96.144
L 101.898 99.032 94.472
Q 99.663 98.376 91.469
E 98.229 101.151 89.325
S 95.397 101.679 86.864
G 93.992 104.411 84.659
G 96.419 105.073 81.818
G 95.574 105.22 78.121
L 95.434 107.716 75.245
V 93.804 111.13 75.61
Q 93.638 114.237 73.43
P 95.152 117.299 75.166
G 93.003 119.312 77.523
G 91.149 116.148 78.526
S 91.363 114.97 82.118
L 92.579 111.53 83.178
R 92.384 109.964 86.645
L 94.798 107.2 87.637
S 95.153 105.374 90.917
C 97.512 103.188 92.945
A 96.159 100.315 95.012
A 98.65 99.472 97.765
S 98.954 96.172 99.618
G 101.698 95.064 101.984
F 102.047 97.8 104.604
T 99.919 100.141 106.707
F 98.863 102.852 104.243
S 98.403 105.633 106.779
N 101.899 106.687 107.899
Y 104.083 106.645 104.774
K 104.794 109.71 102.668
M 103.899 109.048 99.04
N 105.265 110.249 95.708
W 104.153 110.145 92.08
V 107.07 109.813 89.649
R 107.024 109.88 85.85
Q 109.537 108.749 83.243
A 109.638 110.244 79.745
P 110.124 108.083 76.606
G 113.913 108.034 76.721
K 114.722 110.465 79.519
G 115.341 109.681 83.177
L 112.838 109.507 86.0
Q 111.317 112.793 87.164
W 109.441 113.353 90.412
V 106.019 114.97 90.054
S 103.915 114.753 93.217
D 104.922 114.656 96.88
I 101.794 113.959 98.952
S 102.368 113.761 102.713
Q 100.702 111.502 105.281
S 97.65 113.484 106.39
G 97.228 115.663 103.308
A 98.484 119.016 104.549
S 101.903 119.159 102.879
I 101.507 118.866 99.099
S 104.27 119.768 96.643
Y 104.581 119.801 92.865
T 107.288 119.935 90.218
G 108.187 122.837 87.936
S 106.315 121.927 84.753
V 103.169 121.06 86.759
K 101.789 123.933 88.874
G 98.001 123.986 88.771
R 97.094 121.104 86.46
F 97.512 117.887 88.51
T 95.704 116.981 91.721
I 96.505 114.272 94.272
S 94.582 112.655 97.123
R 95.126 109.624 99.351
D 91.968 107.69 100.211
D 93.048 106.052 103.465
A 90.035 103.792 104.037
K 90.072 102.505 100.455
N 93.906 102.239 100.705
T 94.567 104.021 97.432
L 96.535 106.959 96.056
Y 94.855 109.116 93.403
L 96.268 111.466 90.782
Q 94.218 113.334 88.196
M 95.551 115.296 85.22
N 93.272 118.188 84.259
S 94.171 120.052 81.029
L 97.278 118.014 80.314
K 99.788 118.947 77.612
P 101.221 116.75 74.803
A 104.683 116.955 76.413
D 103.71 114.077 78.766
T 103.913 110.74 76.92
A 105.425 109.14 79.984
V 105.178 106.043 82.112
Y 103.933 106.658 85.643
Y 105.085 104.965 88.841
C 103.824 105.551 92.366
A 106.601 105.415 94.95
R 106.611 105.148 98.73
C 109.178 107.034 100.776
P 111.208 104.541 102.85
A 110.989 105.705 106.442
P 107.541 106.019 108.053
F 106.615 108.917 110.37
T 109.205 111.04 108.559
R 109.063 113.749 105.882
D 112.132 112.268 104.138
C 111.664 111.112 100.537
F 115.258 110.67 99.481
D 115.452 107.857 96.888
V 111.912 107.773 95.487
T 113.368 108.777 92.101
S 116.342 106.411 91.945
T 116.71 103.598 89.45
A 116.422 99.989 90.707
Y 114.414 101.262 93.682
A 112.485 98.674 95.653
Y 109.385 100.627 96.692
R 107.581 101.61 93.492
G 105.391 99.55 91.198
Q 105.7 99.131 87.454
G 103.106 101.879 86.94
T 100.965 102.603 83.903
Q 101.557 104.126 80.472
V 100.223 107.618 79.733
T 100.395 108.406 76.022
V 98.845 111.528 74.527
S 97.267 112.127 71.118
S 96.69 115.43 69.307
