tag x y z
D 262.268 1.763 325.24
V 258.903 0.016 324.935
Q 257.383 -1.926 327.837
L 255.012 -4.863 327.353
Q 252.504 -5.756 330.076
E 250.475 -8.965 329.868
S 247.14 -9.625 331.572
G 245.651 -13.083 331.196
G 243.931 -15.677 333.346
G 245.62 -18.326 335.44
L 243.848 -21.666 335.899
V 241.481 -22.691 333.116
Q 239.644 -26.002 332.763
T 240.032 -28.285 329.776
G 237.593 -27.397 327.027
G 237.32 -23.821 328.276
S 238.207 -20.416 326.869
L 240.606 -17.667 327.891
T 241.792 -14.343 326.502
L 245.173 -12.73 327.078
S 245.937 -9.052 326.518
C 249.214 -7.212 326.106
A 249.661 -3.439 326.318
T 252.622 -1.359 325.147
S 254.202 1.726 326.713
G 255.572 3.456 323.62
R 253.704 5.909 321.436
S 254.494 4.001 318.21
F 252.543 0.808 318.841
S 251.346 0.749 315.232
L 254.896 0.367 313.88
Y 255.297 -2.898 315.812
A 254.624 -6.391 314.557
M 253.098 -8.293 317.475
A 253.298 -11.904 318.584
W 252.45 -14.34 321.36
F 255.028 -16.969 322.342
R 254.712 -19.608 325.047
Q 257.097 -21.651 327.187
A 256.07 -24.946 328.738
P 257.697 -25.76 332.093
G 260.661 -27.825 330.895
K 260.579 -26.89 327.211
E 261.697 -23.852 325.184
R 259.821 -20.765 324.023
E 257.57 -21.646 321.089
F 255.813 -19.321 318.664
V 252.033 -19.392 319.18
A 250.517 -16.569 317.132
G 251.577 -13.444 315.293
V 249.917 -10.418 313.738
S 251.328 -7.892 311.285
R 250.751 -4.158 311.225
R 248.085 -4.627 308.546
G 246.34 -7.387 310.502
N 247.138 -10.62 308.674
T 247.867 -13.405 311.146
A 250.001 -16.528 311.482
Y 249.499 -19.468 313.848
A 251.393 -22.528 315.019
D 249.937 -25.854 313.879
A 249.252 -26.765 317.507
V 246.873 -23.828 318.017
K 245.337 -23.439 314.555
G 241.549 -23.294 314.541
R 241.438 -22.777 318.324
F 243.374 -19.535 318.904
T 242.795 -16.101 317.379
I 245.272 -13.21 317.553
S 244.003 -9.67 317.03
R 245.296 -6.148 317.591
D 243.674 -2.891 318.706
N 245.923 0.021 317.782
A 243.77 2.594 319.575
A 244.041 0.616 322.831
N 247.722 -0.198 322.116
T 246.82 -3.813 322.908
V 247.211 -7.211 321.252
Y 244.781 -9.99 322.205
L 245.093 -13.779 322.132
Q 241.623 -15.361 322.342
M 242.28 -19.064 322.924
T 239.56 -21.725 323.121
S 239.222 -25.493 323.538
L 242.151 -25.36 325.934
K 243.977 -28.592 326.746
P 246.476 -29.507 329.471
E 249.096 -29.443 326.706
D 248.433 -25.68 326.5
T 249.62 -25.146 330.09
A 252.507 -22.7 329.775
V 253.905 -19.246 330.483
Y 252.554 -17.043 327.687
F 254.776 -14.177 326.539
C 254.054 -11.107 324.455
A 256.689 -9.826 322.034
A 257.111 -7.098 319.434
F 259.499 -5.538 316.938
R 259.53 -2.561 314.562
V 259.187 -3.174 310.807
A 258.695 -1.066 307.682
V 256.897 -3.917 305.883
T 253.251 -3.662 306.889
T 252.084 -7.208 306.071
Y 255.203 -8.865 307.524
T 255.099 -11.301 310.439
S 257.758 -13.566 311.937
Q 257.776 -16.826 313.894
Q 261.413 -16.425 315.0
A 262.017 -15.329 318.587
N 265.463 -13.952 317.683
E 263.601 -11.352 315.596
Y 261.685 -9.879 318.567
N 263.639 -7.432 320.743
Y 260.722 -6.48 323.046
W 259.254 -9.048 325.438
G 256.723 -9.033 328.243
Q 257.207 -10.477 331.71
G 254.999 -13.512 331.032
T 251.581 -14.636 332.275
Q 250.944 -18.161 333.548
V 248.137 -20.269 332.08
T 247.344 -23.72 333.47
V 244.688 -26.092 332.134
S 243.354 -28.9 334.351
