tag x y z
Q 280.427 40.817 250.949
L 277.32 39.797 252.89
Q 274.999 42.543 254.177
E 272.804 41.557 257.121
S 269.685 43.421 258.216
G 266.512 43.037 260.247
G 267.885 42.777 263.777
G 266.7 44.759 266.744
L 264.726 44.352 269.944
V 261.748 41.986 270.02
Q 259.265 40.938 272.662
T 259.264 37.294 273.691
G 256.905 35.213 271.596
G 257.371 37.684 268.743
S 258.553 37.173 265.177
L 261.543 38.643 263.363
T 262.84 38.17 259.812
L 266.551 38.565 259.119
S 267.747 39.32 255.585
C 271.191 38.779 254.087
A 272.14 40.319 250.736
T 274.989 39.29 248.44
S 277.107 41.714 246.417
G 278.235 39.455 243.586
R 276.238 38.276 240.603
S 276.878 34.549 241.219
F 274.606 34.068 244.223
S 273.206 30.643 243.309
L 276.634 29.003 243.496
Y 276.421 29.62 247.259
A 275.228 27.374 250.009
M 273.96 29.804 252.648
A 273.688 29.568 256.41
W 272.809 31.509 259.526
F 274.997 31.123 262.597
R 274.637 32.944 265.893
Q 276.739 33.858 268.905
A 275.072 34.398 272.288
P 276.863 36.47 274.948
G 279.249 34.262 276.893
K 279.009 31.352 274.437
E 280.779 30.314 271.248
R 279.284 30.691 267.775
E 276.83 27.943 266.81
F 274.984 26.816 263.691
V 271.35 27.939 263.428
A 270.078 27.142 259.943
G 271.323 26.334 256.474
V 270.025 26.179 252.908
S 271.619 24.472 249.925
R 271.812 25.814 246.389
R 268.712 23.798 245.448
G 266.699 24.655 248.585
N 267.564 21.681 250.801
T 267.484 22.904 254.396
A 268.893 21.99 257.812
Y 268.247 23.444 261.269
A 269.821 23.34 264.703
D 267.945 21.397 267.365
A 267.283 24.54 269.403
V 265.453 26.479 266.664
K 263.717 23.633 264.822
G 260.013 24.209 264.26
R 260.282 27.972 264.857
F 262.847 29.315 262.369
T 262.758 28.79 258.62
I 265.586 29.644 256.233
S 264.914 30.377 252.571
R 266.693 31.863 249.564
D 265.819 34.176 246.67
N 268.302 33.952 243.796
A 266.628 36.812 241.922
A 267.103 39.127 244.916
N 270.487 37.577 245.823
T 269.207 37.245 249.383
V 268.697 34.626 252.068
Y 266.041 35.081 254.764
L 265.781 33.71 258.314
Q 262.154 33.91 259.478
M 262.13 33.493 263.273
T 258.96 32.858 265.281
S 258.234 32.207 268.959
L 261.397 34.028 269.946
K 262.822 33.521 273.434
P 265.536 35.152 275.554
E 267.83 32.247 274.613
D 267.449 33.403 270.999
T 269.129 36.689 271.976
A 272.419 36.718 270.074
V 274.367 38.246 267.212
Y 273.157 36.478 264.067
F 275.823 36.035 261.395
C 275.179 35.287 257.744
A 277.595 32.991 255.922
A 278.111 31.466 252.486
F 280.385 29.219 250.477
R 280.5 28.013 246.885
V 279.82 24.37 246.03
A 279.467 22.295 242.886
V 277.129 19.931 244.751
T 273.709 21.538 244.44
T 272.127 19.785 247.463
Y 275.056 20.224 249.86
T 274.923 22.07 253.168
S 277.401 22.342 256.03
Q 276.956 22.955 259.747
Q 280.677 23.696 260.177
A 281.422 27.417 260.197
N 284.992 26.46 259.276
E 283.7 25.466 255.836
Y 281.979 28.823 255.3
N 284.033 31.302 253.312
Y 282.139 34.613 253.454
W 280.566 36.291 256.474
G 278.367 39.303 257.087
Q 278.94 41.873 259.788
G 276.223 40.407 261.998
T 272.854 41.67 263.195
Q 272.039 41.799 266.899
V 268.692 40.289 267.92
T 267.612 40.913 271.511
V 264.497 39.343 273.041
S 263.434 40.761 276.384
S 260.651 40.634 278.963
