tag x y z
D 288.358 -26.198 318.2
V 290.168 -26.981 321.453
Q 289.202 -28.779 324.655
L 290.398 -27.918 328.158
Q 290.361 -30.538 330.928
E 290.609 -29.281 334.501
S 291.757 -31.34 337.451
G 292.632 -31.072 341.124
G 289.522 -29.7 342.829
G 288.099 -30.955 346.086
L 287.868 -30.257 349.799
V 290.537 -28.317 351.697
Q 291.092 -27.109 355.244
T 291.152 -23.354 355.771
G 294.735 -22.162 355.516
G 295.566 -25.237 353.437
S 296.893 -25.46 349.905
L 295.878 -26.971 346.581
T 296.997 -26.997 342.948
L 294.721 -27.058 339.915
S 295.85 -28.369 336.532
C 294.352 -27.734 333.112
A 295.397 -29.755 330.058
T 294.859 -28.789 326.425
S 294.263 -31.13 323.493
G 295.555 -28.986 320.636
R 299.156 -28.804 319.503
S 299.425 -24.99 319.424
F 299.221 -24.47 323.19
S 302.021 -21.89 322.95
L 299.84 -19.503 320.926
Y 297.175 -19.317 323.653
A 297.068 -16.996 326.642
M 295.531 -18.856 329.577
A 293.547 -17.749 332.6
W 291.767 -19.133 335.642
F 288.345 -17.783 336.603
R 286.065 -18.777 339.465
Q 282.308 -18.69 340.056
A 280.641 -19.174 343.422
P 276.904 -19.792 343.858
G 274.914 -16.614 343.344
K 277.835 -14.62 341.907
E 279.249 -13.891 338.466
R 282.518 -15.254 337.111
E 285.508 -13.484 338.653
F 288.96 -13.318 337.102
V 291.416 -15.174 339.319
A 294.678 -15.16 337.386
G 296.146 -14.869 333.915
V 299.303 -16.049 332.141
S 300.511 -14.797 328.76
R 302.58 -16.601 326.139
R 305.634 -15.155 327.892
G 306.207 -15.499 331.626
N 304.464 -12.333 332.836
T 301.354 -12.923 334.938
A 298.359 -11.09 336.393
Y 296.391 -11.678 339.596
A 293.073 -10.515 340.998
D 293.393 -8.297 344.066
A 291.51 -10.896 346.114
V 294.022 -13.647 345.28
K 297.212 -11.604 344.795
G 300.037 -12.963 346.938
R 298.335 -16.313 347.614
F 297.777 -17.803 344.141
T 300.479 -18.297 341.524
I 299.867 -19.255 337.897
S 302.346 -21.043 335.641
R 302.315 -22.678 332.222
D 304.054 -25.809 330.933
N 304.165 -25.722 327.131
A 305.429 -29.286 327.25
A 302.244 -31.35 327.77
N 300.204 -28.171 327.113
T 299.139 -27.577 330.72
V 298.546 -24.556 332.931
Y 298.942 -24.865 336.707
L 297.458 -22.775 339.521
Q 299.016 -23.208 342.972
M 296.748 -21.699 345.642
T 297.816 -21.279 349.283
S 296.354 -19.736 352.443
L 292.845 -20.586 351.299
K 289.782 -18.979 352.873
P 286.071 -19.866 352.9
E 285.475 -17.041 350.407
D 287.672 -18.868 347.863
T 285.133 -21.715 347.538
A 283.823 -21.915 343.977
V 283.838 -23.699 340.627
Y 287.219 -22.877 339.078
F 287.262 -22.547 335.288
C 290.164 -22.836 332.852
A 290.05 -20.523 329.83
A 292.236 -19.543 326.892
F 292.348 -17.29 323.858
R 294.658 -17.037 320.853
V 296.802 -13.918 320.444
A 299.776 -12.653 318.482
V 300.977 -10.326 321.246
T 303.231 -12.392 323.496
T 303.073 -10.334 326.726
Y 299.307 -9.727 326.64
T 297.02 -11.084 329.358
S 293.268 -10.254 329.685
Q 291.26 -10.013 333.012
Q 287.837 -9.893 331.17
A 286.111 -13.275 330.642
N 284.332 -11.864 327.572
E 287.67 -12.15 325.751
Y 288.35 -15.865 326.296
N 287.358 -18.208 323.476
Y 287.724 -21.718 324.942
W 286.566 -22.761 328.414
G 286.989 -25.84 330.586
Q 284.268 -27.902 332.236
G 285.056 -26.542 335.698
T 286.194 -28.04 338.988
Q 284.787 -27.361 342.454
V 287.041 -26.285 345.328
T 285.546 -26.067 348.823
V 287.337 -24.601 351.846
S 285.693 -25.941 354.994
S 286.093 -24.655 358.555
