tag x y z
Q 153.28 100.198 142.389
V 152.75 103.954 142.078
Q 155.185 105.789 144.349
L 156.337 109.416 144.377
Q 159.327 110.723 146.337
E 160.033 114.369 147.141
S 163.453 115.935 147.64
G 164.645 119.325 148.849
G 163.681 121.75 151.571
G 165.325 122.88 154.793
L 165.543 126.21 156.568
V 165.666 129.08 154.06
Q 165.772 132.892 154.231
P 163.098 135.2 152.751
G 164.12 136.268 149.26
G 166.071 133.11 148.409
S 165.628 130.243 145.969
L 165.025 126.521 146.437
R 164.68 123.657 143.954
L 162.23 120.906 144.899
S 162.409 117.602 143.034
C 159.884 114.794 142.597
A 160.887 111.318 141.412
A 158.327 108.834 140.098
S 158.268 105.042 140.066
G 155.668 102.532 138.904
F 153.912 104.263 135.99
T 154.44 106.055 132.691
F 155.295 109.653 133.546
S 154.497 111.388 130.237
N 150.758 110.577 130.288
Y 149.566 112.267 133.509
K 149.11 115.937 134.34
M 151.291 116.773 137.348
N 150.463 118.956 140.35
W 152.233 120.759 143.181
V 150.038 121.208 146.275
R 151.065 122.703 149.62
Q 149.611 122.374 153.119
A 150.289 124.989 155.777
P 150.416 124.072 159.492
G 147.087 125.156 160.949
K 145.308 125.178 157.57
G 144.063 122.669 155.02
L 145.545 121.618 151.706
E 145.712 124.227 148.951
W 146.638 123.861 145.283
V 149.75 125.699 144.086
S 150.45 124.858 140.445
D 150.242 122.315 137.64
I 151.952 121.324 134.392
S 150.311 119.274 131.631
Q 151.337 116.013 129.945
S 153.544 117.391 127.159
G 154.557 120.411 129.254
A 152.673 122.992 127.181
S 149.88 124.124 129.514
I 151.345 125.555 132.734
S 149.065 127.134 135.327
Y 149.643 128.693 138.742
T 147.759 130.139 141.672
G 147.553 133.936 141.753
S 149.353 134.112 145.097
V 152.304 132.165 143.63
K 152.311 133.614 140.095
G 155.575 135.274 139.074
R 157.641 133.639 141.841
F 157.395 129.878 141.145
T 158.395 127.8 138.125
I 157.06 124.276 137.546
S 158.803 122.082 134.971
R 158.994 118.393 134.109
D 161.428 116.053 132.358
N 159.665 113.048 130.839
A 162.913 111.483 129.604
K 164.64 111.637 133.0
N 161.264 110.946 134.732
T 161.235 113.849 137.177
L 159.286 116.949 138.226
Y 161.03 120.175 139.274
L 159.837 123.292 141.093
Q 161.986 126.437 141.273
M 161.222 128.747 144.216
N 162.826 132.183 143.857
S 161.95 135.363 145.81
L 160.321 133.511 148.694
K 157.948 134.818 151.368
P 157.643 133.979 155.101
E 153.998 132.956 154.492
D 155.189 130.064 152.275
T 156.263 127.762 155.133
A 154.355 124.575 154.32
V 154.558 120.881 153.489
Y 154.784 120.476 149.71
Y 153.454 117.487 147.765
C 153.833 116.411 144.149
A 150.527 114.871 143.07
R 149.41 112.8 140.089
C 146.003 113.009 138.46
P 144.31 109.579 138.436
A 143.237 109.234 134.836
P 145.643 109.226 131.879
F 145.034 111.335 128.752
T 142.622 113.807 130.334
R 142.35 117.469 131.307
D 140.299 117.134 134.525
C 141.701 116.41 137.99
F 139.171 115.884 140.787
D 140.737 114.604 144.014
V 144.146 116.294 143.99
T 143.441 118.675 146.884
S 141.765 116.158 149.179
T 142.435 114.719 152.625
T 142.968 110.994 151.93
Y 144.512 110.672 148.46
A 146.907 107.856 147.586
Y 148.548 109.111 144.362
R 151.036 111.536 145.94
G 154.14 111.316 148.096
Q 154.853 112.279 151.689
G 155.95 115.85 150.931
T 158.741 118.031 152.244
Q 158.918 120.819 154.82
V 159.787 124.319 153.586
T 160.247 126.754 156.48
V 161.14 130.402 155.924
