tag x y z
Q 40.66 122.527 172.107
V 38.776 119.809 173.997
Q 39.211 119.712 177.777
L 37.355 118.867 180.991
Q 36.134 121.047 183.851
E 35.925 120.194 187.564
S 34.676 122.032 190.655
G 33.283 121.35 194.097
G 36.127 120.196 196.318
G 36.941 121.436 199.787
L 37.274 120.478 203.442
V 34.58 119.173 205.807
Q 34.708 117.482 209.196
A 33.452 113.959 209.837
G 29.797 113.223 209.18
G 29.492 116.071 206.68
S 28.051 116.434 203.193
L 29.659 117.666 199.984
R 28.474 118.097 196.392
L 30.866 117.814 193.437
S 30.093 119.035 189.916
C 31.718 118.116 186.614
T 31.378 120.334 183.538
A 31.615 118.141 180.423
S 32.294 120.797 177.795
G 34.208 119.913 174.653
F 33.595 116.755 172.627
T 31.199 113.802 173.001
F 28.808 114.633 175.841
D 26.2 111.856 176.052
S 27.671 108.848 174.223
Y 29.888 108.393 177.308
H 28.807 107.53 180.796
M 30.583 109.471 183.507
G 32.113 108.084 186.678
W 33.777 109.582 189.736
F 37.005 107.97 190.946
R 39.092 109.015 193.94
R 42.859 108.826 194.409
A 44.375 109.207 197.867
P 48.19 109.524 198.044
G 48.942 106.164 199.637
K 45.921 104.352 198.175
E 45.342 103.312 194.585
R 43.018 105.275 192.303
E 40.053 103.031 193.047
F 36.492 103.419 191.748
V 33.786 105.483 193.439
A 30.593 105.572 191.394
A 29.497 105.838 187.751
V 26.28 106.455 185.824
S 25.156 106.637 182.197
R 24.011 109.743 180.331
V 21.086 107.773 178.901
T 20.459 105.282 181.714
W 19.529 106.662 185.135
L 20.886 103.433 186.659
I 23.669 104.345 189.097
D 26.545 101.962 189.812
I 28.171 102.664 193.185
A 31.379 100.967 194.308
D 31.278 99.122 197.616
S 33.921 101.285 199.326
V 31.559 104.288 199.152
K 28.233 102.49 198.702
G 25.21 103.492 200.757
R 26.607 106.984 201.404
F 27.138 108.487 197.919
T 24.642 109.494 195.24
I 24.911 110.519 191.586
S 22.657 112.63 189.38
R 22.553 113.441 185.668
D 21.782 116.557 183.633
N 22.36 116.462 179.876
A 21.15 120.057 179.417
K 24.196 121.478 181.2
N 26.005 118.189 180.35
T 27.041 117.607 183.961
V 27.191 114.736 186.441
Y 26.722 115.601 190.118
L 27.986 113.515 193.043
E 26.61 114.3 196.503
M 27.98 112.485 199.546
N 26.937 112.536 203.195
S 27.974 110.898 206.475
L 31.618 111.216 205.468
K 34.412 109.55 207.428
P 38.135 110.386 207.768
E 39.028 107.833 205.084
D 37.263 109.813 202.327
T 40.193 112.226 201.867
A 41.365 112.094 198.24
Q 41.508 113.935 194.933
Y 38.362 113.108 192.962
F 38.341 112.848 189.16
C 35.128 112.62 187.135
A 36.416 110.305 184.422
A 34.497 109.42 181.261
S 33.463 106.091 182.799
Q 36.133 104.09 178.428
Y 37.921 107.191 179.699
D 38.031 110.062 177.222
Y 40.867 111.917 178.96
W 42.176 112.79 182.432
G 41.356 116.241 183.792
Q 42.637 117.933 186.932
G 40.147 116.785 189.582
T 39.186 118.437 192.852
Q 40.532 118.036 196.373
V 38.312 116.572 199.108
T 39.491 116.502 202.727
V 37.696 115.379 205.891
S 38.817 116.355 209.394
S 38.56 114.009 212.368
A 37.008 116.245 215.04
A 36.903 119.881 216.153
