tag x y z
Q 117.611 171.587 131.068
V 120.318 174.118 131.952
Q 119.404 177.682 132.891
L 122.191 180.182 132.23
V 122.714 183.7 133.577
E 125.911 185.735 133.301
S 126.921 188.931 135.085
G 130.123 190.832 135.742
G 130.621 192.824 132.558
G 130.57 196.629 132.596
L 131.882 199.569 130.562
V 135.634 199.873 131.222
Q 138.379 201.784 129.4
G 142.522 196.453 132.259
S 141.326 193.026 133.516
L 137.554 192.216 133.373
R 136.117 188.979 134.853
L 132.672 187.693 133.689
S 130.825 184.873 135.473
C 128.224 182.46 134.071
A 126.058 180.511 136.525
A 124.329 177.235 135.648
S 121.422 175.338 137.188
G 119.649 172.096 136.29
H 120.836 168.963 134.472
T 124.484 169.987 134.201
F 125.676 166.367 134.108
N 124.391 165.779 130.568
Y 126.008 169.09 129.492
P 129.594 168.791 130.765
I 131.105 171.522 128.55
M 130.538 175.258 128.891
G 131.587 177.595 126.119
W 132.097 181.334 125.725
F 131.058 183.005 122.476
R 130.965 186.58 121.225
Q 129.134 188.219 118.325
A 130.469 191.494 116.955
P 127.814 193.729 115.304
G 127.608 192.626 111.688
K 129.877 189.586 112.108
E 129.665 185.88 112.887
R 129.365 184.397 116.369
E 132.984 183.768 117.346
F 134.316 181.071 119.667
V 136.242 182.514 122.614
G 136.907 179.572 124.903
A 135.521 176.399 126.412
I 135.647 174.684 129.796
S 134.659 171.265 131.133
W 132.71 171.001 134.39
S 134.297 167.765 135.615
G 138.032 168.232 135.287
G 138.774 171.689 133.953
S 140.461 171.023 130.62
T 140.337 174.346 128.782
S 140.475 175.416 125.152
Y 140.899 178.887 123.677
A 140.811 180.704 120.377
D 144.021 182.128 118.938
S 142.953 185.775 119.298
V 142.361 185.416 123.063
K 145.079 182.89 123.94
D 147.468 183.784 126.816
R 145.224 186.779 127.653
F 141.92 185.162 128.677
T 141.653 182.527 131.407
I 138.58 180.361 131.995
S 137.991 178.168 135.041
R 135.086 177.067 137.204
D 133.933 175.88 140.604
N 131.478 172.995 140.802
A 130.007 174.184 144.123
K 128.276 177.339 142.866
N 127.936 175.858 139.337
T 129.713 178.969 138.091
V 131.947 179.402 135.032
Y 134.02 182.589 134.913
L 135.8 184.127 131.899
E 138.719 186.288 133.12
M 139.495 188.764 130.299
N 142.957 190.329 130.874
N 144.871 192.674 128.523
L 141.744 194.06 126.8
K 141.742 195.249 123.177
P 139.247 197.281 121.1
E 138.602 194.149 118.99
D 136.904 192.607 122.068
T 133.696 194.656 121.717
A 130.822 192.18 121.354
V 127.896 190.609 123.184
Y 129.57 187.836 125.188
Y 127.388 184.72 125.316
C 127.677 181.707 127.608
A 126.542 178.341 126.282
A 126.276 174.701 127.339
K 127.178 171.707 125.172
G 125.989 168.11 125.323
R 128.263 165.119 125.695
Y 127.829 163.558 122.239
S 127.949 166.878 120.444
G 131.173 167.398 118.53
G 133.408 170.401 118.119
L 133.934 173.131 120.695
Y 134.348 175.853 118.086
Y 130.895 175.597 116.532
P 127.968 177.39 118.243
T 125.376 175.189 116.499
N 126.394 172.294 118.776
Y 125.501 174.303 121.902
D 121.95 174.061 123.232
Y 121.29 176.386 126.187
W 122.508 179.959 125.766
G 123.039 182.902 128.073
Q 121.465 186.315 127.698
G 124.572 188.127 126.477
T 125.872 191.394 127.918
Q 127.026 194.192 125.613
V 130.711 194.881 126.434
T 132.568 197.841 124.875
V 136.064 198.878 125.943
