tag x y z
M 55.228 -16.054 5.844
Q 53.966 -14.701 2.499
V 50.883 -12.497 1.974
Q 49.292 -11.374 -1.304
L 47.139 -8.263 -1.551
V 44.948 -7.333 -4.531
E 43.11 -4.037 -4.565
S 40.173 -2.984 -6.681
G 37.348 -0.459 -6.82
G 38.971 2.711 -8.113
G 37.509 4.958 -10.755
L 36.603 8.481 -11.772
V 33.901 10.276 -9.764
Q 32.687 13.824 -9.442
P 33.315 15.914 -6.324
G 31.007 14.809 -3.539
G 30.748 11.307 -4.937
S 31.733 8.167 -3.157
L 33.688 4.99 -3.894
R 34.472 1.814 -1.916
L 37.903 0.353 -2.392
S 38.549 -3.301 -1.507
C 41.681 -5.315 -0.864
A 41.498 -9.125 -0.859
A 44.242 -10.766 1.181
S 45.476 -14.323 0.687
G 48.257 -16.384 2.144
S 49.395 -16.333 5.789
I 46.848 -13.716 6.685
F 46.117 -14.994 10.191
S 49.404 -13.528 11.469
I 48.676 -10.001 10.233
D 48.246 -7.419 13.0
Y 46.955 -4.518 10.906
M 46.171 -3.292 7.404
G 46.408 0.258 6.148
W 45.424 2.267 3.117
Y 48.017 4.653 1.717
R 47.835 6.977 -1.26
Q 50.317 8.586 -3.587
A 49.619 11.22 -6.212
P 52.13 12.327 -8.805
G 54.587 14.836 -7.408
K 53.64 13.978 -3.802
E 54.973 11.564 -1.205
R 52.975 8.484 -0.304
E 50.852 9.248 2.765
L 48.891 7.187 5.252
V 45.129 7.374 4.984
A 43.752 4.805 7.438
I 44.688 1.772 9.506
K 42.618 -1.011 11.032
T 44.125 -3.55 13.393
S 43.066 -7.148 13.963
G 41.668 -6.072 17.325
G 39.549 -3.333 15.744
T 41.499 -0.167 16.569
T 41.395 2.43 13.774
H 43.44 5.483 12.86
Y 42.581 8.087 10.219
A 44.653 10.832 8.696
D 43.248 14.24 9.641
S 42.612 14.874 5.925
V 39.98 12.107 5.714
K 38.431 12.058 9.182
G 34.645 12.087 8.97
R 34.732 11.13 5.292
F 36.537 7.8 4.907
T 35.849 4.634 6.893
I 38.011 1.498 6.953
S 36.31 -1.804 7.668
R 36.726 -5.513 7.02
D 34.726 -8.546 6.02
N 36.411 -11.603 7.501
A 34.198 -13.951 5.468
K 35.898 -12.594 2.337
N 39.357 -11.894 3.819
T 38.856 -8.35 2.49
V 39.458 -4.874 3.902
Y 37.534 -1.915 2.586
L 38.008 1.838 2.31
Q 34.646 3.559 2.052
M 35.307 7.032 0.598
N 32.504 9.589 1.045
S 32.346 13.278 0.211
L 35.172 12.973 -2.266
K 37.287 16.026 -3.141
P 39.727 16.633 -6.022
D 42.535 16.535 -3.407
D 41.679 12.845 -2.84
T 42.936 11.954 -6.346
A 45.782 9.45 -6.111
V 46.771 5.818 -6.428
Y 45.517 4.007 -3.29
Y 47.517 1.101 -1.963
C 46.699 -1.389 0.732
N 49.337 -2.666 3.148
N 49.358 -2.783 3.035
A 49.54 -5.463 5.714
R 51.974 -5.744 8.618
V 52.943 -7.768 11.647
Y 53.828 -5.766 14.726
F 57.625 -5.554 14.853
G 57.668 -7.922 11.823
D 60.042 -5.909 9.603
R 58.148 -6.74 6.401
D 55.545 -4.767 4.443
Y 53.162 -6.488 2.039
W 51.735 -4.125 -0.552
G 48.984 -4.319 -3.131
Q 49.435 -3.085 -6.683
G 47.28 0.028 -6.268
T 44.025 1.297 -7.704
T 44.038 1.287 -7.716
Q 43.484 4.722 -9.258
V 40.972 7.184 -7.751
T 40.313 10.391 -9.663
V 37.884 13.048 -8.421
S 37.063 15.714 -10.976
S 34.148 17.567 -12.527
L 35.473 16.904 -16.039
