tag x y z
Q 73.822 29.322 -20.213
V 70.105 30.371 -20.09
Q 68.825 34.015 -19.991
L 65.275 35.433 -19.518
V 64.041 38.658 -21.221
E 61.053 40.592 -19.736
S 58.832 42.848 -21.941
G 55.302 44.317 -22.03
G 54.854 46.641 -19.037
G 53.082 50.013 -19.224
S 50.501 52.422 -17.712
V 46.91 51.009 -17.813
Q 43.808 52.655 -16.203
A 41.552 50.772 -13.665
G 39.478 47.922 -15.161
G 41.832 47.501 -18.141
S 43.906 44.573 -19.47
L 47.632 43.965 -20.244
R 49.637 40.873 -21.373
L 53.182 40.222 -20.059
S 55.818 38.286 -22.078
C 58.838 36.332 -20.73
A 61.198 35.073 -23.491
A 63.743 32.371 -22.512
S 66.923 31.77 -24.58
G 69.579 29.078 -24.064
N 70.191 25.295 -23.886
I 66.771 24.52 -22.251
H 66.016 20.761 -21.891
H 62.609 20.697 -20.079
I 60.873 23.453 -18.045
S 59.225 21.916 -14.924
Y 58.144 25.222 -13.258
L 57.059 28.714 -14.48
G 56.403 31.481 -11.92
W 55.502 35.2 -11.75
F 56.033 37.408 -8.651
R 55.418 41.125 -7.865
Q 57.792 43.272 -5.753
A 56.684 46.633 -4.279
P 59.27 49.531 -3.811
G 60.165 48.315 -0.28
K 59.397 44.536 -0.248
E 61.542 41.345 -0.585
R 59.768 38.52 -2.603
E 56.053 37.552 -3.151
G 53.925 34.984 -5.11
V 51.327 35.773 -7.832
A 51.056 32.846 -10.335
A 52.636 29.384 -10.845
L 52.566 26.625 -13.515
W 53.605 22.953 -13.087
T 54.099 21.434 -16.6
K 53.749 17.803 -15.315
D 49.963 18.123 -14.615
G 49.112 21.667 -15.797
N 47.614 22.841 -12.465
T 47.748 26.625 -11.939
Y 48.031 28.108 -8.42
Y 47.216 31.844 -8.032
A 47.304 34.469 -5.196
D 44.276 35.089 -2.879
S 43.651 38.654 -4.229
V 44.089 37.59 -7.914
K 41.831 34.417 -8.165
G 39.825 34.91 -11.433
R 41.914 37.737 -12.943
F 45.454 36.59 -13.915
T 46.124 33.536 -16.119
V 49.62 31.946 -16.454
S 50.586 30.033 -19.679
L 53.691 28.733 -21.562
D 54.474 28.281 -25.307
N 56.576 25.115 -25.958
A 57.801 25.867 -29.529
K 58.36 29.631 -28.885
N 60.015 28.998 -25.405
T 58.148 32.027 -23.908
G 56.134 32.316 -20.656
Y 52.954 34.455 -20.527
L 50.669 36.088 -17.885
Q 47.345 37.695 -18.903
M 46.126 40.422 -16.493
N 42.38 41.286 -16.656
S 40.23 43.981 -14.885
L 43.374 45.507 -13.24
K 42.876 47.356 -9.905
P 45.33 50.144 -8.733
E 46.331 48.001 -5.675
D 48.666 45.759 -7.791
T 51.04 48.57 -8.945
A 54.452 46.785 -8.61
L 57.633 45.466 -10.37
Y 56.913 42.031 -11.985
Y 59.569 39.244 -12.274
C 59.947 35.783 -13.966
A 61.341 32.459 -12.673
A 61.868 29.101 -14.448
A 63.182 25.672 -13.327
D 64.974 23.416 -15.873
T 65.827 19.675 -15.609
G 68.785 18.412 -17.676
S 69.778 14.963 -19.029
D 70.982 12.597 -16.208
T 71.03 14.7 -12.986
P 72.925 13.339 -9.87
L 71.166 11.21 -7.156
W 70.991 14.112 -4.619
D 72.474 17.174 -6.441
W 69.785 19.331 -8.137
V 69.892 20.886 -11.668
Y 69.557 24.679 -12.439
W 67.337 27.748 -11.668
Y 66.859 30.929 -13.78
W 65.488 34.469 -13.129
G 64.14 37.303 -15.329
Q 65.027 40.975 -15.971
G 62.091 42.907 -14.432
T 59.468 45.296 -15.89
Q 57.303 47.896 -14.031
V 53.489 47.575 -14.434
T 51.662 50.781 -13.345
V 47.871 50.786 -12.757
S 45.806 53.81 -11.552
