tag x y z
V 29.98 44.809 -3.215
Q 32.16 42.554 -5.4
L 33.036 38.98 -4.229
Q 36.03 36.93 -5.548
E 36.609 33.202 -4.762
S 40.196 31.777 -4.972
G 42.135 28.632 -3.873
G 40.669 26.271 -6.523
G 42.808 23.493 -8.048
L 43.178 19.728 -8.528
V 43.733 17.595 -5.373
Q 43.665 13.807 -4.649
A 40.81 11.968 -2.802
G 41.365 12.251 1.017
D 43.238 15.588 0.565
S 42.434 18.996 2.182
L 42.052 22.446 0.513
T 41.067 25.989 1.698
L 38.989 28.358 -0.523
S 38.832 32.141 0.156
C 36.143 34.677 -0.766
A 37.294 38.347 -0.627
A 34.688 41.179 -0.568
S 35.119 44.839 -1.653
G 32.973 47.469 0.181
R 32.767 48.393 3.882
T 29.605 46.452 4.999
F 31.081 42.867 4.87
S 30.876 42.3 8.681
S 27.083 43.184 8.697
Y 25.972 40.155 6.552
T 25.687 36.342 6.715
M 27.841 34.751 3.937
G 27.212 31.414 2.144
W 29.303 28.94 0.131
F 27.634 27.085 -2.789
R 28.864 24.575 -5.382
Q 27.558 23.495 -8.836
A 28.692 20.099 -10.27
P 28.596 19.955 -14.142
G 24.961 19.986 -15.484
K 23.647 20.065 -11.858
E 21.934 22.641 -9.601
R 23.973 25.331 -7.72
D 23.484 24.049 -4.109
F 24.106 25.628 -0.648
I 26.853 23.849 1.417
A 27.903 26.261 4.248
G 26.75 29.521 5.919
I 28.08 31.826 8.68
T 26.516 34.844 10.488
S 27.967 38.416 10.515
T 29.907 37.781 13.783
G 30.879 34.154 12.979
S 29.011 32.962 16.157
S 26.633 30.69 14.079
T 27.524 28.258 11.241
Y 25.166 25.963 9.235
Y 26.164 23.048 6.907
A 24.417 20.919 4.239
D 24.518 17.185 5.14
S 26.761 16.611 2.043
V 29.755 18.403 3.759
K 28.833 17.974 7.503
G 31.882 17.007 9.674
R 34.354 17.525 6.72
F 34.112 21.283 5.789
T 34.485 24.314 8.139
I 33.315 27.847 7.26
S 35.008 30.776 9.098
R 35.476 34.518 8.407
D 37.912 37.372 9.125
N 35.928 40.664 9.114
A 39.276 42.607 9.43
K 40.3 41.089 6.017
N 36.763 41.095 4.462
T 37.207 37.316 3.71
V 35.146 34.123 4.265
Y 37.051 30.766 4.226
L 35.858 27.23 3.366
Q 38.352 24.69 4.81
M 37.688 21.284 3.175
N 38.919 17.942 4.618
S 38.544 14.34 3.315
L 37.707 15.529 -0.247
K 36.018 12.942 -2.557
P 35.479 12.923 -6.37
E 31.815 13.926 -5.623
D 33.116 17.31 -4.228
T 34.265 18.207 -7.815
A 32.422 21.451 -8.735
D 32.577 25.236 -9.23
Y 32.531 26.819 -5.697
Y 30.692 30.188 -5.213
C 30.352 32.535 -2.189
A 27.333 34.868 -1.861
R 25.945 37.484 0.563
K 22.669 36.532 2.33
V 20.378 39.652 2.594
A 16.938 38.037 3.283
G 15.945 35.903 6.325
G 14.914 32.279 5.825
S 16.386 28.963 4.651
Y 20.148 29.018 3.779
Y 19.11 26.74 0.805
Q 17.027 29.396 -1.09
K 19.364 31.149 -3.604
D 16.835 34.058 -3.956
K 17.893 35.127 -0.379
Y 21.412 36.089 -1.619
D 22.205 39.175 -3.793
Y 25.972 39.308 -4.56
W 27.669 36.249 -6.149
G 31.318 35.765 -7.24
Q 32.402 34.316 -10.636
G 33.497 31.087 -8.791
T 36.641 28.871 -8.355
Q 37.001 25.329 -9.86
V 37.799 22.354 -7.553
T 38.587 18.867 -8.938
V 39.175 15.726 -6.81
S 41.03 12.837 -8.579
S 40.577 9.256 -7.176
H 43.438 6.671 -6.808
