tag x y z
Q -25.439 28.883 33.078
L -22.556 28.311 35.593
Q -21.708 29.999 38.941
E -18.287 29.822 40.695
S -18.1 30.453 44.497
G -15.663 30.062 47.443
G -13.298 32.943 46.518
G -11.832 35.329 49.151
L -8.674 36.876 50.681
V -6.51 34.077 52.218
Q -2.933 33.648 53.603
A -0.005 31.933 51.782
G 0.181 28.249 52.908
D -3.646 28.147 53.467
S -6.042 25.798 51.507
L -9.391 26.8 49.834
T -12.23 24.981 47.963
L -13.937 26.592 44.905
S -17.3 25.273 43.626
C -18.909 25.582 40.177
A -22.7 24.939 40.17
A -24.665 24.226 36.951
S -28.458 24.885 36.669
G -28.765 22.727 33.469
R -29.581 18.994 33.821
T -27.131 17.663 31.112
F -24.239 18.544 33.563
S -23.448 14.758 33.869
S -22.819 14.563 30.057
Y -19.937 17.146 29.796
T -16.259 17.605 30.63
M -15.731 20.686 32.874
G -12.618 22.912 33.078
W -11.232 25.403 35.611
F -9.339 28.48 34.267
R -7.647 31.442 35.966
Q -6.72 34.985 34.868
A -4.008 36.813 36.897
P -4.615 40.632 36.878
G -4.015 42.102 33.336
K -2.848 38.639 32.085
E -4.404 35.932 29.824
R -7.216 33.561 31.018
D -5.512 30.074 30.917
F -6.64 26.412 31.572
I -5.5 24.817 34.916
A -7.718 21.684 35.489
G -10.193 19.467 33.556
I -12.438 16.468 34.413
T -14.553 14.181 32.157
S -18.364 13.634 32.522
T -17.884 10.587 34.823
G -14.821 11.969 36.688
S -12.785 8.926 35.449
S -10.181 11.263 33.78
T -8.567 14.473 35.151
Y -5.92 16.709 33.435
Y -3.785 19.472 35.053
A -1.534 22.368 33.951
D 2.002 21.715 35.314
S 1.7 24.952 37.43
V -1.012 23.343 39.694
K 0.078 19.601 39.459
G 0.427 18.07 43.01
R -1.205 21.162 44.697
F -4.718 21.493 43.132
T -7.312 18.701 42.61
I -10.437 18.763 40.411
S -13.393 16.483 41.398
R -17.197 16.582 40.68
D -20.604 15.552 42.142
N -23.097 14.88 39.286
A -25.918 14.387 41.927
K -25.275 18.061 43.011
N -24.44 19.432 39.491
T -21.133 20.79 41.014
V -17.399 20.602 40.083
Y -14.804 21.391 42.826
L -11.294 22.908 42.664
Q -9.346 22.027 45.846
M -6.441 24.514 46.219
N -3.771 23.331 48.761
S -0.63 25.273 49.92
L -1.722 28.544 48.167
K 1.033 30.946 46.984
P 0.858 34.665 46.046
E 1.142 33.45 42.359
D -2.356 31.814 42.785
T -3.897 35.334 43.024
A -6.402 35.423 40.092
D -10.053 35.306 38.962
Y -11.073 31.584 38.77
Y -13.567 30.522 36.025
C -15.252 27.174 35.234
A -16.53 26.334 31.726
R -18.227 23.447 29.895
K -16.073 21.695 27.221
V -18.233 20.923 24.114
A -15.515 20.291 21.421
G -12.837 17.529 21.354
G -9.152 18.506 21.466
S -6.673 20.3 23.758
Y -8.006 21.307 27.236
Y -5.989 24.58 26.646
Q -8.07 25.899 23.653
K -10.773 28.197 25.185
D -12.779 28.089 21.87
K -13.654 24.421 22.797
Y -15.785 25.619 25.802
D -19.256 27.316 25.5
Y -20.699 28.153 28.991
W -18.513 30.373 31.273
G -19.385 31.725 34.756
Q -18.821 35.326 36.027
G -15.8 34.035 38.061
T -14.716 34.102 41.756
Q -11.744 36.217 42.971
V -8.891 34.64 45.001
T -6.141 36.799 46.627
V -3.19 35.193 48.539
S -1.227 37.458 50.996
S 2.223 36.853 52.652
