tag x y z
V 23.625 11.28 17.332
Q 24.602 11.905 13.655
L 22.918 11.383 10.24
Q 24.731 11.96 6.905
E 23.148 11.549 3.412
S 25.104 10.733 0.227
G 24.382 9.594 -3.385
G 22.547 12.751 -4.654
G 23.05 13.855 -8.287
L 21.541 14.484 -11.72
V 19.373 11.616 -13.108
Q 17.705 11.202 -16.571
T 13.866 10.791 -16.528
G 13.057 7.053 -15.989
G 16.416 6.491 -14.218
S 17.374 5.037 -10.8
L 19.38 6.451 -7.915
R 20.344 5.009 -4.523
L 20.736 7.38 -1.529
S 22.585 6.36 1.676
C 22.103 7.672 5.224
A 24.935 6.842 7.666
F 23.649 6.928 11.257
S 25.302 6.769 14.743
G 24.415 7.184 18.479
F 21.17 5.054 18.947
D 16.232 2.65 21.732
D 13.555 2.01 19.037
Y 14.381 4.582 16.294
V 12.91 5.067 12.798
I 15.059 6.478 9.928
G 12.871 8.291 7.357
W 13.461 9.951 3.97
F 11.821 13.398 3.525
R 12.037 15.662 0.452
Q 11.69 19.46 0.104
A 11.504 21.339 -3.225
P 12.6 25.036 -3.143
G 10.118 27.16 -1.093
K 7.907 24.077 -0.244
G 7.383 21.995 2.948
R 9.106 18.666 3.796
Q 7.219 15.596 2.512
G 7.641 12.065 3.99
V 8.837 9.589 1.295
S 9.636 6.26 3.081
C 10.612 5.218 6.656
I 12.1 2.094 8.259
R 12.016 0.858 11.859
L 15.665 -0.145 12.583
S 14.363 -2.89 15.016
G 12.993 -5.535 12.618
G 13.031 -3.562 9.301
G 9.259 -2.772 9.058
T 8.582 -0.047 6.454
I 5.976 2.548 5.494
Y 5.738 4.413 2.166
A 4.173 7.606 0.842
D 1.718 6.708 -1.982
S 4.09 8.064 -4.683
A 7.02 5.905 -3.331
K 5.018 2.592 -3.292
G 6.39 -0.064 -5.713
R 9.152 2.056 -7.29
F 11.153 3.058 -4.149
T 12.547 0.64 -1.576
V 13.877 1.711 1.814
S 16.208 -0.803 3.557
A 18.679 -0.888 6.475
D 22.017 -2.625 7.018
N 22.292 -2.456 10.841
A 25.855 -3.952 10.624
K 26.954 -0.971 8.421
K 24.693 1.513 10.327
T 23.441 2.628 6.885
V 19.859 3.099 5.615
Y 19.261 3.137 1.811
L 16.565 4.625 -0.432
Q 16.61 2.872 -3.81
M 14.631 5.05 -6.266
T 13.504 3.887 -9.761
R 11.257 5.372 -12.527
L 12.359 8.878 -11.425
K 10.54 11.907 -12.882
P 11.071 15.698 -12.774
E 8.464 15.961 -9.932
D 10.975 13.909 -7.793
T 13.546 16.809 -7.981
A 14.227 18.019 -4.398
V 16.618 18.035 -1.475
Y 16.286 14.597 0.196
Y 16.941 14.491 3.986
C 17.24 11.534 6.317
G 15.564 12.097 9.689
A 15.366 10.035 12.908
E 12.417 9.748 15.272
R 11.366 7.451 18.133
Y 9.029 4.797 16.707
N 5.414 6.07 16.49
V 2.765 3.523 15.533
E 0.533 6.332 14.028
G 3.146 6.867 11.274
C 6.396 8.567 10.236
G 7.383 12.278 10.436
Y 5.244 13.443 13.415
D 8.264 14.161 15.729
V 11.574 14.172 13.813
A 14.246 14.784 16.486
Y 17.421 14.569 14.283
W 18.137 15.683 10.666
G 20.905 14.985 8.168
K 22.318 17.76 5.947
G 20.293 17.026 2.763
T 21.41 15.809 -0.716
Q 20.134 17.4 -3.99
V 18.36 15.057 -6.445
T 17.665 16.576 -9.908
V 15.694 14.618 -12.57
S 15.596 16.027 -16.167
S 15.297 15.013 -19.89
