tag x y z
E -25.604 43.234 15.099
V -24.661 44.514 18.554
Q -24.719 41.945 21.365
L -23.824 42.637 25.003
L -23.819 40.075 27.825
E -23.264 40.984 31.475
S -22.217 38.585 34.223
G -21.003 38.57 37.81
G -24.11 39.809 39.609
G -25.262 38.235 42.829
L -26.001 38.677 46.513
V -23.465 40.816 48.39
Q -23.175 41.653 52.07
P -22.919 45.378 52.901
G -19.417 46.735 52.442
G -18.511 43.8 50.203
S -16.948 43.834 46.758
L -18.058 42.553 43.365
R -16.642 42.622 39.833
L -18.995 42.71 36.857
S -18.04 41.695 33.325
C -19.522 42.372 29.895
A -18.62 40.383 26.788
A -19.38 42.405 23.655
S -19.684 41.505 19.981
G -21.108 42.781 16.719
F -19.155 46.046 16.49
T -15.652 47.505 16.668
F -15.034 47.457 20.419
R -12.029 49.801 20.344
G -13.947 52.355 18.283
Y -16.469 53.318 20.97
S -16.795 54.36 24.568
M -18.485 51.92 26.935
A -20.748 52.662 29.878
W -22.517 51.09 32.841
V -26.081 52.039 33.781
R -28.254 50.603 36.527
Q -31.963 50.162 37.266
A -32.802 50.646 40.932
P -36.103 49.175 42.185
G -38.965 51.263 40.842
K -36.679 53.417 38.673
G -35.568 53.585 35.055
L -31.859 53.981 34.323
E -29.142 55.799 36.26
W -25.797 56.449 34.588
V -22.986 54.816 36.59
S -19.731 55.161 34.651
T -18.234 55.665 31.194
I -14.816 54.719 29.805
S -13.199 56.171 26.683
P -12.301 53.952 23.676
I -8.83 53.015 24.981
G -9.458 53.943 28.616
T -7.852 57.392 28.578
Y -10.789 58.93 30.457
T -13.013 57.32 33.081
Y -16.127 59.126 34.304
Y -18.237 58.266 37.341
A -21.52 59.323 38.868
D -21.07 61.247 42.114
S -22.595 58.473 44.239
V -20.057 55.859 43.054
K -16.877 57.964 42.796
G -14.025 56.403 44.752
R -15.9 53.104 45.182
F -16.316 51.907 41.583
T -13.611 51.351 38.974
I -14.437 50.924 35.286
S -11.958 49.217 32.969
R -11.828 47.47 29.612
D -9.748 44.78 27.901
N -9.887 45.664 24.206
S -8.027 42.445 23.34
K -11.055 40.488 24.618
N -13.872 42.988 23.872
T -14.788 42.865 27.567
L -15.944 45.673 29.86
Y -15.394 45.516 33.62
L -16.844 47.239 36.676
Q -15.108 46.776 40.027
M -17.561 47.667 42.806
N -16.206 48.234 46.318
S -17.855 49.222 49.609
L -21.289 48.295 48.297
R -24.293 49.815 50.071
A -27.99 48.967 50.032
E -28.602 51.865 47.628
D -26.331 50.119 45.093
T -28.958 47.378 44.676
A -29.919 47.478 41.002
V -29.802 45.701 37.678
Y -26.484 46.722 36.13
Y -26.484 47.094 32.345
C -23.58 47.106 29.914
A -23.945 49.795 27.251
K -22.195 50.488 23.945
G -21.245 54.147 23.683
S -22.143 56.465 20.833
Y -21.031 59.888 19.616
S -24.411 60.996 18.245
R -26.323 63.85 19.85
G -28.359 63.034 22.945
T -27.326 59.347 22.94
P -24.248 58.644 25.081
F -25.123 54.996 24.416
D -27.327 53.416 21.754
Y -27.555 49.787 22.948
W -27.587 48.251 26.415
G -27.584 44.585 27.338
Q -29.822 42.257 29.306
G -28.449 43.206 32.724
T -27.109 41.363 35.767
L -28.817 41.802 39.129
V -26.825 42.935 42.172
T -28.511 43.028 45.581
V -26.973 44.309 48.813
S -28.337 42.796 52.012
S -28.922 44.809 55.175
