tag x y z
E -34.258 60.456 45.194
V -34.596 61.532 41.566
Q -37.689 60.141 39.897
L -39.075 60.581 36.389
L -42.407 58.956 35.537
E -43.713 58.891 31.978
S -47.356 58.454 31.024
G -49.625 58.908 28.032
G -48.183 56.271 25.72
G -50.597 54.073 23.839
L -51.953 52.871 20.513
V -52.738 55.456 17.816
Q -53.411 55.253 14.093
P -51.135 57.097 11.634
G -51.909 60.805 11.57
G -53.22 60.71 15.141
S -52.217 62.8 18.137
L -50.665 61.832 21.465
R -49.406 63.803 24.474
L -46.845 62.31 26.851
S -46.08 63.68 30.299
C -43.134 63.212 32.641
A -43.665 63.87 36.346
A -40.375 64.723 38.035
S -39.386 64.921 41.69
G -36.305 64.687 43.866
F -34.44 67.594 42.263
T -34.849 71.294 41.526
F -36.779 70.837 38.283
R -36.441 74.435 37.067
G -32.636 74.237 37.286
Y -32.035 71.587 34.613
S -32.626 70.997 30.943
M -35.026 68.156 30.159
A -35.191 65.894 27.124
W -37.153 63.175 25.355
V -35.456 60.16 23.765
R -36.908 57.04 22.187
Q -35.946 53.47 21.253
A -37.769 51.956 18.285
P -37.987 48.136 18.198
G -34.598 46.596 17.485
K -32.832 49.923 16.858
G -30.673 52.266 18.905
L -31.615 55.078 21.257
E -32.605 58.215 19.349
W -32.683 61.756 20.711
V -36.025 63.492 20.153
S -36.024 66.902 21.82
T -34.473 69.033 24.562
I -35.826 72.058 26.449
S -33.864 74.642 28.442
P -34.418 75.25 32.199
I -37.172 77.886 31.79
G -38.123 76.635 28.351
T -36.591 79.672 26.658
Y -34.994 77.385 24.056
T -36.211 74.177 22.415
Y -34.256 71.746 20.235
Y -35.646 68.984 18.025
A -34.383 66.099 15.946
D -34.882 66.667 12.224
S -37.385 63.819 11.883
V -39.769 65.356 14.442
K -39.323 69.155 14.385
G -42.61 70.889 13.647
R -44.539 67.683 14.362
F -43.557 67.393 18.035
T -43.635 70.186 20.611
I -41.792 69.98 23.923
S -42.813 72.138 26.875
R -42.58 72.214 30.653
D -44.515 73.452 33.694
N -41.962 74.331 36.372
S -44.756 75.105 38.845
K -45.917 71.487 38.431
N -42.449 69.933 37.888
T -43.783 68.34 34.697
L -42.37 67.929 31.19
Y -44.602 67.362 28.161
L -44.229 66.136 24.589
Q -47.093 66.932 22.213
M -46.901 64.475 19.308
N -48.931 65.234 16.182
S -49.225 63.56 12.773
L -47.762 60.361 14.202
R -46.126 57.962 11.749
A -45.299 54.268 11.907
E -41.628 55.195 12.371
D -42.613 56.879 15.661
T -43.316 53.504 17.301
A -40.878 53.269 20.219
V -40.486 53.38 23.97
Y -40.241 57.058 24.933
Y -38.047 58.122 27.869
C -37.809 61.517 29.55
A -34.303 62.466 30.659
K -32.946 64.972 33.173
G -30.09 67.174 32.024
S -26.866 66.949 33.955
Y -23.922 69.096 34.964
S -21.735 66.113 35.827
R -18.737 65.533 33.593
G -19.046 62.863 30.909
T -22.818 62.727 30.355
P -25.505 65.045 28.916
F -28.101 63.351 31.149
D -27.797 61.495 34.441
Y -31.33 60.075 34.838
W -33.911 58.452 32.567
G -37.418 57.296 33.399
Q -39.004 53.874 33.108
G -40.334 54.619 29.629
T -43.729 54.691 27.931
L -44.634 52.395 25.043
V -46.086 54.034 21.924
T -47.509 52.026 19.018
V -48.607 53.737 15.805
S -50.828 51.451 13.715
