tag x y z
E -25.222 43.759 15.446
V -24.611 45.03 18.975
Q -24.758 42.469 21.778
L -23.919 43.149 25.431
L -23.843 40.513 28.185
E -23.38 41.453 31.846
S -22.251 39.093 34.595
G -21.12 39.143 38.213
G -24.321 40.254 39.933
G -25.383 38.731 43.215
L -26.171 39.326 46.868
V -23.655 41.422 48.804
Q -23.34 42.319 52.469
P -23.158 46.009 53.45
G -19.674 47.394 52.94
G -18.733 44.504 50.66
S -17.069 44.473 47.26
L -18.22 43.205 43.87
R -16.76 43.233 40.352
L -19.079 43.23 37.34
S -17.987 42.377 33.803
C -19.588 42.946 30.398
A -18.768 40.927 27.277
A -19.469 42.933 24.106
S -19.676 42.002 20.426
G -21.087 43.256 17.14
F -19.247 46.59 16.957
T -15.744 48.067 16.93
F -15.159 48.024 20.688
R -12.175 50.409 20.669
G -14.06 53.078 18.746
Y -16.637 53.946 21.405
S -16.955 55.019 24.995
M -18.589 52.486 27.301
A -20.852 53.17 30.256
W -22.646 51.625 33.214
V -26.198 52.56 34.203
R -28.45 51.094 36.857
Q -32.136 50.684 37.71
A -32.943 51.003 41.396
P -36.259 49.514 42.572
G -39.137 51.539 41.143
K -36.942 53.926 39.113
G -35.786 54.061 35.506
L -32.095 54.419 34.714
E -29.357 56.29 36.572
W -25.986 56.982 34.994
V -23.14 55.401 36.966
S -19.875 55.751 35.054
T -18.367 56.236 31.595
I -14.943 55.335 30.191
S -13.343 56.77 27.052
P -12.422 54.534 24.065
I -8.902 53.662 25.29
G -9.651 54.575 28.91
T -7.95 57.979 28.887
Y -10.868 59.462 30.844
T -13.181 57.971 33.455
Y -16.312 59.669 34.781
Y -18.471 58.765 37.769
A -21.765 59.891 39.218
D -21.281 61.796 42.466
S -22.946 59.054 44.538
V -20.278 56.533 43.45
K -17.082 58.611 43.158
G -14.225 57.069 45.121
R -16.141 53.807 45.636
F -16.452 52.544 42.04
T -13.761 51.988 39.409
I -14.561 51.534 35.721
S -12.081 49.887 33.357
R -11.958 48.034 30.056
D -9.887 45.397 28.251
N -10.028 46.364 24.579
S -8.126 43.199 23.635
K -10.98 41.147 25.139
N -13.862 43.522 24.248
T -14.878 43.458 27.916
L -15.978 46.222 30.294
Y -15.556 46.045 34.071
L -17.002 47.806 37.114
Q -15.252 47.403 40.472
M -17.703 48.289 43.257
N -16.427 48.84 46.806
S -18.054 49.957 50.077
L -21.436 48.892 48.736
R -24.525 50.305 50.457
A -28.209 49.405 50.367
E -28.815 52.39 48.069
D -26.552 50.674 45.504
T -29.131 47.893 45.057
A -30.144 47.937 41.387
V -29.933 46.162 38.068
Y -26.627 47.177 36.492
Y -26.549 47.525 32.707
C -23.622 47.589 30.314
A -24.058 50.23 27.603
K -22.339 51.021 24.3
G -21.284 54.658 24.014
S -22.257 56.952 21.156
Y -21.162 60.41 19.996
S -24.573 61.484 18.66
R -26.359 64.38 20.332
G -28.718 63.419 23.115
T -27.411 59.837 23.258
P -24.257 59.069 25.243
F -25.23 55.424 24.731
D -27.5 53.894 22.096
Y -27.661 50.285 23.355
W -27.58 48.719 26.805
G -27.447 45.069 27.798
Q -29.859 42.792 29.606
G -28.585 43.738 33.061
T -27.308 41.911 36.134
L -29.015 42.305 39.505
V -27.02 43.424 42.548
T -28.7 43.505 45.968
V -27.063 44.759 49.163
S -28.549 43.038 52.218
S -29.674 44.866 55.368
