tag x y z
A 49.186 0.756 60.484
V 49.792 1.519 56.821
Q 52.51 4.205 56.831
L 53.409 6.63 54.043
Q 57.041 7.296 53.125
A 58.284 10.52 51.203
S 61.314 10.541 48.655
G 62.762 12.557 45.65
G 63.804 15.788 47.508
G 66.991 17.648 46.69
F 68.674 20.974 46.091
V 67.11 23.063 43.314
Q 67.542 26.546 41.899
P 64.604 29.001 41.985
G 62.329 28.122 39.071
G 63.374 24.481 38.815
S 61.275 21.35 39.236
L 61.227 18.226 41.366
R 58.982 15.177 41.651
L 58.379 13.756 45.114
S 57.091 10.261 45.692
C 54.964 8.916 48.532
A 55.035 5.119 48.927
A 52.994 2.926 51.274
S 54.359 0.283 53.628
G 53.026 -1.969 56.342
Y 49.744 -3.761 56.79
G 46.324 -2.317 57.458
S 43.353 -0.612 55.879
T 44.148 1.227 52.643
I 44.723 4.977 52.843
E 42.103 6.49 50.535
T 42.911 10.163 51.174
M 46.481 11.241 51.63
G 48.206 14.569 51.864
W 51.551 16.223 51.464
F 52.738 18.357 54.408
R 55.89 20.387 54.766
Q 57.883 21.791 57.667
A 60.431 24.624 57.624
P 62.385 25.989 60.623
G 60.388 28.504 62.623
K 57.114 28.247 60.69
E 54.094 26.069 61.468
R 53.607 22.756 59.662
E 51.91 23.453 56.343
F 49.37 21.454 54.396
V 50.427 21.363 50.71
S 48.15 19.099 48.705
A 45.938 16.069 48.911
I 44.256 13.41 46.739
S 41.348 11.14 47.562
R 39.228 8.646 45.671
A 38.269 10.783 42.664
P 40.838 10.95 39.867
G 41.254 13.859 37.545
P 42.626 17.385 37.664
S 40.448 18.699 40.514
Q 42.335 17.939 43.726
Y 43.122 19.613 47.042
Y 45.751 22.339 46.911
A 46.95 25.007 49.282
D 46.728 28.419 47.673
S 50.541 28.654 48.136
V 51.149 25.956 45.527
K 48.109 26.093 43.266
G 49.09 25.927 39.624
R 52.699 25.049 40.402
F 52.274 21.718 42.204
T 50.354 18.76 40.785
I 49.38 15.823 42.902
S 48.608 12.419 41.046
R 48.51 8.507 41.695
D 50.777 5.929 39.738
N 47.58 3.889 38.686
S 49.688 0.54 39.205
K 52.274 0.975 42.143
N 50.178 2.148 45.178
T 52.396 5.439 45.096
V 51.3 9.267 45.119
Y 53.667 11.826 43.232
L 53.928 15.681 43.991
Q 55.151 17.297 40.776
M 56.654 20.59 41.983
N 57.243 23.217 39.301
S 58.366 26.848 39.392
L 59.923 26.179 42.761
R 60.674 29.167 44.977
A 62.703 29.781 48.122
E 59.473 29.676 50.14
D 59.131 26.017 49.135
T 62.249 25.019 51.086
A 61.052 22.58 53.764
T 61.075 18.939 54.84
Y 58.203 17.238 53.021
Y 56.138 14.38 54.458
C 53.102 12.478 53.295
A 50.401 11.104 55.588
P 46.74 10.105 55.662
I 44.238 12.907 55.979
N 42.566 12.39 59.328
N 41.863 14.253 62.556
R 45.278 13.202 64.061
T 47.358 14.463 60.998
T 47.232 14.52 60.994
M 45.404 17.934 60.934
Q 45.68 18.416 64.795
D 48.167 21.103 65.986
S 50.754 18.99 67.79
M 54.144 17.384 67.536
F 55.078 14.839 64.958
L 54.606 11.377 66.45
W 57.277 9.301 64.701
N 55.323 6.086 65.385
Y 52.798 7.549 62.935
W 54.869 9.554 60.432
G 57.312 7.894 58.065
Q 60.305 9.19 56.18
G 60.502 12.824 55.159
T 62.424 14.327 52.263
Q 64.28 17.63 52.248
V 63.681 20.167 49.496
T 66.027 23.152 49.496
V 65.562 25.973 46.962
S 68.537 28.314 46.566
S 70.13 30.974 44.359
A 73.14 28.652 43.845
