tag x y z
Q 38.305 25.581 12.876
V 38.816 29.268 13.775
Q 40.496 31.409 11.099
L 42.953 34.088 12.18
Q 43.947 36.917 9.838
E 46.877 39.086 10.939
S 47.322 42.66 9.658
G 50.145 45.182 9.792
G 53.828 44.412 9.998
G 56.884 45.026 7.859
L 59.766 47.441 8.399
A 59.8 49.454 11.597
Q 62.03 52.04 13.248
A 64.186 51.404 16.341
G 62.613 53.593 19.065
G 59.491 53.892 16.908
S 56.145 52.107 17.005
M 54.2 49.519 14.986
R 50.65 48.188 15.382
L 49.628 44.606 14.505
S 46.013 43.45 14.451
C 44.262 40.089 14.177
I 40.648 39.146 13.373
A 39.172 35.79 14.452
S 36.336 34.293 12.357
G 34.24 31.122 12.31
R 30.871 29.51 12.981
N 30.011 28.48 16.594
F 32.858 29.543 18.823
F 33.608 31.593 21.922
I 37.072 32.97 22.563
N 38.271 33.527 26.104
I 42.053 34.031 25.487
M 43.832 35.715 22.538
N 47.634 35.682 22.291
W 50.543 37.158 20.345
Y 53.585 34.98 19.754
R 56.855 35.743 18.005
Q 59.63 33.602 16.604
A 63.043 35.221 16.042
P 65.171 33.941 13.058
G 67.016 31.144 14.951
K 65.132 31.127 18.28
Q 62.014 29.34 19.606
R 58.397 30.574 19.366
E 57.715 32.612 22.507
L 54.579 34.126 24.059
V 54.671 37.955 23.816
A 51.302 39.117 25.148
Q 48.05 37.592 26.329
I 44.566 39.046 27.018
T 41.529 37.428 28.664
R 37.833 38.164 27.917
A 37.722 40.08 31.286
G 40.538 42.274 29.875
T 43.434 41.194 32.159
T 46.795 41.434 30.376
T 50.16 39.659 30.827
Y 53.412 40.303 28.952
A 56.773 38.605 28.521
D 59.472 40.359 30.624
S 61.378 41.461 27.47
V 58.313 43.505 26.268
K 56.75 44.575 29.626
G 56.311 48.367 29.647
R 56.846 48.652 25.852
F 54.169 46.416 24.257
T 50.426 46.784 24.814
I 47.703 44.242 24.014
S 44.036 45.226 23.563
R 40.897 43.555 22.263
D 37.369 44.1 21.089
N 35.545 41.06 22.527
A 32.404 41.472 20.312
K 34.501 41.835 17.127
N 36.967 38.995 18.068
T 39.788 41.399 17.192
V 43.091 41.636 19.041
Y 45.742 44.366 18.697
L 49.409 44.616 19.585
Q 51.021 48.065 19.993
M 54.796 47.545 19.765
S 56.266 50.845 21.06
T 59.984 51.885 21.599
L 60.974 49.071 19.235
Q 64.35 47.34 19.435
S 66.367 45.123 17.049
E 65.571 42.051 19.255
D 61.883 42.597 18.401
T 62.674 41.463 14.781
A 60.691 38.259 14.346
V 57.643 36.654 12.739
Y 54.649 37.641 14.889
Y 51.839 35.112 15.215
C 48.247 35.596 16.334
N 47.014 32.63 18.376
V 43.699 31.246 19.757
G 44.022 27.725 21.227
A 45.384 25.51 18.42
S 44.661 28.13 15.68
W 47.487 30.276 14.299
G 47.713 33.278 11.996
Q 49.874 33.089 8.818
G 52.667 35.044 10.612
T 53.588 38.671 9.881
Q 57.269 39.667 9.644
V 58.313 42.651 11.812
T 61.828 43.957 11.079
V 63.153 46.712 13.332
S 65.869 48.804 11.646
S 68.324 51.269 13.288
H 70.444 52.238 10.19
