tag x y z
Q 26.341 -39.032 34.8
V 26.685 -41.612 31.97
Q 26.858 -45.264 33.057
L 29.291 -47.555 31.214
Q 28.807 -51.337 31.483
E 31.64 -53.453 30.071
S 31.14 -57.028 28.88
G 33.446 -59.88 27.873
G 37.012 -60.441 29.02
G 38.756 -63.264 30.842
L 41.232 -65.968 29.786
A 42.639 -66.081 26.234
Q 45.268 -67.936 24.195
A 48.117 -66.146 22.342
G 47.106 -65.865 18.684
G 43.383 -66.212 19.404
S 40.683 -63.527 19.408
M 38.386 -61.816 21.96
R 35.542 -59.292 21.725
L 34.747 -56.685 24.419
S 31.507 -54.728 24.483
C 30.355 -51.623 26.384
I 26.846 -50.176 26.765
A 26.304 -46.5 27.684
S 23.039 -45.621 29.472
G 21.397 -42.548 31.004
R 18.996 -39.7 30.211
N 19.425 -36.523 28.069
F 22.881 -37.151 26.651
F 24.683 -37.456 23.328
I 27.963 -39.288 22.778
N 30.399 -38.221 20.059
I 33.566 -40.167 21.02
M 33.808 -43.586 22.724
N 37.232 -44.911 23.724
W 38.92 -48.111 24.908
Y 41.738 -47.748 27.4
R 43.936 -50.461 28.908
Q 46.186 -50.512 31.948
A 49.099 -52.981 32.108
P 50.448 -54.414 35.465
G 53.326 -51.894 35.723
K 52.445 -49.495 32.872
Q 50.268 -46.359 32.717
R 46.69 -46.268 31.359
E 46.947 -45.969 27.577
L 44.418 -45.203 24.812
V 43.812 -48.381 22.764
A 41.114 -47.472 20.233
Q 38.86 -44.502 19.567
I 35.742 -44.213 17.387
T 33.819 -41.038 16.556
R 30.057 -40.747 15.751
A 31.023 -40.459 12.012
G 32.84 -43.835 12.317
T 36.431 -42.415 12.153
T 38.668 -44.925 13.928
T 42.16 -44.502 15.445
Y 44.278 -47.111 17.22
A 47.449 -47.224 19.314
D 50.437 -48.4 17.19
S 50.816 -51.573 19.343
V 47.281 -52.744 18.312
K 47.027 -51.241 14.775
G 45.964 -53.929 12.304
R 45.235 -56.464 15.079
F 42.403 -54.669 16.944
T 39.194 -53.335 15.404
I 36.764 -50.871 17.01
S 33.098 -50.756 15.893
R 29.993 -49.039 17.281
D 26.203 -48.999 17.079
N 25.448 -45.267 17.561
A 21.643 -45.578 18.144
K 22.174 -48.154 20.97
N 25.345 -46.472 22.417
T 27.354 -49.693 22.268
V 31.067 -49.822 21.425
Y 32.911 -53.044 20.512
L 36.607 -53.894 20.587
Q 37.553 -56.843 18.338
M 40.95 -58.09 19.477
S 42.448 -60.611 17.031
T 45.953 -62.267 16.972
L 46.47 -61.497 20.683
Q 49.863 -61.245 22.386
S 51.288 -61.433 25.938
E 51.698 -57.602 25.89
D 47.869 -57.301 25.561
T 47.384 -58.584 29.15
A 45.717 -55.65 30.923
V 42.514 -54.235 32.454
Y 40.446 -52.848 29.564
Y 38.367 -49.73 30.346
C 35.48 -48.284 28.341
N 35.61 -44.458 28.345
V 33.149 -41.711 27.362
G 34.489 -38.242 28.258
A 34.976 -38.284 32.051
S 32.985 -41.564 32.503
W 34.668 -44.943 32.913
G 33.506 -48.524 32.953
Q 34.312 -50.824 35.948
G 37.228 -52.493 34.049
T 37.388 -56.01 32.624
Q 40.516 -58.135 33.121
V 42.156 -59.752 30.061
T 44.799 -62.426 30.816
V 46.328 -63.785 27.582
S 48.632 -66.86 27.55
