tag x y z
Q 34.94 -15.351 0.308
V 35.999 -13.284 -2.742
Q 37.128 -15.564 -5.599
L 40.05 -14.323 -7.718
Q 40.596 -15.919 -11.127
E 43.918 -15.095 -12.836
S 44.071 -15.381 -16.606
G 46.817 -15.247 -19.222
G 50.49 -16.048 -18.794
G 52.896 -18.573 -20.276
L 56.055 -18.252 -22.362
A 57.361 -14.942 -23.656
Q 60.539 -13.811 -25.434
A 62.879 -11.4 -23.564
G 61.919 -7.837 -24.539
G 58.362 -8.874 -25.411
S 55.018 -8.145 -23.788
M 52.259 -10.119 -21.993
R 48.867 -9.303 -20.479
L 47.587 -10.865 -17.25
S 44.031 -10.4 -16.107
C 42.191 -11.142 -12.856
I 38.455 -11.341 -12.132
A 37.061 -10.954 -8.579
S 33.704 -12.621 -7.937
G 31.322 -13.278 -5.067
R 28.376 -11.741 -3.252
N 27.976 -8.559 -1.119
F 31.505 -7.243 -1.423
F 33.217 -4.013 -2.392
I 36.841 -3.895 -3.582
N 38.903 -0.778 -2.947
I 42.473 -2.072 -3.664
M 43.639 -4.73 -6.169
N 47.232 -5.971 -6.147
W 49.492 -8.013 -8.44
Y 52.155 -10.072 -6.644
R 54.869 -12.414 -7.941
Q 57.071 -15.081 -6.426
A 60.189 -15.999 -8.391
P 62.116 -19.316 -7.931
G 63.663 -19.337 -4.429
K 62.872 -15.622 -3.854
Q 60.246 -14.117 -1.544
R 56.802 -13.049 -2.772
E 56.89 -9.385 -3.78
L 54.312 -6.693 -4.576
V 54.39 -5.815 -8.317
A 51.589 -3.316 -8.897
Q 48.763 -1.806 -6.856
I 45.676 0.113 -8.048
T 43.114 1.919 -5.89
R 39.414 2.459 -6.751
A 40.37 6.128 -7.52
G 42.779 4.719 -10.191
T 46.077 5.738 -8.509
T 48.8 3.233 -9.379
T 51.966 2.229 -7.502
Y 54.659 -0.106 -8.864
A 57.717 -1.92 -7.541
D 60.954 -0.182 -8.656
S 62.046 -3.274 -10.658
V 58.919 -3.03 -12.915
K 58.329 0.758 -12.944
G 58.052 2.01 -16.535
R 57.77 -1.542 -17.956
F 54.586 -2.755 -16.219
T 51.173 -1.102 -16.273
I 48.26 -1.937 -13.949
S 44.747 -1.058 -15.151
R 41.312 -1.95 -13.736
D 37.596 -1.95 -14.523
N 35.918 -1.166 -11.133
A 32.36 -2.165 -12.218
K 33.521 -5.652 -13.373
N 36.11 -6.129 -10.526
T 38.73 -6.881 -13.163
V 42.381 -5.904 -12.847
Y 44.928 -6.161 -15.698
L 48.704 -6.274 -15.628
Q 50.33 -5.161 -18.894
M 53.948 -6.322 -18.888
S 56.306 -4.942 -21.556
T 60.09 -5.125 -22.343
L 60.121 -8.409 -20.391
Q 63.311 -9.625 -18.76
S 64.49 -13.021 -17.405
E 64.07 -11.514 -13.88
D 60.302 -11.266 -14.54
T 60.061 -15.11 -14.467
A 57.68 -16.01 -11.623
V 54.177 -17.126 -10.652
Y 51.994 -14.015 -10.814
Y 49.302 -13.705 -8.112
C 46.23 -11.493 -7.987
N 45.451 -10.194 -4.509
V 42.54 -8.391 -2.808
G 42.984 -7.989 0.979
A 43.302 -11.528 2.403
S 42.088 -13.203 -0.863
W 44.601 -14.726 -3.29
G 44.253 -16.281 -6.69
Q 45.904 -19.654 -7.47
G 48.439 -17.806 -9.655
T 49.526 -17.977 -13.27
Q 53.014 -18.953 -14.405
V 55.093 -16.605 -16.603
T 58.468 -17.689 -18.126
V 60.793 -15.27 -19.946
S 63.495 -16.764 -22.2
S 66.008 -15.614 -24.889
