tag x y z
E 6.209 2.998 -4.08
V 7.824 -0.401 -3.431
Q 6.242 -3.443 -5.088
L 7.447 -7.069 -5.232
L 5.945 -9.932 -7.253
E 7.012 -13.565 -6.875
S 6.649 -16.141 -9.641
G 7.34 -19.803 -10.186
G 5.351 -21.647 -7.542
G 3.554 -24.864 -8.266
L 3.238 -28.503 -7.325
V 6.56 -30.376 -7.008
Q 7.244 -34.069 -6.539
P 9.186 -35.025 -3.393
G 12.868 -34.874 -4.254
G 12.267 -32.43 -7.119
S 13.609 -28.988 -7.95
L 11.994 -25.603 -8.541
R 13.291 -22.095 -9.29
L 11.394 -19.046 -7.98
S 11.885 -15.482 -9.091
C 10.893 -12.121 -7.672
A 10.537 -8.917 -9.709
A 10.961 -5.622 -7.873
S 9.909 -2.016 -8.48
G 10.009 1.334 -6.729
F 13.537 1.36 -5.273
T 17.155 1.137 -6.405
F 17.374 -2.651 -6.337
R 21.182 -2.889 -6.075
G 21.071 -0.609 -3.034
Y 19.623 -3.242 -0.71
S 20.058 -6.72 0.606
M 17.147 -8.989 -0.389
A 15.675 -12.084 1.237
W 13.258 -14.99 0.907
V 10.896 -15.898 3.748
R 8.214 -18.566 3.807
Q 4.941 -19.365 5.549
A 4.092 -23.031 6.059
P 0.462 -24.048 6.632
G -0.739 -22.865 10.032
K 2.44 -21.012 10.893
G 4.166 -17.653 10.922
L 6.947 -16.505 8.617
E 10.32 -18.234 8.576
W 13.442 -16.506 7.243
V 14.939 -18.62 4.428
S 17.887 -16.724 2.924
T 19.521 -13.295 2.5
I 21.715 -11.952 -0.292
S 23.832 -8.773 -0.125
P 23.424 -5.862 -2.591
I 25.805 -7.126 -5.288
G 25.501 -10.764 -4.276
T 28.924 -11.114 -2.664
Y 27.47 -12.515 0.581
T 24.72 -15.091 0.973
Y 23.151 -16.556 4.09
Y 20.782 -19.453 4.68
A 18.602 -21.005 7.337
D 20.062 -24.332 8.5
S 17.186 -26.401 7.123
V 17.76 -25.176 3.546
K 21.515 -24.539 3.451
G 23.142 -26.503 0.65
R 20.04 -27.475 -1.286
F 18.776 -23.858 -1.761
T 20.676 -21.14 -3.655
I 19.757 -17.438 -3.595
S 20.946 -15.179 -6.416
R 20.072 -11.877 -8.035
D 20.277 -10.026 -11.349
N 20.497 -6.346 -10.52
S 20.099 -5.186 -14.115
K 16.638 -6.846 -14.256
N 15.514 -5.975 -10.674
T 15.102 -9.73 -10.086
L 15.79 -12.079 -7.166
Y 15.94 -15.877 -7.563
L 15.695 -18.915 -5.297
Q 16.764 -22.283 -6.68
M 15.344 -25.102 -4.525
N 16.685 -28.664 -4.8
S 15.658 -31.96 -3.125
L 12.368 -30.52 -1.975
R 10.509 -32.265 0.841
A 7.132 -31.974 2.57
E 8.715 -29.561 5.061
D 9.202 -27.048 2.23
T 5.47 -26.687 1.466
A 4.816 -22.98 2.033
V 4.022 -19.64 0.476
Y 7.372 -18.12 -0.482
Y 7.762 -14.335 -0.281
C 10.614 -12.122 -1.349
A 11.497 -9.289 0.979
K 13.334 -5.988 0.467
G 16.12 -5.182 2.908
S 16.01 -2.028 5.031
Y 18.678 -0.035 6.879
S 16.111 1.326 9.373
R 16.338 0.61 13.1
G 14.56 -2.624 14.04
T 13.389 -3.656 10.544
P 15.883 -5.791 8.582
F 13.255 -5.911 5.793
D 10.59 -3.265 5.122
Y 8.461 -4.669 2.267
W 7.542 -8.106 1.032
G 5.659 -9.49 -1.899
Q 2.373 -11.225 -2.662
G 3.879 -14.713 -2.291
T 3.984 -17.77 -4.516
L 2.734 -21.145 -3.293
V 4.914 -24.263 -3.457
T 3.399 -27.621 -2.514
V 5.55 -30.769 -2.302
S 3.535 -34.001 -2.657
