tag x y z
Q -35.797 14.795 20.356
V -33.782 16.807 17.82
K -35.428 20.236 17.503
L -34.856 22.774 14.71
E -35.646 26.404 15.523
E -36.154 28.5 12.375
S -35.954 32.292 12.189
G -36.299 34.633 9.257
G -38.464 34.923 6.199
G -41.302 36.917 4.788
S -41.683 39.223 1.809
V -38.774 40.837 -0.016
Q -38.425 42.868 -3.216
A -36.615 41.382 -6.197
G -32.944 42.185 -5.992
G -33.116 42.45 -2.207
S -31.615 40.32 0.54
L -32.829 38.047 3.321
R -31.016 36.045 6.021
L -32.435 32.824 7.494
S -31.251 31.114 10.677
C -31.648 27.611 12.065
A -30.418 26.29 15.439
A -30.324 22.567 16.267
S -31.071 21.418 19.813
G -31.368 18.09 21.565
H -28.549 16.277 19.767
T -25.1 14.895 20.537
Y -23.445 15.058 17.121
S -19.81 16.101 16.998
T -20.404 16.942 13.302
Y -23.561 16.896 11.201
A -25.181 18.287 8.053
M -27.701 21.106 8.381
G -29.138 23.539 5.897
W -32.275 24.243 3.921
F -34.536 22.626 1.384
R -37.317 24.585 -0.317
Q -40.581 23.746 -2.051
V -41.93 26.034 -4.776
E -41.435 18.838 -4.884
R -38.963 19.883 -2.206
E -35.396 20.459 -3.38
G -32.119 21.002 -1.619
V -30.863 24.585 -1.375
A -27.734 24.725 0.764
R -25.918 22.485 3.271
I -22.958 22.896 5.613
N -21.049 20.38 7.743
V -21.468 21.784 11.244
G -18.175 21.04 12.985
G -16.446 20.821 9.61
S -16.328 23.276 6.726
S -17.721 21.487 3.638
T -20.707 23.099 1.915
W -23.097 22.249 -0.911
Y -25.335 24.568 -2.921
A -27.97 23.985 -5.55
D -26.8 25.22 -8.935
S -29.585 27.822 -9.085
V -28.452 29.632 -5.9
R -24.706 28.95 -5.774
D -23.177 32.409 -5.957
R -26.19 34.36 -4.651
F -26.675 32.426 -1.396
T -24.026 31.748 1.253
I -24.399 29.318 4.118
S -22.338 29.655 7.294
Q -22.263 28.252 10.809
D -21.668 29.089 14.436
N -20.385 25.65 15.483
A -20.43 26.335 19.229
K -23.971 27.752 18.881
N -25.142 24.826 16.702
T -26.643 27.371 14.303
V -26.426 27.848 10.556
Y -27.219 30.96 8.562
L -28.365 31.416 4.953
Q -27.567 34.799 3.462
M -29.811 35.158 0.383
N -28.71 37.977 -1.902
S -29.922 39.138 -5.322
L -33.253 37.486 -4.669
K -35.221 36.401 -7.732
L -38.862 35.615 -8.38
E -37.75 31.977 -8.802
D -36.743 31.929 -5.112
T -40.313 32.234 -3.801
A -41.012 29.064 -1.803
I -41.461 27.568 1.649
Y -37.958 27.126 3.1
Y -37.329 24.261 5.534
C -34.415 23.82 7.862
T -33.334 20.195 7.827
L -30.646 17.996 9.355
H -28.942 14.628 9.084
R -25.725 13.337 10.607
F -24.353 12.476 7.157
A -24.204 14.982 4.314
N -24.72 12.531 1.473
T -27.887 11.177 3.103
W -28.999 14.729 3.944
S -29.225 15.332 0.191
S -29.251 15.359 0.201
L -32.042 12.778 -0.141
G -34.382 14.509 2.357
T -36.278 11.281 3.147
L -34.453 10.424 6.402
N -33.844 13.957 7.657
V -35.135 15.854 10.68
W -37.417 18.585 9.316
G -38.33 22.039 10.528
Q -41.737 23.648 10.278
G -40.887 25.892 7.366
T -40.905 29.632 6.687
Q -42.635 31.467 3.853
V -40.377 33.511 1.564
T -42.049 35.674 -1.119
V -40.064 37.646 -3.721
S -42.051 40.304 -5.591
S -41.524 42.648 -8.544
