tag x y z
Q -36.01 -2.071 -0.547
V -32.529 -0.56 -0.812
K -29.994 -0.641 -3.655
L -26.24 -0.264 -3.238
E -24.384 1.28 -6.183
E -20.632 0.622 -6.14
S -17.827 2.445 -7.911
G -14.046 2.702 -7.77
G -11.498 -0.033 -7.403
G -9.298 -1.334 -10.161
S -5.619 -2.249 -10.177
V -2.501 -0.635 -8.784
Q 1.081 -1.522 -7.986
A 1.889 -2.339 -4.373
G 2.358 0.85 -2.368
G -0.236 2.705 -4.464
S -3.744 3.851 -3.652
L -7.29 3.253 -4.843
R -10.68 4.502 -3.694
L -14.057 2.763 -3.476
S -17.454 4.442 -3.183
C -20.962 3.16 -2.497
A -24.305 4.988 -2.644
A -27.489 3.619 -1.048
S -30.881 4.43 -2.597
G -34.291 3.444 -1.443
H -35.535 3.001 2.106
T -32.784 4.157 4.462
Y -32.976 4.731 8.2
S -32.05 7.936 10.024
T -28.765 6.317 10.954
Y -27.411 3.026 9.735
A -24.187 1.109 9.21
M -22.533 0.995 5.82
G -19.133 0.044 4.545
W -17.272 -2.862 3.042
F -16.419 -6.497 3.496
R -13.856 -8.125 1.284
Q -13.222 -11.664 0.043
V -9.54 -12.394 -0.458
P -8.613 -15.469 -2.494
G -9.311 -18.655 -0.613
K -11.184 -17.01 2.232
E -14.756 -16.121 2.992
R -15.877 -12.519 3.21
E -14.658 -10.504 6.164
G -15.448 -7.061 7.492
V -13.073 -4.273 6.41
A -14.501 -0.864 7.289
R -17.763 0.443 8.735
I -19.161 3.958 9.285
N -22.319 5.096 11.019
V -24.061 7.001 8.297
G -25.7 9.913 10.039
G -23.274 9.549 12.971
S -19.46 9.718 13.075
S -18.095 6.43 14.499
S -18.094 6.439 14.509
T -15.944 4.202 12.266
W -14.59 0.656 12.597
Y -11.736 -1.056 10.772
A -10.311 -4.523 10.614
D -7.0 -4.588 12.426
S -5.237 -5.549 9.152
V -6.255 -2.335 7.4
R -6.35 0.319 10.133
R -6.35 0.32 10.133
D -4.307 3.439 9.351
R -3.958 2.506 5.616
F -7.668 2.648 4.923
T -10.082 5.454 5.767
I -13.866 5.385 5.494
S -15.868 8.586 5.189
Q -19.366 9.632 4.281
D -21.753 12.073 2.669
N -24.743 11.565 4.971
A -27.313 13.478 2.971
K -26.307 11.618 -0.221
N -26.296 8.263 1.566
T -22.82 7.654 0.204
V -19.636 6.253 1.723
Y -16.044 6.287 0.535
L -13.065 4.046 1.248
Q -9.591 5.568 0.619
M -7.032 2.714 0.45
N -3.424 3.768 0.73
S -0.188 1.776 0.857
L -1.913 -1.158 -0.737
K -0.309 -4.587 -0.434
L -0.557 -7.678 -2.6
E -2.767 -9.379 -0.017
D -5.295 -6.53 -0.167
T -6.343 -8.069 -3.499
A -9.94 -9.089 -3.091
I -13.508 -8.498 -4.179
Y -14.743 -5.602 -1.984
Y -18.482 -5.599 -1.289
C -20.456 -2.623 -0.14
T -22.889 -3.682 2.556
L -25.489 -2.121 4.805
H -27.457 -2.871 7.958
R -29.677 -0.825 10.218
F -27.554 -1.825 13.202
A -23.815 -1.553 13.459
N -23.261 -4.654 15.498
T -25.471 -6.805 13.322
W -23.623 -5.353 10.318
S -20.44 -7.024 11.521
S -20.441 -7.035 11.518
L -21.93 -10.515 11.066
G -22.635 -9.949 7.354
T -25.387 -12.538 7.172
L -28.339 -10.172 7.532
N -26.947 -7.278 5.505
V -27.941 -5.769 2.178
W -25.192 -6.504 -0.359
G -23.676 -4.778 -3.366
Q -22.401 -6.694 -6.419
G -18.777 -6.311 -5.471
T -15.842 -4.379 -6.911
Q -12.497 -5.938 -7.786
V -9.261 -4.634 -6.398
T -5.971 -6.065 -7.608
V -2.498 -5.179 -6.422
S 0.475 -6.029 -8.636
S 4.11 -6.382 -7.454
