tag x y z
K 35.16 45.313 37.868
L 36.771 43.848 41.016
Q 40.583 43.713 41.041
Q 42.279 41.437 43.572
S 45.913 41.198 44.66
G 48.039 40.032 47.557
G 48.483 36.485 48.734
G 51.215 34.046 47.873
S 53.028 31.03 49.204
V 53.618 31.425 52.943
Q 54.913 29.224 55.73
E 52.626 28.059 58.532
G 52.201 30.741 61.17
G 52.824 33.507 58.645
S 50.509 36.336 57.695
L 49.155 37.687 54.421
R 46.884 40.5 53.28
L 44.495 40.313 50.333
S 43.176 43.388 48.54
C 40.064 44.03 46.46
A 39.643 47.343 44.643
S 36.526 48.757 42.999
S 35.135 52.113 41.909
G 33.555 54.527 44.361
A 30.095 54.028 42.868
F 30.206 50.248 43.416
F 32.314 50.026 46.58
R 29.934 49.546 49.507
A 26.85 49.479 47.261
G 25.996 46.264 49.102
P 27.464 43.667 51.441
M 30.967 42.523 50.552
G 32.925 39.495 51.66
W 35.681 36.987 51.067
Y 34.81 33.46 49.994
R 37.311 30.648 49.707
R 37.133 27.181 48.21
A 39.674 24.554 49.099
P 39.702 22.397 45.943
G 37.01 19.734 46.143
N 35.263 21.201 49.176
E 32.328 23.595 49.008
R 32.744 27.35 48.864
E 32.69 28.61 52.449
L 32.292 32.204 53.543
V 35.462 33.401 55.25
A 34.51 36.958 56.178
G 31.682 39.324 55.38
I 31.169 43.02 55.999
S 27.836 44.777 55.715
R 27.292 48.11 53.995
N 27.111 49.767 57.424
G 30.163 47.86 58.678
R 28.821 44.806 60.507
T 31.19 41.87 60.189
I 30.892 38.098 60.363
Y 33.597 35.463 60.045
A 33.637 31.706 59.779
P 33.659 30.032 63.246
S 37.309 28.985 63.215
L 38.599 32.112 61.474
K 37.316 34.78 63.869
D 40.664 35.342 65.605
R 43.073 34.753 62.72
F 41.299 36.672 59.958
T 40.195 40.314 59.861
I 38.074 42.129 57.262
S 38.316 45.908 56.867
R 37.801 48.739 54.39
D 39.581 51.838 53.108
D 36.474 53.827 52.193
D 38.516 56.696 50.734
N 40.371 54.469 48.25
N 37.618 51.845 47.767
I 39.686 48.833 48.83
L 38.449 45.833 50.815
Y 41.149 44.006 52.771
L 41.459 40.588 54.383
Q 44.331 40.419 56.864
M 45.309 36.798 57.523
S 47.422 35.702 60.481
D 48.726 32.56 62.179
L 48.154 30.847 58.857
T 47.811 27.071 58.831
P 48.034 24.697 55.858
G 44.257 24.277 56.103
D 43.859 27.869 54.884
T 45.465 27.005 51.531
A 42.851 27.872 48.924
V 41.797 30.408 46.315
Y 40.24 33.397 48.074
Y 37.553 35.293 46.17
C 36.249 38.822 46.68
N 32.503 39.386 46.492
L 30.159 42.318 46.051
N 26.433 41.573 46.263
V 23.953 44.243 45.196
R 20.196 44.706 45.15
T 18.05 45.351 42.083
A 14.393 46.326 42.155
V 12.976 43.41 40.158
A 15.876 41.196 39.045
G 16.788 39.861 42.46
R 20.462 40.357 43.267
N 23.648 40.725 41.243
D 27.017 39.295 42.237
Y 30.377 40.773 41.273
W 33.444 38.596 41.805
G 37.163 39.175 41.653
Q 39.506 37.004 39.632
G 40.618 35.114 42.757
T 43.838 35.075 44.765
Q 45.872 31.959 45.521
V 47.011 31.53 49.125
T 49.338 28.615 49.898
V 50.342 27.671 53.449
S 52.93 24.901 53.831
S 54.572 23.375 56.901
