tag x y z
V 6.524 2.007 9.493
K 8.807 2.469 12.37
L 11.988 0.819 11.152
Q 13.694 1.44 7.805
Q 16.547 -0.917 6.886
S 19.138 -0.248 4.209
G 22.369 -1.835 3.038
G 22.866 -5.478 2.216
G 23.241 -7.352 -1.018
S 25.644 -9.821 -2.563
V 29.32 -9.971 -1.594
Q 32.274 -12.277 -2.148
E 33.431 -14.575 0.641
G 35.744 -12.647 2.956
G 34.086 -9.304 2.124
S 32.329 -6.81 4.415
L 28.878 -5.202 4.63
R 27.32 -2.658 6.976
L 23.551 -2.785 7.533
S 21.564 0.217 8.695
C 18.315 0.463 10.658
A 16.809 3.923 11.173
S 13.756 5.19 13.063
S 12.384 8.318 14.717
G 14.062 9.773 17.784
A 11.157 8.802 20.034
F 11.177 5.119 19.085
F 14.94 4.818 18.673
R 16.318 3.3 21.869
A 12.742 3.072 23.253
G 13.606 -0.515 24.24
P 16.189 -3.195 23.407
M 17.159 -3.416 19.735
G 18.615 -6.263 17.788
W 19.654 -7.888 14.552
Y 18.285 -11.292 13.559
R 18.733 -13.418 10.441
R 16.785 -16.214 8.76
A 18.237 -18.463 6.056
P 16.043 -20.729 3.964
P 15.307 -20.085 4.218
G 15.406 -23.949 5.833
G 15.822 -23.608 5.605
N 16.672 -22.7 9.188
E 15.023 -20.903 12.059
R 15.551 -17.244 12.89
E 18.576 -16.572 15.055
L 19.774 -13.629 17.081
V 22.876 -11.987 15.658
A 23.372 -9.135 18.126
G 21.342 -7.231 20.689
I 21.803 -3.919 22.454
S 19.922 -2.752 25.522
R 18.713 0.794 26.094
N 21.748 1.342 28.346
G 24.183 -0.048 25.768
R 24.864 -3.605 26.95
T 25.572 -5.729 23.867
I 25.222 -9.47 23.274
Y 26.139 -11.599 20.266
A 25.654 -15.012 18.816
P 28.822 -16.645 20.184
S 29.925 -17.818 16.73
L 29.722 -14.275 15.286
K 31.376 -12.239 18.096
D 34.696 -11.952 16.274
R 33.123 -10.698 13.021
F 29.998 -8.66 13.84
T 29.495 -5.33 15.602
I 26.201 -3.728 16.628
S 26.431 0.007 17.313
R 24.26 3.094 17.257
D 24.274 6.756 16.258
D 22.015 8.348 18.864
D 22.177 11.767 17.186
N 20.946 10.41 13.84
N 18.869 7.512 15.237
I 20.55 4.789 13.19
L 21.429 1.325 14.432
Y 24.27 -0.377 12.553
L 25.472 -3.944 12.047
Q 29.01 -4.305 10.686
M 29.544 -7.752 9.162
S 33.17 -8.689 8.42
D 35.017 -11.565 6.778
L 31.785 -13.0 5.472
T 31.25 -16.709 4.907
P 28.597 -18.391 2.722
G 26.842 -19.463 5.891
D 26.175 -15.799 6.62
T 23.724 -15.745 3.677
A 20.243 -14.947 4.979
V 17.661 -12.21 5.295
Y 18.707 -9.826 8.07
Y 16.115 -8.002 10.158
C 16.35 -5.212 12.698
C 16.411 -5.276 12.754
N 14.082 -5.316 15.756
L 12.899 -2.838 18.372
N 11.215 -4.364 21.405
V 9.121 -2.101 23.646
R 7.062 -2.274 26.847
T 3.297 -1.69 26.898
A 1.221 -1.085 30.031
V -1.046 -4.127 29.794
A -0.262 -5.962 26.553
G 3.172 -7.308 27.438
R 5.866 -6.328 24.963
N 5.616 -5.069 21.391
D 7.926 -5.781 18.444
Y 8.665 -3.434 15.566
W 10.613 -4.902 12.661
G 12.488 -3.568 9.687
Q 11.546 -4.8 6.254
G 14.45 -7.219 5.912
T 17.394 -7.188 3.497
Q 18.897 -10.142 1.68
V 22.588 -10.765 2.256
T 24.227 -13.235 -0.143
V 27.825 -14.461 0.308
S 29.118 -16.524 -2.623
S 32.458 -18.32 -2.921
