tag x y z
V 9.52 -15.24 52.912
K 11.111 -12.308 51.174
L 9.482 -9.259 52.777
Q 9.166 -8.793 56.536
Q 6.829 -5.95 57.466
S 6.56 -4.321 60.884
G 4.962 -1.369 62.631
G 1.343 -0.289 62.532
G -1.532 -0.579 64.947
S -4.105 1.808 66.422
V -3.7 5.58 66.77
Q -5.879 8.683 67.093
E -6.805 11.354 64.56
G -3.69 13.411 63.945
G -1.346 10.69 65.175
S 1.581 9.198 63.278
L 2.954 5.74 62.536
R 5.99 4.463 60.648
L 5.818 1.164 58.785
S 8.924 -0.842 57.938
C 9.55 -3.451 55.269
A 12.877 -5.289 55.245
S 14.411 -7.852 52.892
S 14.511 -7.852 52.892
S 17.735 -9.399 51.914
G 20.223 -7.366 49.909
A 19.609 -9.543 46.856
F 15.856 -8.842 46.802
F 15.788 -5.289 48.152
R 15.15 -2.901 45.28
A 15.486 -5.689 42.685
G 12.583 -3.741 41.142
P 9.959 -1.163 42.06
M 8.714 -1.302 45.625
G 5.805 0.336 47.285
W 2.991 0.521 49.799
Y -0.586 -0.485 49.013
R -3.626 -0.603 51.297
R -7.068 -2.225 51.363
A -9.924 -1.085 53.546
P -12.721 -3.559 53.987
G -15.096 -3.705 51.068
N -12.812 -1.517 48.918
E -10.413 -2.395 46.117
R -6.691 -2.392 46.806
E -5.164 1.053 46.355
L -1.634 2.39 45.88
V -0.296 4.545 48.675
A 3.272 5.227 47.535
G 5.83 3.616 45.239
I 9.543 3.932 44.63
S 11.227 2.863 41.414
R 14.479 0.94 41.423
N 16.252 4.19 40.483
G 14.638 6.264 43.268
R 11.708 8.018 41.58
T 8.73 8.148 43.897
I 5.019 8.397 43.236
Y 2.063 8.869 45.56
A -1.683 8.486 45.333
P -3.086 11.997 44.698
S -4.958 12.442 47.973
L -1.992 11.204 50.049
K 1.32 13.011 49.436
D 0.276 15.483 52.149
R 0.386 12.853 54.883
F 2.537 9.954 53.64
T 6.238 9.686 52.824
I 7.975 6.654 51.348
S 11.723 6.22 51.895
R 14.594 3.736 51.585
D 17.702 2.833 53.608
D 19.76 1.132 50.921
D 22.579 -0.071 53.195
N 20.179 -1.716 55.681
N 17.65 -2.913 53.043
I 14.617 -1.314 54.708
L 11.69 0.43 53.023
Y 9.77 2.927 55.17
L 6.298 4.437 55.153
Q 5.881 7.508 57.359
M 2.252 8.423 58.002
S 1.207 11.595 59.787
D -1.897 13.666 60.561
L -3.851 10.455 60.109
T -7.587 10.466 59.408
P -10.156 7.704 59.963
G -10.248 7.294 56.188
D -6.689 5.98 56.489
T -7.845 2.862 58.366
A -6.84 -0.138 56.273
V -4.504 -3.088 56.033
Y -1.165 -1.844 54.641
Y 1.12 -4.056 52.549
C 4.657 -3.6 51.314
C 4.607 -3.496 51.265
N 5.244 -4.796 47.758
L 8.221 -5.835 45.651
N 7.62 -6.28 41.921
V 10.299 -7.859 39.729
R 10.816 -8.644 36.049
T 10.921 -12.304 35.07
A 11.857 -13.919 31.786
V 9.035 -16.463 31.953
A 5.967 -14.951 33.69
G 6.08 -11.224 32.962
R 6.365 -9.52 36.371
N 6.276 -11.11 39.815
D 5.079 -9.711 43.159
Y 6.35 -10.177 46.706
W 4.193 -8.933 49.552
G 4.753 -8.281 53.23
Q 2.318 -9.974 55.583
G 0.04 -6.965 55.935
T -0.327 -4.591 58.862
Q -3.593 -3.234 60.255
V -3.702 0.528 60.819
T -6.714 1.95 62.676
V -7.233 5.707 63.099
S -9.781 6.519 65.821
S -12.16 9.506 65.677
