tag x y z
V 29.671 31.057 20.634
Q 29.297 34.824 20.67
L 29.433 35.558 24.422
Q 31.256 33.987 27.36
Q 30.494 35.012 30.97
S 32.85 34.548 33.937
G 33.84 36.125 37.259
G 30.88 35.331 39.538
G 30.397 33.053 42.498
S 30.132 33.409 46.261
V 31.21 36.433 48.302
T 30.714 37.717 51.838
P 28.784 40.965 52.497
G 30.996 43.981 51.883
G 33.168 42.112 49.384
S 33.603 42.508 45.66
S 33.732 42.521 45.659
L 33.55 40.572 42.4
R 34.456 41.39 38.804
R 34.456 41.394 38.808
L 32.086 39.961 36.226
S 33.307 39.571 32.645
C 31.448 39.252 29.338
A 33.773 38.48 26.432
A 32.489 38.675 22.849
S 34.006 36.729 19.959
G 32.835 39.094 17.189
S 34.505 42.099 15.605
S 34.551 42.071 15.62
I 35.47 45.055 17.78
S 34.159 47.298 14.98
D 30.618 45.976 15.393
F 30.247 46.772 19.104
A 27.42 49.255 19.76
A 26.611 48.773 23.451
M 26.514 46.322 26.31
A 23.804 46.257 28.956
W 23.818 44.297 32.205
Y 20.746 42.783 33.91
R 20.09 40.74 37.029
Q 17.369 38.227 37.82
A 16.326 37.179 41.304
P 14.51 33.849 41.739
G 11.04 33.817 40.248
K 11.228 37.496 39.23
E 11.411 39.537 36.034
R 14.933 40.723 35.402
D 16.065 44.247 36.272
W 18.423 46.456 34.29
V 21.718 47.118 36.113
G 23.741 49.369 33.769
T 24.951 50.046 30.242
I 28.105 51.082 28.451
F 27.783 52.655 24.995
S 30.432 52.572 22.303
A 31.099 56.302 22.814
G 31.889 55.523 26.473
A 28.849 56.892 28.27
L 27.906 54.894 31.358
L 24.496 54.578 33.044
Y 23.533 52.726 36.208
A 20.397 51.729 38.055
E 19.772 53.576 41.319
P 20.258 50.509 43.6
V 23.868 50.051 42.367
K 25.14 53.601 41.73
G 28.526 54.295 43.322
R 29.133 50.604 44.034
F 29.175 49.122 40.511
T 31.437 50.219 37.656
I 31.232 49.09 34.023
S 34.334 49.271 31.838
R 35.433 47.946 28.457
D 38.719 46.503 27.208
N 38.217 47.491 23.589
A 41.05 45.381 22.179
K 39.807 42.236 23.949
N 36.156 42.942 23.072
T 35.392 42.327 26.75
V 33.154 44.26 29.142
Y 33.554 44.115 32.927
L 31.095 44.771 35.751
Q 33.082 45.605 38.904
M 30.804 45.123 41.927
N 31.977 46.574 45.245
S 30.371 46.786 48.68
L 28.133 43.863 47.842
K 24.986 43.208 49.881
P 22.673 40.196 50.246
E 20.129 42.106 48.127
D 22.586 41.904 45.192
T 22.274 38.095 45.021
A 21.0 37.148 41.547
V 21.882 35.672 38.161
Y 23.631 38.435 36.222
Y 23.282 38.632 32.445
C 25.056 40.619 29.746
R 23.35 41.697 26.515
L 25.525 42.737 23.569
Y 24.238 45.05 20.863
A 26.47 44.597 17.797
E 25.661 42.977 14.416
A 22.776 41.312 16.272
I 21.462 41.318 19.822
Y 23.085 38.563 21.885
W 22.13 37.329 25.342
G 24.69 35.849 27.74
Q 24.235 32.582 29.6
G 24.273 34.253 33.017
T 26.511 34.188 36.081
Q 25.29 33.379 39.58
V 26.34 35.856 42.271
T 25.554 34.84 45.864
V 26.26 37.318 48.667
S 26.006 35.71 52.091
S 27.988 35.148 55.279
