tag x y z
V 1.844 -1.93 35.506
Q -1.708 -2.006 34.1
L -4.806 -0.01 33.209
Q -7.341 0.648 35.95
E -11.036 1.339 35.423
S -13.679 2.623 37.794
G -17.097 4.254 37.62
G -19.301 1.463 36.309
G -22.177 -0.037 38.18
L -25.949 -0.158 38.203
V -28.079 2.702 36.873
Q -31.617 3.336 35.576
P -32.522 4.166 31.95
G -32.107 7.886 31.417
G -29.493 7.987 34.204
S -25.805 8.72 33.684
L -22.357 7.498 34.733
R -18.718 8.521 34.277
L -16.096 5.838 33.646
S -12.404 6.535 34.245
C -9.431 4.858 32.583
T -6.345 5.8 34.571
A -2.773 4.692 33.916
S -1.053 2.907 36.815
G 2.723 3.224 36.496
F 3.154 4.701 33.032
T 2.059 8.114 31.793
L -1.037 8.138 29.599
A -0.558 11.421 27.723
E 1.536 9.682 25.043
Y -1.192 7.053 24.387
G -4.354 6.848 22.354
V -7.266 5.443 24.349
G -10.256 3.551 22.996
W -13.24 2.416 25.052
F -14.893 -0.883 24.129
R -17.844 -2.827 25.459
Q -18.872 -6.471 25.376
A -22.537 -7.166 25.979
P -23.592 -10.626 27.213
G -23.058 -13.25 24.514
K -21.904 -10.632 21.971
E -18.511 -9.625 20.549
R -16.4 -6.771 21.884
E -17.071 -3.504 20.059
L -15.46 -0.086 19.963
V -17.526 2.717 21.515
A -15.373 5.871 21.355
L -11.697 6.721 21.122
I -9.462 9.756 21.48
A -6.027 9.989 19.892
V -2.977 11.75 21.171
G -3.74 15.33 20.217
G -7.437 15.044 20.995
T -9.094 13.728 17.833
T -12.252 11.976 19.005
H -14.512 9.484 17.262
S -17.639 7.735 18.569
I -20.136 5.311 17.046
D -23.626 6.178 15.801
S -25.473 4.493 18.657
V -23.852 6.779 21.256
K -23.301 10.104 19.477
G -24.849 12.914 21.511
R -25.011 10.78 24.666
F -21.453 9.615 25.369
T -18.438 11.908 25.323
I -14.78 11.051 25.817
S -11.952 13.254 26.997
R -8.678 13.655 28.707
D -7.241 15.36 31.784
N -3.62 14.431 31.281
M -2.865 16.368 34.472
K -4.878 13.624 36.218
N -3.457 10.933 33.897
T -6.878 9.65 32.893
V -9.392 9.36 30.042
Y -13.099 9.672 30.829
L -16.163 8.248 29.147
Q -19.129 10.415 30.07
M -22.277 8.323 29.579
N -25.606 10.16 29.604
S -29.128 9.178 28.545
L -28.339 5.574 29.337
N -30.54 2.863 27.813
V -30.894 -0.884 28.323
E -28.882 -1.757 25.203
D -25.893 -0.025 26.856
T -25.54 -2.816 29.444
A -22.111 -4.415 28.949
V -18.654 -4.747 30.447
Y -16.665 -1.707 29.321
Y -12.895 -2.047 28.672
C -10.305 0.601 27.86
N -7.38 0.093 25.507
A -4.339 2.369 25.48
Y -1.793 2.203 22.656
S 1.261 4.4 22.13
S 2.589 4.687 18.587
A 5.778 6.118 20.098
Y 6.619 2.949 22.067
D 4.41 0.254 20.448
R 3.059 -0.6 23.911
N -0.526 -1.842 24.206
Y -2.585 -2.268 27.371
W -6.087 -3.46 28.114
G -8.106 -2.729 31.202
Q -9.721 -5.346 33.375
G -13.306 -4.314 32.545
T -16.002 -2.494 34.506
Q -19.578 -3.758 34.449
V -22.365 -1.38 33.43
T -25.93 -2.599 33.92
V -28.93 -0.453 32.956
S -32.261 -1.75 34.292
S -35.515 -0.601 35.861
