tag x y z
P -70.685 -4.349 -8.119
L -74.181 -3.885 -9.537
G -74.601 -1.945 -12.783
S -76.403 0.848 -10.973
Q -73.539 1.338 -8.499
V -71.493 3.314 -11.045
Q -73.257 5.773 -13.328
L -71.364 7.968 -15.746
V -73.338 10.297 -17.988
E -71.466 12.676 -20.393
S -72.712 15.936 -21.814
G -71.36 18.999 -23.574
G -70.491 17.733 -27.029
G -71.333 19.316 -30.361
L -70.037 21.197 -33.383
V -66.985 23.444 -32.935
Q -64.946 25.69 -35.209
A -61.235 25.068 -35.387
G -59.695 26.167 -33.264
G -62.305 27.225 -30.752
S -62.864 25.547 -27.424
L -65.407 23.3 -25.73
R -66.012 21.84 -22.248
L -67.305 18.28 -21.742
S -68.701 17.218 -18.379
C -69.619 13.932 -16.777
A -71.982 13.317 -13.884
A -70.197 10.533 -12.008
S -72.085 8.618 -9.316
I -69.547 6.129 -7.888
L -70.988 4.089 -4.988
T -69.027 0.841 -4.846
Y -66.229 -0.218 -2.474
D -64.478 -1.575 -5.581
L -63.76 2.054 -6.312
D -62.871 3.606 -2.957
Y -59.876 4.81 -4.957
Y -60.155 5.332 -8.695
Y -59.067 7.09 -11.826
I -61.758 8.931 -13.745
G -60.725 9.438 -17.347
W -61.6 10.511 -20.856
V -61.231 8.156 -23.799
R -62.207 9.123 -27.328
Q -62.747 7.176 -30.539
A -62.525 8.568 -34.083
P -64.607 6.788 -36.789
G -61.841 4.752 -38.429
K -59.668 4.415 -35.344
E -59.246 2.516 -32.081
R -60.049 4.087 -28.713
E -57.552 6.726 -27.526
G -56.913 7.627 -23.903
V -56.77 11.376 -23.627
S -56.705 12.273 -19.939
C -57.441 11.115 -16.391
I -57.468 12.389 -12.815
S -57.06 10.519 -9.511
S -59.816 10.43 -6.871
T -56.915 10.541 -4.461
D -55.078 13.844 -4.833
G -56.226 15.099 -8.209
A -53.106 14.035 -10.083
T -53.744 14.711 -13.773
Y -52.225 12.991 -16.8
Y -52.539 13.818 -20.506
A -51.723 12.141 -23.819
D -49.014 13.933 -25.816
S -51.532 14.478 -28.63
V -53.57 16.618 -26.265
K -50.912 18.093 -23.96
G -51.293 21.787 -23.442
R -54.75 21.902 -24.974
F -56.972 19.76 -22.729
T -57.355 20.146 -18.962
I -59.232 17.744 -16.68
S -60.84 18.672 -13.342
R -63.158 17.49 -10.558
N -65.814 19.443 -8.673
N -65.986 16.893 -5.79
A -69.158 18.427 -4.359
K -71.303 18.289 -7.49
N -69.355 15.14 -8.316
T -68.838 16.237 -11.891
V -65.685 15.7 -13.922
Y -64.795 18.33 -16.567
L -62.703 18.268 -19.723
Q -61.682 21.701 -20.977
M -60.847 21.197 -24.631
N -58.966 24.114 -26.231
N -57.826 24.804 -29.79
L -59.763 21.969 -31.427
K -58.621 20.62 -34.772
P -60.473 18.206 -37.087
E -58.197 15.386 -35.846
D -60.02 15.835 -32.498
T -63.494 15.001 -33.868
A -64.731 11.813 -32.181
I -67.044 10.347 -29.567
Y -65.76 11.184 -26.091
Y -66.332 8.725 -23.256
C -65.84 9.174 -19.538
A -64.552 6.046 -17.796
A -63.545 4.79 -14.343
A -60.954 2.285 -13.163
P -59.265 1.202 -9.921
L -56.296 3.272 -8.673
A -53.662 0.627 -9.507
G -50.52 2.598 -10.329
R -49.106 6.088 -10.785
Y -50.226 6.334 -14.413
C -53.35 6.615 -16.525
C -53.337 6.633 -16.569
P -55.239 3.358 -17.076
A -55.152 2.07 -20.655
S -58.482 1.866 -22.466
H -58.884 -1.901 -21.906
E -58.259 -1.378 -18.193
Y -61.327 0.825 -17.598
G -64.148 -1.013 -15.843
Y -67.049 1.421 -16.159
W -68.005 3.529 -19.175
G -70.379 6.379 -19.914
Q -72.417 6.322 -23.134
G -70.257 8.923 -24.901
T -70.837 12.418 -26.307
Q -70.15 13.441 -29.908
V -67.587 16.183 -30.619
T -67.278 17.488 -34.217
V -64.69 20.072 -35.408
S -65.137 21.801 -38.781
