tag x y z
V -90.167 46.601 12.815
E -86.523 47.32 11.979
S -84.467 50.205 13.23
G -80.892 51.4 13.277
G -80.426 52.206 9.624
G -78.913 55.4 8.222
L -75.925 56.857 6.38
V -72.498 55.398 6.906
Q -69.077 56.18 5.548
A -67.0 53.337 4.087
G -65.993 51.293 5.837
G -67.632 52.025 9.155
S -70.098 50.084 11.21
L -73.82 49.933 11.828
R -76.08 47.836 14.047
L -79.619 47.038 12.996
S -82.235 45.777 15.405
C -85.675 44.288 15.126
A -88.465 43.775 17.602
A -89.32 40.323 16.355
S -92.069 39.489 18.824
I -94.196 40.355 15.85
L -93.499 38.19 12.77
T -93.293 35.248 15.181
Y -96.656 35.147 16.933
D -97.721 32.281 14.605
L -94.568 30.18 14.866
D -93.323 27.779 17.562
Y -90.114 27.152 15.626
Y -88.609 29.618 13.214
Y -85.7 31.202 11.452
I -85.373 34.952 11.811
G -83.426 36.349 8.897
W -82.268 39.567 7.256
V -83.025 40.145 3.597
R -81.924 43.283 1.747
Q -82.894 44.85 -1.557
A -80.747 47.307 -3.554
P -82.535 49.789 -5.862
G -82.1 47.928 -9.174
K -81.879 44.4 -7.826
E -83.7 41.307 -6.593
R -83.974 40.588 -2.855
E -80.805 39.159 -1.311
G -80.773 36.962 1.773
V -77.883 37.98 3.976
S -78.225 36.07 7.238
C -80.51 34.119 9.593
I -80.615 32.546 13.061
S -82.775 29.665 14.362
S -85.13 30.05 17.329
T -84.152 26.5 18.099
D -80.481 26.416 19.097
G -79.23 29.753 17.785
A -77.475 28.313 14.743
T -76.331 31.129 12.445
Y -75.857 31.216 8.669
Y -74.324 33.834 6.352
A -74.215 34.615 2.644
D -70.707 34.446 1.163
S -71.13 38.114 0.288
V -71.207 39.15 3.952
K -69.069 36.398 5.506
G -66.663 37.757 8.157
R -68.328 41.186 8.112
F -71.857 40.506 9.382
T -72.895 38.812 12.638
I -76.477 38.081 13.566
S -77.527 37.618 17.21
R -80.589 37.422 19.439
N -81.344 38.745 22.913
N -84.068 36.107 23.626
A -85.293 37.771 26.787
K -86.355 40.905 24.93
N -86.868 38.799 21.793
T -84.836 41.314 19.822
V -82.686 40.379 16.842
Y -79.472 42.283 15.93
L -77.396 42.588 12.755
Q -73.827 43.897 13.197
M -72.472 45.149 9.856
N -68.73 45.89 9.819
N -66.558 47.411 7.081
L -69.594 48.418 4.988
K -69.104 48.883 1.284
P -71.377 50.644 -1.202
E -72.611 47.2 -2.369
D -74.243 46.916 1.072
T -76.469 49.91 0.294
A -80.102 48.764 0.409
I -83.313 48.562 2.375
Y -82.838 45.855 5.026
Y -85.794 43.766 6.124
C -86.139 41.535 9.113
A -88.283 38.457 8.409
A -89.441 35.164 9.918
A -90.029 31.707 8.419
P -90.898 28.221 9.643
L -87.959 26.073 10.685
A -88.231 23.7 7.678
G -84.694 22.428 7.086
R -81.133 22.886 8.303
Y -80.498 25.899 6.059
C -81.461 29.533 5.697
C -81.433 29.549 5.678
P -84.844 30.25 4.079
A -84.859 31.677 0.559
S -86.433 35.145 0.289
H -89.725 33.757 -1.067
E -89.991 31.366 1.898
Y -90.149 34.109 4.548
G -93.696 34.552 5.79
Y -93.708 37.726 7.838
W -91.839 40.919 6.962
G -90.946 44.172 8.725
Q -91.193 47.501 6.918
G -87.452 47.698 6.29
T -84.801 50.251 7.26
Q -82.744 52.207 4.761
V -79.002 51.696 4.841
T -76.786 53.926 2.708
V -73.018 53.694 2.293
S -71.258 56.637 0.593
S -67.755 57.72 -0.487
A -65.764 59.768 -3.112
