tag x y z
Q 4.518 -37.712 65.217
L 2.1 -36.124 67.657
V 0.244 -37.641 70.591
E -3.188 -36.407 71.594
S -5.375 -37.042 74.625
G -8.335 -35.731 76.603
G -11.155 -37.097 74.46
G -14.232 -38.787 75.872
L -17.99 -38.78 76.253
V -19.873 -35.841 77.752
H -23.361 -34.407 77.987
P -24.366 -31.42 75.884
G -23.346 -28.311 77.846
G -20.429 -30.269 79.32
S -16.668 -29.712 79.027
L -13.542 -31.546 77.777
R -9.901 -30.478 77.442
L -7.893 -31.918 74.553
S -4.145 -31.992 74.714
C -1.451 -32.503 72.082
A 2.278 -33.035 72.587
P 5.096 -34.236 70.339
S 6.509 -37.734 70.774
A 10.157 -38.744 70.808
S 10.029 -39.637 67.105
L 9.134 -36.073 66.131
P 12.37 -34.702 64.675
S 14.225 -32.149 66.776
T 17.217 -31.326 64.597
P 17.854 -29.0 62.903
F 14.432 -27.621 63.951
N 11.682 -28.347 66.437
P 8.621 -28.516 64.135
F 6.289 -28.131 67.146
N 7.365 -24.537 67.863
N 5.518 -23.528 64.673
M 1.787 -22.863 64.183
V -0.394 -25.695 65.443
G -4.062 -26.312 64.713
W -6.775 -28.594 66.025
Y -9.055 -30.251 63.51
R -12.107 -32.456 63.598
Q -13.695 -34.95 61.259
A -16.94 -36.853 61.63
P -17.644 -40.035 59.614
G -18.618 -39.361 55.987
K -17.727 -35.69 56.289
Q -14.74 -33.574 55.39
R -12.164 -32.638 58.013
E -12.267 -29.041 59.21
M -10.135 -26.744 61.34
V -11.459 -25.934 64.802
A -8.699 -23.669 66.073
S -5.091 -22.715 65.358
I -2.499 -20.952 67.483
G 0.489 -19.153 65.992
L 1.11 -15.452 65.578
R -2.665 -15.331 65.762
I -5.384 -17.368 67.374
N -8.135 -18.331 64.961
Y -11.365 -20.182 65.628
A -13.919 -21.871 63.424
D -16.989 -19.617 63.531
S -19.062 -22.469 64.955
V -16.687 -22.765 67.926
K -16.011 -19.057 68.598
G -16.852 -18.237 72.214
R -16.906 -21.866 73.364
F -13.478 -23.323 72.607
T -10.13 -22.028 73.792
I -6.798 -23.008 72.348
S -3.642 -22.338 74.353
R 0.012 -23.274 74.723
D 1.713 -24.634 77.822
N 5.478 -24.254 77.439
A 6.355 -26.035 80.688
K 4.376 -29.146 79.689
N 5.184 -28.863 75.961
T 1.56 -29.085 74.834
V -1.099 -27.453 72.72
D -4.469 -27.679 74.419
L -8.072 -27.139 73.339
Q -10.517 -26.338 76.118
M -14.017 -27.189 74.938
D -16.934 -25.746 76.915
S -20.675 -25.649 76.055
L -20.283 -28.79 73.977
R -23.131 -29.622 71.567
P -24.056 -32.919 69.8
E -22.918 -31.697 66.399
D -19.435 -31.146 67.821
S -19.058 -34.926 67.975
A -16.072 -36.043 65.926
T -12.59 -37.453 65.956
Y -10.36 -34.471 66.777
Y -6.834 -34.255 65.356
C -3.792 -32.154 66.214
H -1.723 -30.751 63.334
I 1.394 -28.718 62.661
E 0.088 -26.157 60.171
Y 1.255 -26.441 56.528
T 2.96 -29.819 57.122
H 2.301 -33.577 56.981
Y 2.54 -33.88 60.77
W -0.773 -35.169 62.174
G -1.876 -36.869 65.357
K -3.833 -40.127 64.917
G -6.817 -38.533 66.631
T -8.861 -38.55 69.831
L -12.558 -39.357 69.894
V -15.034 -36.742 71.182
T -18.645 -37.761 71.698
V -21.298 -35.376 72.92
S -24.717 -36.878 73.605
S -27.613 -36.873 76.013
E -28.396 -40.084 77.698
P -31.448 -41.524 75.912
K -34.876 -41.35 77.571
