tag x y z
V 163.751 136.259 118.178
Q 166.471 136.073 120.861
L 165.472 132.742 122.373
Q 167.337 129.849 123.996
E 166.79 126.089 123.907
S 166.976 123.202 126.357
G 165.744 119.636 126.71
G 167.507 116.62 125.273
G 167.564 113.119 126.712
L 169.816 110.761 128.63
V 173.557 110.312 128.11
Q 173.672 106.588 127.517
A 173.196 106.567 123.702
G 169.653 105.488 124.52
G 168.19 108.721 125.758
S 165.015 109.197 123.755
L 163.094 112.188 125.05
R 161.99 115.73 124.195
L 163.872 118.95 123.531
S 162.471 122.441 124.092
C 163.378 125.543 122.077
A 160.956 128.194 123.354
A 160.59 131.34 121.247
S 159.82 134.922 122.309
V 156.244 135.84 121.397
R 155.571 134.337 117.945
T 157.22 133.307 114.7
S 156.271 135.698 111.907
D 154.03 134.688 109.012
T 156.763 135.57 106.504
D 159.173 133.567 108.67
G 159.437 130.239 110.458
M 161.41 128.2 112.955
A 164.281 125.859 112.198
W 167.649 124.529 113.323
F 171.226 123.858 112.178
R 173.328 120.664 111.884
Q 172.555 119.572 115.53
A 176.065 118.907 116.839
P 178.75 121.022 118.542
G 181.262 119.92 115.916
K 181.495 116.967 113.552
F 169.8 119.531 111.366
V 166.858 118.151 113.27
G 163.94 120.478 112.714
G 162.955 120.59 109.081
I 160.036 122.9 109.736
R 159.234 125.259 106.913
W 157.083 128.206 105.859
N 153.674 126.612 106.392
S 153.467 122.815 106.522
A 156.55 121.141 104.972
T 157.791 119.848 108.337
W 160.675 117.954 106.784
Y 163.362 115.707 108.242
A 167.118 115.992 108.662
D 169.158 116.6 105.537
F 172.708 115.651 106.509
V 171.697 113.419 109.443
K 168.53 111.76 108.041
G 167.298 111.402 111.593
R 164.104 110.043 113.078
F 163.668 113.324 114.962
T 159.943 113.883 115.562
I 160.295 117.649 115.223
S 157.332 119.763 116.268
R 156.549 123.382 117.055
D 153.787 124.945 119.142
N 152.338 128.203 117.831
A 149.824 128.026 120.671
K 152.803 127.855 123.05
N 155.503 129.848 121.137
T 157.912 126.946 121.409
L 159.556 124.249 119.323
Y 159.103 120.947 121.172
L 161.361 118.522 119.306
Q 161.908 114.81 119.958
M 165.585 113.908 119.408
N 164.59 110.335 120.165
S 165.112 106.776 118.861
L 168.734 105.972 119.779
K 170.187 109.317 118.813
P 174.001 109.25 118.845
E 173.769 112.679 117.14
D 171.973 114.26 120.118
T 175.004 116.296 121.174
A 175.275 119.56 123.062
L 175.106 122.783 121.038
Y 171.357 122.717 120.417
Y 171.19 125.302 117.683
C 167.583 126.288 117.076
A 167.198 129.098 114.556
R 164.3 131.551 114.561
R 163.654 132.789 111.052
A 162.693 135.817 108.989
Y 161.856 133.899 105.751
G 160.861 130.372 104.782
F 160.985 128.464 101.504
D 161.89 124.754 101.76
T 163.015 123.99 105.369
D 166.386 125.354 104.291
S 168.413 124.291 107.322
R 171.766 125.237 105.766
E 173.217 127.683 108.329
S 171.0 130.594 107.179
A 167.274 131.44 106.838
Y 167.295 132.695 110.395
S 166.546 135.981 112.114
N 168.487 134.565 115.082
W 170.609 131.597 116.165
G 169.623 130.228 119.558
Q 172.162 129.09 122.122
G 172.213 126.513 124.909
T 172.657 122.757 125.3
Q 170.884 119.422 124.761
V 171.095 116.356 127.05
