tag x y z
V -41.158 -20.806 18.381
Q -42.835 -18.772 15.649
L -41.813 -16.242 13.007
A -43.079 -12.667 13.008
E -43.67 -11.099 9.582
S -43.707 -7.44 8.539
G -43.851 -5.353 5.374
G -46.546 -3.307 3.685
G -49.195 -4.22 1.124
L -50.546 -1.93 -1.615
V -48.086 -0.41 -4.073
Q -48.098 0.794 -7.692
P -46.417 -1.102 -10.571
G -42.758 -0.075 -10.527
G -42.359 0.852 -6.869
S -40.402 -0.841 -4.088
L -41.038 -2.496 -0.726
R -39.13 -4.022 2.199
L -40.325 -7.15 4.029
S -38.99 -8.192 7.423
C -39.213 -11.025 9.94
E -38.376 -11.322 13.646
A -37.266 -14.582 15.241
S -39.503 -14.636 18.315
G -38.932 -18.162 19.581
F -35.568 -19.578 18.51
H -32.105 -18.156 17.928
L -31.3 -17.59 14.275
E -27.533 -17.809 13.761
H -26.953 -21.36 12.512
F -29.999 -21.723 10.251
A -30.438 -20.692 6.617
V -33.499 -18.545 5.942
G -35.873 -18.195 3.007
W -38.689 -16.132 1.514
F -41.667 -17.604 -0.328
R -44.425 -15.939 -2.359
Q -47.868 -17.411 -3.066
A -50.186 -15.723 -5.574
P -53.909 -16.545 -5.89
G -54.255 -19.737 -7.938
K -50.667 -20.888 -7.434
E -48.587 -23.019 -5.071
R -45.846 -21.489 -2.882
E -42.577 -20.624 -4.644
G -39.096 -19.663 -3.48
V -37.932 -16.094 -3.979
S -34.653 -15.785 -2.133
C -32.586 -17.475 0.553
I -29.541 -16.777 2.706
S -26.944 -19.028 4.303
A -26.791 -19.346 8.08
S -23.906 -16.92 7.935
G -23.464 -14.606 4.957
D -21.527 -16.841 2.57
S -23.9 -16.253 -0.345
T -27.601 -15.808 -1.103
T -29.613 -17.19 -4.024
Y -32.517 -15.567 -5.885
A -35.244 -16.613 -8.302
D -34.427 -15.598 -11.879
S -37.332 -13.186 -12.422
V -36.467 -10.995 -9.422
K -32.795 -11.94 -9.739
G -31.617 -8.39 -10.445
R -34.457 -6.654 -8.601
S -34.569 -8.043 -5.068
T -31.708 -8.287 -2.592
I -31.777 -10.063 0.769
S -30.107 -9.503 4.147
K -29.813 -11.01 7.624
D -29.097 -9.553 11.068
N -27.79 -11.726 13.908
A -28.203 -8.922 16.454
K -31.837 -7.935 15.889
N -32.445 -11.644 15.199
A -34.164 -10.799 11.951
V -34.15 -11.183 8.176
Y -35.056 -8.636 5.484
L -35.962 -8.717 1.779
Q -35.697 -5.571 -0.344
M -37.801 -5.795 -3.5
D -37.395 -3.001 -6.059
S -39.003 -2.272 -9.474
L -42.029 -4.423 -8.679
R -44.04 -6.11 -11.419
P -47.857 -6.48 -11.408
E -47.227 -10.224 -11.174
D -45.181 -10.353 -7.972
T -48.417 -9.8 -6.061
G -49.479 -12.328 -3.415
D -48.986 -13.437 0.191
Y -45.36 -13.494 1.369
Y -43.928 -15.912 3.931
C -40.657 -16.542 5.707
A -39.109 -19.774 6.935
A -36.047 -21.38 8.528
S -34.012 -24.233 7.015
H -32.678 -27.378 8.687
F -29.263 -26.821 7.166
S -26.891 -23.877 7.294
V -26.107 -24.042 3.549
C -28.464 -22.252 1.142
G -28.801 -24.45 -1.949
K -28.897 -23.246 -5.555
N -32.542 -24.247 -5.899
I -35.17 -23.622 -3.25
R -37.358 -26.386 -1.838
K -40.186 -25.846 0.643
I -39.295 -29.22 2.175
E -36.145 -27.917 3.874
Y -37.968 -25.161 5.774
R -39.555 -25.797 9.165
Y -41.404 -22.795 10.74
W -43.593 -20.585 8.459
G -46.535 -18.487 9.648
Q -48.391 -16.419 9.237
G -48.092 -14.314 6.088
T -47.89 -10.671 5.044
P -49.738 -9.724 1.826
V -48.438 -7.536 -0.992
T -50.451 -6.234 -3.937
V -49.11 -4.63 -7.119
S -51.728 -3.141 -9.442
S -53.088 -0.003 -11.121
