tag x y z
Q -63.77 -4.097 14.976
V -60.899 -5.794 13.218
Q -60.94 -5.928 9.425
L -58.357 -7.093 6.906
V -58.9 -5.953 3.312
E -56.78 -7.408 0.538
S -56.177 -5.956 -2.899
G -54.157 -7.08 -5.898
G -54.053 -10.556 -7.418
G -55.724 -11.965 -10.507
L -54.101 -13.534 -13.545
V -50.332 -13.642 -13.975
Q -48.034 -15.15 -16.585
V -45.799 -18.049 -15.491
G -42.478 -16.676 -14.368
G -44.118 -13.281 -13.789
S -44.456 -11.009 -10.754
L -47.485 -9.981 -8.76
R -47.914 -8.118 -5.488
L -50.7 -8.76 -2.999
S -51.582 -6.134 -0.398
C -53.609 -5.963 2.771
V -54.663 -3.111 5.022
V -55.736 -3.725 8.62
S -58.4 -1.508 10.152
G -59.793 -1.461 13.708
S -56.47 -2.542 15.209
D -52.879 -1.471 15.389
I -50.535 -4.155 14.091
S -47.53 -3.021 16.177
G -46.358 -6.055 18.21
I -48.496 -8.518 16.269
A -47.234 -10.972 13.659
M -48.82 -11.143 10.223
G -48.728 -13.733 7.505
W -49.904 -14.846 4.078
Y -51.569 -18.13 3.411
R -52.959 -19.831 0.325
Q -55.462 -22.56 -0.423
A -55.816 -24.43 -3.724
P -59.0 -26.335 -4.508
G -59.495 -29.527 -2.455
K -56.286 -28.697 -0.545
R -55.482 -27.659 2.98
R -54.796 -23.949 3.586
E -51.025 -23.479 4.076
M -48.81 -20.756 5.412
V -46.689 -19.144 2.714
A -44.857 -16.316 4.501
D -44.795 -14.825 8.005
I -43.457 -11.492 9.227
F -43.069 -10.398 12.81
S -43.516 -6.874 14.118
G -39.781 -6.286 14.266
G -39.451 -7.34 10.632
S -38.06 -10.898 10.784
T -39.579 -13.292 8.27
D -40.358 -16.95 7.734
Y -41.197 -18.698 4.379
A -42.703 -22.003 3.228
G -39.66 -23.877 1.817
S -41.042 -23.91 -1.68
V -41.53 -20.09 -1.965
K -38.224 -19.033 -0.306
G -36.238 -16.88 -2.731
R -39.293 -16.252 -4.966
F -41.701 -14.573 -2.511
T -40.992 -11.646 -0.13
I -43.276 -10.535 2.673
S -43.183 -6.999 4.043
R -45.152 -4.922 6.563
D -45.55 -1.25 7.587
N -46.647 -0.773 11.184
A -47.34 2.945 10.602
K -49.652 2.292 7.637
K -50.972 -0.993 9.154
T -50.313 -2.956 5.963
S -48.576 -6.093 4.692
Y -47.632 -7.056 1.22
Y -47.514 -6.948 1.174
L -46.562 -10.246 -0.472
Q -44.258 -9.826 -3.475
M -44.483 -12.911 -5.698
N -41.707 -13.419 -8.237
N -41.0 -16.261 -10.676
V -44.507 -17.582 -10.127
K -45.158 -21.234 -10.921
P -48.291 -23.312 -11.624
E -47.984 -24.629 -8.002
D -48.702 -21.046 -6.773
T -52.267 -20.862 -8.137
G -54.924 -20.606 -5.436
V -56.786 -18.346 -3.012
Y -54.413 -16.172 -0.93
Y -55.244 -14.774 2.497
C -53.546 -12.259 4.742
R -53.661 -12.95 8.445
L -53.185 -10.912 11.649
Y -51.975 -13.245 14.4
G -53.932 -11.398 17.123
S -56.319 -12.437 19.888
G -59.032 -13.295 17.364
D -59.481 -14.91 13.948
Y -58.288 -12.073 11.778
W -58.272 -12.973 8.073
G -58.543 -11.113 4.793
Q -61.354 -11.907 2.375
G -59.317 -14.198 0.153
T -57.907 -13.232 -3.26
Q -57.444 -15.409 -6.28
V -54.097 -15.747 -7.961
T -54.09 -17.729 -11.192
V -50.784 -18.517 -12.895
S -51.133 -18.877 -16.685
S -48.769 -20.392 -19.188
