tag x y z
Q 123.406 125.284 74.637
V 123.235 121.603 75.563
Q 123.521 119.744 72.251
L 124.057 116.008 72.921
Q 124.422 115.023 69.265
E 124.571 111.256 68.776
S 125.424 109.298 65.641
G 126.152 105.792 64.391
G 123.93 102.785 63.949
G 121.958 101.599 60.94
L 120.439 98.378 59.586
V 122.56 95.408 60.682
Q 121.651 91.728 60.463
P 120.736 89.917 63.7
G 123.696 88.917 65.817
G 125.686 91.802 64.335
S 127.439 94.653 66.095
L 127.392 98.449 66.148
R 128.964 101.327 68.061
L 126.717 104.291 68.86
S 128.674 107.5 69.473
C 127.43 110.586 71.328
A 129.361 113.867 71.063
A 128.175 116.25 73.781
S 128.83 119.991 73.677
G 127.806 122.978 75.758
F 128.735 121.727 79.236
T 131.46 120.021 81.252
F 131.176 116.38 80.198
S 133.089 115.155 83.26
N 130.717 116.514 85.928
Y 127.545 114.738 84.758
K 126.444 111.119 84.851
M 125.403 109.927 81.401
N 122.733 107.477 80.27
W 121.645 105.538 77.208
V 117.872 105.241 76.814
R 115.826 103.82 73.961
Q 112.309 104.037 72.545
A 110.961 100.937 70.822
P 108.513 101.246 67.904
G 105.14 101.893 69.487
K 106.38 101.784 73.084
G 107.351 104.199 75.816
L 110.878 105.255 76.646
E 113.009 102.866 78.675
W 116.375 103.066 80.404
V 119.218 101.004 78.96
S 122.569 101.889 80.505
D 124.347 104.45 82.652
I 127.879 105.577 83.46
S 129.158 107.802 86.254
Q 131.393 110.864 86.073
S 134.764 109.107 86.237
G 133.47 105.871 84.721
A 133.894 103.354 87.546
S 130.28 102.526 88.408
I 128.435 101.063 85.414
S 124.931 99.6 85.281
Y 122.754 98.132 82.54
T 119.213 96.929 82.228
G 118.869 93.171 82.473
S 118.184 92.52 78.796
V 121.458 94.05 77.548
K 123.657 92.901 80.44
G 126.708 91.131 79.045
R 126.008 92.259 75.464
F 126.231 96.067 75.511
T 129.141 98.055 76.932
I 129.019 101.759 77.752
S 132.194 103.826 77.843
R 132.792 107.552 78.249
D 135.8 109.56 77.073
N 136.082 112.839 78.97
A 139.019 114.11 76.901
K 136.919 113.967 73.722
N 133.62 114.424 75.624
T 132.004 111.425 73.978
L 129.766 108.567 75.094
Y 129.956 105.161 73.402
L 127.561 102.214 73.409
Q 129.318 99.214 71.877
M 126.595 96.677 71.086
N 127.203 93.137 69.851
S 125.112 89.985 69.439
L 122.135 92.161 68.551
K 118.674 90.615 68.813
P 115.499 91.424 66.837
E 114.127 93.074 70.009
D 116.758 95.846 69.936
T 115.405 97.857 66.992
A 114.573 101.25 68.5
V 115.528 104.922 68.587
Y 118.533 105.35 70.884
Y 118.842 108.591 72.86
C 121.967 109.776 74.666
A 120.591 111.282 77.872
R 122.222 113.379 80.575
C 121.491 113.805 84.252
P 119.956 117.2 85.077
A 122.441 118.195 87.783
P 126.213 117.758 88.169
F 127.982 116.009 91.05
T 124.87 113.972 91.869
R 124.38 110.232 92.253
D 120.637 110.371 91.541
C 119.284 110.958 88.04
F 115.689 112.194 87.822
D 113.401 112.792 84.838
V 115.388 110.679 82.386
T 113.139 108.291 80.402
S 110.385 110.924 80.774
T 108.852 112.455 77.678
T 109.558 116.088 76.765
Y 112.757 115.934 78.824
A 115.525 118.368 77.919
Y 119.232 117.458 77.925
R 118.558 114.555 75.57
G 119.714 113.91 72.033
Q 117.53 113.4 68.996
G 118.425 109.719 68.826
T 119.636 107.278 66.18
Q 117.4 104.646 64.594
V 119.069 101.274 65.213
T 117.115 98.633 63.295
V 117.993 94.967 62.853
