tag x y z
Q 108.598 120.64 166.207
V 108.239 124.117 164.692
Q 106.715 126.529 167.226
L 107.928 130.054 166.315
Q 106.403 131.702 169.386
E 106.565 135.509 169.336
S 107.065 137.954 172.201
G 106.416 141.643 172.72
G 103.56 143.747 171.433
G 101.108 145.912 173.332
L 99.21 149.169 173.526
V 101.548 152.041 172.631
Q 101.24 155.759 172.008
P 100.861 157.012 168.419
G 104.33 157.618 167.051
G 105.887 155.439 169.752
S 108.465 152.686 169.466
L 108.565 149.024 170.508
R 110.182 145.812 169.273
L 108.928 142.267 168.679
S 110.964 139.11 169.323
C 110.365 135.902 167.343
A 111.729 132.931 169.312
A 112.578 130.059 166.962
S 112.885 126.384 167.861
G 112.609 122.969 166.256
F 114.489 123.869 163.066
T 117.839 125.188 161.874
F 117.305 128.951 161.988
S 120.291 129.686 159.727
N 118.964 127.528 156.866
Y 115.472 129.04 156.493
K 114.099 132.393 155.392
M 112.037 134.412 157.868
N 109.048 136.672 157.228
W 106.836 139.123 159.109
V 103.09 139.021 158.427
R 100.231 140.839 160.157
Q 96.431 140.591 160.188
A 94.529 143.761 161.038
P 90.97 143.403 162.39
G 88.473 142.943 159.582
K 91.186 142.463 156.946
G 93.276 139.635 155.537
L 96.88 138.62 156.052
E 99.515 141.093 154.865
W 103.234 140.603 154.296
V 105.359 143.054 156.285
S 109.04 142.143 156.039
D 111.472 139.307 155.396
I 115.184 138.542 155.658
S 117.365 135.948 153.947
Q 119.454 133.259 155.635
S 122.705 135.241 155.522
G 120.92 138.368 156.757
A 121.944 140.692 153.91
S 118.995 140.466 151.501
I 116.309 142.646 153.105
S 112.88 143.704 151.824
Y 109.998 145.531 153.493
T 106.54 146.473 152.372
G 106.397 150.083 151.257
S 104.196 151.276 154.119
V 106.807 150.28 156.74
K 110.134 150.579 154.891
G 112.327 153.202 156.527
R 110.185 152.956 159.681
F 110.617 149.348 160.855
T 113.82 147.308 160.996
I 114.152 143.583 160.297
S 117.036 141.671 161.86
R 117.942 138.154 162.956
D 120.422 136.67 165.434
N 121.276 133.22 164.079
A 123.207 132.353 167.254
K 120.185 132.495 169.585
N 117.615 131.581 166.881
T 115.582 134.766 167.266
L 114.141 137.352 164.886
Y 113.745 141.044 165.709
L 111.448 143.782 164.386
Q 112.379 147.214 165.743
M 109.093 149.122 165.458
N 109.441 152.903 165.156
S 107.04 155.798 164.474
L 103.916 153.679 164.795
K 100.537 154.723 163.408
P 97.004 153.577 164.307
E 96.911 151.671 161.0
D 99.673 149.393 162.342
T 97.187 147.815 164.785
A 97.313 144.141 163.8
V 98.268 140.671 165.0
Y 101.875 140.304 163.829
Y 102.8 136.709 162.969
C 106.277 135.247 162.476
A 106.217 133.299 159.204
R 108.775 130.775 157.924
C 108.19 129.248 154.496
P 109.125 125.561 154.496
A 111.608 125.36 151.598
P 115.203 125.697 152.869
F 118.124 126.783 150.686
T 115.609 128.36 148.289
R 115.045 131.857 146.949
D 111.333 131.291 146.373
C 109.364 131.552 149.617
F 105.788 130.332 149.267
D 102.482 130.628 151.121
V 103.685 132.699 154.08
T 100.576 134.928 153.882
S 98.187 131.982 153.49
T 95.334 130.842 155.704
T 95.375 127.402 157.354
Y 99.153 127.616 156.909
A 101.557 125.922 159.322
Y 105.113 127.009 160.214
R 103.682 130.252 161.6
G 103.289 131.558 165.127
Q 100.084 132.476 166.909
G 100.944 136.181 166.734
T 101.095 139.02 169.246
Q 98.511 141.8 169.345
V 100.129 145.189 168.692
T 97.499 147.834 169.452
V 98.258 151.404 168.385
