tag x y z
V -40.301 38.947 4.91
Q -39.152 39.128 1.231
L -37.06 36.294 -0.319
V -35.492 36.097 -3.801
E -34.054 32.875 -5.286
S -31.2 32.786 -7.866
G -29.056 30.046 -9.461
G -31.649 28.178 -11.522
G -30.907 26.946 -15.055
L -30.237 23.827 -17.22
V -27.933 21.115 -15.895
Q -26.797 17.868 -17.532
A -27.146 14.568 -15.541
G -24.483 14.135 -12.844
G -24.232 17.943 -12.748
S -23.93 20.32 -9.837
L -25.88 23.509 -9.104
R -25.771 26.034 -6.274
L -29.042 27.833 -5.515
S -29.056 30.949 -3.29
C -31.741 32.99 -1.504
A -31.816 36.656 -0.39
A -33.752 37.753 2.725
S -34.879 41.385 3.17
G -35.802 41.462 6.875
S -34.224 41.705 10.315
S -32.909 38.859 12.612
F -32.49 36.411 9.703
S -30.629 34.045 12.123
S -33.867 33.491 14.182
Y -35.963 32.446 11.072
T -36.238 28.807 9.95
M -35.223 28.56 6.307
G -36.283 25.909 3.807
W -35.834 24.759 0.188
F -38.997 23.342 -1.381
R -39.623 22.005 -4.875
Q -42.531 21.359 -7.249
A -42.216 19.172 -10.311
P -44.917 19.179 -13.062
G -47.995 17.345 -11.749
K -46.521 16.45 -8.316
E -47.292 18.499 -5.158
R -44.828 20.989 -3.496
E -42.47 19.013 -1.304
I -39.498 19.747 0.98
V -35.824 19.203 0.025
A -33.957 20.761 2.974
G -34.729 22.698 6.2
I -32.383 24.628 8.502
R -32.7 26.548 11.826
W -30.075 26.974 14.605
S -26.267 26.428 14.369
D -26.252 23.729 17.075
E -29.172 21.947 15.324
S -28.696 19.376 12.533
P -30.553 20.302 9.289
I -33.268 18.099 7.757
Y -33.389 16.451 4.264
A -35.765 14.459 2.012
D -34.623 10.805 1.553
S -34.391 11.395 -2.242
V -31.864 14.287 -1.794
K -29.944 12.926 1.311
G -26.183 12.687 0.656
R -26.574 14.598 -2.653
F -27.885 18.038 -1.555
T -26.66 20.257 1.306
I -28.348 23.254 2.999
S -26.407 26.143 4.58
R -26.899 29.717 5.745
D -24.645 32.781 6.01
N -26.368 34.856 8.702
A -23.929 37.756 7.986
K -24.577 37.719 4.149
N -28.378 37.254 5.084
T -28.47 34.458 2.403
L -29.534 30.763 2.282
Y -27.855 28.175 -0.033
L -28.676 24.733 -1.529
Q -25.695 22.78 -2.928
M -27.175 20.26 -5.365
N -24.759 17.501 -6.411
S -25.047 14.361 -8.669
L -28.262 15.696 -10.276
K -30.871 13.375 -11.866
P -33.712 14.222 -14.318
E -35.977 13.406 -11.314
E -35.961 13.4 -11.301
D -34.672 16.646 -9.688
T -36.266 18.708 -12.491
A -38.56 21.102 -10.606
V -39.37 24.687 -9.574
Y -37.28 25.356 -6.478
Y -38.845 27.642 -3.902
C -37.248 29.37 -0.913
A -39.258 29.544 2.33
A -39.001 31.13 5.786
R -40.874 30.94 9.151
L -40.458 31.84 12.829
V -40.495 28.433 14.578
P -40.269 28.565 18.443
P -37.761 26.329 20.414
G -40.046 23.439 21.493
I -41.038 22.598 17.869
P -39.101 20.528 15.224
I -38.175 22.01 11.799
P -41.455 21.686 9.766
R -41.487 19.169 6.869
T -44.745 20.453 5.198
S -45.037 23.586 2.919
E -48.301 24.707 4.668
S -46.209 25.611 7.747
M -43.798 28.069 5.926
R -45.033 31.693 5.738
Y -42.635 33.525 3.39
W -42.199 32.218 -0.157
G -40.099 33.501 -3.054
K -41.451 33.433 -6.661
G -39.067 30.473 -7.301
T -36.315 29.335 -9.695
T -36.304 29.348 -9.673
L -36.509 26.846 -12.536
V -34.102 23.921 -12.666
T -34.031 21.315 -15.43
V -31.799 18.203 -15.734
S -31.228 16.193 -18.977
S -30.083 12.591 -20.082
