tag x y z
Q 59.663 11.72 86.645
V 63.158 10.772 85.433
Q 66.473 9.376 86.71
L 69.6 11.467 87.308
V 72.981 9.73 87.375
E 76.075 11.731 86.432
S 79.427 10.064 87.114
G 83.042 10.457 85.886
G 84.317 13.769 87.367
G 87.763 14.64 88.7
L 90.941 16.696 88.497
V 93.52 16.29 85.731
Q 96.54 18.06 84.287
A 96.929 19.566 80.828
G 96.566 17.179 77.903
G 94.766 14.562 79.983
S 91.835 12.384 78.994
L 88.625 11.403 80.79
R 85.372 9.5 80.274
L 81.911 10.526 81.565
S 78.775 8.564 82.47
C 75.007 9.464 82.29
A 71.768 7.434 82.298
A 68.06 7.937 82.884
S 65.085 5.752 83.723
G 61.523 5.768 84.965
S 59.038 7.895 83.042
M 61.25 8.027 79.902
F 60.222 8.862 76.353
S 61.465 6.697 73.454
D 63.411 8.838 70.984
N 65.185 11.572 72.949
V 68.504 13.357 73.313
M 70.993 13.421 76.156
G 74.381 15.062 76.532
W 76.361 17.54 78.547
Y 76.694 21.275 79.059
R 79.806 22.792 80.559
Q 79.489 26.022 82.53
A 82.707 28.001 82.791
P 82.296 30.106 85.97
G 80.669 33.373 84.931
Q 76.945 30.191 80.78
R 76.138 26.612 79.784
E 77.579 25.651 76.39
L 76.578 22.697 74.253
V 79.331 20.117 73.884
A 77.777 16.828 72.798
T 74.618 16.08 70.836
I 73.44 12.543 71.552
R 70.349 12.231 69.308
T 69.491 8.754 70.44
G 69.963 6.742 67.227
G 70.297 9.928 65.062
S 73.602 11.233 63.837
T 75.191 13.903 65.987
N 77.328 17.048 66.037
Y 79.984 18.042 68.564
A 81.379 21.456 69.464
D 84.1 23.039 67.347
S 86.307 23.77 70.364
V 86.278 19.991 70.886
K 85.95 19.018 67.22
G 87.286 15.477 67.046
R 88.851 16.037 70.451
F 85.873 14.522 72.295
T 83.618 11.655 71.211
I 80.387 10.195 72.608
S 78.723 6.765 72.768
R 75.211 5.453 73.406
D 74.26 2.709 75.858
N 71.809 1.298 73.312
A 69.836 -0.656 76.0
K 70.005 0.932 79.471
N 69.599 4.089 77.481
T 72.903 5.251 78.925
V 75.482 7.53 77.325
Y 79.281 7.602 77.616
L 81.559 10.448 76.481
Q 85.289 10.023 75.863
M 87.186 13.177 76.821
N 90.657 13.209 75.252
S 93.518 15.702 74.884
L 92.066 17.925 77.601
K 93.076 21.57 77.717
P 93.715 23.627 80.875
E 91.176 26.323 79.993
D 88.517 23.612 79.528
T 87.728 23.601 83.266
A 84.042 24.218 84.017
V 80.945 22.742 85.633
Y 79.723 19.884 83.432
Y 75.992 19.115 83.639
C 74.197 16.154 82.08
R 70.889 16.928 80.384
H 68.155 14.641 79.094
T 65.442 16.244 77.008
I 63.772 15.731 73.566
P 64.657 17.752 70.429
V 61.646 20.111 70.878
P 62.246 23.337 72.865
S 60.75 24.786 76.05
T 59.111 21.583 77.188
P 58.848 20.666 80.883
Y 60.818 17.533 79.808
D 64.109 19.445 80.08
Y 65.75 17.566 82.954
W 69.189 18.442 84.324
G 71.537 16.237 86.32
Q 73.044 17.194 89.698
G 76.203 18.465 87.984
T 79.787 17.211 87.588
Q 83.039 19.125 87.964
V 86.071 18.957 85.654
T 89.404 20.617 86.469
V 92.519 20.581 84.272
S 95.942 21.425 85.693
