tag x y z
Q 74.579 120.622 140.208
V 75.141 121.57 136.566
Q 71.642 121.903 135.146
L 70.614 123.52 131.874
Q 66.892 124.146 131.329
E 65.926 125.192 127.797
S 62.574 126.602 126.73
G 61.021 127.89 123.528
G 60.212 126.587 120.064
G 57.395 124.572 118.564
L 55.446 124.516 115.293
V 56.306 127.531 113.114
Q 55.809 127.949 109.36
P 59.225 128.1 107.603
G 60.295 131.689 107.0
G 59.122 133.232 110.272
S 61.077 133.639 113.499
L 61.544 131.789 116.77
R 63.5 132.028 120.005
L 65.202 129.516 122.289
S 66.58 130.168 125.739
C 68.243 128.198 128.477
A 68.911 129.011 132.105
A 72.197 127.629 133.411
S 72.55 127.01 137.135
G 75.158 125.192 139.183
F 78.282 127.123 138.188
T 79.867 130.49 137.574
F 78.42 131.316 134.165
S 81.063 134.027 133.605
N 83.854 131.493 132.961
Y 82.585 128.891 130.453
K 82.365 129.353 126.721
M 78.964 128.165 125.611
N 77.629 126.22 122.646
W 74.427 125.301 120.836
V 74.066 121.827 119.319
R 71.178 120.184 117.478
Q 70.022 116.625 116.808
A 68.243 116.124 113.532
P 65.972 113.049 113.32
G 67.917 110.52 111.285
K 71.317 112.068 112.052
G 73.626 112.799 114.968
L 74.384 115.825 117.092
E 75.755 118.635 114.937
W 77.208 121.91 116.157
V 75.385 125.201 115.536
S 76.987 128.003 117.511
D 79.668 129.069 120.008
I 80.187 132.141 122.165
S 83.155 133.009 124.376
Q 83.29 133.582 128.135
S 82.607 137.319 127.901
G 80.406 137.241 124.795
A 82.683 138.821 122.169
S 84.184 135.878 120.248
I 81.048 134.403 118.695
S 81.02 131.771 115.955
Y 78.288 130.077 113.941
T 78.051 126.979 111.835
G 77.919 127.58 108.108
S 74.272 126.641 107.601
V 73.032 129.384 109.968
K 75.331 132.291 108.998
G 73.255 135.457 109.183
R 70.073 133.611 110.147
F 70.7 132.842 113.823
T 72.192 134.838 116.684
I 73.116 133.757 120.213
S 73.629 136.052 123.189
R 74.624 135.274 126.769
D 73.873 137.126 129.996
N 75.826 136.175 133.1
A 73.786 138.663 135.141
K 70.724 136.558 134.326
N 72.773 133.301 134.083
T 71.078 132.424 130.812
L 71.574 132.32 127.064
Y 69.228 133.25 124.207
L 69.23 132.032 120.591
Q 67.244 134.107 118.093
M 66.154 132.213 114.969
N 65.56 134.814 112.274
S 64.327 133.517 108.882
L 63.599 129.959 109.971
K 64.16 127.145 107.473
P 62.81 123.607 106.953
E 66.299 122.297 107.815
D 65.868 123.488 111.416
T 63.441 120.752 112.536
A 65.622 119.313 115.284
V 66.087 118.754 119.006
Y 67.973 121.715 120.454
Y 70.672 121.524 123.137
C 72.801 124.159 124.872
A 75.967 122.274 125.741
R 78.571 124.129 127.752
C 82.28 123.567 127.559
P 83.828 121.696 130.463
A 86.559 124.048 131.701
P 87.101 127.65 132.817
F 89.134 130.033 130.654
T 89.686 127.663 127.739
R 89.047 127.967 124.007
D 88.328 124.318 123.124
C 85.179 122.193 123.296
F 84.479 118.455 122.92
D 80.657 118.312 123.103
V 79.275 117.213 119.73
T 79.222 113.644 121.045
S 76.955 110.686 120.243
T 74.284 111.627 122.819
T 76.536 110.898 125.832
Y 77.598 114.17 127.461
A 76.801 115.36 130.95
Y 76.918 119.151 130.616
R 74.146 119.429 128.03
G 70.496 120.424 128.24
Q 67.44 118.235 127.868
G 66.34 119.455 124.446
T 63.537 121.272 122.641
Q 61.911 119.708 119.599
V 61.363 122.254 116.825
T 59.312 120.653 114.046
V 58.918 122.516 110.749
S 55.788 121.587 108.795
S 52.966 123.26 106.875
