tag x y z
Q 151.708 104.198 147.642
V 150.278 107.702 148.039
Q 151.987 109.495 150.911
L 151.969 113.194 151.779
Q 154.483 114.611 154.273
E 153.885 118.062 155.728
S 156.958 119.952 156.909
G 157.458 123.112 158.946
G 155.288 124.873 161.475
G 155.784 125.461 165.184
L 155.156 128.198 167.705
V 155.361 131.679 166.15
Q 154.61 135.298 167.101
P 151.944 137.454 165.374
G 152.843 139.55 162.356
G 155.597 137.071 161.455
S 156.236 134.818 158.48
L 156.592 131.072 157.965
R 157.007 128.646 155.061
L 155.388 125.206 154.902
S 156.282 122.281 152.662
C 154.391 119.273 151.319
A 156.528 116.351 150.119
A 154.305 114.336 147.765
S 155.7 110.815 147.305
G 154.32 107.883 145.349
F 152.235 109.298 142.489
T 152.385 111.287 139.243
F 152.467 114.707 140.925
S 152.006 116.864 137.811
N 148.444 115.693 137.037
Y 146.65 116.293 140.369
K 145.006 119.477 141.584
M 145.951 119.903 145.238
N 144.846 122.086 148.141
W 145.451 123.117 151.76
V 142.851 122.504 154.504
R 143.0 123.523 158.18
Q 141.5 122.323 161.459
A 141.04 124.829 164.261
P 141.253 123.387 167.813
G 137.714 122.454 168.768
K 136.228 123.33 165.362
G 135.497 121.676 162.029
L 137.689 121.316 158.963
E 137.757 124.336 156.662
W 139.356 124.749 153.239
V 142.242 127.233 153.061
S 143.433 127.415 149.457
D 144.056 125.375 146.322
I 146.223 125.061 143.193
S 145.539 123.422 139.819
Q 147.779 121.149 137.728
S 149.851 123.628 135.7
G 149.662 126.408 138.301
A 147.499 128.938 136.409
S 144.244 128.898 138.374
I 144.665 129.722 142.077
S 142.07 130.48 144.737
Y 142.013 131.166 148.468
T 139.509 131.302 151.286
G 138.165 134.862 151.606
S 139.287 135.547 155.159
V 142.985 134.89 154.413
K 142.945 136.172 150.829
G 146.007 138.167 149.825
R 147.914 136.973 152.906
F 148.99 133.505 151.696
T 151.105 132.389 148.736
I 150.585 128.877 147.346
S 153.071 127.528 144.798
R 153.751 124.059 143.393
D 157.157 122.848 142.187
N 156.716 120.013 139.687
A 160.478 119.782 139.065
K 161.332 119.099 142.713
N 157.901 117.554 143.555
T 157.021 119.828 146.469
L 154.132 122.135 147.4
Y 155.068 125.393 149.159
L 152.803 127.595 151.279
Q 154.055 131.018 152.394
M 152.289 132.644 155.357
N 153.149 136.246 156.245
S 151.364 138.871 158.388
L 150.064 136.269 160.813
K 147.015 136.635 163.067
P 146.226 135.098 166.491
E 143.054 133.518 165.031
D 145.058 131.435 162.523
T 146.383 128.799 164.945
A 145.396 125.358 163.633
V 146.519 121.958 162.422
Y 147.317 122.088 158.702
Y 146.604 119.382 156.124
C 148.072 119.045 152.629
A 145.284 117.37 150.678
R 144.981 115.919 147.185
C 141.956 115.561 144.947
P 141.005 111.934 144.22
A 140.85 111.77 140.454
P 143.511 112.874 137.966
F 142.634 115.197 135.062
T 139.568 116.796 136.623
R 138.325 120.051 138.125
D 136.159 118.927 141.064
C 137.368 117.772 144.477
F 135.701 116.121 147.485
D 138.235 116.586 150.274
V 136.718 118.286 153.328
T 135.674 114.93 154.824
S 136.745 114.411 158.436
T 135.803 110.7 158.382
T 139.287 109.305 157.646
Y 139.869 110.746 154.177
A 142.821 108.78 152.813
Y 144.411 111.401 150.559
R 145.718 113.982 153.038
G 148.804 114.007 155.226
Q 149.093 113.872 158.992
G 149.358 117.648 159.271
T 151.434 120.177 161.169
Q 150.766 122.356 164.216
V 150.934 126.139 163.798
T 150.292 128.225 166.92
V 150.417 132.012 167.364
S 151.43 133.101 170.874
S 151.39 136.78 171.822
