tag x y z
V -62.909 -41.681 -3.754
Q -60.454 -41.596 -6.694
L -56.725 -40.857 -7.136
Q -55.244 -40.33 -10.595
E -51.579 -40.178 -11.536
S -49.694 -38.547 -14.407
G -46.078 -37.969 -15.359
G -44.845 -41.548 -15.494
G -42.531 -42.67 -18.246
S -39.046 -43.858 -19.023
V -36.117 -41.574 -18.245
Q -32.42 -42.269 -18.574
A -30.261 -42.37 -15.393
G -29.547 -39.02 -13.705
G -32.423 -37.224 -15.421
S -35.406 -35.574 -13.8
L -39.117 -36.338 -13.776
R -42.321 -35.099 -12.136
L -45.401 -37.147 -11.235
S -48.751 -35.657 -10.402
C -51.69 -37.067 -8.457
V -54.994 -35.217 -8.653
A -57.465 -36.39 -6.002
S -60.979 -36.285 -7.412
G -62.041 -37.723 -4.123
S -65.445 -37.437 -2.553
I -63.898 -36.197 0.674
F -61.454 -33.546 1.775
S -60.998 -35.534 5.003
I -57.64 -36.753 3.769
N -55.119 -35.673 6.364
A -52.039 -36.791 4.466
M -51.181 -37.992 0.981
D -48.189 -40.131 0.257
W -46.131 -41.505 -2.63
Y -45.118 -45.149 -2.662
R -43.191 -47.227 -5.144
Q -42.931 -50.96 -5.789
A -39.746 -52.189 -7.436
P -39.742 -55.577 -9.259
G -40.202 -57.964 -6.373
K -39.424 -55.681 -3.433
Q -41.918 -54.609 -0.799
R -44.011 -51.572 -1.57
E -42.07 -48.792 0.125
L -42.792 -45.183 1.041
V -41.065 -42.505 -1.059
A -42.583 -39.212 0.073
G -45.467 -37.811 2.056
I -47.13 -34.528 2.876
T -49.664 -33.82 5.548
S -52.558 -31.677 6.598
G -50.105 -29.526 8.561
G -47.703 -29.273 5.66
S -44.938 -31.269 7.35
T -42.986 -32.927 4.556
N -41.381 -36.325 5.052
Y -39.443 -38.562 2.673
G -38.261 -42.128 2.243
D -34.831 -43.081 3.494
F -33.32 -43.565 0.028
V -33.854 -40.155 -1.573
K -30.95 -37.845 -0.738
G -32.823 -34.611 -1.18
R -33.43 -35.583 -4.798
F -37.196 -35.83 -4.538
T -39.431 -32.951 -3.514
I -43.154 -33.189 -2.797
S -45.628 -30.345 -2.999
R -49.367 -29.776 -2.793
D -51.545 -26.877 -3.838
N -54.891 -27.388 -2.1
A -56.443 -25.048 -4.698
K -56.153 -27.684 -7.43
N -56.599 -30.818 -5.26
T -53.297 -32.13 -6.528
V -49.915 -33.259 -5.202
Y -46.679 -33.136 -7.179
L -43.515 -35.201 -6.693
Q -40.569 -33.766 -8.595
M -37.692 -36.247 -8.835
D -34.16 -35.174 -9.747
S -30.923 -37.082 -10.298
L -32.792 -40.308 -10.818
K -30.774 -43.504 -10.815
P -31.629 -47.005 -12.101
E -32.443 -48.076 -8.534
D -35.447 -45.699 -8.661
T -37.085 -47.872 -11.35
A -40.424 -49.002 -9.886
V -44.171 -48.553 -10.22
Y -45.056 -45.458 -8.209
Y -48.453 -44.988 -6.558
C -49.996 -42.061 -4.74
A -52.158 -42.753 -1.715
A -54.445 -40.888 0.638
E -54.873 -41.292 4.389
V -58.31 -40.741 5.89
G -57.962 -39.913 9.565
G -54.372 -41.115 9.407
W -52.469 -41.172 12.678
G -48.967 -42.521 13.097
P -47.462 -44.946 10.56
P -48.99 -44.557 7.091
R -51.825 -47.052 6.563
P -53.398 -45.646 3.413
D -57.126 -46.024 2.927
Y -57.231 -45.117 -0.798
W -54.662 -45.986 -3.509
G -54.183 -45.021 -7.145
H -53.755 -47.259 -10.192
G -50.024 -46.477 -10.239
T -47.837 -45.018 -12.938
Q -44.515 -46.6 -13.875
V -41.108 -44.927 -14.038
T -38.143 -46.698 -15.629
V -34.495 -45.58 -15.526
S -31.815 -46.781 -18.001
S -28.074 -46.114 -17.626
G -25.365 -45.933 -20.301
S -26.241 -48.045 -23.331
