tag x y z
Q 107.116 109.545 57.854
V 107.359 105.998 59.215
Q 107.541 103.746 56.152
L 108.84 100.172 55.955
Q 109.84 99.259 52.407
E 110.233 95.493 52.031
S 112.003 93.486 49.339
G 112.722 89.869 48.453
G 109.917 87.357 48.131
G 108.699 85.661 44.993
L 108.301 82.054 43.949
V 110.699 79.601 45.618
Q 110.628 75.8 45.311
P 109.891 73.978 48.602
G 112.899 73.097 50.71
G 114.853 76.004 49.216
S 115.818 79.364 50.691
L 114.944 83.054 50.495
R 116.042 86.369 51.999
L 113.878 89.354 52.939
S 115.177 92.904 53.41
C 113.055 95.327 55.448
A 114.398 98.744 54.44
A 113.287 101.072 57.24
S 113.498 104.828 56.695
G 111.954 107.619 58.732
F 113.076 106.958 62.297
T 116.089 106.176 64.461
F 116.22 102.448 63.706
S 118.488 101.603 66.673
N 115.851 102.506 69.295
Y 112.954 100.107 68.6
K 112.291 96.383 68.609
M 111.572 95.0 65.138
N 109.191 92.109 64.42
W 108.176 90.032 61.389
V 104.444 89.316 61.102
R 103.121 86.986 58.418
Q 99.591 86.552 57.073
A 98.608 83.185 55.628
P 95.934 83.395 52.889
G 92.454 83.222 54.376
K 93.881 83.312 57.918
G 94.644 85.989 60.476
L 97.976 87.668 61.101
E 100.493 85.552 63.023
W 103.627 86.775 64.774
V 106.775 85.085 63.465
S 109.861 86.609 65.075
D 111.26 89.623 66.906
I 114.616 91.264 67.595
S 115.882 93.764 70.173
Q 117.653 97.092 69.581
S 121.178 95.724 69.156
G 119.895 92.14 69.341
A 119.953 90.269 72.64
S 116.574 88.471 72.969
I 115.682 86.916 69.615
S 112.592 84.707 69.703
Y 110.521 82.819 67.152
T 107.163 81.156 66.938
G 107.59 77.416 67.343
S 106.546 76.398 63.832
V 109.551 78.14 62.225
K 112.141 77.881 65.012
G 115.493 76.558 63.843
R 114.722 77.348 60.19
F 114.488 81.166 60.123
T 117.174 83.6 61.293
I 116.393 87.289 61.842
S 119.276 89.775 61.722
R 119.422 93.564 61.807
D 121.982 96.227 60.905
N 121.591 99.441 62.901
A 124.035 101.363 60.683
K 122.149 100.682 57.432
N 118.642 100.751 59.03
T 117.789 97.405 57.45
L 116.212 94.234 58.851
Y 116.889 90.781 57.388
L 115.018 87.513 57.887
Q 116.781 84.557 56.256
M 114.444 81.755 55.183
N 115.915 78.246 55.014
S 114.378 74.794 54.347
L 110.982 76.094 53.302
K 107.669 74.309 53.839
P 104.39 74.817 51.925
E 102.768 76.16 55.118
D 105.152 79.151 54.982
T 103.288 80.481 51.918
A 102.197 83.877 53.239
V 102.634 87.623 52.866
Y 105.287 88.852 55.297
Y 105.02 92.247 56.999
C 107.878 94.107 58.638
A 106.453 95.556 61.851
R 108.201 98.053 64.171
C 106.95 98.185 67.779
P 104.685 101.02 69.014
A 107.196 102.952 71.185
P 110.99 103.372 71.766
F 113.329 101.878 74.456
T 110.574 99.466 75.432
R 110.111 95.684 75.82
D 106.349 95.419 75.02
C 104.805 95.519 71.493
F 101.171 95.298 70.258
D 101.536 94.692 66.458
V 99.614 91.497 65.678
T 96.383 93.477 65.129
S 94.175 92.737 62.123
T 93.422 96.448 61.676
T 95.637 98.919 59.84
Y 98.598 99.069 62.206
A 100.362 102.332 61.499
Y 103.983 101.169 61.645
R 103.731 98.039 59.5
G 105.062 97.713 55.969
Q 103.173 97.078 52.758
G 104.112 93.389 52.691
T 105.909 91.129 50.223
Q 104.587 87.755 49.08
V 106.436 84.436 49.243
T 105.127 81.306 47.538
V 105.998 77.638 47.162
S 105.865 75.544 43.999
S 105.318 71.907 43.042
