tag x y z
Q 77.344 122.834 140.071
V 78.274 124.485 136.77
Q 74.894 125.168 135.161
L 74.144 127.148 131.987
Q 70.407 127.792 131.625
E 69.41 129.705 128.496
S 66.283 131.292 127.085
G 65.108 133.096 123.974
G 64.737 131.654 120.523
G 61.524 130.874 118.714
L 59.595 130.989 115.473
V 60.595 133.955 113.317
Q 60.305 134.92 109.667
P 63.609 135.728 107.915
G 64.601 139.35 108.395
G 63.34 139.508 111.97
S 65.414 139.688 115.131
L 65.722 137.558 118.263
R 67.792 137.701 121.438
L 69.362 134.808 123.325
S 70.67 134.896 126.882
C 72.104 132.305 129.264
A 72.231 133.28 132.933
A 75.212 131.32 134.197
S 75.297 129.999 137.747
G 77.841 128.041 139.765
F 81.157 129.72 138.913
T 82.891 133.085 138.779
F 81.465 134.383 135.501
S 84.033 137.174 135.126
N 86.972 134.769 134.691
Y 85.909 132.643 131.72
K 85.778 133.126 127.96
M 82.131 132.557 127.107
N 81.09 131.563 123.589
W 78.152 130.408 121.462
V 77.92 127.11 119.551
R 75.472 126.178 116.762
Q 74.135 122.798 115.609
A 72.075 122.759 112.43
P 69.937 119.642 111.82
G 72.031 116.993 110.107
K 75.293 118.87 110.693
G 77.983 118.949 113.342
L 78.464 121.406 116.155
E 79.642 124.771 114.858
W 81.31 127.736 116.546
V 79.634 131.149 116.341
S 81.122 133.908 118.49
D 83.57 134.501 121.336
I 83.818 137.151 124.028
S 86.891 137.812 126.151
Q 87.237 137.872 129.946
S 86.04 141.492 130.092
G 84.583 142.428 126.709
A 87.659 143.578 124.818
S 88.322 140.788 122.309
I 85.345 139.694 120.192
S 85.423 137.055 117.452
Y 82.88 135.736 114.962
T 82.285 133.109 112.36
G 82.561 134.784 108.969
S 79.084 133.681 107.89
V 77.539 135.588 110.834
K 79.84 138.632 110.772
G 77.955 141.922 110.945
R 74.572 140.301 111.569
F 75.144 138.933 115.083
T 76.438 140.914 118.061
I 77.508 139.228 121.31
S 77.262 140.981 124.681
R 78.363 140.189 128.234
D 76.955 141.693 131.437
N 79.23 140.782 134.345
A 77.014 142.111 137.144
K 73.956 140.057 136.166
N 76.052 136.98 135.187
T 74.5 136.479 131.769
L 75.627 136.273 128.148
Y 73.629 137.938 125.375
L 73.552 137.257 121.627
Q 71.685 139.929 119.657
M 70.778 138.494 116.25
N 69.795 140.89 113.464
S 68.538 139.924 109.976
L 68.285 136.146 110.241
K 68.768 133.742 107.309
P 66.633 130.664 106.493
E 69.697 128.422 106.964
D 70.332 129.811 110.462
T 67.665 127.528 111.938
A 69.491 125.355 114.466
V 69.944 124.608 118.17
Y 72.144 127.173 119.909
Y 74.298 126.426 122.942
C 76.393 128.738 125.083
A 79.631 127.174 126.265
R 82.647 128.297 128.215
C 86.295 127.656 127.901
P 87.32 125.146 130.542
A 89.974 127.119 132.42
P 90.103 130.574 134.001
F 92.425 133.275 132.665
T 93.318 131.458 129.43
R 93.013 132.34 125.758
D 92.639 128.837 124.279
C 89.404 126.863 124.056
F 88.54 123.225 123.27
D 84.728 123.169 123.242
V 83.057 122.817 119.828
T 83.016 119.041 120.072
S 80.685 116.042 119.998
T 77.624 115.276 122.14
T 79.941 114.957 125.154
Y 81.095 118.275 126.614
A 80.729 119.324 130.216
Y 80.307 123.087 130.319
R 77.559 123.588 127.764
G 73.935 124.671 127.965
Q 71.042 122.397 127.144
G 69.892 124.178 123.984
T 67.378 126.661 122.595
Q 65.694 125.97 119.276
V 65.854 128.828 116.78
T 63.598 128.329 113.761
V 63.651 130.639 110.737
S 61.085 129.83 108.047
S 58.001 131.062 106.185
