tag x y z
Q 114.988 121.27 169.727
V 117.324 123.918 168.155
Q 118.531 126.297 170.915
L 120.998 129.242 170.731
Q 121.709 131.114 173.998
E 123.872 134.298 173.941
S 125.923 135.549 176.907
G 128.659 137.995 177.85
G 126.828 141.213 177.009
G 126.783 144.136 179.446
L 127.601 147.86 179.932
V 131.123 148.974 178.823
Q 132.885 152.418 178.648
P 133.715 153.865 175.174
G 136.986 152.212 174.061
G 136.195 149.188 176.276
S 136.22 145.494 175.264
L 133.59 142.704 175.528
R 133.502 138.996 174.569
L 130.101 137.576 173.6
S 129.551 133.789 173.702
C 126.725 131.786 172.036
A 126.101 128.2 173.315
A 124.406 125.946 170.7
S 122.374 122.692 171.114
G 119.902 120.512 169.117
F 121.888 120.396 165.826
T 125.351 119.37 164.559
F 127.187 122.712 165.091
S 130.062 121.805 162.682
N 127.656 121.447 159.68
Y 126.357 125.057 159.893
K 127.841 128.486 159.012
M 127.29 130.828 162.024
N 126.548 134.567 162.131
W 126.425 137.464 164.583
V 123.575 139.962 163.919
R 122.573 143.039 165.97
Q 119.535 145.28 166.495
A 120.405 148.854 167.568
P 117.533 150.64 169.411
G 115.028 152.15 166.929
K 116.674 150.23 164.042
G 116.259 146.92 162.163
L 118.503 143.83 162.59
E 121.896 144.278 160.87
W 124.481 141.593 159.9
V 127.821 142.002 161.8
S 129.959 138.895 161.049
D 129.907 135.319 159.707
I 132.18 132.245 160.091
S 132.343 129.167 157.777
Q 131.815 125.61 159.146
S 135.632 124.999 159.397
G 136.247 128.571 160.658
A 138.564 129.13 157.656
S 136.26 131.608 155.836
I 135.393 134.668 157.98
S 133.576 137.897 156.996
Y 132.802 141.138 158.904
T 130.718 144.287 158.243
G 132.833 147.386 157.275
S 131.936 149.377 160.436
V 133.347 146.655 162.79
K 136.403 145.526 160.711
G 139.689 145.568 162.712
R 137.769 145.964 166.022
F 135.669 142.707 166.126
T 136.84 139.035 165.943
I 134.538 136.013 165.223
S 135.629 132.531 166.418
R 133.894 129.113 166.738
D 134.821 125.924 168.657
N 133.255 122.825 167.0
A 133.832 120.543 170.063
K 132.303 123.103 172.534
N 129.419 123.94 170.123
T 130.215 127.609 170.984
L 130.382 130.787 168.813
Y 132.421 133.805 170.064
L 132.502 137.543 169.205
Q 135.423 139.558 170.677
M 134.566 143.276 170.521
N 137.453 145.759 171.036
S 137.589 149.591 170.721
L 133.814 149.652 171.438
K 131.901 152.802 170.335
P 128.434 154.217 171.311
E 127.227 153.293 167.757
D 127.956 149.652 168.841
T 125.128 149.833 171.468
A 122.699 147.075 170.352
V 121.139 143.68 171.176
Y 123.493 141.028 169.68
Y 121.961 137.757 168.381
C 124.09 134.781 167.228
A 122.205 133.285 164.236
R 122.68 129.866 162.551
C 122.324 129.558 158.734
P 119.068 127.691 157.83
A 120.414 124.537 156.099
P 123.701 122.601 156.634
F 126.525 122.125 154.007
T 125.162 125.115 151.961
R 127.387 127.993 150.676
D 124.46 130.493 150.803
C 122.869 131.843 154.007
F 119.41 133.475 153.78
D 116.994 135.131 156.297
V 119.441 135.389 159.291
T 118.582 139.147 159.655
S 114.856 138.605 158.98
T 112.312 139.559 161.681
T 111.03 136.341 163.354
Y 113.864 134.045 162.109
A 113.394 130.662 163.882
Y 117.117 129.678 164.103
R 118.238 132.752 166.114
G 118.902 133.196 169.873
Q 117.085 135.635 172.236
G 120.064 138.075 172.096
T 122.373 139.851 174.598
Q 122.132 143.678 174.956
V 125.516 145.532 174.763
T 125.698 149.198 175.961
V 128.611 151.652 175.368
