tag x y z
Q 33.95 36.374 49.152
L 33.251 35.953 52.866
Q 35.355 33.081 54.209
L 35.096 30.623 57.112
V 38.442 29.508 58.569
E 38.051 26.301 60.584
T 40.781 24.552 62.561
G 41.3 22.121 65.422
G 40.377 18.815 63.794
G 42.614 15.789 63.991
L 42.998 12.109 64.801
V 42.314 11.032 68.391
Q 41.76 7.75 70.195
A 38.481 6.406 71.566
G 37.806 8.537 74.644
G 40.038 11.504 73.823
S 39.095 15.143 73.423
L 39.296 17.785 70.714
R 38.583 21.504 70.353
L 37.279 22.792 67.014
S 37.642 26.56 66.589
C 35.731 28.322 63.808
V 36.548 31.936 62.927
A 34.27 33.514 60.315
S 36.707 35.354 58.044
G 33.856 37.807 57.489
W 28.407 22.923 63.288
F 27.405 20.149 60.877
R 29.093 16.821 60.173
Q 29.43 14.51 57.173
A 30.612 10.918 57.538
P 32.277 8.986 54.709
G 29.348 8.129 52.428
K 26.386 9.438 54.445
E 24.64 12.828 54.247
R 25.461 16.043 56.092
E 23.791 15.915 59.512
F 23.577 18.635 62.139
V 25.799 18.29 65.2
A 25.328 21.603 67.021
D 20.51 22.71 69.823
Y 22.377 19.394 70.001
A 22.062 16.188 68.009
D 20.799 13.167 69.926
S 24.107 11.392 69.21
V 26.286 14.089 70.825
K 24.093 15.48 73.61
G 26.082 15.425 76.849
R 29.5 14.881 75.231
F 29.905 17.882 72.898
T 29.711 21.472 74.151
I 29.116 24.547 71.986
S 30.084 28.118 72.835
R 30.095 31.498 71.111
N 31.593 34.883 71.951
N 28.775 37.323 72.701
D 28.366 39.716 69.782
K 31.023 38.086 67.581
N 31.069 35.62 64.689
T 33.062 32.803 66.267
V 32.036 29.275 67.242
Y 33.894 26.792 69.444
L 33.016 23.104 69.841
Q 34.646 21.076 72.627
M 34.311 17.319 72.04
N 34.895 15.148 75.112
N 34.581 11.347 75.206
L 35.03 10.845 71.468
I 33.998 7.524 69.919
P 34.432 5.829 66.51
E 30.944 7.031 65.489
D 32.158 10.662 65.379
T 34.898 10.19 62.742
A 33.805 12.521 59.93
V 34.424 15.883 58.255
Y 32.962 18.811 60.209
Y 31.745 21.911 58.373
C 30.845 25.322 59.771
A 27.729 27.286 58.848
A 26.134 30.599 59.822
G 33.217 26.133 55.853
Q 35.681 24.125 53.789
G 35.749 21.226 56.247
T 38.004 19.874 58.993
Q 38.584 16.15 59.489
V 38.034 14.646 62.948
T 38.843 10.934 63.168
V 38.661 8.68 66.224
S 40.376 5.292 66.181
S 38.739 2.339 67.922
