tag x y z
Q -16.633 30.195 55.832
V -15.639 30.81 52.263
Q -16.692 30.618 48.542
L -16.21 33.022 45.454
V -17.537 36.338 44.031
E -17.479 36.703 40.245
S -17.993 39.603 37.887
G -17.529 40.54 34.264
G -20.452 38.644 32.752
G -22.747 40.148 30.162
S -24.217 39.952 26.667
V -22.025 40.253 23.564
Q -22.254 39.573 19.84
A -20.845 36.465 18.18
G -17.09 36.915 17.879
G -16.78 39.407 20.741
S -14.705 39.22 23.913
L -15.506 39.138 27.623
R -13.419 39.02 30.8
L -14.676 36.918 33.699
S -13.027 37.874 36.976
C -13.412 35.731 40.062
A -11.95 36.151 43.51
V -12.638 34.854 46.934
S -14.384 37.754 48.619
G -14.592 39.493 51.986
W -14.295 27.639 35.846
F -17.457 25.722 34.978
R -20.429 26.573 32.78
Q -24.074 25.509 32.534
A -26.242 26.031 29.47
P -30.021 26.305 29.976
G -31.334 22.828 30.662
Q -28.075 20.929 30.158
E -25.657 19.668 32.825
R -22.689 21.59 34.207
E -19.332 21.009 32.515
F -15.786 22.113 33.257
V -14.311 24.978 31.23
A -10.814 25.695 32.564
G -6.66 22.46 31.848
Y -9.236 23.47 29.24
A -12.334 21.926 27.707
D -12.134 20.856 24.074
S -14.746 23.416 22.986
V -12.832 26.438 24.357
K -9.181 25.533 23.71
G -7.486 28.3 21.735
R -10.242 30.859 22.402
F -10.382 31.071 26.222
T -7.411 31.846 28.469
I -7.303 31.095 32.202
S -4.947 32.964 34.519
R -4.305 33.241 38.242
D -2.452 35.766 40.356
N -7.242 33.011 45.388
T -8.034 34.765 42.127
V -8.891 33.404 38.675
Y -9.502 35.27 35.407
L -11.034 33.848 32.218
Q -10.509 35.898 29.064
M -13.122 34.714 26.544
N -12.136 35.71 23.006
N -14.01 34.755 19.82
L -17.222 33.982 21.701
K -19.864 31.914 19.905
P -23.52 31.081 20.609
E -22.506 27.662 21.967
D -20.73 29.433 24.857
T -23.974 31.099 26.021
A -24.33 29.813 29.574
L -24.108 30.686 33.25
Y -20.453 30.543 34.295
Y -19.451 29.623 37.845
C -16.152 29.954 39.689
A -14.883 27.184 41.943
T -11.916 26.629 44.238
G -19.687 31.121 42.902
Q -23.298 32.226 42.537
G -23.102 32.376 38.735
T -22.632 35.067 36.085
Q -24.606 35.048 32.842
V -22.595 35.132 29.604
T -24.838 35.416 26.538
V -23.48 35.486 22.976
S -25.97 36.471 20.273
S -25.704 34.986 16.782
