tag x y z
Q -26.554 -6.166 30.162
L -23.606 -7.067 32.379
V -23.92 -10.436 34.105
E -21.911 -11.598 37.117
S -21.406 -15.212 38.029
G -19.492 -17.039 40.709
G -19.332 -16.033 44.332
G -20.638 -17.636 47.478
S -19.304 -18.872 50.814
V -15.754 -19.991 51.577
Q -13.312 -20.364 54.454
A -10.323 -18.127 55.113
G -7.483 -19.086 52.796
G -9.894 -20.381 50.162
S -10.421 -19.216 46.605
L -13.332 -18.1 44.401
T -13.579 -16.877 40.808
L -16.05 -14.208 39.702
S -16.886 -13.708 36.049
C -18.372 -10.792 34.135
T -19.982 -11.32 30.734
A -20.925 -8.323 28.594
S -23.071 -8.207 25.473
E -21.777 -6.923 22.171
S -23.625 -3.632 22.556
I -22.203 -2.785 25.985
S -18.606 -3.79 25.193
K -18.363 -1.08 22.526
R -19.549 1.573 25.017
I -16.843 0.983 27.662
H -13.079 1.323 28.138
G -12.756 -1.79 30.29
I -14.321 -3.989 32.938
G -13.762 -3.675 36.674
W -14.96 -4.938 40.032
F -16.223 -2.847 42.95
R -16.404 -4.129 46.516
Q -19.172 -3.013 48.89
R -18.894 -4.129 52.505
R -21.914 -3.854 54.793
G -22.486 -0.213 55.73
E -19.629 1.037 53.545
Q -19.723 2.527 50.052
R -18.627 0.794 46.863
E -14.89 0.795 46.153
E -13.169 -0.165 42.918
I -10.729 -3.022 43.525
A -9.971 -4.36 40.06
Y -9.941 -3.199 36.461
I -8.79 -4.41 33.057
T -8.801 -2.378 29.851
T -10.302 -3.695 26.627
G -8.06 -6.569 25.516
G -5.354 -5.162 27.742
R -3.752 -4.086 30.953
P -4.752 -5.271 34.437
N -4.833 -3.087 37.528
L -5.499 -4.226 41.093
G -6.229 -2.159 44.176
D -3.673 -2.181 46.966
S -5.848 -4.288 49.27
V -6.097 -7.156 46.75
K -3.179 -6.8 44.371
D -1.045 -9.604 45.819
R -4.011 -11.975 46.232
F -6.411 -11.428 43.315
T -5.874 -11.711 39.556
I -7.977 -10.107 36.835
S -7.812 -11.512 33.314
R -9.818 -11.608 30.1
D -10.772 -14.523 27.879
K -10.75 -13.009 24.383
S -12.567 -16.042 22.941
N -15.775 -14.758 24.548
G -14.497 -11.482 26.019
T -15.398 -12.654 29.511
V -13.504 -11.036 32.39
Y -12.475 -13.068 35.446
L -11.529 -11.955 38.957
Q -9.781 -14.875 40.652
M -9.744 -14.265 44.412
N -7.14 -16.363 46.187
S -5.898 -15.939 49.775
L -9.395 -14.902 50.829
K -9.834 -13.199 54.205
P -12.862 -12.421 56.409
E -12.499 -8.737 55.492
D -13.208 -9.745 51.875
T -16.837 -10.457 52.827
A -18.889 -8.072 50.695
V -21.134 -7.628 47.688
Y -19.048 -7.539 44.503
Y -20.289 -5.643 41.444
C -18.841 -6.001 38.009
H -18.643 -2.641 36.317
G -18.234 -1.173 32.856
R -16.269 2.084 32.679
G -18.345 4.055 30.223
R -17.138 5.832 27.11
W -20.157 8.165 27.087
W -20.717 11.156 29.374
G -23.897 12.942 30.409
T -24.906 15.845 32.645
E -24.593 13.564 35.679
G -21.133 12.425 34.576
R -19.689 9.297 33.02
L -22.341 6.752 31.989
D -21.194 3.467 33.528
Y -22.741 -0.011 33.514
W -23.299 -2.118 36.625
G -23.877 -5.768 37.321
Q -26.486 -6.873 39.823
G -23.906 -7.732 42.49
T -22.968 -11.08 44.033
Q -22.329 -12.003 47.659
V -18.918 -13.268 48.766
T -18.668 -14.509 52.36
V -15.406 -15.632 53.966
S -15.459 -17.277 57.394
S -12.216 -17.273 59.374
