tag x y z
V 13.863 -7.346 106.309
Q 15.958 -10.019 108.038
L 16.167 -10.994 111.706
V 19.204 -12.995 112.784
E 18.604 -14.154 116.361
T 21.664 -15.462 118.141
G 22.645 -16.243 121.662
G 20.91 -18.709 123.886
G 21.01 -22.466 123.979
L 20.956 -24.771 126.968
V 21.4 -23.58 130.467
Q 20.788 -24.897 133.979
A 17.885 -23.527 135.985
G 18.479 -20.266 137.821
G 21.181 -19.41 135.275
S 21.578 -16.549 132.845
L 21.475 -16.004 129.097
R 21.523 -13.013 126.749
L 19.702 -13.15 123.429
S 20.526 -10.759 120.609
C 19.107 -10.043 117.162
A 21.052 -8.388 114.362
T 18.621 -6.821 111.895
S 18.923 -5.675 108.279
G 16.863 -4.405 105.375
F 14.357 -2.12 107.133
N 14.684 1.099 109.05
F 15.218 -0.049 112.545
R 14.908 3.252 114.329
L 11.256 3.799 113.662
R 9.921 0.507 114.815
T 8.808 -0.654 118.186
M 10.357 -4.097 118.509
G 9.447 -7.11 120.606
W 10.826 -10.412 121.839
Y 8.473 -13.395 121.567
R 8.599 -16.995 122.747
Q 6.876 -20.13 121.488
A 6.729 -23.011 123.939
P 6.301 -26.484 122.401
G 2.572 -26.959 121.875
K 1.64 -23.486 123.131
E 1.173 -20.515 120.823
R 3.672 -17.711 120.235
E 3.375 -14.982 122.865
L 4.809 -11.53 123.525
V 7.391 -11.408 126.321
A 8.849 -7.902 126.106
S 8.687 -4.838 123.883
I 10.653 -1.638 123.47
T 9.849 1.615 121.694
S 12.212 3.519 119.407
G 13.433 5.651 122.319
G 14.126 2.709 124.672
S 10.924 2.619 126.704
T 10.173 -0.938 127.72
D 7.213 -3.069 128.737
Y 7.12 -6.652 130.007
A 4.768 -9.575 130.34
D 4.09 -10.467 133.987
S 5.593 -13.88 133.174
V 9.093 -12.359 133.003
K 8.899 -9.061 134.912
G 11.946 -8.338 137.047
R 13.844 -11.203 135.397
F 14.063 -10.152 131.725
T 15.465 -6.894 130.337
I 14.95 -5.832 126.725
S 17.266 -3.247 125.195
R 18.142 -1.982 121.739
D 21.125 -0.427 119.938
N 19.898 1.797 117.093
A 23.455 2.362 115.859
K 24.144 -1.376 115.438
N 20.496 -2.25 114.608
T 20.478 -4.921 117.332
I 17.866 -5.867 119.916
S 18.878 -7.731 123.07
L 17.092 -9.652 125.806
E 18.957 -10.366 129.008
M 17.403 -13.341 130.731
N 18.372 -13.944 134.365
S 17.202 -16.446 136.994
L 15.795 -18.581 134.188
K 13.231 -21.327 134.753
P 12.264 -24.438 132.758
D 8.877 -22.734 132.196
D 10.857 -20.277 130.03
T 12.067 -23.059 127.689
A 10.956 -22.145 124.15
V 12.221 -20.84 120.833
Y 12.681 -17.063 121.045
Y 11.979 -14.737 118.112
C 12.601 -11.015 117.661
N 10.19 -9.075 115.45
I 8.232 -5.862 115.105
W 5.864 -5.255 117.916
A 2.284 -5.489 116.969
P -0.841 -5.575 119.104
T -1.926 -9.038 118.035
T 0.93 -11.519 117.649
A -0.73 -13.64 114.92
A -0.638 -10.819 112.387
I 3.109 -10.512 112.052
T 3.685 -12.965 109.158
N 7.341 -11.942 108.639
W 9.778 -13.666 110.998
G 13.295 -14.981 111.516
Q 14.571 -18.409 112.454
G 14.847 -17.846 116.21
T 17.148 -19.222 118.895
Q 16.16 -22.211 120.988
V 16.445 -21.633 124.742
T 16.208 -24.68 127.008
V 16.552 -24.637 130.755
S 17.293 -27.931 132.482
S 16.621 -29.144 136.044
