tag x y z
Q 77.879 -5.105 -37.135
V 76.737 -8.584 -36.131
Q 73.257 -10.056 -36.425
L 70.985 -12.575 -34.702
V 68.795 -14.375 -37.236
E 66.152 -16.857 -36.115
T 63.601 -19.068 -37.855
G 61.239 -21.991 -37.351
G 58.118 -20.26 -36.069
G 54.595 -20.763 -37.277
L 51.03 -21.663 -36.419
V 50.255 -25.119 -35.036
Q 47.468 -27.02 -33.218
P 47.468 -27.85 -29.489
G 49.711 -30.81 -28.783
G 51.76 -30.13 -31.916
S 55.486 -29.551 -32.27
L 57.709 -26.707 -33.444
R 61.463 -26.234 -33.888
L 63.114 -22.838 -33.361
S 66.609 -22.093 -34.675
C 68.952 -19.166 -34.102
A 72.445 -17.953 -35.141
A 75.024 -15.285 -33.896
S 78.599 -13.677 -34.004
G 81.542 -13.973 -31.612
F 80.217 -16.727 -29.32
T 83.597 -16.567 -27.545
L 84.068 -19.137 -24.641
D 81.673 -19.108 -21.623
D 80.005 -16.767 -19.095
Y 76.886 -16.812 -21.278
A 73.418 -15.438 -20.759
I 72.461 -16.747 -24.187
G 68.928 -18.114 -24.566
W 65.29 -18.008 -25.663
F 62.931 -15.449 -24.166
R 59.283 -14.912 -25.061
Q 56.772 -12.07 -24.944
A 53.032 -12.665 -24.875
P 50.83 -9.947 -26.431
G 50.549 -7.253 -23.776
K 52.597 -9.125 -21.171
E 56.25 -8.624 -20.258
R 59.139 -10.614 -21.704
E 59.951 -13.758 -19.714
G 62.866 -16.155 -20.055
V 62.066 -19.49 -21.663
S 65.39 -21.292 -21.676
C 69.061 -20.504 -21.367
I 72.412 -22.271 -21.687
S 74.328 -21.258 -18.572
R 77.434 -23.44 -18.861
S 78.733 -24.989 -22.102
G 76.678 -28.182 -21.806
G 77.178 -28.285 -18.038
S 73.569 -27.336 -17.355
T 70.382 -25.634 -18.54
T 68.05 -23.057 -17.004
Y 64.4 -23.549 -17.964
T 61.304 -21.695 -16.869
D 58.757 -23.606 -14.811
S 56.007 -23.495 -17.467
V 58.018 -25.405 -20.108
K 60.012 -27.895 -18.011
G 59.467 -31.405 -19.34
R 58.104 -30.123 -22.668
F 60.664 -27.762 -24.21
T 64.227 -28.842 -24.953
I 67.107 -26.433 -25.557
S 70.339 -27.478 -27.252
R 73.451 -25.634 -28.42
D 76.034 -26.553 -30.967
N 79.408 -26.869 -29.224
A 81.356 -23.629 -28.788
E 79.106 -21.988 -31.354
N 76.64 -19.161 -31.671
T 73.588 -21.279 -32.516
V 70.641 -22.53 -30.474
Y 67.711 -24.874 -31.06
L 64.478 -24.867 -29.06
Q 62.388 -28.005 -29.582
M 58.831 -27.218 -28.45
N 56.935 -30.44 -27.696
S 53.359 -30.604 -26.383
L 52.526 -27.036 -27.34
K 49.543 -25.472 -25.567
P 47.663 -22.157 -25.884
E 49.843 -20.791 -23.05
D 52.923 -20.77 -25.32
T 51.431 -18.256 -27.784
A 53.989 -15.444 -27.921
V 56.756 -13.821 -29.941
Y 59.988 -15.664 -29.15
Y 63.344 -13.857 -29.083
C 66.921 -15.116 -29.278
A 69.208 -13.461 -26.734
A 72.925 -13.836 -26.272
A 76.301 -12.151 -25.661
R 78.978 -11.236 -28.269
T 82.152 -12.046 -26.256
R 82.714 -13.722 -22.892
G 84.66 -11.799 -20.257
T 83.585 -10.714 -16.785
C 84.402 -7.118 -17.732
W 81.936 -4.594 -16.315
L 78.125 -4.519 -16.407
N 77.767 -2.214 -19.415
R 76.907 -2.392 -23.129
I 75.083 -5.745 -23.191
G 75.944 -7.256 -26.575
M 74.315 -5.165 -29.279
D 70.975 -3.379 -29.084
Y 69.484 -5.555 -31.82
W 68.672 -8.898 -30.234
G 66.649 -11.432 -32.185
K 64.129 -9.802 -34.481
G 61.487 -12.2 -33.153
T 59.622 -15.165 -34.543
Q 55.903 -15.638 -33.99
V 54.871 -18.897 -32.316
T 51.124 -19.328 -31.866
V 49.273 -22.482 -30.848
S 45.508 -22.563 -31.262
S 43.012 -24.084 -28.829
