tag x y z
Q 112.215 58.321 95.802
V 114.432 59.447 98.687
Q 116.629 56.596 99.911
L 119.537 56.654 102.364
Q 121.448 53.408 102.921
E 124.119 53.305 105.624
S 126.995 50.831 105.655
G 130.253 50.135 107.458
G 129.142 49.418 111.03
G 130.458 46.36 112.816
L 132.071 45.099 115.989
V 135.18 47.072 116.948
Q 137.527 47.072 119.925
P 137.655 50.132 122.208
G 140.133 52.616 120.807
G 139.558 51.137 117.349
S 138.468 52.744 114.107
L 135.511 52.448 111.746
R 134.39 54.244 108.583
L 130.689 54.715 107.868
S 129.213 55.429 104.442
C 125.741 56.678 103.502
A 124.704 55.966 99.903
A 122.153 58.595 98.882
S 119.766 58.423 95.934
G 116.555 60.027 94.751
F 117.482 63.662 95.397
T 120.019 66.276 94.324
F 122.65 65.432 96.939
S 124.683 68.656 96.688
N 121.604 70.804 97.429
Y 121.125 69.432 100.956
K 122.755 69.687 104.336
M 123.527 66.196 105.646
N 123.617 64.904 109.227
W 124.758 61.884 111.195
V 122.415 60.946 114.059
R 122.813 58.071 116.516
Q 120.622 56.144 118.956
A 122.236 54.52 121.982
P 120.363 51.552 123.52
G 117.684 52.821 125.881
K 118.267 56.425 124.775
G 116.66 58.736 122.248
L 118.068 60.05 118.999
E 121.118 62.292 119.352
W 122.664 64.554 116.721
V 126.301 63.648 116.056
S 127.509 65.846 113.2
D 126.46 67.827 110.16
I 128.06 69.166 106.99
S 127.003 71.96 104.643
Q 126.164 71.587 100.95
S 129.634 72.392 99.606
G 131.329 70.709 102.573
A 132.719 73.881 104.158
S 130.645 74.394 107.312
I 131.17 71.385 109.591
S 130.057 70.933 113.199
Y 130.172 68.086 115.708
T 128.625 67.22 119.012
G 131.067 67.699 121.858
S 131.621 64.053 122.791
V 132.986 63.232 119.296
K 135.122 66.325 118.564
G 138.667 65.433 117.557
R 137.611 61.794 117.064
F 134.93 61.727 114.346
T 135.403 63.162 110.854
I 132.5 63.892 108.496
S 132.882 64.406 104.75
R 130.826 64.218 101.573
D 131.527 63.339 97.951
N 128.932 65.261 95.951
A 129.851 63.498 92.698
K 129.355 60.018 94.181
N 126.286 61.09 96.263
T 127.784 59.695 99.457
L 128.308 60.843 103.045
Y 131.147 59.64 105.268
L 131.786 59.342 108.996
Q 135.381 58.462 109.89
M 135.193 57.294 113.51
N 138.545 57.151 115.315
S 139.312 56.291 118.967
L 135.982 54.61 119.607
K 134.663 54.4 123.174
P 131.97 52.024 124.513
E 129.642 55.042 124.828
D 129.747 55.254 121.004
T 127.786 51.974 120.775
A 124.678 53.056 118.865
V 122.704 52.643 115.678
Y 124.08 55.404 113.453
Y 121.659 57.069 111.033
C 122.446 59.21 108.013
A 119.877 62.011 108.013
R 119.133 64.537 105.285
C 117.977 68.055 106.055
P 114.286 68.31 105.054
A 114.516 71.209 102.575
P 117.18 72.173 100.02
F 119.265 75.377 100.138
T 118.298 76.085 103.77
R 120.454 76.978 106.749
D 117.98 75.742 109.365
C 117.798 71.989 109.732
F 114.661 70.911 111.587
D 113.473 67.543 112.862
V 116.428 65.322 111.88
T 116.446 63.717 115.35
S 112.666 63.204 115.461
T 111.316 59.712 116.127
T 109.578 59.211 112.758
Y 111.65 61.466 110.504
A 111.223 60.492 106.857
Y 114.525 61.684 105.314
R 116.69 59.358 107.378
G 118.121 55.942 106.609
Q 117.402 52.721 108.445
G 120.735 52.844 110.234
T 123.83 50.718 110.77
Q 124.754 49.145 114.102
V 128.09 50.238 115.576
T 129.11 48.139 118.587
V 132.186 48.966 120.654
