tag x y z
Q 77.946 114.996 151.227
V 79.94 111.761 151.087
Q 78.661 109.383 153.768
L 79.605 105.765 154.47
Q 77.679 103.921 157.186
E 78.572 100.32 158.009
S 75.858 97.878 159.068
G 76.079 94.505 160.742
G 78.581 93.236 163.244
G 78.121 92.283 166.856
L 79.174 89.237 168.87
V 79.789 85.737 167.497
Q 81.582 82.552 168.507
P 84.71 81.291 166.726
G 83.772 79.616 163.466
G 80.534 81.586 163.18
S 79.574 83.816 160.275
L 78.596 87.46 159.891
R 77.557 89.754 157.03
L 78.625 93.401 157.058
S 77.023 96.081 154.896
C 77.996 99.549 153.688
A 75.327 102.051 152.651
A 76.975 104.684 150.459
S 75.558 108.075 149.505
G 76.902 111.354 148.188
F 78.932 110.004 145.27
T 78.588 107.891 142.141
F 79.253 104.52 143.783
S 80.004 102.854 140.44
N 83.047 105.071 139.778
Y 85.081 104.145 142.877
K 87.1 101.187 144.043
M 85.938 100.214 147.535
N 87.82 98.858 150.545
W 87.184 97.11 153.815
V 89.69 98.043 156.518
R 89.808 97.213 160.207
Q 91.413 98.362 163.455
A 92.068 95.632 166.004
P 91.951 96.773 169.654
G 95.373 98.222 170.406
K 96.841 98.189 166.878
G 96.608 100.473 163.859
L 94.34 100.373 160.836
E 94.952 97.364 158.588
W 93.71 96.823 155.048
V 91.411 93.808 154.674
S 89.987 93.69 151.155
D 89.119 95.755 148.114
I 87.02 95.469 144.967
S 87.128 97.259 141.618
Q 84.402 99.512 140.228
S 82.615 96.783 138.267
G 83.284 94.136 140.914
A 85.744 92.128 138.829
S 89.189 92.751 140.376
I 88.975 91.505 143.971
S 91.781 91.242 146.518
Y 92.155 90.135 150.133
T 94.711 90.347 152.896
G 96.387 87.017 153.551
S 94.825 86.417 156.968
V 91.291 86.323 155.511
K 91.69 84.704 152.077
G 89.22 81.848 151.799
R 87.113 83.13 154.712
F 85.855 86.592 153.683
T 83.948 87.393 150.485
I 83.723 91.042 149.399
S 81.015 92.099 146.957
R 79.241 95.232 145.778
D 75.756 96.014 144.463
N 76.262 98.986 142.152
A 72.513 99.422 141.625
K 71.776 99.796 145.35
N 75.053 101.526 146.335
T 75.96 98.829 148.85
L 79.214 97.072 149.746
Y 79.293 93.69 151.486
L 81.708 91.585 153.521
Q 80.526 88.03 154.147
M 82.77 86.879 157.007
N 83.044 83.113 157.524
S 85.122 81.006 159.923
L 85.57 83.96 162.248
K 88.497 83.811 164.675
P 89.182 85.859 167.833
E 91.93 87.578 165.839
D 89.216 88.943 163.517
T 87.894 91.055 166.415
A 88.128 94.709 165.368
V 86.14 97.68 164.154
Y 85.607 97.198 160.421
Y 85.449 100.317 158.244
C 84.049 100.875 154.771
A 86.67 102.983 152.971
R 86.322 104.475 149.496
C 89.354 105.193 147.353
P 89.867 108.97 147.226
A 89.39 109.635 143.503
P 87.146 108.027 140.865
F 88.368 106.102 137.811
T 91.762 105.297 139.327
R 93.997 102.231 139.957
D 95.991 103.943 142.753
C 94.028 104.036 146.046
F 96.477 105.645 148.529
D 95.122 106.988 151.816
V 92.512 104.417 152.924
T 94.34 103.224 156.069
S 95.473 106.668 157.249
T 94.665 107.595 160.845
T 92.41 110.421 159.684
Y 90.857 109.736 156.283
A 87.726 111.489 155.078
Y 86.121 108.876 152.804
R 85.734 106.208 155.491
G 82.691 105.407 157.602
Q 82.355 105.284 161.368
G 82.862 101.508 161.321
T 81.14 98.625 163.063
Q 82.363 96.596 166.032
V 82.91 92.885 165.35
T 83.652 90.828 168.474
V 84.62 87.16 168.278
