tag x y z
Q 10.697 9.39 -52.437
V 14.27 7.918 -52.613
Q 16.916 10.546 -53.53
L 20.686 9.849 -54.011
Q 22.937 12.952 -53.587
E 26.555 12.534 -54.953
S 29.701 14.571 -54.027
G 33.334 14.649 -55.07
G 33.705 14.558 -58.894
G 35.786 16.814 -61.208
L 39.201 16.981 -62.872
V 42.276 14.845 -61.949
Q 45.613 13.881 -63.59
A 46.337 10.347 -64.947
G 47.508 8.125 -62.017
G 45.793 10.247 -59.305
S 42.939 9.668 -56.751
L 39.294 10.905 -56.246
R 36.678 9.899 -53.569
L 32.996 9.944 -54.665
S 30.318 9.76 -51.92
C 26.581 9.096 -52.128
A 23.919 9.805 -49.442
K 20.497 8.047 -49.683
S 17.606 10.11 -48.236
G 13.854 9.263 -48.093
R 12.019 6.323 -46.438
T 12.91 2.805 -47.767
F 10.994 -0.339 -46.683
R 13.738 -3.045 -46.723
A 17.468 -3.593 -47.354
Y 19.056 -1.891 -50.448
A 22.425 -2.152 -52.221
M 24.326 1.045 -53.112
G 26.201 1.135 -56.42
W 28.087 3.262 -58.916
F 27.445 3.169 -62.685
R 29.228 5.384 -65.316
Q 28.43 6.602 -68.917
A 31.216 7.921 -71.261
P 29.987 9.985 -74.27
G 28.477 7.724 -77.031
K 28.413 4.598 -74.734
E 25.817 2.819 -72.533
R 25.499 3.11 -68.696
E 27.971 0.429 -67.387
F 28.43 -1.081 -63.847
V 31.439 0.076 -61.691
A 30.905 -1.206 -58.091
A 28.211 -2.065 -55.473
I 27.962 -2.95 -51.755
D 25.032 -4.719 -50.039
W 23.061 -3.171 -47.137
S 25.074 -5.313 -44.593
A 28.33 -3.811 -46.079
A 29.886 -7.348 -46.184
I 29.438 -8.023 -49.988
T 31.202 -5.999 -52.799
N 31.072 -6.581 -56.629
Y 33.445 -4.716 -59.036
A 33.583 -4.329 -62.874
D 36.711 -6.265 -64.075
S 38.277 -2.972 -65.486
V 38.445 -1.382 -61.91
K 39.386 -4.371 -59.617
G 42.52 -3.459 -57.554
R 42.058 0.333 -58.261
F 38.581 1.182 -56.814
T 37.215 0.316 -53.339
I 33.497 0.752 -52.381
L 32.909 1.402 -48.593
R 29.695 1.617 -46.477
D 28.65 1.312 -42.79
K 26.345 -1.667 -41.966
G 22.705 -0.674 -42.709
M 23.584 3.022 -43.28
N 22.754 5.45 -46.136
T 26.249 6.663 -47.312
A 28.523 4.828 -49.805
Y 32.073 5.925 -50.804
L 34.006 5.027 -54.006
Q 37.812 5.433 -53.439
M 39.153 5.662 -57.065
N 43.03 5.201 -57.345
S 45.32 4.931 -60.462
L 42.7 6.751 -62.603
E 43.244 6.772 -66.422
P 41.648 8.624 -69.39
E 39.444 5.515 -70.116
D 37.843 6.283 -66.623
T 36.372 9.674 -67.858
A 32.525 9.569 -67.519
V 29.48 10.799 -65.569
Y 29.43 8.583 -62.382
Y 25.884 7.749 -61.119
C 25.01 6.624 -57.592
A 22.163 4.043 -57.682
A 20.297 1.962 -55.054
T 17.989 -1.074 -55.335
Y 16.117 -3.345 -52.887
S 18.401 -6.412 -52.436
T 20.2 -8.528 -49.757
I 23.195 -8.749 -52.205
A 25.336 -6.333 -54.398
P 23.744 -6.718 -57.878
R 25.338 -5.427 -61.165
T 22.015 -4.819 -63.042
S 18.405 -3.58 -62.811
Y 18.701 -0.724 -60.239
D 15.367 1.064 -59.364
F 16.788 4.418 -57.918
W 19.267 6.89 -59.598
G 21.351 9.954 -58.478
Q 22.055 13.032 -60.664
G 25.536 11.948 -61.888
T 28.873 13.743 -61.307
Q 31.448 14.344 -64.115
V 34.873 12.68 -63.549
T 37.587 13.885 -66.044
V 41.154 12.426 -66.17
S 43.884 14.484 -68.141
