tag x y z
Q 50.984 19.271 21.813
V 48.151 21.839 21.329
Q 45.657 22.174 24.172
L 42.264 23.36 22.896
Q 40.195 24.66 25.805
E 36.441 25.094 25.1
S 34.347 27.644 27.092
G 30.596 28.057 27.149
G 28.065 25.334 26.898
G 24.937 24.521 28.874
L 21.16 24.369 28.5
V 19.065 26.613 26.189
Q 15.425 26.528 24.989
A 14.695 25.527 21.376
G 14.852 28.625 19.104
G 17.422 30.221 21.457
S 21.118 31.139 21.038
L 24.387 30.172 22.702
R 28.034 31.186 22.096
L 30.977 28.749 22.478
S 34.656 29.649 22.37
C 37.936 27.746 22.064
A 41.481 28.955 22.799
A 44.652 27.174 21.659
S 47.831 26.942 23.75
G 51.053 24.851 23.508
R 52.817 24.409 20.122
T 50.382 26.789 18.262
F 52.933 27.377 15.407
S 51.926 23.869 14.217
L 48.15 24.713 14.332
T 46.5 25.868 11.049
T 42.68 25.561 10.728
M 40.435 25.478 13.805
G 36.903 24.091 14.007
W 34.181 22.232 15.826
F 32.904 18.683 15.719
R 29.979 17.303 17.697
Q 28.872 13.864 18.965
A 25.554 12.73 20.535
P 25.444 9.396 22.485
G 25.278 6.399 20.058
E 26.069 8.538 16.942
D 29.422 9.107 15.105
R 31.457 12.339 15.754
A 30.439 14.764 12.958
F 31.945 17.951 11.471
V 30.182 21.232 12.336
T 32.437 24.076 11.08
S 35.999 25.268 10.464
I 37.849 28.534 9.946
S 41.309 28.873 8.424
R 44.155 31.292 9.238
A 42.801 33.408 6.327
A 39.223 33.417 7.883
Y 37.835 31.049 5.157
T 34.829 29.181 6.654
Y 33.105 25.849 6.035
Y 29.84 24.631 7.645
A 27.963 21.34 7.662
D 24.693 21.696 5.693
S 22.686 21.047 8.933
V 24.023 24.312 10.57
K 24.484 26.681 7.578
G 22.683 29.969 8.211
R 22.258 29.138 11.963
F 25.87 28.904 13.258
T 28.599 31.476 12.582
I 32.281 30.907 13.37
S 34.862 33.677 13.858
R 38.552 33.709 14.708
D 41.127 35.962 16.436
N 44.583 34.854 15.103
A 46.487 36.914 17.772
K 44.794 34.854 20.581
N 44.522 31.564 18.556
M 40.851 31.738 19.537
M 40.824 31.708 19.598
V 37.564 30.817 17.772
S 33.995 31.706 18.74
L 30.925 29.806 17.553
Q 27.644 31.748 17.584
M 24.783 29.209 17.64
N 21.411 30.791 16.663
S 17.959 29.144 16.162
L 19.039 26.076 18.179
K 17.033 22.828 17.64
P 16.733 19.804 19.983
E 18.778 17.788 17.373
D 21.749 20.222 18.111
T 22.107 18.551 21.584
A 25.634 17.021 21.676
V 29.122 17.365 23.096
Y 30.841 20.101 20.963
V 34.595 19.559 20.635
C 37.114 22.096 19.379
A 39.601 20.681 16.829
G 42.777 21.806 15.05
K 44.596 20.808 11.881
G 48.359 20.593 11.736
Q 50.685 21.741 8.885
G 49.98 18.348 7.181
G 46.235 19.049 6.685
T 45.095 16.335 9.11
W 42.885 16.965 12.218
D 45.767 16.467 14.78
Y 44.263 18.241 17.892
W 41.139 17.649 20.108
G 39.712 19.834 22.809
Q 37.998 18.541 25.885
G 34.414 18.822 24.741
T 31.532 20.931 26.145
Q 27.893 19.733 26.446
V 25.174 21.738 24.694
T 21.591 20.762 25.536
V 18.522 22.232 23.699
S 15.144 21.5 25.473
S 11.719 21.419 23.665
