tag x y z
V 53.422 20.015 41.756
Q 56.499 18.223 43.238
L 55.976 15.084 45.42
Q 58.68 14.169 47.998
E 58.125 10.825 49.78
S 59.845 9.786 53.035
G 59.267 7.123 55.73
G 59.305 3.451 54.63
G 62.062 1.179 55.999
L 62.698 -2.436 57.141
V 60.378 -4.229 59.694
Q 59.205 -7.827 60.423
A 55.785 -9.215 59.249
G 52.991 -7.76 61.466
D 54.844 -4.452 62.187
S 53.575 -1.106 60.743
L 55.213 1.774 58.8
R 54.292 5.249 57.474
V 54.939 6.818 54.073
S 54.51 10.634 53.864
C 54.015 12.33 50.445
A 54.765 16.083 50.97
A 53.674 18.334 48.059
S 55.472 21.642 47.201
G 54.956 24.175 44.32
R 51.124 23.781 44.325
T 48.251 22.712 46.713
I 47.005 19.029 46.646
S 43.96 19.988 48.864
S 41.631 19.299 45.81
S 43.884 16.799 43.916
P 42.869 13.14 43.53
M 45.903 11.3 45.058
G 46.985 7.669 44.401
W 49.365 5.071 45.966
F 51.062 2.388 43.788
R 53.864 -0.011 44.783
Q 56.53 -1.546 42.506
A 58.872 -4.453 43.406
P 61.699 -3.844 40.865
G 61.311 -6.437 38.037
K 57.468 -6.502 38.499
E 54.822 -4.012 37.163
R 53.566 -0.956 39.185
E 50.175 -1.795 40.825
F 47.409 0.207 42.557
V 47.286 0.205 46.429
A 45.075 3.134 47.597
A 43.504 6.374 46.315
I 41.673 9.4 47.775
S 39.165 11.446 45.685
G 39.785 15.154 44.912
N 37.219 16.306 47.586
G 38.837 13.86 50.123
G 35.466 12.108 50.8
N 35.993 8.791 48.899
T 38.89 6.335 49.407
Y 39.423 2.94 47.643
Y 41.938 0.155 48.605
L 43.342 -2.926 46.806
D 41.219 -5.822 48.265
S 44.354 -7.6 49.705
V 45.294 -4.436 51.786
K 41.781 -3.295 52.953
G 41.688 -3.221 56.817
R 45.537 -3.062 56.917
F 46.345 0.199 54.985
T 44.625 3.632 55.23
T 45.315 6.946 53.436
S 44.299 10.474 54.561
R 45.303 13.957 53.232
D 46.293 16.825 55.61
N 45.462 20.019 53.6
A 47.221 22.308 56.195
K 50.567 20.422 55.692
N 49.886 19.823 51.929
T 50.791 16.121 52.591
V 49.109 12.714 51.864
Y 49.866 9.798 54.259
L 49.899 5.997 53.729
Q 49.741 4.052 57.051
L 50.805 0.403 56.341
N 49.62 -1.678 59.375
N 50.017 -5.462 59.751
L 52.707 -5.698 56.99
K 53.428 -9.031 55.176
P 56.537 -9.975 53.078
E 54.287 -9.629 49.946
D 53.994 -5.843 50.655
T 57.806 -5.536 49.971
A 58.105 -2.807 47.283
I 58.872 0.836 46.445
Y 55.691 2.841 47.358
Y 54.885 5.795 45.034
C 52.374 8.63 45.584
A 50.799 10.311 42.503
A 48.587 13.408 41.899
R 45.982 13.854 39.121
S 46.053 17.494 37.848
R 43.678 17.181 34.798
F 39.806 17.178 34.67
S 38.446 15.139 37.623
A 35.147 13.773 39.03
M 35.841 14.866 42.63
H 34.093 11.829 44.375
L 36.141 9.305 42.224
A 39.067 7.348 43.839
Y 41.093 7.031 40.56
R 42.498 3.503 40.259
R 44.702 3.319 37.128
L 48.338 4.359 36.362
V 46.991 6.269 33.25
D 44.756 8.343 35.666
Y 47.724 10.242 37.303
D 50.086 13.012 36.085
D 52.772 13.754 38.785
W 54.788 11.062 40.683
G 56.963 10.95 43.81
Q 60.478 9.381 43.697
G 59.154 6.461 45.862
T 60.079 5.098 49.313
Q 61.305 1.544 50.022
V 59.355 -0.754 52.433
T 61.039 -4.162 53.207
V 59.166 -6.824 55.289
S 61.096 -9.826 56.849
