tag x y z
Q 28.271 205.86 101.212
L 31.19 206.813 103.466
Q 32.603 204.084 105.673
E 32.568 205.157 109.32
S 33.548 203.027 112.297
G 35.025 203.257 115.782
G 32.109 204.655 117.786
G 30.648 203.002 120.861
S 30.684 203.679 124.585
V 33.744 204.266 126.726
Q 34.279 205.359 130.3
A 35.355 208.923 131.036
G 39.033 209.515 130.327
G 39.13 206.638 127.837
S 39.638 206.784 124.105
L 38.202 205.895 120.722
R 39.414 206.073 117.153
L 36.876 207.061 114.516
S 37.663 205.95 110.983
C 36.308 207.51 107.791
T 36.784 206.256 104.233
A 35.854 207.961 100.944
P 35.774 205.303 98.18
G 36.417 207.487 95.143
Y 38.958 209.869 96.68
T 42.298 208.299 95.8
D 42.338 210.844 92.941
S 41.754 214.109 94.408
N 42.594 216.279 97.24
Y 39.693 216.742 99.571
Y 38.454 218.266 102.756
M 37.294 215.783 105.346
S 35.848 216.998 108.634
W 34.116 215.571 111.657
F 30.952 217.192 112.982
R 29.043 216.21 116.083
Q 25.477 216.681 117.295
A 24.071 215.817 120.683
P 20.28 215.572 121.108
G 19.059 219.137 121.39
K 21.976 221.075 120.028
E 23.272 222.184 116.654
R 25.837 220.165 114.701
E 29.271 221.679 115.476
W 32.502 221.247 113.54
V 35.055 219.271 115.58
A 38.165 218.771 113.422
G 39.181 218.448 109.801
V 42.041 217.806 107.412
N 42.97 219.605 104.178
T 44.719 216.942 102.085
G 45.593 219.577 99.472
R 47.905 221.357 101.93
G 48.486 218.66 104.518
S 47.19 220.71 107.415
T 44.731 219.861 110.18
S 42.603 222.087 112.426
Y 40.583 221.557 115.597
A 37.824 223.238 117.524
D 39.075 224.741 120.79
S 36.951 222.375 122.926
V 38.868 219.342 121.583
K 42.312 220.901 121.034
G 44.989 218.855 122.822
R 42.802 215.743 123.104
F 41.726 214.973 119.485
T 44.186 214.379 116.623
I 43.656 213.364 113.031
S 46.116 210.925 111.53
Q 46.388 209.966 107.902
D 46.439 206.43 106.665
N 48.7 204.73 104.138
A 45.626 204.67 101.88
K 44.949 208.248 100.952
N 41.106 208.091 100.956
T 40.954 207.165 104.694
M 41.513 209.259 107.837
F 41.257 208.598 111.566
L 40.181 210.795 114.448
Q 41.913 209.754 117.657
M 39.869 210.947 120.668
N 41.629 210.83 124.044
S 40.536 211.896 127.538
L 36.901 211.763 126.596
K 34.516 213.618 128.874
P 30.77 213.23 129.154
E 29.988 216.242 127.132
D 31.768 214.628 124.172
T 28.773 212.277 124.025
A 27.085 212.803 120.642
I 26.556 211.433 117.179
Y 29.801 212.047 115.26
Y 29.512 212.587 111.492
C 32.19 212.306 108.822
A 31.95 214.739 105.92
V 33.935 215.052 102.682
A 34.14 217.506 99.777
A 36.33 217.234 96.699
C 38.849 220.033 96.61
H 39.54 222.562 93.829
F 41.78 225.263 95.32
C 42.647 223.305 98.523
D 42.651 226.841 99.93
S 40.94 226.574 103.382
L 39.231 223.851 105.365
P 35.532 224.825 105.542
K 33.958 224.83 109.005
T 30.193 224.844 108.411
Q 27.867 222.015 107.52
D 26.721 223.097 104.03
E 30.038 223.142 102.139
Y 30.513 219.352 102.478
I 29.073 217.029 99.847
L 29.244 213.456 101.224
W 27.978 212.429 104.686
G 27.858 209.145 106.575
Q 25.187 207.86 108.932
G 27.18 208.927 111.934
T 28.599 206.713 114.693
Q 27.286 207.177 118.208
V 29.795 207.992 120.985
T 28.656 207.663 124.599
V 30.956 208.701 127.451
S 29.835 207.6 130.903
S 31.272 208.436 134.305
