tag x y z
Q -6.141 -12.825 13.863
V -8.306 -14.94 11.542
Q -6.593 -16.284 8.421
Q -6.614 -16.314 8.433
L -8.251 -18.261 5.606
Q -5.371 -19.735 3.581
E -6.287 -21.09 0.145
S -4.349 -23.601 -1.925
G -4.807 -26.034 -4.805
G -5.896 -23.964 -7.819
G -4.272 -23.27 -11.158
S -4.606 -24.425 -14.741
V -6.457 -27.546 -15.854
E -7.719 -28.934 -19.135
A -11.41 -29.218 -19.948
G -12.774 -32.32 -18.252
G -10.137 -32.263 -15.517
S -10.325 -32.184 -11.745
L -9.009 -29.94 -8.978
R -9.38 -29.86 -5.204
L -9.172 -26.469 -3.521
S -8.269 -26.256 0.155
C -9.004 -23.486 2.658
A -7.308 -23.726 6.06
R -8.969 -21.655 8.788
S -6.723 -20.426 11.618
G -7.234 -18.039 14.506
W -10.973 -18.658 14.565
P -12.463 -17.044 17.71
Y -15.93 -18.638 17.683
S -17.527 -21.953 18.643
S -17.496 -21.959 18.628
T -19.474 -22.032 15.374
Y -18.898 -21.21 11.726
S -20.088 -21.589 8.228
M -17.579 -21.692 5.369
M -17.578 -21.631 5.381
N -18.292 -20.967 1.701
W -16.496 -21.152 -1.574
F -17.416 -18.215 -3.816
R -16.181 -17.544 -7.323
Q -15.923 -14.549 -9.643
A -15.769 -15.387 -13.335
P -14.477 -12.84 -15.875
G -16.866 -9.913 -16.204
K -19.391 -11.552 -13.86
E -20.441 -10.818 -10.312
R -19.174 -12.949 -7.444
E -21.468 -15.907 -6.778
A -21.686 -18.617 -4.163
V -20.505 -22.075 -5.198
A -20.807 -24.172 -2.042
G -21.355 -23.917 1.7
I -20.83 -26.029 4.811
S -21.017 -25.344 8.516
S -20.031 -26.599 11.956
T -23.469 -28.26 12.166
M -24.658 -28.807 8.576
M -24.659 -28.801 8.572
S -23.259 -30.987 5.804
G -22.066 -29.395 2.596
I -24.409 -28.099 -0.107
I -23.802 -26.772 -3.621
F -25.512 -23.472 -4.459
A -24.455 -23.109 -8.092
E -26.274 -24.891 -10.875
S -23.821 -27.432 -12.215
K -24.604 -31.172 -12.414
A -24.585 -33.903 -9.751
G -20.86 -34.371 -9.095
Q -19.331 -31.206 -10.574
F -18.65 -29.763 -7.105
T -18.418 -31.401 -3.672
I -17.65 -29.52 -0.469
S -16.253 -31.292 2.577
Q -14.174 -30.506 5.61
D -11.577 -31.978 7.918
N -12.531 -30.764 11.382
A -9.21 -31.667 13.03
K -7.291 -29.711 10.366
N -9.818 -26.819 10.357
T -9.837 -27.116 6.568
V -12.654 -26.968 4.01
V -12.652 -26.98 4.009
Y -12.295 -28.504 0.552
L -13.915 -27.893 -2.82
Q -13.606 -30.96 -5.028
M -14.148 -30.036 -8.679
M -14.09 -30.014 -8.693
N -14.69 -32.61 -11.415
N -15.457 -32.55 -15.133
N -15.48 -32.537 -15.134
L -14.399 -28.907 -15.27
K -15.521 -26.697 -18.144
P -14.147 -23.421 -19.559
E -16.976 -21.507 -17.812
D -15.605 -22.712 -14.464
T -12.656 -20.355 -14.993
A -12.777 -17.841 -12.148
I -11.053 -16.579 -9.042
Y -12.315 -18.833 -6.246
Y -12.606 -17.387 -2.722
C -12.927 -19.0 0.681
A -15.168 -17.139 3.119
A -16.165 -17.619 6.751
R -18.68 -16.274 9.253
R -19.88 -17.144 12.758
D -23.486 -17.997 11.817
Y -23.814 -21.741 11.207
S -26.771 -21.623 8.827
S -26.769 -21.628 8.828
L -26.001 -21.807 5.105
S -25.952 -18.522 3.17
S -25.226 -17.709 -0.476
S -24.875 -13.962 0.175
S -24.878 -13.958 0.185
S -21.345 -12.563 0.079
S -21.356 -12.527 0.022
D -22.486 -9.695 2.337
D -22.98 -12.205 5.179
F -19.264 -13.151 5.299
D -16.758 -10.993 7.204
D -16.757 -10.986 7.183
Y -13.63 -13.106 6.553
W -12.152 -13.879 3.142
G -9.246 -15.771 1.662
Q -6.871 -14.226 -0.862
G -8.532 -15.685 -3.975
T -7.242 -18.613 -6.055
T -7.223 -18.583 -6.066
Q -7.221 -18.487 -9.857
V -8.619 -21.521 -11.67
T -8.247 -21.534 -15.465
V -9.929 -24.294 -17.475
S -8.582 -24.506 -21.004
S -8.56 -24.511 -21.01
S -10.802 -25.32 -23.963
A -10.801 -28.497 -26.023
A -9.884 -28.398 -29.696
A -12.682 -27.599 -32.158
