tag x y z
Q -28.823 39.318 2.578
V -26.35 38.48 5.404
Q -25.328 41.694 7.178
L -23.173 42.209 10.282
V -22.909 45.616 11.998
E -20.501 46.163 14.916
S -20.815 48.955 17.471
G -19.523 49.828 20.927
G -15.988 50.932 20.115
A -14.74 53.797 22.266
L -11.735 55.212 24.046
V -11.054 53.335 27.313
Q -8.465 53.808 30.065
P -6.036 50.924 30.625
G -7.658 48.426 32.975
G -11.106 49.482 31.816
S -14.027 47.434 30.479
L -16.092 47.649 27.297
R -18.828 45.6 25.593
L -18.907 45.369 21.804
S -22.051 44.345 19.901
C -22.479 42.682 16.453
C -22.496 42.761 16.461
A -26.062 43.136 15.215
A -26.792 40.455 12.595
S -29.512 40.259 9.962
G -30.332 37.817 7.18
F -29.616 34.726 9.284
P -29.983 33.597 12.906
V -27.05 33.917 15.294
N -28.121 30.797 17.127
R -27.611 28.6 14.028
Y -23.979 29.424 13.159
S -20.713 29.751 14.979
M -19.728 33.412 15.337
R -16.345 34.899 15.843
W -14.568 38.113 16.73
Y -11.335 39.196 15.059
R -9.235 42.357 15.282
Q -6.733 44.185 13.07
A -3.796 43.911 15.463
D -0.73 46.131 15.865
T 1.718 43.239 15.858
N 4.927 45.322 15.854
N 3.525 47.438 18.756
D 4.562 50.818 17.372
G 1.103 52.295 17.965
W -0.118 52.219 14.329
I -1.337 49.811 11.655
E 1.023 49.74 8.689
G 2.378 47.39 6.083
D 1.545 43.72 6.481
E -0.58 44.528 9.539
L -3.075 46.06 7.121
K -3.351 42.658 5.369
E -4.29 40.377 8.268
R -7.084 40.029 10.802
E -6.241 38.183 14.039
W -8.746 35.688 15.473
V -9.861 36.771 19.013
A -12.853 34.777 20.253
G -15.563 32.464 19.05
M -18.608 30.472 20.027
S -20.054 27.31 18.507
S -23.412 27.204 16.724
A -24.876 25.127 19.542
G -23.641 27.752 22.038
D -22.098 25.223 24.41
R -18.454 25.849 23.536
R -18.469 25.816 23.527
S -16.418 29.037 23.336
S -16.394 28.989 23.267
S -12.726 29.698 22.638
Y -10.298 32.592 22.944
E -6.85 33.403 21.659
D -4.183 33.048 24.338
S -3.654 36.791 24.746
V -7.286 37.548 25.758
K -8.122 34.376 27.693
G -9.503 35.319 31.122
R -10.235 38.918 30.066
F -12.839 38.65 27.275
T -16.139 36.76 27.061
I -18.223 36.161 23.965
S -21.974 35.738 24.269
R -25.12 36.243 22.282
D -28.741 37.297 22.599
D -30.799 35.168 20.216
A -33.918 37.367 20.371
R -31.952 40.482 19.526
N -29.929 38.488 16.963
T -26.803 40.146 18.43
V -23.381 38.779 19.449
Y -21.355 40.488 22.194
L -17.698 40.733 23.137
Q -17.213 41.616 26.831
M -13.735 43.099 27.355
N -12.104 43.498 30.799
S -8.634 44.506 32.017
L -8.004 46.329 28.767
K -4.377 46.799 27.684
P -2.768 49.152 25.119
E -2.143 46.083 22.913
D -5.955 45.674 22.676
T -6.206 48.899 20.644
A -7.63 47.752 17.285
V -10.56 47.671 14.916
Y -12.695 44.671 15.963
Y -14.707 42.681 13.439
C -17.551 40.175 13.771
C -17.393 40.1 13.816
N -17.442 37.158 11.432
V -19.798 34.408 10.223
N -19.721 31.775 7.45
V -23.175 31.344 5.847
G -22.324 29.707 2.507
F -19.532 32.191 2.188
E -17.59 34.147 4.789
Y -19.018 37.513 5.843
W -17.408 40.298 7.905
G -18.825 43.356 9.674
Q -17.528 46.822 8.923
G -15.499 47.028 12.148
T -15.613 49.079 15.335
Q -12.581 50.838 16.774
V -11.398 50.35 20.346
T -8.724 52.732 21.642
V -7.04 51.974 24.972
S -5.33 55.184 25.892
S -3.78 56.654 29.018
