tag x y z
Q 7.896 -10.526 3.936
V 6.982 -13.541 6.078
Q 8.965 -16.656 5.152
L 9.081 -19.911 7.123
Q 11.959 -22.281 6.319
E 11.642 -25.804 7.734
S 14.636 -28.082 8.283
G 15.427 -31.278 10.152
G 13.221 -33.915 8.529
G 14.289 -37.243 7.077
L 14.065 -40.992 7.626
V 14.363 -42.467 11.095
Q 13.964 -45.812 12.791
A 10.91 -46.188 14.986
G 11.806 -45.237 18.531
G 14.216 -42.574 17.301
S 14.081 -38.815 17.413
L 14.31 -35.808 15.169
R 14.443 -32.068 15.74
L 12.517 -29.893 13.289
S 13.464 -26.244 12.944
C 11.524 -23.351 11.406
A 13.21 -19.966 10.901
A 10.803 -17.039 10.44
S 11.926 -14.073 8.309
G 10.163 -10.876 9.378
G 6.814 -10.983 11.433
T 5.563 -13.43 14.249
S -1.808 -12.223 20.411
G 0.483 -14.385 18.224
G 2.402 -17.612 17.987
M 3.656 -20.443 15.822
A 2.775 -24.099 15.447
W 3.616 -27.33 13.662
F 0.953 -29.029 11.545
R 1.231 -32.374 9.787
Q -0.435 -34.107 6.843
A -0.252 -38.007 7.281
G -2.201 -38.146 3.934
Y -5.792 -37.789 2.582
I -8.53 -40.108 3.967
D -10.811 -42.211 1.642
T -14.151 -40.711 2.972
N -16.202 -43.062 0.669
N -14.158 -46.383 0.916
D -13.97 -46.942 -2.903
G -10.156 -47.351 -3.074
W -9.477 -43.854 -4.544
I -8.764 -40.317 -3.215
E -11.145 -37.987 -5.157
G -13.228 -34.773 -4.76
D -14.065 -33.694 -1.146
E -11.298 -36.007 0.22
L -8.412 -33.77 -1.061
Y -9.689 -31.075 1.463
K -8.455 -33.006 4.582
A -6.986 -30.159 6.586
R -3.461 -30.461 7.934
E -3.624 -31.651 11.523
F -2.356 -29.705 14.522
A 0.719 -31.167 16.208
A 2.07 -28.494 18.564
G 1.884 -24.737 19.095
I 3.614 -22.08 21.192
S 3.113 -18.45 22.256
W 5.038 -15.519 20.852
S 6.325 -15.245 24.423
G 6.931 -18.976 24.61
G 4.856 -18.983 27.794
S 1.985 -21.078 26.374
T 2.134 -24.468 24.657
D -0.406 -27.02 23.443
D -0.409 -27.017 23.439
Y 0.051 -30.513 22.029
E -2.007 -32.938 19.994
D -2.888 -35.588 22.549
S -1.229 -38.461 20.618
V 2.145 -36.633 20.748
K 1.993 -35.139 24.257
G 4.965 -36.286 26.302
R 6.86 -37.345 23.164
F 7.126 -33.973 21.386
T 8.374 -30.712 22.901
I 7.873 -27.364 21.21
S 10.131 -24.434 22.007
R 11.045 -21.011 20.669
D 14.205 -18.882 20.627
N 13.075 -15.316 19.923
A 16.51 -13.787 19.385
K 17.167 -16.121 16.493
N 14.502 -16.607 13.85
T 13.676 -20.14 14.937
M 11.053 -22.442 16.43
Y 11.847 -26.087 17.2
L 9.944 -29.373 17.491
Q 11.866 -32.027 19.447
M 10.253 -35.351 18.489
N 11.111 -38.362 20.649
S 9.885 -41.957 20.623
L 8.797 -41.66 17.008
K 6.114 -44.057 15.682
P 5.211 -45.13 12.125
E 1.985 -43.209 12.789
D 4.091 -40.035 12.956
T 5.057 -40.31 9.266
A 3.761 -37.174 7.535
V 4.578 -33.913 5.835
Y 5.198 -31.473 8.708
Y 4.404 -27.794 8.149
C 5.495 -24.816 10.236
C 5.436 -24.865 10.284
A 2.752 -22.217 10.765
A 2.703 -18.62 12.0
A -0.077 -16.169 12.839
G -2.253 -16.519 20.443
V -1.389 -20.218 20.58
V -2.638 -21.031 17.077
T -4.316 -24.434 16.912
R -6.668 -24.603 13.922
A -5.459 -24.602 10.319
D -7.876 -21.866 9.224
D -6.585 -19.635 12.038
V -3.09 -19.777 10.445
D -1.911 -16.93 8.223
Y 1.486 -18.073 6.885
W 2.714 -21.573 6.042
G 6.024 -23.201 5.311
K 6.305 -25.455 2.292
G 6.592 -28.604 4.429
T 9.207 -31.242 5.208
Q 8.909 -35.03 5.061
V 9.284 -37.269 8.139
T 9.192 -40.991 7.393
V 9.459 -43.352 10.395
S 10.233 -47.077 9.789
S 7.269 -49.359 10.386
H 9.456 -51.294 12.869
