tag x y z
V 7.122 -34.701 71.71
Q 8.848 -31.715 73.342
L 9.174 -28.404 71.49
Q 11.657 -25.642 72.323
E 11.713 -22.254 70.597
S 14.629 -19.921 70.001
G 15.411 -16.79 68.032
G 13.153 -14.347 69.828
G 14.263 -10.882 70.697
L 13.812 -7.165 70.567
V 14.024 -5.488 67.177
Q 13.538 -2.118 65.539
A 10.467 -1.838 63.329
G 11.377 -2.828 59.791
G 13.901 -5.378 61.005
S 13.864 -9.154 60.869
L 14.062 -12.156 63.149
R 14.143 -15.894 62.54
L 12.343 -18.12 65.041
S 13.491 -21.731 65.34
C 11.662 -24.761 66.714
A 13.393 -28.006 67.684
A 11.301 -31.07 68.498
S 12.288 -34.405 70.06
G 11.687 -35.803 66.527
G 10.38 -33.682 63.632
K 7.778 -37.935 64.463
S 5.92 -34.627 64.36
G 3.27 -34.157 61.698
G 2.113 -30.726 60.604
M 3.557 -27.782 62.532
A 2.795 -24.108 63.028
W 3.664 -20.866 64.776
F 0.99 -19.204 66.936
R 1.261 -15.912 68.792
Q -0.306 -14.145 71.759
A -0.119 -10.358 71.405
G -2.293 -9.915 74.507
Y -5.814 -10.203 75.852
I -8.445 -7.874 74.417
D -10.781 -5.68 76.496
T -13.872 -7.052 74.742
N -16.444 -5.306 76.961
N -14.524 -1.987 76.877
D -14.521 -1.346 80.638
G -10.735 -0.84 80.799
W -10.067 -3.997 82.821
I -9.116 -7.462 81.611
E -11.42 -10.005 83.278
G -13.621 -13.042 82.877
D -13.715 -14.669 79.464
E -11.406 -11.968 78.094
L -8.556 -13.913 79.685
Y -9.393 -16.994 77.577
K -8.476 -15.468 74.206
A -6.948 -18.134 71.998
R -3.441 -17.877 70.583
E -3.613 -16.551 67.016
F -2.361 -18.612 64.078
A 0.629 -17.05 62.322
A 2.023 -19.651 59.902
G 1.824 -23.389 59.326
I 3.552 -26.077 57.318
S 2.978 -29.625 56.123
W 4.988 -32.581 57.359
S 6.824 -32.636 54.025
G 6.977 -28.856 53.693
G 5.133 -28.898 50.374
S 2.155 -26.953 51.758
T 2.082 -23.799 53.888
D -0.474 -21.285 55.119
Y -0.21 -17.826 56.646
E -2.251 -15.315 58.62
D -3.104 -12.773 55.962
S -1.538 -9.845 57.848
V 1.841 -11.666 57.701
K 1.735 -12.948 54.113
G 4.661 -11.665 52.07
R 6.558 -10.757 55.245
F 6.871 -14.142 56.998
T 8.154 -17.432 55.557
I 7.808 -20.798 57.32
S 10.204 -23.637 56.521
S 10.236 -23.62 56.529
R 11.004 -27.135 57.756
D 14.237 -29.2 57.743
N 13.092 -32.64 58.867
A 16.64 -33.999 58.613
K 18.016 -31.458 61.114
N 14.84 -31.689 63.208
T 14.024 -28.0 62.862
M 11.155 -25.72 61.781
Y 11.788 -22.02 61.165
L 9.897 -18.733 60.825
Q 11.701 -15.991 58.898
M 10.055 -12.694 59.888
N 10.815 -9.635 57.752
S 9.516 -6.051 57.809
L 8.433 -6.388 61.407
K 5.705 -4.091 62.756
P 4.808 -3.163 66.351
E 1.589 -5.16 65.924
D 3.845 -8.22 65.512
T 4.9 -7.962 69.172
A 3.842 -11.156 70.938
V 4.854 -14.36 72.622
Y 5.397 -16.802 69.738
Y 4.634 -20.488 70.29
C 5.784 -23.47 68.248
A 3.031 -26.046 67.68
A 2.886 -29.561 66.274
A 0.358 -32.264 65.478
R 0.888 -36.002 65.851
R 2.993 -37.683 63.181
F 0.133 -38.806 60.92
R -1.882 -35.575 60.896
A 0.605 -34.368 58.29
G -1.469 -31.502 56.896
V -1.012 -27.83 57.653
V -1.975 -26.964 61.235
T -4.173 -23.849 61.292
R -6.235 -24.007 64.518
A -5.217 -24.199 68.166
D -7.734 -26.978 68.864
D -5.902 -29.137 66.296
V -2.52 -28.708 68.059
D -1.194 -31.747 69.903
Y 2.011 -30.346 71.457
W 3.088 -26.812 72.356
G 6.346 -25.037 72.993
K 6.604 -22.806 76.032
G 6.845 -19.619 73.964
T 9.461 -17.011 73.001
Q 9.126 -13.228 73.292
V 9.22 -10.951 70.232
T 9.029 -7.198 70.835
V 9.099 -4.694 67.985
S 9.803 -0.998 68.539
S 7.986 2.058 67.282
H 10.674 4.791 67.234
