tag x y z
Q -1.103 -25.238 0.138
V -1.362 -24.993 3.931
Q -4.165 -24.347 6.416
L -4.035 -23.62 10.14
V -5.928 -24.576 13.3
E -5.993 -22.308 16.367
T -6.305 -23.741 19.883
G -5.561 -22.622 23.429
G -8.344 -20.05 23.671
G -11.165 -19.925 26.163
L -12.502 -17.767 28.976
V -10.144 -16.047 31.426
Q -10.236 -13.323 34.058
A -9.137 -9.711 33.649
G -5.666 -9.888 35.159
G -4.492 -13.375 34.259
S -2.844 -14.967 31.241
L -3.094 -17.711 28.623
R -1.129 -18.86 25.543
L -2.614 -19.722 22.146
S -1.149 -22.577 20.1
C -1.332 -22.527 16.295
A -1.027 -25.864 14.486
A 0.135 -25.954 10.866
S -0.876 -28.411 8.154
G 2.447 -28.665 6.309
S 6.051 -27.94 7.201
I 6.169 -24.36 8.475
F 9.874 -24.214 7.615
S 10.846 -21.83 4.781
L 7.788 -19.677 5.623
N 9.249 -16.267 6.388
A 6.373 -14.644 8.291
M 4.07 -16.129 10.93
G 1.691 -13.553 12.37
W -1.159 -13.339 14.864
F -4.175 -11.126 14.168
R -7.251 -10.32 16.239
Q -10.685 -8.823 15.582
A -12.661 -7.401 18.496
P -16.477 -7.263 18.358
G -17.466 -4.024 16.659
K -13.873 -3.308 15.563
E -11.687 -4.173 12.579
R -9.08 -6.91 12.311
E -5.837 -5.472 13.684
F -2.204 -6.548 13.799
V -0.818 -8.231 16.926
A 2.59 -9.842 16.407
T 4.837 -11.338 13.722
I 7.862 -13.595 14.111
N 10.844 -14.216 11.849
R 11.369 -17.486 9.994
S 14.109 -18.48 12.455
G 12.474 -16.547 15.303
G 15.257 -13.98 15.692
R 13.113 -10.993 14.679
T 9.656 -9.986 15.901
Y 7.255 -7.061 15.633
Y 4.467 -6.137 18.045
A 1.622 -3.642 18.015
D 1.896 -0.677 20.367
S -1.23 -1.707 22.287
V 0.278 -5.079 23.255
K 3.915 -4.063 22.896
G 5.319 -5.174 26.241
R 2.601 -7.649 27.206
F 2.597 -10.345 24.487
T 5.422 -12.629 23.351
I 5.322 -14.516 20.044
S 7.348 -17.693 19.539
R 7.53 -20.508 17.002
D 8.893 -24.055 16.781
N 9.84 -24.85 13.183
G 10.521 -28.483 14.076
K 7.017 -28.989 15.491
N 5.19 -26.828 12.902
M 3.79 -24.7 15.727
V 3.307 -21.007 16.485
Y 2.489 -19.624 19.929
L 1.354 -16.313 21.415
Q 1.895 -16.004 25.171
M -0.547 -13.369 26.458
H 0.376 -11.812 29.814
S -1.183 -8.985 31.838
L -4.497 -9.115 30.016
K -6.826 -6.137 29.591
P -10.59 -6.104 28.922
E -9.833 -4.394 25.584
D -8.096 -7.568 24.335
T -11.329 -9.563 23.928
A -11.278 -10.651 20.287
I -11.162 -13.583 17.897
Y -7.48 -14.441 17.432
Y -6.416 -15.576 13.954
C -3.209 -17.373 12.983
A -1.924 -16.592 9.494
A 0.905 -17.659 7.19
G 2.795 -14.926 5.362
T 5.459 -14.29 2.751
G 7.772 -12.136 4.886
W 7.037 -8.914 3.01
S 5.433 -6.153 5.118
P 4.84 -8.535 8.05
Q 2.84 -5.922 10.01
T -0.003 -5.806 7.443
D -2.549 -8.461 6.491
N -2.128 -7.874 2.741
E 0.84 -10.285 2.541
Y -0.874 -13.246 4.255
N -2.563 -15.713 1.905
Y -3.281 -18.607 4.31
W -5.464 -17.911 7.356
G -6.931 -20.045 10.118
Q -10.309 -20.68 11.69
G -9.615 -18.402 14.653
T -10.246 -18.835 18.365
Q -12.213 -16.811 20.904
V -10.313 -15.272 23.827
T -12.74 -13.55 26.21
V -11.118 -11.475 28.964
S -13.977 -10.397 31.217
S -13.816 -7.365 33.486
H -15.272 -9.576 36.24
