tag x y z
E 10.364 37.429 9.772
V 12.982 36.4 7.227
Q 13.178 39.242 4.734
L 12.076 38.303 1.219
V 12.045 40.401 -1.951
E 10.569 39.212 -5.27
S 11.352 40.434 -8.739
G 10.652 39.51 -12.336
G 6.999 40.395 -12.805
R 6.17 42.238 -16.004
R 6.306 42.051 -16.142
L 3.8 42.365 -18.94
V 4.265 39.286 -21.132
V 4.267 39.3 -21.143
R 2.545 37.873 -24.195
T 0.318 34.846 -24.001
T 0.32 34.842 -24.002
G 2.449 31.777 -24.616
G 5.549 33.495 -23.267
S 7.902 32.774 -20.396
S 7.86 32.781 -20.373
L 9.106 34.652 -17.329
R 11.431 33.782 -14.458
R 11.441 33.784 -14.462
L 10.573 35.179 -11.039
S 13.25 35.369 -8.358
S 13.205 35.304 -8.339
C 13.079 35.888 -4.627
C 13.067 35.844 -4.6
A 16.049 36.752 -2.426
A 16.155 36.047 1.304
S 18.152 37.801 4.008
G 19.77 36.008 6.935
R 22.169 33.056 6.967
T 19.584 30.286 7.597
F 17.801 30.092 4.221
S 18.083 26.28 4.096
N 16.06 26.036 7.318
Y 12.954 27.103 5.377
V 10.555 25.533 2.956
M 10.001 28.12 0.247
G 6.879 28.675 -1.774
W 5.208 30.818 -4.377
F 1.641 32.026 -3.953
R -0.484 34.11 -6.269
Q -3.372 36.481 -5.719
A -5.526 37.968 -8.411
P -7.963 40.823 -7.683
G -10.769 39.776 -5.377
K -9.289 36.348 -4.557
E -7.486 34.763 -1.634
R -3.762 34.046 -1.851
R -3.785 34.055 -1.922
E -3.34 30.52 -3.26
E -3.331 30.518 -3.225
V -0.211 28.362 -3.197
V 1.29 27.684 -6.628
A 4.484 25.763 -5.857
A 6.669 24.721 -2.932
I 10.153 23.298 -2.44
T 11.818 21.446 0.423
W 14.792 22.748 2.405
S 17.479 21.145 0.215
G 15.592 21.421 -3.069
D 15.218 17.668 -3.562
I 11.393 17.617 -3.546
T 8.976 20.025 -5.231
W 5.232 20.379 -5.54
H 3.203 22.325 -8.108
A -0.494 23.078 -8.1
D -2.48 21.168 -10.682
F -3.269 24.342 -12.66
V 0.443 25.077 -13.262
K 1.911 21.559 -13.402
G 3.901 21.106 -16.585
R 4.169 24.873 -17.055
F 5.791 26.356 -13.946
T 8.851 25.017 -12.106
I 10.127 26.056 -8.67
S 13.81 25.749 -7.826
R 16.195 27.141 -5.247
D 19.883 27.941 -4.814
N 20.893 27.725 -1.159
A 24.317 29.194 -1.909
K 22.572 32.321 -3.277
N 19.686 32.52 -0.775
T 17.294 32.583 -3.733
T 17.301 32.544 -3.745
V 14.153 30.759 -4.875
Y 12.901 30.89 -8.462
L 9.706 30.271 -10.382
Q 10.202 29.532 -14.047
M 6.878 30.256 -15.758
N 6.378 28.848 -19.281
S 3.308 28.749 -21.538
L 1.756 31.713 -19.756
K -1.968 32.355 -20.186
P -4.129 35.395 -19.429
E -5.592 33.597 -16.394
D -2.09 33.541 -14.839
T -2.283 37.314 -14.36
A -1.863 37.953 -10.646
V 0.482 39.216 -7.957
Y 3.013 36.454 -7.188
Y 4.459 36.28 -3.673
C 7.378 34.306 -2.317
C 7.446 34.502 -2.224
A 6.993 33.006 1.226
A 8.929 30.974 3.782
T 7.935 28.537 6.518
E 9.862 25.974 8.531
R 7.592 22.946 8.029
R 7.594 22.961 8.003
W 6.459 21.109 4.899
G 2.894 20.31 3.867
L 1.104 23.561 4.772
R -0.993 25.14 2.015
A -2.854 27.816 3.961
P -1.264 31.298 3.772
A -1.844 31.733 7.538
D 0.732 28.995 8.154
W 3.548 30.932 6.43
G 5.087 33.62 8.586
S 7.375 35.381 6.121
W 6.322 37.008 2.87
G 7.637 39.235 0.143
Q 5.83 42.324 -1.143
Q 5.799 42.301 -1.117
G 4.743 40.59 -4.353
T 5.499 41.101 -8.046
Q 2.749 41.629 -10.633
V 2.628 39.354 -13.684
T 0.309 40.462 -16.5
V -0.333 38.182 -19.47
S -1.906 39.674 -22.586
S -2.823 38.316 -26.005
