tag x y z
V 26.613 -19.208 -0.145
Q 30.172 -20.152 0.849
L 33.28 -18.917 -0.965
V 36.799 -20.386 -0.956
E 39.715 -18.625 -2.64
S 42.963 -20.322 -3.691
G 45.788 -20.14 -6.204
G 47.857 -17.332 -4.692
G 51.388 -17.159 -3.358
L 54.795 -15.573 -3.994
V 55.966 -14.659 -7.491
Q 58.51 -12.511 -9.29
A 57.299 -9.165 -10.589
G 56.243 -9.786 -14.193
G 55.129 -13.378 -13.632
S 51.524 -14.556 -13.511
L 48.981 -16.128 -11.179
R 45.491 -17.605 -11.508
L 43.183 -17.236 -8.515
S 40.147 -19.49 -8.178
C 37.057 -19.103 -5.994
A 34.721 -22.067 -5.485
A 31.098 -21.283 -4.606
S 28.865 -23.803 -2.82
G 25.301 -23.312 -1.623
R 22.655 -21.732 -3.846
T 23.097 -22.099 -7.613
F 26.281 -20.351 -8.749
S 24.685 -18.791 -11.845
D 22.401 -16.701 -9.604
Y 25.276 -14.56 -8.294
V 27.476 -11.789 -9.62
M 31.069 -12.593 -8.651
G 33.686 -10.003 -7.757
W 37.312 -9.773 -6.7
F 38.636 -7.338 -4.082
R 42.011 -6.878 -2.422
Q 43.364 -5.307 0.77
A 46.981 -4.158 0.589
P 48.846 -4.075 3.928
G 47.854 -0.994 5.892
K 45.815 0.312 2.974
E 42.071 -0.165 2.514
R 40.143 -2.883 0.674
T 39.76 -1.88 -2.976
F 37.672 -3.29 -5.815
V 39.413 -5.221 -8.584
A 36.99 -6.922 -10.966
R 33.389 -8.077 -11.308
I 31.623 -10.466 -13.684
G 27.955 -10.943 -14.495
W 25.81 -14.036 -14.117
S 26.484 -15.39 -17.618
G 30.037 -14.061 -17.892
D 29.165 -11.517 -20.576
L 29.234 -8.517 -18.224
T 32.647 -7.524 -16.858
Y 33.866 -4.418 -15.04
Y 37.474 -3.762 -14.043
A 39.299 -1.281 -11.862
D 41.723 0.862 -13.846
S 44.679 -0.511 -11.86
V 44.246 -3.911 -13.542
K 42.882 -3.06 -17.007
G 45.019 -4.786 -19.62
R 46.638 -7.169 -17.127
F 44.027 -8.999 -15.045
T 41.109 -10.939 -16.512
I 38.05 -12.215 -14.644
S 36.154 -15.254 -15.91
R 33.773 -17.885 -14.576
D 32.831 -21.5 -15.278
N 29.227 -21.988 -14.157
A 29.579 -25.74 -14.717
K 32.294 -25.818 -12.032
N 30.752 -23.192 -9.708
T 34.068 -21.35 -9.955
V 35.192 -17.819 -10.826
Y 38.774 -17.079 -11.851
L 41.154 -14.11 -11.897
Q 44.078 -14.515 -14.32
M 46.753 -12.06 -13.143
N 49.473 -11.259 -15.683
S 52.326 -8.747 -15.63
L 52.162 -8.808 -11.838
K 53.813 -5.848 -10.119
P 54.708 -5.272 -6.441
E 51.639 -3.008 -6.277
D 49.471 -6.129 -6.65
T 50.735 -7.455 -3.302
A 47.63 -7.911 -1.128
I 45.106 -10.368 0.274
Y 42.654 -11.068 -2.558
Y 39.033 -11.647 -1.564
C 36.233 -13.426 -3.409
A 32.768 -11.876 -3.189
A 29.31 -12.835 -4.425
D 26.051 -10.902 -4.693
E 22.744 -11.465 -6.46
R 22.833 -7.994 -8.061
W 25.014 -6.139 -10.563
G 26.287 -2.611 -10.089
T 26.471 -2.901 -6.299
G 29.717 -0.929 -6.153
G 31.62 -2.228 -3.156
K 28.669 -3.938 -1.457
F 28.552 -7.736 -1.699
D 26.426 -9.988 0.483
Y 29.01 -12.795 0.681
W 32.778 -12.925 1.069
G 35.584 -15.452 1.361
Q 38.397 -15.567 3.893
G 40.879 -14.572 1.181
T 44.266 -15.654 -0.134
Q 47.58 -13.797 0.068
V 49.442 -12.609 -3.028
T 53.015 -11.331 -2.759
V 55.09 -9.896 -5.609
S 58.76 -9.061 -5.109
S 61.975 -8.944 -7.159
