tag x y z
V 13.405 42.99 39.152
Q 11.993 45.367 41.805
L 9.528 45.158 44.678
V 8.496 48.499 46.207
E 6.518 48.85 49.45
T 4.364 51.918 50.137
G 1.694 52.986 52.594
G 3.496 53.081 55.965
G 3.52 55.877 58.51
L 1.967 56.947 61.81
V -1.276 55.598 63.296
Q -2.166 54.994 66.89
A -3.592 51.826 68.365
G -6.916 50.533 67.11
G -6.267 52.307 63.811
S -5.945 50.871 60.329
S -5.932 50.864 60.339
L -3.319 50.953 57.571
R -3.035 49.449 54.084
L 0.422 48.645 52.676
S 1.013 48.077 48.983
C 3.725 46.134 47.176
A 4.384 47.079 43.551
A 6.265 44.532 41.401
S 8.281 45.075 38.224
G 10.917 43.206 36.226
R 8.885 40.064 35.43
T 5.359 38.769 36.059
F 4.516 37.461 39.523
N 1.183 35.676 38.85
N 2.728 32.242 39.668
D 4.726 33.352 42.725
V 3.955 33.295 46.434
M 3.874 36.863 47.787
A 4.719 37.399 51.427
W 4.895 40.178 53.97
F 7.561 40.111 56.642
R 8.314 42.633 59.355
Q 11.416 43.543 61.357
A 10.777 45.354 64.631
P 13.664 47.075 66.474
G 15.121 44.797 69.157
T 13.185 41.776 67.837
E 14.036 39.497 64.863
R 12.589 39.371 61.296
E 9.129 37.797 61.613
F 6.785 36.248 59.015
V 3.48 38.194 58.84
A 1.403 36.869 55.936
L 1.555 34.992 52.669
I -0.714 34.701 49.62
T -0.511 31.961 47.009
A -0.873 32.449 43.239
G -4.564 31.578 43.434
G -5.315 33.716 46.473
G -4.8 31.301 49.379
T -3.911 33.282 52.495
H -1.827 32.188 55.484
Y -1.051 34.337 58.528
A 1.186 34.45 61.571
D -0.592 33.774 64.877
S 0.044 37.302 66.176
V -1.741 38.844 63.161
K -4.37 36.075 62.404
G -7.715 37.74 61.968
R -6.463 41.327 62.175
F -4.434 41.586 58.968
V -5.727 40.788 55.458
I -3.355 39.919 52.608
S -4.607 40.281 49.023
R -3.195 40.405 45.491
D -3.998 41.53 41.936
N -2.259 39.139 39.523
D -2.89 41.35 36.46
K -1.391 44.527 37.953
N 1.648 42.878 39.657
M 0.481 44.113 43.055
A 0.027 42.694 46.556
Y -1.586 44.356 49.573
L -1.533 44.038 53.358
Q -4.587 45.511 55.037
M -3.561 45.984 58.672
N -6.452 46.471 61.101
S -6.843 46.944 64.858
L -3.246 48.02 65.012
K -1.187 47.602 68.149
S 2.162 48.859 69.341
E 3.512 45.315 68.904
D 3.118 45.839 65.12
T 5.664 48.685 64.909
A 8.238 47.52 62.339
I 9.665 47.936 58.894
Y 7.444 45.811 56.651
Y 9.008 43.937 53.73
C 7.333 42.508 50.662
G 8.853 39.36 49.186
A 8.266 36.963 46.298
D 8.965 33.202 46.029
E 9.296 32.132 42.422
N 10.156 28.45 43.144
P 7.995 27.321 46.087
P 7.551 23.744 47.32
G 4.093 22.142 47.557
W 3.317 24.115 50.691
P 4.18 27.832 50.748
S 7.019 28.639 53.123
R 7.104 30.893 56.179
W 10.918 30.99 56.039
S 12.431 34.288 54.873
S 15.183 32.35 53.063
A 12.555 31.011 50.607
Y 11.833 34.462 49.156
D 14.08 35.345 46.232
Y 13.183 39.059 45.816
W 12.64 41.78 48.459
G 12.132 45.512 48.668
Q 13.835 47.929 50.965
G 10.65 48.142 53.043
T 8.109 50.58 54.525
Q 8.018 51.799 58.139
V 4.863 51.357 60.248
T 4.864 53.225 63.576
V 2.217 52.72 66.304
S 2.596 55.115 69.319
