tag x y z
V -24.752 -24.537 -20.74
Q -27.51 -22.602 -22.518
L -29.157 -19.238 -21.834
V -32.562 -18.45 -23.364
E -34.118 -14.992 -22.988
S -37.818 -14.225 -23.373
G -40.415 -11.628 -22.435
G -39.134 -8.645 -24.407
G -41.078 -6.505 -26.828
L -42.689 -3.132 -27.373
M -44.051 -1.323 -24.324
Q -45.523 2.086 -23.556
A -43.511 4.439 -21.362
G -44.394 4.159 -17.686
G -45.565 0.569 -18.124
S -44.087 -2.61 -16.71
L -42.418 -5.606 -18.345
R -41.08 -8.921 -17.04
L -38.039 -10.672 -18.521
S -37.015 -14.318 -18.184
C -33.839 -16.308 -18.811
A -33.713 -20.114 -18.867
V -30.582 -22.011 -17.817
S -29.912 -25.589 -18.925
G -26.942 -27.918 -18.579
R -24.584 -27.568 -15.604
T -27.35 -25.97 -13.566
F -25.76 -26.607 -10.148
S -22.595 -24.769 -11.257
T -24.351 -21.378 -11.106
A -22.84 -18.77 -8.776
A -24.591 -15.606 -9.986
M -26.74 -14.335 -12.844
G -26.628 -10.908 -14.435
W -28.698 -8.746 -16.775
F -27.039 -6.457 -19.321
R -28.316 -4.124 -22.03
Q -26.711 -2.434 -25.029
A -28.185 0.297 -27.19
P -27.016 0.179 -30.834
G -25.024 3.422 -30.809
K -23.744 2.939 -27.254
E -21.782 0.191 -25.499
R -22.942 -2.627 -23.243
E -23.795 -1.505 -19.711
F -24.504 -3.392 -16.501
V -28.103 -3.534 -15.27
A -28.527 -5.906 -12.331
A -27.109 -9.111 -10.885
I -28.158 -11.561 -8.176
R -26.201 -14.215 -6.302
W -27.653 -17.708 -6.627
S -27.018 -18.493 -2.96
G -28.841 -16.254 -0.493
G -30.411 -14.143 -3.244
S -28.737 -10.785 -2.614
A -29.057 -8.37 -5.525
Y -26.952 -5.526 -6.912
Y -28.43 -2.913 -9.242
A -27.021 -0.21 -11.47
D -27.825 3.346 -10.429
S -29.856 3.993 -13.596
V -32.379 1.257 -12.7
K -32.188 1.254 -8.889
G -35.687 1.5 -7.441
R -37.447 0.721 -10.738
F -35.996 -2.681 -11.683
T -36.105 -5.843 -9.577
I -34.12 -9.027 -10.23
S -35.058 -12.431 -8.818
R -34.514 -16.132 -9.41
D -36.168 -19.496 -8.764
K -33.542 -22.084 -7.839
A -35.786 -25.088 -8.511
K -36.719 -23.827 -11.986
N -33.279 -22.229 -12.579
T -34.481 -19.001 -14.165
V -33.612 -15.374 -13.398
Y -36.345 -12.751 -13.737
L -36.097 -8.995 -14.297
Q -39.057 -6.798 -13.372
M -38.992 -3.501 -15.311
N -41.429 -0.977 -13.826
S -41.735 2.653 -14.964
L -40.119 2.117 -18.356
K -38.362 5.166 -19.813
Y -37.305 5.926 -23.375
E -33.662 5.387 -22.375
D -34.45 1.774 -21.389
T -34.739 0.744 -25.063
A -31.961 -1.802 -25.632
V -31.242 -5.48 -26.233
Y -31.206 -7.195 -22.836
Y -28.789 -10.1 -22.349
C -28.623 -12.43 -19.353
A -25.287 -13.861 -18.24
Q -24.215 -16.76 -16.036
T -21.027 -17.365 -14.075
H -19.608 -19.933 -11.668
Y -17.213 -17.457 -10.027
V -17.987 -16.86 -6.346
S -16.831 -13.416 -5.213
Y -17.146 -12.441 -1.557
L -18.005 -8.91 -2.734
L -21.362 -8.719 -4.504
S -20.399 -5.527 -6.361
D -17.738 -7.423 -8.338
Y -20.459 -9.005 -10.493
A -21.099 -5.602 -12.103
T -17.687 -5.67 -13.825
W -16.825 -9.388 -13.833
P -16.679 -11.082 -17.268
Y -19.327 -13.789 -17.161
D -18.995 -17.293 -18.586
Y -22.056 -17.769 -20.815
W -24.365 -15.274 -22.513
G -27.78 -15.448 -24.138
Q -28.789 -14.394 -27.633
G -30.611 -11.381 -26.189
T -34.185 -10.107 -26.285
Q -35.357 -6.799 -27.732
V -36.967 -4.197 -25.463
T -38.445 -1.052 -27.027
V -40.127 1.713 -25.016
S -42.568 4.078 -26.726
