tag x y z
Q 32.815 -26.401 11.739
V 33.468 -23.013 10.035
Q 31.801 -21.757 6.814
L 32.957 -18.969 4.426
Q 30.996 -16.871 1.842
E 32.636 -14.365 -0.584
S 31.017 -11.356 -2.227
G 32.037 -8.168 -4.108
G 32.805 -9.902 -7.389
G 31.736 -8.303 -10.655
V 32.988 -6.809 -13.914
V 34.998 -3.575 -13.802
G 36.805 -1.85 -16.742
P 40.549 -2.204 -17.476
G 42.333 -0.276 -14.748
G 39.423 -0.322 -12.342
S 38.779 -1.008 -8.649
L 36.793 -3.687 -6.722
R 36.411 -4.78 -3.057
L 35.935 -8.482 -2.287
A 34.622 -9.617 1.128
C 34.389 -12.967 2.88
A 32.201 -14.064 5.811
F 33.59 -16.185 8.629
S 30.865 -18.009 10.529
G 30.515 -20.819 13.035
R 33.548 -20.225 15.302
T 35.762 -17.445 16.828
F 37.14 -15.397 13.915
S 40.003 -14.087 16.072
D 41.569 -17.573 16.298
Y 41.948 -17.919 12.525
W 44.274 -16.231 10.026
M 42.863 -15.421 6.58
A 44.045 -15.758 2.99
W 42.951 -14.943 -0.594
F 43.609 -17.007 -3.661
R 42.601 -16.838 -7.329
Q 42.068 -19.248 -10.221
T 42.447 -17.985 -13.787
P 40.734 -20.858 -15.697
G 43.333 -23.109 -17.304
E 46.2 -21.622 -15.295
E 47.556 -22.576 -11.843
R 46.119 -21.523 -8.467
D 47.616 -18.173 -7.39
F 48.201 -16.945 -3.848
V 46.874 -13.415 -3.553
A 47.016 -12.228 0.119
A 47.181 -13.414 3.777
I 46.514 -11.766 7.104
S 47.414 -12.677 10.683
R 44.964 -13.304 13.604
S 45.082 -9.653 14.801
G 45.643 -8.058 11.396
I 49.071 -6.607 12.255
T 50.944 -8.972 9.853
T 50.219 -9.313 6.071
S 51.942 -10.853 2.968
Y 50.998 -10.694 -0.751
G 51.46 -12.535 -4.046
D 54.456 -11.513 -6.171
F 52.048 -10.178 -8.848
V 50.28 -7.618 -6.604
E 53.304 -5.207 -6.659
G 51.342 -2.901 -4.287
R 47.855 -2.924 -5.885
F 45.853 -5.079 -3.425
T 45.327 -4.521 0.332
I 44.062 -7.202 2.782
T 41.986 -6.022 5.808
R 39.823 -7.673 8.527
D 37.127 -6.746 11.081
N 37.298 -9.207 14.009
A 34.085 -7.682 15.438
K 31.912 -7.892 12.292
N 33.599 -11.244 11.282
T 34.814 -10.334 7.724
V 38.055 -10.252 5.705
N 38.156 -7.751 2.819
L 40.452 -7.612 -0.214
Q 40.707 -4.161 -1.863
M 41.921 -4.529 -5.408
N 42.959 -1.471 -7.362
F 44.41 -1.018 -10.924
L 42.936 -4.341 -12.047
K 44.384 -5.289 -15.428
P 42.48 -7.775 -17.685
E 44.9 -10.585 -16.783
D 43.726 -10.32 -13.104
T 40.351 -11.877 -14.228
A 39.921 -15.063 -12.116
D 37.671 -16.743 -9.476
Y 38.828 -15.358 -6.071
Y 38.651 -17.885 -3.261
C 39.07 -17.115 0.42
A 40.755 -19.56 2.822
A 41.054 -19.715 6.604
G 43.592 -21.609 8.654
T 44.808 -21.997 12.223
S 48.395 -23.025 11.607
S 51.828 -21.33 11.735
F 51.83 -18.129 9.626
L 55.294 -19.074 8.24
R 54.181 -22.512 6.985
R 50.442 -22.061 6.331
E 47.912 -24.919 6.215
Y 44.66 -23.696 4.542
D 42.225 -25.801 6.552
Y 38.966 -24.213 5.281
W 37.861 -22.645 1.972
G 35.111 -20.45 0.426
Q 32.963 -20.835 -2.744
G 34.802 -18.165 -4.797
T 33.432 -14.974 -6.323
Q 33.95 -14.141 -10.04
V 35.909 -10.994 -10.91
T 36.271 -9.985 -14.571
V 38.391 -7.185 -16.059
S 36.717 -6.497 -19.395
S 38.676 -4.122 -21.702
A 35.322 -3.638 -23.586
