tag x y z
Q 139.345 -13.16 81.906
V 137.278 -15.92 80.136
Q 135.758 -18.339 82.662
L 133.353 -21.207 81.817
V 131.55 -23.227 84.58
E 129.541 -26.441 83.927
S 126.985 -28.144 86.283
G 124.239 -30.831 86.027
G 125.924 -34.117 85.021
G 126.149 -37.336 87.044
L 125.299 -41.036 86.907
V 122.098 -42.247 85.152
Q 120.537 -45.422 83.67
A 120.218 -46.188 79.927
G 116.986 -44.468 78.755
G 117.391 -41.484 81.14
S 117.888 -37.725 80.457
L 120.295 -35.075 81.811
R 120.544 -31.31 81.165
L 124.059 -29.986 81.429
S 124.396 -26.251 82.046
C 127.331 -23.858 81.503
A 127.629 -20.229 82.727
A 130.07 -17.786 81.12
S 131.892 -14.689 82.485
G 134.648 -12.143 81.708
F 133.494 -11.518 78.103
P 130.286 -10.556 76.142
V 129.099 -14.124 75.478
Y 125.841 -12.949 73.733
A 128.062 -12.275 70.623
Y 129.765 -15.767 70.698
E 128.852 -19.225 69.363
M 128.947 -21.966 71.998
Y 130.079 -25.55 71.464
W 129.966 -28.83 73.468
Y 132.432 -31.736 73.143
R 132.868 -35.124 74.841
Q 135.965 -37.273 75.308
A 135.401 -40.85 76.511
P 138.108 -42.297 78.843
G 141.222 -43.105 76.783
K 139.431 -42.296 73.478
E 139.789 -38.964 71.573
R 137.539 -35.921 71.88
E 134.332 -36.15 69.787
W 132.064 -33.191 68.892
V 128.482 -33.118 70.304
A 126.717 -29.795 69.53
A 127.025 -26.084 68.529
I 124.628 -23.07 68.889
S 124.393 -19.564 67.314
S 124.805 -16.184 69.114
S 121.064 -15.516 68.539
G 120.029 -19.179 68.853
T 118.418 -19.556 65.393
W 120.644 -22.419 64.143
A 122.142 -25.342 66.033
G 124.103 -28.315 64.65
Y 125.093 -31.716 66.005
A 127.141 -34.839 65.57
D 125.475 -37.779 63.691
S 125.692 -40.079 66.813
V 123.683 -37.333 68.703
K 121.309 -35.815 66.07
G 117.736 -36.957 66.811
R 118.382 -37.272 70.623
F 120.003 -34.17 72.32
T 118.48 -30.642 72.391
I 120.969 -27.675 72.74
S 119.618 -24.331 73.988
R 120.826 -21.04 75.494
D 119.65 -17.962 77.346
N 121.763 -14.874 76.634
A 120.113 -12.959 79.531
K 121.707 -15.323 82.127
N 124.902 -15.8 79.967
T 124.324 -19.543 79.866
V 124.266 -22.442 77.396
Y 122.529 -25.803 78.088
L 122.507 -29.283 76.507
Q 119.27 -31.19 77.257
M 120.578 -34.759 76.563
N 117.36 -36.85 76.116
S 117.267 -40.758 75.558
L 120.767 -41.47 76.926
K 122.652 -44.708 76.17
P 125.834 -46.491 77.536
E 127.936 -44.958 74.704
D 127.282 -41.397 76.062
T 129.641 -42.144 79.064
A 132.19 -39.29 78.609
V 133.565 -36.034 80.172
Y 131.432 -33.205 78.675
Y 133.291 -29.921 78.038
C 131.714 -26.485 77.292
N 133.803 -24.621 74.629
V 134.047 -21.306 72.716
K 136.484 -20.558 69.839
D 137.74 -16.95 70.071
W 139.287 -15.866 66.734
G 140.418 -12.52 68.195
A 139.714 -10.877 64.798
S 142.743 -12.949 63.596
W 143.65 -15.833 61.235
A 143.936 -18.315 64.23
Y 141.602 -19.247 67.152
Y 142.048 -19.924 70.868
D 139.93 -22.718 72.372
Y 138.58 -21.664 75.761
W 137.325 -24.648 77.792
G 135.118 -25.467 80.748
Q 135.99 -27.694 83.705
G 134.514 -30.869 82.184
T 131.449 -32.382 83.878
Q 131.072 -36.153 83.737
V 128.014 -38.024 82.504
T 128.036 -41.82 83.213
V 125.268 -43.949 81.655
S 124.599 -47.561 82.692
