tag x y z
T 26.082 -32.418 26.603
E 23.381 -34.837 27.764
E 23.395 -34.85 27.739
V 20.99 -33.073 25.371
Q 20.19 -35.007 22.2
L 17.874 -34.207 19.302
V 17.414 -37.221 17.011
E 15.498 -36.814 13.757
S 13.773 -39.647 11.905
G 11.317 -40.244 9.086
G 13.252 -39.191 6.003
G 13.483 -41.159 2.818
L 13.335 -41.055 -0.952
V 9.852 -40.342 -2.294
Q 8.143 -39.387 -5.541
A 7.131 -35.802 -6.213
G 3.623 -35.252 -4.865
D 4.069 -37.752 -2.038
S 4.061 -37.085 1.719
S 4.126 -37.041 1.691
L 6.471 -37.766 4.576
R 6.301 -37.188 8.334
L 9.542 -36.257 10.065
S 9.894 -36.548 13.819
C 12.458 -35.368 16.335
A 12.882 -37.022 19.718
A 14.303 -34.591 22.265
S 15.983 -35.69 25.458
G 17.93 -34.065 28.233
L 16.152 -30.717 28.206
T 13.095 -29.084 29.746
F 11.223 -29.442 26.482
S 8.307 -27.121 27.279
R 10.72 -24.177 27.586
Y 12.115 -24.392 24.034
A 10.906 -23.118 20.709
M 11.534 -25.931 18.219
G 12.54 -25.282 14.62
W 13.115 -27.256 11.451
F 15.874 -26.251 9.025
R 17.199 -27.854 5.87
Q 20.41 -27.933 3.868
A 20.786 -29.064 0.297
P 24.244 -29.852 -1.141
G 25.98 -26.678 -2.251
N 23.443 -24.421 -0.523
E 23.23 -22.611 2.791
E 23.219 -22.596 2.791
R 21.162 -24.117 5.588
R 21.169 -24.109 5.605
E 17.784 -22.421 5.648
F 14.689 -21.957 7.796
V 11.672 -24.223 7.238
A 9.354 -23.888 10.26
V 9.223 -23.056 13.966
I 6.753 -23.64 16.806
T 6.85 -21.725 20.082
A 7.435 -23.348 23.468
S 3.688 -23.29 24.205
G 2.736 -24.551 20.749
R 0.411 -21.559 20.349
R 0.398 -21.588 20.326
T 2.269 -20.029 17.372
T 3.748 -21.54 14.213
L 5.743 -19.875 11.435
Y 6.507 -21.351 8.004
A 8.935 -20.427 5.254
D 7.096 -18.959 2.277
S 8.08 -21.953 0.135
V 6.378 -24.523 2.413
K 3.363 -22.63 3.808
G 0.21 -24.634 3.113
R 2.143 -27.862 2.474
F 4.113 -28.469 5.676
T 2.68 -28.583 9.215
I 4.733 -28.376 12.431
S 3.461 -29.668 15.774
R 4.868 -30.752 19.121
D 3.952 -33.369 21.725
N 4.933 -32.197 25.179
N 4.875 -32.181 25.211
A 4.077 -35.525 26.835
K 6.495 -37.368 24.519
N 9.127 -34.609 24.047
T 8.747 -34.835 20.281
V 8.359 -32.438 17.373
A 6.825 -33.372 14.029
L 7.09 -31.944 10.522
Q 4.335 -33.244 8.252
M 5.411 -32.721 4.644
Q 2.807 -32.899 1.911
S 2.918 -32.37 -1.821
L 6.669 -32.806 -1.844
K 8.693 -31.24 -4.665
P 12.234 -31.869 -5.96
E 13.096 -28.465 -4.486
D 12.404 -29.938 -1.02
T 15.36 -32.358 -1.322
A 17.755 -31.702 1.565
V 19.012 -32.888 4.918
Y 16.426 -31.719 7.474
Y 17.538 -30.633 10.955
C 15.531 -30.06 14.121
A 16.851 -27.458 16.567
A 15.934 -26.037 19.979
D 15.895 -22.341 21.027
Y 15.674 -21.859 24.786
G 12.955 -19.393 25.731
T 9.179 -19.02 25.872
S 6.836 -16.595 24.107
R 9.17 -16.039 21.155
R 9.204 -16.045 21.175
Y 10.301 -17.592 17.887
T 12.962 -16.807 15.301
R 14.211 -17.838 11.869
R 17.782 -16.943 12.883
R 17.781 -16.952 12.866
Q 19.981 -20.026 13.223
S 22.519 -18.528 15.653
E 19.796 -18.403 18.301
Y 19.325 -22.196 18.522
E 21.253 -23.818 21.352
E 21.25 -23.82 21.356
Y 20.882 -27.436 20.23
W 20.903 -29.148 16.833
G 20.117 -32.636 15.614
Q 22.377 -34.402 13.139
Q 22.381 -34.376 13.134
G 19.759 -34.477 10.364
T 17.578 -36.848 8.332
Q 17.821 -37.024 4.545
V 14.81 -36.239 2.347
T 15.039 -36.86 -1.398
V 12.173 -36.109 -3.765
S 12.543 -37.649 -7.212
S 11.11 -36.126 -10.382
A 11.41 -39.412 -12.296
A 8.153 -40.828 -13.628
A 6.577 -43.663 -11.635
