tag x y z
T 43.427 -5.877 34.21
E 43.82 -2.436 32.619
E 43.818 -2.434 32.612
V 40.934 -1.225 34.799
Q 42.224 1.152 37.492
L 40.239 2.618 40.391
V 42.331 5.09 42.426
E 40.938 6.528 45.667
S 42.19 9.807 47.129
G 41.274 12.318 49.802
G 41.849 10.299 52.958
G 43.496 11.778 55.995
L 43.401 12.38 59.724
V 40.567 14.556 61.01
Q 38.935 15.439 64.313
A 35.507 14.172 65.321
G 32.828 16.456 63.913
D 35.008 17.367 60.922
S 34.291 16.553 57.276
L 36.322 14.982 54.471
R 35.748 14.382 50.754
L 36.965 11.179 49.135
S 37.333 10.762 45.389
C 37.89 7.862 43.013
A 39.431 8.26 39.562
A 38.426 5.397 37.271
S 40.154 4.382 34.06
G 40.127 1.492 31.637
L 36.389 0.808 31.784
T 33.236 2.275 30.266
F 32.429 4.167 33.459
S 28.824 5.087 32.628
R 27.883 1.383 32.437
R 27.879 1.385 32.44
Y 28.868 0.615 36.063
A 27.247 1.131 39.419
M 29.901 2.554 41.745
G 30.067 1.644 45.429
W 32.056 2.686 48.464
F 33.029 0.1 51.093
R 35.169 0.332 54.201
Q 37.224 -1.98 56.386
A 38.584 -1.331 59.825
P 41.269 -3.646 61.232
G 39.912 -6.917 62.58
N 36.454 -6.275 61.096
E 34.922 -7.411 57.834
R 34.665 -5.085 54.859
R 34.666 -5.074 54.876
E 31.238 -3.442 54.841
E 31.24 -3.431 54.852
F 28.932 -1.504 52.537
V 28.916 2.291 52.802
A 27.15 3.662 49.712
V 26.286 3.014 46.076
I 25.198 5.105 43.093
T 23.653 3.718 39.92
A 25.313 4.061 36.515
S 23.001 6.956 35.597
G 23.561 8.712 38.916
R 19.806 8.918 39.475
T 19.639 6.644 42.567
T 21.773 6.486 45.72
L 21.736 4.103 48.688
Y 23.491 4.503 52.047
A 24.316 2.146 54.884
D 22.252 2.86 58.009
S 25.402 3.919 59.891
V 26.217 6.753 57.459
K 22.81 7.729 56.052
G 22.25 11.431 56.541
R 25.971 12.12 56.98
F 27.572 10.832 53.771
T 26.773 11.884 50.191
I 27.763 9.894 47.104
S 27.915 11.389 43.609
R 29.537 10.656 40.256
D 30.656 12.611 37.189
N 30.347 10.429 34.081
A 32.091 13.048 31.922
K 35.201 12.931 34.142
N 35.087 9.281 35.29
T 35.082 10.197 38.958
V 33.088 9.146 42.021
A 32.937 11.218 45.217
L 32.07 10.493 48.851
Q 31.402 13.589 50.96
M 31.512 12.803 54.688
Q 30.132 15.199 57.302
S 30.054 14.94 61.09
L 32.763 12.298 61.181
K 33.046 9.977 64.174
K 33.06 9.993 64.179
P 35.831 7.719 65.465
E 33.682 4.745 64.415
D 34.208 5.916 60.797
T 37.954 5.143 60.928
A 38.728 2.595 58.206
V 40.318 2.013 54.832
Y 37.78 3.223 52.26
Y 37.466 1.412 48.93
C 35.642 2.28 45.72
A 34.344 -0.56 43.542
A 32.613 -0.998 40.176
D 29.639 -3.291 39.395
Y 28.938 -3.748 35.678
G 25.301 -3.037 34.819
T 22.868 -0.131 34.452
S 19.544 0.496 36.221
R 20.472 -1.519 39.32
Y 22.49 -1.38 42.519
T 23.501 -3.723 45.329
R 25.032 -3.694 48.801
R 26.865 -6.994 48.263
Q 30.601 -6.769 47.698
S 30.609 -10.147 45.92
E 28.837 -8.516 42.951
Y 31.532 -5.886 42.245
E 34.013 -6.878 39.554
E 34.0 -6.831 39.487
Y 36.654 -4.146 40.101
W 38.219 -2.736 43.296
G 40.446 0.191 44.169
Q 43.376 -0.183 46.55
G 41.867 1.928 49.335
T 42.556 5.179 51.193
Q 42.901 5.557 54.966
V 40.511 7.738 56.974
T 41.27 8.215 60.69
V 38.997 10.171 63.044
S 40.285 11.219 66.472
S 38.355 12.033 69.655
