tag x y z
Q 233.879 180.164 282.172
V 234.936 178.737 285.534
Q 233.893 175.08 285.824
L 233.647 173.761 289.391
V 233.467 170.063 288.582
E 232.876 167.994 291.725
T 233.804 164.322 291.98
G 230.883 161.979 292.519
G 230.313 160.329 295.875
G 228.925 156.821 296.234
L 227.37 155.009 299.171
V 229.813 154.15 301.97
Q 228.866 152.039 304.974
P 229.582 153.365 308.487
G 232.83 152.236 310.087
G 235.207 153.317 307.325
S 236.656 156.809 307.003
L 235.138 158.535 303.973
R 236.981 160.845 301.575
L 235.462 163.371 299.158
S 237.262 165.226 296.365
C 236.492 168.608 294.81
A 238.151 169.97 291.666
A 238.165 173.486 290.226
S 239.202 174.926 286.874
G 238.907 177.988 284.67
F 240.924 180.265 286.975
T 243.867 180.348 289.383
F 242.886 178.296 292.428
S 246.121 179.337 294.152
S 244.516 182.701 294.959
V 240.989 182.057 296.245
Y 239.78 179.445 298.732
M 236.783 177.131 298.401
N 234.529 176.383 301.374
W 232.594 173.12 301.666
V 228.966 173.799 302.611
R 225.91 171.615 302.498
Q 222.277 171.041 301.788
A 220.699 168.15 303.619
P 217.419 166.858 302.121
G 214.639 168.843 303.786
K 216.304 172.129 304.827
G 218.029 175.165 303.377
P 221.713 175.99 302.968
E 224.05 175.794 305.955
W 227.555 177.258 306.209
V 229.465 174.267 307.576
S 233.216 174.619 307.038
R 235.797 176.906 305.456
I 239.558 177.065 304.891
S 241.88 180.025 304.343
P 244.747 179.851 301.801
N 247.506 181.536 303.809
S 246.134 181.387 307.359
G 245.268 177.706 306.982
N 242.581 177.829 309.679
I 239.869 175.155 309.623
G 236.761 177.061 310.677
Y 233.49 175.145 310.904
T 230.295 175.044 312.922
D 230.388 174.046 316.58
S 227.74 171.345 316.133
V 230.178 169.649 313.715
K 233.296 169.785 315.919
G 235.605 166.799 315.628
R 234.141 164.921 312.653
F 235.34 166.734 309.492
T 238.748 167.809 308.181
I 239.664 169.684 304.997
S 242.913 169.827 303.036
R 243.608 172.079 300.042
D 246.264 171.035 297.508
N 247.321 173.958 295.322
A 249.674 171.784 293.262
K 246.815 169.35 292.64
N 244.377 172.305 292.534
T 241.824 170.39 294.578
L 240.153 170.066 297.971
Y 239.852 166.859 300.004
L 237.33 166.419 302.825
Q 237.884 163.53 305.244
M 234.983 162.591 307.52
N 234.91 159.727 310.026
N 232.292 158.239 312.355
L 229.773 159.43 309.773
K 226.171 159.378 311.001
P 222.947 159.046 308.974
E 222.151 162.744 309.445
D 225.359 163.449 307.505
T 223.52 162.367 304.337
A 223.564 165.537 302.242
L 225.084 167.369 299.282
Y 228.624 168.511 300.176
Y 229.377 171.221 297.615
C 232.229 173.69 297.138
A 231.641 177.434 296.903
I 233.98 180.379 296.446
G 234.003 181.486 300.074
L 234.28 185.08 301.251
N 233.824 186.679 304.663
L 230.062 186.799 304.091
S 229.989 183.44 302.266
S 226.324 184.05 301.411
S 224.691 183.408 298.027
S 228.091 182.842 296.419
V 228.984 180.852 293.318
R 228.733 177.097 293.819
G 228.865 173.842 291.895
Q 226.214 171.195 291.372
G 228.101 168.73 293.567
T 227.173 165.165 294.449
Q 224.853 163.986 297.219
V 226.364 161.391 299.567
T 224.167 159.206 301.772
V 224.79 156.742 304.601
S 223.225 153.329 303.933
S 222.862 150.997 306.914
