tag x y z
Q 4.527 116.169 45.981
V 6.962 118.764 47.354
Q 10.448 117.289 47.764
L 13.401 119.007 49.447
V 16.799 117.381 48.869
E 19.513 118.569 51.247
S 23.173 118.139 50.344
G 26.584 119.452 51.316
G 26.653 117.986 54.814
G 29.717 116.431 56.363
F 32.62 117.162 58.702
A 34.728 120.245 59.379
Q 37.354 121.169 61.943
A 36.751 124.002 64.394
G 36.861 127.248 62.448
G 36.274 125.366 59.195
S 33.583 125.939 56.601
L 30.692 124.048 55.035
R 28.066 124.871 52.411
L 24.657 123.203 52.554
S 22.341 123.116 49.543
C 18.636 122.342 49.162
A 16.996 121.516 45.831
A 13.211 121.893 45.777
S 10.482 120.766 43.402
G 7.536 122.86 42.281
S 6.953 125.748 39.893
T 6.335 128.515 42.469
F 9.682 128.307 44.287
R 10.416 132.023 43.837
F 7.215 133.028 45.684
R 7.969 130.934 48.776
A 9.915 131.39 51.983
M 12.774 128.957 52.553
G 14.455 128.192 55.853
W 17.152 126.061 57.439
F 16.614 124.313 60.774
R 18.912 122.139 62.868
Q 18.389 119.604 65.65
A 21.188 118.489 67.963
P 21.081 115.1 69.731
G 18.855 115.462 72.775
K 18.096 119.144 72.132
E 15.072 120.811 70.568
R 15.017 121.619 66.86
E 15.796 125.311 66.409
F 15.54 127.839 63.606
V 18.885 128.593 61.933
A 18.353 130.836 58.899
G 15.521 131.782 56.578
I 14.973 133.88 53.469
S 11.685 135.308 52.21
W 10.491 135.677 48.622
S 11.987 139.191 48.489
G 15.448 138.059 49.63
S 15.183 139.342 53.206
T 17.098 137.023 55.533
K 16.87 136.257 59.246
Y 19.223 134.315 61.504
T 19.303 132.879 64.998
D 21.599 134.778 67.338
S 24.256 132.065 67.645
V 24.995 131.996 63.882
K 24.786 135.703 63.004
G 27.784 136.852 60.955
R 29.064 133.299 60.482
F 26.226 131.895 58.347
T 24.877 133.283 55.07
I 21.684 132.016 53.423
S 20.939 132.636 49.742
R 18.566 131.385 47.056
D 18.875 130.723 43.317
N 15.324 131.038 41.987
A 16.474 129.911 38.532
K 17.631 126.577 40.009
N 15.101 126.172 42.872
T 18.026 125.959 45.301
V 18.766 127.549 48.667
H 22.318 127.605 50.016
L 23.593 127.99 53.58
Q 27.229 129.089 53.746
M 28.572 128.108 57.182
N 31.838 129.829 58.139
N 33.827 129.682 61.385
L 32.209 126.505 62.671
T 32.199 125.45 66.327
P 31.242 122.131 67.975
E 27.965 123.785 69.01
D 27.01 123.794 65.305
T 26.966 119.974 65.196
A 23.409 118.867 64.378
V 21.177 117.484 61.641
Y 20.282 120.418 59.391
Y 16.791 120.459 57.871
C 15.595 122.426 54.848
A 12.014 123.682 54.985
Q 9.717 125.443 52.518
S 6.704 127.582 53.404
R 3.697 128.099 51.165
A 3.697 131.723 52.326
I 6.04 134.335 50.902
E 7.32 135.059 54.428
A 7.67 132.842 57.496
D 9.255 133.3 60.925
D 8.129 130.447 63.187
S 8.503 126.751 62.399
R 4.702 126.445 62.293
G 4.759 128.489 59.075
Y 6.827 125.888 57.201
D 4.684 123.135 55.689
Y 7.29 121.112 53.757
W 10.418 119.574 55.282
G 13.396 117.664 53.933
Q 15.009 114.56 55.382
G 17.954 116.563 56.741
T 21.711 116.216 56.442
Q 24.338 115.547 59.101
V 26.855 118.249 60.053
T 29.68 117.436 62.475
V 32.238 119.946 63.772
S 35.294 118.904 65.772
S 36.537 120.544 68.975
H 40.163 120.71 67.787
H 42.262 123.275 65.918
