tag x y z
Q 299.674 370.739 372.397
V 299.771 367.549 374.486
Q 300.599 368.445 378.098
L 300.723 367.132 381.667
V 299.606 368.954 384.813
E 300.315 367.601 388.298
S 298.15 367.942 391.394
G 297.969 366.664 394.967
G 301.616 366.635 396.034
G 302.724 368.149 399.305
L 303.728 367.529 402.891
V 301.817 364.747 404.65
Q 301.922 362.702 407.847
A 302.084 358.911 407.898
G 298.616 357.369 407.627
G 296.829 360.029 405.556
S 294.341 359.893 402.692
L 294.298 362.137 399.616
R 293.863 362.334 395.817
L 296.899 362.288 393.522
S 296.262 363.494 389.955
C 297.862 363.72 386.514
A 295.642 365.622 384.082
A 296.342 365.421 380.351
S 294.309 366.648 377.385
G 294.328 366.331 373.611
F 294.259 362.52 373.372
P 292.114 359.633 374.677
V 293.371 357.623 377.635
E 291.897 354.225 376.717
S 294.068 354.325 373.587
E 296.913 352.405 375.27
N 298.461 351.341 378.576
M 299.991 354.063 380.76
H 302.241 353.596 383.794
W 303.514 355.529 386.801
Y 306.99 356.77 387.551
R 308.623 357.259 390.952
Q 311.93 358.878 391.877
A 313.796 358.486 395.167
P 317.503 359.026 395.913
G 319.31 355.753 395.292
K 320.452 353.396 392.534
E 317.821 353.957 389.84
R 314.193 355.028 389.452
E 311.713 352.628 390.945
W 308.315 351.516 389.564
V 304.919 351.499 391.317
A 301.936 350.639 389.13
A 300.16 350.626 385.772
I 296.697 349.688 384.584
Y 295.704 348.357 381.195
S 292.939 348.427 378.6
T 289.825 346.227 378.525
G 289.196 346.494 382.251
G 291.098 348.067 385.128
W 293.651 345.262 385.563
T 295.624 347.116 388.208
L 299.121 345.807 388.947
Y 301.351 346.722 391.89
A 304.958 345.977 392.798
D 305.831 343.449 395.497
S 306.414 346.15 398.145
V 303.013 347.847 397.618
K 300.614 344.95 398.34
G 297.062 346.179 398.79
R 297.556 349.839 399.747
F 296.957 352.086 396.719
T 293.321 352.345 395.61
I 292.481 353.948 392.272
S 289.137 355.473 391.242
R 288.932 356.416 387.745
D 286.979 359.056 385.847
N 286.103 357.668 382.431
A 283.743 360.447 381.329
K 286.428 363.159 381.351
N 289.544 360.95 381.026
T 290.911 361.672 384.51
V 293.052 359.678 386.951
Y 292.429 359.422 390.671
L 295.107 357.815 392.874
Q 294.276 357.26 396.532
M 296.837 356.456 399.233
N 296.463 354.306 402.346
S 298.68 353.33 405.319
L 301.78 355.38 404.601
K 305.254 354.491 406.062
P 308.319 356.612 405.559
E 310.901 355.402 403.042
D 308.703 356.235 400.016
T 309.519 359.953 399.979
A 309.505 360.536 396.263
V 308.716 362.547 393.149
Y 305.885 361.297 390.94
Y 305.332 361.269 387.167
C 302.73 359.594 384.96
A 303.951 358.291 381.601
V 301.692 357.608 378.606
Q 302.247 356.533 374.985
V 300.773 358.129 371.88
G 303.963 357.68 369.91
Y 306.859 359.847 371.061
W 308.124 359.318 374.599
Y 306.248 361.664 376.938
E 306.675 362.548 380.6
G 305.812 365.765 382.403
Q 307.271 367.591 385.386
G 306.112 365.461 388.323
T 305.196 366.373 391.876
Q 306.786 366.219 395.331
V 305.704 363.854 398.115
T 307.364 363.749 401.549
V 306.888 361.805 404.787
S 307.062 363.325 408.268
