tag x y z
Q 18.46 -0.515 33.28
L 19.455 3.144 33.815
Q 18.873 5.261 36.93
E 19.131 9.031 36.635
S 19.085 11.429 39.586
G 20.185 14.917 40.563
G 17.846 17.18 38.565
G 15.524 19.773 39.998
L 14.828 23.49 40.184
V 17.743 25.913 39.998
Q 18.477 29.622 39.483
P 20.208 31.029 36.394
G 23.928 30.86 37.025
G 23.513 27.921 39.407
S 24.852 24.363 39.409
L 23.496 20.821 39.446
R 25.211 17.433 39.337
L 23.346 14.704 37.489
S 24.17 11.034 37.996
C 23.563 7.928 35.949
A 23.863 4.446 37.434
A 24.043 1.991 34.534
S 24.342 -1.752 34.233
G 27.777 -3.209 33.649
S 26.891 -4.471 30.182
I 25.635 -1.055 29.076
F 28.522 0.797 30.718
S 31.791 -1.026 31.203
D 34.255 -0.227 28.375
N 31.683 1.779 26.338
D 31.452 5.464 25.618
M 28.819 7.022 27.824
G 27.053 10.245 27.145
W 24.432 12.634 28.367
Y 21.475 13.763 26.229
R 18.654 16.215 26.838
Q 15.097 16.814 25.604
P 13.88 20.415 25.862
P 10.107 20.908 26.111
G 8.349 20.529 22.778
K 11.59 19.493 21.03
Q 13.369 16.277 20.103
R 16.092 14.742 22.27
E 19.599 16.037 21.531
W 23.087 14.8 22.336
V 25.025 16.882 24.876
A 28.298 15.245 25.936
T 30.319 12.044 25.682
I 33.025 10.308 27.699
T 35.112 7.252 26.783
Y 36.275 4.496 29.122
Y 36.322 4.446 29.076
D 39.636 6.311 29.445
H 38.035 9.701 30.137
V 38.356 11.454 26.778
T 35.548 13.989 26.573
W 33.753 16.167 24.06
Y 30.684 18.403 24.321
A 27.962 19.991 22.246
D 28.467 23.608 21.266
S 25.763 25.039 23.591
V 27.227 23.539 26.798
K 30.978 23.362 26.068
G 32.994 25.118 28.745
R 30.106 25.087 31.268
F 29.282 21.36 31.601
A 31.684 18.601 32.636
I 31.087 14.871 32.133
S 32.868 12.276 34.286
R 32.599 8.608 35.153
D 33.333 6.129 37.933
N 34.383 2.876 36.267
A 34.291 1.067 39.605
K 30.658 2.147 40.122
N 29.405 1.898 36.494
T 28.195 5.462 36.93
V 28.363 8.605 34.762
Y 28.045 12.19 36.028
L 27.209 15.56 34.467
Q 28.327 18.608 36.481
M 26.305 21.591 35.189
N 27.643 25.095 35.852
D 26.626 28.635 34.937
L 23.186 27.262 34.077
K 20.888 29.157 31.686
P 17.134 29.012 31.064
E 17.879 27.385 27.665
D 19.245 24.377 29.601
T 15.76 23.391 30.857
A 15.106 19.865 29.611
V 14.854 16.265 30.633
Y 18.387 14.93 30.817
Y 19.013 11.303 29.906
C 22.163 9.18 29.831
N 22.833 6.198 27.601
A 25.604 4.405 25.791
V 26.9 7.139 23.618
P 27.142 5.514 20.215
G 23.451 6.305 20.661
R 20.582 4.002 21.494
R 17.071 3.567 20.181
G 14.512 2.123 22.485
S 16.798 1.818 25.422
W 16.081 4.953 27.454
G 15.453 5.723 31.107
Q 12.89 8.094 32.535
G 15.46 10.908 32.781
T 15.804 13.596 35.42
Q 14.012 16.912 34.9
V 16.083 20.117 35.113
T 14.291 23.468 35.369
V 16.034 26.857 35.403
S 14.259 30.142 36.16
S 13.91 33.039 38.615
