tag x y z
Q 81.958 -10.239 -1.541
L 81.546 -7.059 -3.636
Q 81.345 -3.771 -1.738
E 79.259 -0.82 -2.885
S 80.229 2.693 -1.937
G 79.334 6.239 -2.772
G 75.905 7.504 -2.181
G 74.506 9.441 0.681
L 72.147 12.376 0.738
V 71.515 14.643 -2.268
Q 69.076 17.366 -3.188
P 66.329 16.47 -5.675
G 67.898 17.023 -9.075
G 71.415 16.32 -7.792
S 73.827 13.553 -8.655
L 75.961 10.808 -7.142
R 78.536 8.344 -8.426
L 78.182 4.826 -7.059
S 81.173 2.514 -7.35
C 81.418 -1.292 -7.187
A 84.676 -2.939 -6.191
A 86.101 -6.123 -4.696
P 89.593 -5.672 -3.267
G 91.895 -8.409 -4.533
F 89.29 -10.031 -6.857
R 89.669 -9.068 -10.522
L 86.214 -8.206 -11.976
D 87.409 -8.024 -15.59
N 85.682 -11.322 -16.386
Y 82.318 -10.67 -14.719
V 79.01 -9.257 -15.73
I 78.242 -6.586 -13.149
G 74.701 -5.535 -12.302
W 73.243 -2.787 -10.14
F 70.026 -3.402 -8.226
R 68.157 -1.211 -5.778
Q 65.566 -1.775 -3.084
A 63.326 0.978 -1.796
P 61.45 0.956 1.517
G 59.117 -2.036 1.88
K 59.293 -2.787 -1.886
E 60.84 -5.52 -3.943
R 64.393 -5.327 -5.265
E 64.643 -4.18 -8.819
G 67.172 -3.964 -11.549
V 68.749 -0.63 -12.418
S 71.586 -1.231 -14.877
C 74.31 -3.693 -15.674
I 77.34 -3.999 -17.923
S 78.78 -6.982 -19.757
S 82.305 -8.204 -19.074
S 83.724 -6.632 -22.2
A 81.72 -3.411 -21.627
G 80.35 -3.842 -25.15
S 76.798 -3.724 -23.765
T 74.951 -1.691 -21.132
Y 71.369 -2.066 -19.964
Y 69.178 0.396 -18.106
A 65.808 0.177 -16.438
D 63.257 2.267 -18.282
S 62.605 4.506 -15.246
V 66.22 5.469 -15.391
K 67.181 5.724 -19.057
G 68.785 9.055 -19.904
R 69.778 9.878 -16.325
F 72.058 7.01 -15.265
T 75.276 5.844 -16.938
I 77.125 2.602 -16.065
S 80.749 2.086 -16.92
R 83.796 0.234 -15.821
D 87.483 0.32 -15.595
N 89.531 -2.836 -15.476
A 92.618 -1.023 -14.524
K 90.924 0.365 -11.518
N 88.865 -2.831 -11.204
T 85.736 -0.893 -10.561
V 82.264 -0.49 -12.037
Y 80.652 2.843 -11.657
L 77.188 4.112 -11.84
Q 76.757 7.809 -12.505
M 73.363 9.066 -11.313
N 72.208 12.411 -12.713
S 68.927 14.254 -12.16
L 68.091 12.166 -9.098
K 64.481 12.062 -7.964
P 62.847 11.153 -4.646
E 61.651 7.936 -6.271
D 65.318 6.917 -6.637
T 65.727 6.692 -2.856
A 66.762 3.12 -2.085
V 69.607 0.866 -1.006
Y 71.71 0.197 -4.099
Y 73.377 -3.163 -4.634
C 76.166 -4.568 -6.735
A 76.395 -8.152 -8.091
T 78.117 -10.321 -10.729
A 74.846 -10.805 -12.603
C 72.129 -8.812 -14.301
Y 69.471 -11.323 -13.191
S 68.644 -11.001 -9.498
S 67.828 -14.73 -9.283
Y 71.482 -15.536 -10.122
V 72.799 -13.617 -7.097
T 73.876 -15.662 -4.067
Y 75.199 -12.873 -1.77
W 73.874 -9.32 -1.355
G 76.096 -6.683 0.147
Q 75.291 -4.209 2.809
G 74.363 -2.03 -0.131
T 74.918 1.714 0.087
Q 72.092 4.13 0.939
V 70.93 6.735 -1.618
T 68.556 9.36 -0.265
V 67.122 12.103 -2.465
S 65.484 14.817 -0.408
S 65.473 18.509 0.431
G 66.052 17.978 4.161
R 69.833 18.416 3.878
