tag x y z
Q -9.066 66.953 -49.628
L -10.078 64.328 -47.063
Q -12.668 64.456 -44.287
E -12.974 61.863 -41.534
S -16.221 60.989 -39.764
G -17.834 58.263 -37.692
G -15.996 58.805 -34.412
G -17.62 58.891 -31.009
L -17.711 57.631 -27.44
V -18.005 53.868 -26.899
Q -17.854 51.209 -24.223
P -14.948 48.736 -24.153
G -15.794 45.925 -26.52
G -17.934 48.245 -28.643
S -17.704 48.987 -32.342
L -17.443 52.024 -34.608
R -17.117 52.51 -38.359
L -15.046 55.465 -39.559
S -15.46 57.018 -42.998
C -13.186 59.272 -45.001
A -14.532 61.138 -48.009
A -12.01 62.171 -50.657
S -12.72 65.137 -52.909
Q -10.403 64.03 -55.628
F -11.126 61.561 -58.32
T -7.464 60.399 -58.245
F -8.56 58.47 -55.136
S -8.976 55.201 -57.047
S -5.31 55.191 -58.133
D -3.978 55.906 -54.63
W -2.871 53.749 -51.759
M -4.725 54.96 -48.658
Y -3.893 54.825 -44.949
W -5.397 55.238 -41.489
V -3.282 56.823 -38.755
R -4.133 57.793 -35.184
Q -2.91 60.248 -32.559
A -3.259 58.89 -29.027
P -3.311 61.114 -25.91
G -0.076 63.079 -25.637
K 1.641 61.238 -28.497
G 2.53 61.724 -32.147
L 0.906 59.956 -35.079
E 1.063 56.171 -35.317
W 0.248 54.038 -38.36
V -2.901 51.923 -38.081
S -3.57 50.43 -41.516
S -2.78 50.477 -45.254
I -4.903 49.566 -48.287
S -3.895 49.225 -51.972
P -5.654 51.216 -54.752
G -8.247 48.531 -55.584
G -8.462 47.187 -52.016
A -7.055 43.703 -52.695
A -4.028 44.171 -50.378
T -4.166 45.394 -46.757
A -1.896 45.619 -43.701
Y -2.483 46.437 -40.022
A -0.496 47.581 -37.014
A 0.051 44.585 -34.759
S -1.976 46.223 -31.988
V -5.171 46.294 -34.124
K -4.717 43.327 -36.487
G -7.659 41.02 -35.759
R -10.051 43.799 -34.713
F -9.923 46.545 -37.37
T -10.82 46.168 -41.051
I -9.819 48.733 -43.689
S -11.883 48.924 -46.877
R -12.771 51.311 -49.626
D -15.358 51.964 -52.255
N -13.916 53.652 -55.192
A -17.237 54.502 -56.737
K -18.162 56.492 -53.727
N -14.598 57.742 -53.187
T -14.764 56.617 -49.613
L -12.404 54.895 -47.338
Y -13.588 52.99 -44.304
L -12.193 51.642 -41.054
Q -14.383 49.127 -39.253
M -13.29 48.961 -35.612
N -14.562 46.132 -33.47
S -13.687 44.748 -30.065
L -12.62 48.275 -29.113
K -10.267 48.739 -26.175
S -9.366 51.718 -24.011
E -5.982 52.03 -25.738
D -7.769 52.802 -29.042
T -8.711 56.278 -27.748
A -7.219 58.748 -30.217
V -7.914 61.259 -32.927
Y -8.088 59.176 -36.117
Y -7.055 60.442 -39.545
C -7.051 59.088 -43.072
S -3.967 59.877 -45.1
K -2.508 59.65 -48.535
T 0.844 58.433 -47.055
R 1.783 55.982 -44.293
A 3.374 58.872 -42.401
G 0.055 60.714 -42.033
T 0.772 63.741 -44.229
G -2.198 65.062 -46.157
R -4.793 64.117 -43.545
G -8.12 65.79 -42.887
Q -9.041 67.223 -39.474
G -9.751 63.792 -38.0
T -12.475 62.275 -35.857
Q -12.371 61.587 -32.118
V -12.694 57.983 -30.934
T -13.115 57.645 -27.148
V -13.294 54.196 -25.528
S -14.194 54.493 -21.855
S -16.317 52.588 -19.339
