tag x y z
Q 26.465 34.83 -56.574
L 24.785 37.227 -54.098
Q 25.821 38.407 -50.643
E 23.481 40.192 -48.272
S 24.711 42.402 -45.455
G 23.628 45.161 -43.113
G 21.514 43.091 -40.748
G 21.546 43.616 -37.046
L 19.937 44.214 -33.731
V 17.528 47.09 -33.615
Q 15.0 48.57 -31.389
P 11.328 48.816 -32.287
G 10.782 51.829 -34.54
G 14.354 51.836 -35.634
S 15.861 51.351 -39.01
L 18.441 49.552 -41.058
R 19.74 49.547 -44.569
L 20.431 46.186 -46.201
S 22.846 45.762 -49.092
C 23.267 42.91 -51.552
A 26.392 42.609 -53.714
A 26.061 40.77 -57.023
S 29.069 39.072 -58.632
Q 27.738 38.344 -62.117
F 27.905 40.905 -64.92
T 24.245 40.047 -65.698
F 22.961 42.107 -62.726
S 22.141 45.142 -64.903
S 22.141 45.142 -64.903
S 19.59 43.135 -66.93
D 17.985 41.29 -63.96
W 14.844 41.857 -62.001
M 15.845 41.669 -58.34
Y 13.857 40.97 -55.182
W 14.091 41.116 -51.4
V 12.469 38.183 -49.605
R 12.512 37.291 -45.926
Q 11.968 34.307 -43.666
A 10.728 34.897 -40.087
P 11.078 32.22 -37.377
G 8.92 29.209 -38.145
K 7.432 30.72 -41.317
G 7.964 30.323 -45.047
L 9.694 32.678 -47.425
E 7.717 35.874 -47.94
W 8.096 38.438 -50.707
V 9.128 41.925 -49.532
S 9.774 44.058 -52.632
S 9.835 44.079 -52.616
S 10.711 43.914 -56.325
I 12.773 46.146 -58.624
S 13.057 46.262 -62.407
P 16.447 46.162 -64.175
G 16.543 49.912 -64.811
G 14.973 50.81 -61.461
A 11.893 52.481 -63.006
A 9.347 49.981 -61.591
T 9.111 48.825 -57.97
A 6.534 46.913 -55.921
Y 6.134 46.247 -52.168
A 4.338 43.912 -49.793
A 1.444 45.835 -48.265
S 3.01 45.438 -44.795
V 6.119 47.429 -45.835
K 4.603 49.937 -48.272
G 5.54 53.465 -47.216
R 8.276 52.4 -44.782
F 10.655 50.274 -46.942
T 12.415 51.435 -50.139
I 14.099 49.151 -52.649
S 16.794 50.641 -54.91
R 19.742 49.487 -56.998
D 23.053 50.838 -58.321
N 23.886 48.905 -61.492
A 27.343 50.49 -61.795
K 28.208 48.993 -58.383
N 26.153 45.804 -58.989
T 24.484 46.416 -55.598
L 20.875 46.104 -54.425
Y 19.637 48.071 -51.39
L 16.731 47.975 -48.925
Q 16.04 50.881 -46.587
M 13.813 49.81 -43.781
N 12.168 52.071 -41.312
S 9.776 51.743 -38.458
L 10.819 48.281 -37.694
K 8.772 46.146 -35.402
S 9.343 42.799 -33.711
E 7.345 41.015 -36.486
D 9.924 42.295 -38.99
T 12.477 39.962 -37.366
A 13.727 37.531 -40.026
V 16.581 36.489 -42.267
Y 16.513 38.753 -45.314
Y 17.67 37.559 -48.729
C 18.101 39.121 -52.114
S 17.053 36.921 -54.984
K 16.499 36.731 -58.73
T 12.894 35.548 -58.322
R 9.945 36.609 -56.186
A 9.933 33.085 -54.716
G 13.511 33.469 -53.457
T 15.363 31.038 -55.718
G 19.001 31.979 -56.194
R 19.371 33.762 -52.841
G 22.56 34.465 -50.918
Q 23.263 33.375 -47.361
G 21.011 36.16 -46.085
T 21.474 38.642 -43.276
Q 19.352 38.564 -40.098
V 17.302 41.553 -38.887
T 16.463 41.249 -35.23
V 14.056 43.593 -33.608
S 13.381 43.523 -29.918
S 13.555 45.819 -26.921
