tag x y z
Q 6.628 39.14 -29.063
L 3.294 37.389 -29.406
Q -0.07 37.493 -31.173
E -3.033 35.309 -30.162
S -5.763 33.787 -32.336
G -8.228 30.89 -32.485
G -10.954 32.316 -30.265
G -14.658 32.396 -30.927
L -18.123 31.832 -29.506
V -18.932 28.215 -28.665
Q -21.606 26.291 -26.764
P -20.931 24.732 -23.323
G -19.162 21.409 -23.755
G -17.605 22.572 -27.017
S -13.957 22.967 -27.862
L -11.582 25.543 -29.317
R -7.895 25.568 -30.205
L -6.002 28.774 -29.533
S -2.788 29.651 -31.32
C -0.014 32.053 -30.433
A 2.638 33.068 -32.965
A 5.997 34.378 -31.723
S 8.299 36.638 -33.751
Q 11.716 35.891 -32.097
F 14.238 33.203 -33.021
T 14.722 32.577 -29.222
F 11.126 31.301 -28.841
S 12.259 27.668 -28.796
S 14.234 28.332 -25.582
S 14.238 28.326 -25.581
D 11.475 30.179 -23.671
W 9.004 28.906 -21.128
M 5.547 29.818 -22.412
Y 2.255 30.418 -20.621
W -1.439 30.989 -21.206
V -3.272 33.499 -19.002
R -6.837 34.724 -19.185
Q -8.879 37.699 -18.018
A -12.619 37.408 -17.37
P -14.884 40.495 -17.29
G -13.968 42.773 -14.394
K -11.349 40.415 -12.939
G -7.551 40.303 -12.993
L -5.235 38.199 -15.074
E -5.344 34.536 -14.147
W -2.763 31.891 -14.933
V -4.102 29.038 -17.072
S -1.148 26.936 -18.215
S 2.632 26.565 -18.525
I 4.94 24.661 -20.855
S 8.71 24.163 -20.791
P 10.862 25.225 -23.808
G 11.009 21.695 -25.257
G 7.429 20.806 -24.28
A 8.18 17.874 -21.945
A 6.698 19.599 -18.853
T 3.26 21.205 -18.59
A 1.212 22.617 -15.707
Y -2.397 23.753 -15.383
A -4.56 25.869 -13.13
A -6.788 23.623 -11.013
S -9.978 24.832 -12.743
V -8.828 23.665 -16.214
K -6.926 20.469 -15.299
G -8.009 17.524 -17.408
R -9.82 19.673 -19.988
F -7.151 21.98 -21.477
T -3.927 20.839 -23.129
I -1.006 23.193 -23.734
S 1.46 22.297 -26.5
R 4.018 23.922 -28.766
D 5.503 23.513 -32.236
N 8.946 24.995 -32.034
A 9.574 24.535 -35.762
K 6.552 26.814 -36.363
N 7.274 29.254 -33.466
T 3.71 28.556 -32.345
L 2.098 27.919 -28.953
Y -1.222 26.055 -28.618
L -4.001 25.657 -26.069
Q -6.589 22.981 -26.78
M -9.687 23.664 -24.777
N -12.192 20.832 -24.388
S -15.325 20.439 -22.283
L -15.655 24.215 -22.217
K -17.713 25.81 -19.447
S -19.388 29.212 -19.345
E -16.884 30.362 -16.685
D -14.1 29.783 -19.228
T -15.335 32.946 -20.99
A -12.447 35.424 -21.051
V -9.848 37.107 -23.202
Y -6.952 34.638 -23.48
Y -3.312 35.701 -23.873
C -0.027 33.912 -24.348
S 2.895 35.269 -22.385
K 6.493 34.744 -21.347
T 5.72 34.767 -17.582
R 3.019 33.284 -15.399
A 1.856 36.87 -14.694
G 1.068 37.647 -18.352
T 4.124 39.718 -19.255
G 4.694 40.275 -22.984
R 1.183 39.416 -24.137
G -0.424 40.202 -27.48
Q -3.892 41.614 -28.11
G -5.523 38.412 -26.862
T -8.326 36.417 -28.401
Q -11.878 36.328 -27.079
V -13.323 33.017 -25.911
T -17.064 33.19 -25.201
V -18.886 30.075 -23.978
S -22.575 30.956 -24.149
S -24.87 29.693 -21.398
G -27.841 29.529 -23.734
R -26.566 31.718 -26.609
