tag x y z
Q -17.283 33.196 8.867
V -14.712 35.694 10.182
Q -15.061 39.25 8.913
L -14.111 42.886 9.469
Q -16.854 45.436 8.744
E -15.985 49.121 8.246
S -18.4 52.021 8.727
G -18.224 55.783 8.989
G -17.07 56.752 5.502
G -18.783 59.24 3.254
L -18.388 62.646 1.647
V -16.592 65.35 3.602
Q -15.145 68.806 2.98
A -11.462 69.704 3.176
G -10.387 70.583 6.721
D -13.014 68.419 8.434
S -12.595 65.448 10.772
L -14.051 61.966 10.42
R -13.903 58.757 12.476
L -13.896 55.303 10.852
S -14.993 52.184 12.763
C -14.199 48.538 12.094
A -16.042 45.751 13.941
A -14.212 42.389 13.977
S -16.827 39.633 14.353
G -15.018 36.334 13.747
R -13.417 35.466 17.09
T -11.264 37.237 19.654
F -9.029 39.867 17.997
S -7.285 41.266 21.084
T -4.252 39.117 20.329
Y -4.008 40.37 16.793
P -2.327 43.5 15.398
M -4.956 45.612 13.645
G -4.662 48.503 11.258
W -5.838 50.487 8.254
F -4.875 50.616 4.663
R -6.169 52.81 1.877
Q -6.461 52.807 -1.818
A -6.749 56.029 -3.672
P -7.637 56.41 -7.313
G -5.117 54.728 -9.479
K -2.819 53.829 -6.663
E -1.897 50.732 -4.762
R -3.188 49.905 -1.328
E -1.109 51.843 1.039
F -0.374 51.641 4.695
V -2.089 54.161 6.931
A -1.83 53.0 10.561
A -1.402 49.901 12.683
S -1.788 49.115 16.388
S 0.069 46.377 18.299
S 2.728 46.997 20.925
R 2.342 50.632 19.807
A 0.747 52.775 17.126
Y 2.423 53.195 13.735
Y 1.543 55.8 11.116
A 2.481 56.455 7.51
D 4.366 59.726 7.121
S 1.504 61.119 5.026
V -0.936 60.986 8.003
K 1.32 61.505 11.069
G -0.02 64.158 13.382
R -3.435 64.26 11.691
F -4.732 60.683 12.207
T -4.998 58.485 15.32
I -5.591 54.718 15.484
S -7.273 53.232 18.552
R -8.871 49.985 19.683
N -11.734 48.907 21.91
N -10.681 45.376 22.829
A -13.879 44.56 24.704
K -15.934 45.509 21.629
N -13.497 43.823 19.21
T -13.181 47.097 17.229
V -10.507 49.362 15.792
Y -10.948 53.018 14.86
L -9.254 55.581 12.63
Q -9.73 59.16 13.857
M -9.049 61.577 10.982
N -8.397 65.344 11.294
S -7.445 68.125 8.845
L -8.648 66.091 5.866
K -7.224 66.871 2.406
P -8.332 65.868 -1.122
E -5.377 63.448 -1.37
D -6.889 61.527 1.569
T -9.746 60.5 -0.746
A -9.669 56.695 -0.925
V -11.304 53.423 0.021
Y -10.182 52.755 3.599
Y -9.627 49.099 4.527
C -9.525 47.617 7.998
V -6.941 44.815 8.41
A -5.875 42.245 10.987
D -2.902 39.926 11.46
S -3.849 36.577 12.991
S -0.393 35.029 12.672
P 1.717 33.992 15.688
Y 4.746 34.511 13.38
Y 6.407 37.839 12.564
R 4.548 40.096 10.135
R 5.522 43.55 8.842
Y 3.031 46.201 9.987
D 3.254 48.218 6.751
A 3.079 45.369 4.207
A -0.429 44.739 2.862
Q 0.357 41.091 2.1
D 1.249 40.395 5.751
Y -2.353 40.947 6.93
D -4.517 37.883 6.43
Y -7.876 39.474 7.322
W -9.228 42.344 5.218
G -12.445 44.292 5.466
Q -14.47 45.252 2.418
G -13.606 48.896 2.769
T -15.434 52.171 3.2
Q -15.183 55.128 0.815
V -13.962 58.493 2.139
T -14.164 61.457 -0.225
V -12.652 64.852 0.629
S -13.77 67.612 -1.76
S -11.608 70.679 -2.366
G -12.38 74.02 -0.729
