tag x y z
Q 35.031 31.685 -1.419
V 32.347 30.644 1.082
Q 32.518 26.982 2.006
L 31.235 24.503 4.523
Q 33.647 21.586 4.468
E 32.681 18.376 6.203
S 35.281 15.856 7.292
G 35.366 12.768 9.474
G 33.072 10.398 7.575
G 34.055 6.956 6.401
L 33.589 3.259 7.08
V 33.112 2.002 10.666
Q 31.741 -1.078 12.41
A 28.344 -1.199 14.055
G 28.792 0.106 17.578
D 31.79 2.306 16.698
S 31.863 6.101 16.765
L 32.696 8.865 14.304
R 33.087 12.596 14.726
L 31.952 14.774 11.857
S 33.437 18.249 11.626
C 32.102 21.112 9.56
A 34.669 23.814 8.904
A 32.85 26.959 7.889
S 35.176 29.138 5.811
G 32.986 31.884 4.574
R 32.928 34.411 7.368
T 30.926 35.177 10.541
F 29.414 31.76 11.076
S 29.305 32.421 14.806
T 26.029 34.224 14.446
Y 24.504 31.35 12.511
P 22.571 28.292 13.582
M 24.202 25.183 12.217
G 23.193 21.587 11.887
W 23.308 18.332 9.993
F 20.944 16.552 7.619
R 21.438 13.101 6.114
Q 20.21 11.369 2.957
A 20.082 7.586 2.945
P 20.185 5.586 -0.316
G 16.942 6.248 -2.201
K 15.418 8.227 0.7
E 14.867 11.939 1.238
R 17.084 14.343 3.178
E 16.361 13.915 6.895
F 17.05 16.248 9.825
V 19.69 14.963 12.252
A 20.718 17.721 14.673
A 20.928 21.51 15.007
S 22.616 24.018 17.32
S 21.528 27.564 18.177
S 20.191 28.615 21.608
R 20.23 24.876 22.39
A 20.748 21.545 20.689
Y 17.964 19.807 18.744
Y 17.958 16.155 17.709
A 15.866 13.903 15.536
D 14.243 11.203 17.676
S 16.238 8.449 15.936
V 19.59 9.851 17.176
K 18.738 11.071 20.691
G 21.2 9.721 23.26
R 23.656 8.614 20.557
F 24.574 11.799 18.656
T 25.75 15.045 20.243
I 26.11 18.315 18.345
S 28.567 20.907 19.618
R 30.297 24.013 18.335
N 33.684 25.757 18.569
N 33.321 29.397 17.422
A 37.053 30.144 17.677
K 37.751 27.602 14.907
N 34.414 28.387 13.125
T 33.435 24.725 13.312
V 30.444 22.625 14.346
Y 30.796 18.962 15.289
L 28.556 15.901 15.263
Q 29.799 13.219 17.642
M 28.151 9.968 16.571
N 28.192 7.068 19.012
S 26.689 3.571 18.946
L 26.425 3.715 15.176
K 23.959 1.442 13.391
P 23.744 0.342 9.735
E 20.55 2.421 9.576
D 22.802 5.489 10.099
T 24.571 4.887 6.763
A 23.979 7.984 4.634
V 25.515 11.085 3.16
Y 25.637 13.676 5.952
Y 25.304 17.385 5.025
C 26.365 20.344 7.157
V 23.863 23.213 7.066
V 23.863 23.213 7.066
A 23.904 26.838 8.225
D 21.168 29.482 8.569
S 22.309 32.99 7.647
S 18.933 34.682 8.07
P 18.194 37.261 10.794
Y 14.54 36.154 10.553
Y 13.014 33.099 12.182
R 13.909 29.775 10.542
R 12.628 26.298 11.512
Y 15.518 24.179 12.813
D 14.291 20.882 11.248
A 13.239 22.194 7.793
A 15.825 21.578 5.067
Q 14.57 24.512 2.974
D 15.094 27.008 5.842
Y 18.907 26.588 5.77
D 20.462 28.659 3.039
Y 24.012 27.185 3.136
W 24.676 23.499 2.396
G 27.908 21.545 2.456
Q 28.802 19.076 -0.282
G 28.265 16.11 2.061
T 30.372 13.346 3.558
Q 29.653 9.623 3.339
V 29.183 7.609 6.543
T 28.991 3.817 6.136
V 28.402 1.513 9.127
S 28.969 -2.215 8.514
S 26.597 -4.626 10.226
G 27.833 -6.761 13.121
R 27.073 -9.878 11.044
Y 29.845 -10.159 8.425
P 30.053 -12.649 5.486
