tag x y z
Q -24.835 6.832 -65.74
V -24.244 3.821 -63.485
Q -20.536 3.044 -63.853
L -17.986 1.078 -61.815
V -14.492 1.622 -63.238
E -11.797 -0.459 -61.555
S -8.084 0.333 -61.707
G -4.842 -0.442 -59.887
G -4.009 -3.758 -61.55
G -0.683 -4.687 -63.057
L 2.119 -7.232 -63.164
V 4.084 -8.103 -60.018
Q 6.546 -10.753 -58.886
P 5.494 -13.412 -56.349
G 5.242 -11.77 -52.947
G 4.532 -8.346 -54.441
R 1.866 -5.81 -53.549
L -1.114 -4.415 -55.445
R -3.732 -1.83 -54.448
L -6.992 -2.147 -56.355
S -9.562 0.627 -56.683
C -12.97 1.151 -58.278
A -14.625 4.537 -58.776
A -18.42 4.443 -58.51
S -21.058 6.725 -60.006
G -24.705 6.85 -60.985
F -26.36 5.323 -57.908
T -26.645 5.629 -54.122
F -23.22 4.362 -53.068
R -23.964 4.727 -49.345
T -26.703 2.064 -49.435
Y -24.897 -0.544 -51.564
A -22.558 -3.313 -50.475
M -19.283 -3.544 -52.402
Q -17.562 -6.759 -53.491
W -14.602 -8.053 -55.515
Y -14.508 -11.104 -57.798
R -12.059 -12.846 -60.123
Q -12.126 -14.949 -63.287
S -9.8 -16.366 -65.932
G -12.897 -20.313 -68.894
T -14.032 -20.419 -65.261
E -16.753 -18.911 -63.082
R -16.5 -15.579 -61.28
E -15.436 -16.353 -57.703
L -16.072 -14.082 -54.73
V -12.87 -12.683 -53.209
A -13.92 -9.89 -50.832
A -17.082 -8.116 -49.713
I -17.85 -5.207 -47.389
S -20.998 -3.851 -45.78
N -22.196 -0.368 -46.688
I -21.114 0.908 -43.246
G -19.703 -0.575 -40.049
G -16.807 -2.28 -41.814
V -18.334 -5.762 -41.78
T -16.073 -7.685 -44.17
D -16.183 -11.146 -45.733
Y -13.535 -13.033 -47.699
G -13.049 -16.182 -49.726
D -10.937 -19.1 -48.581
S -8.106 -18.458 -51.055
V -7.578 -14.881 -49.842
K -7.034 -15.844 -46.157
G -5.766 -12.668 -44.432
R -3.731 -11.453 -47.396
F -6.385 -9.237 -49.027
T -8.172 -6.436 -47.156
I -11.25 -4.706 -48.61
S -12.107 -1.136 -47.59
R -14.288 1.72 -48.815
D -14.619 5.514 -48.655
N -18.3 6.366 -49.139
A -17.564 10.101 -49.265
K -15.225 9.445 -52.212
T -17.473 6.591 -53.478
T -14.607 4.11 -53.839
V -14.01 0.483 -52.857
Y -10.424 -0.679 -52.33
L -8.602 -4.012 -52.328
E -5.165 -4.179 -50.692
M -3.431 -7.206 -52.245
N -0.284 -8.381 -50.452
S 1.783 -11.579 -50.673
L 0.652 -12.299 -54.224
K 1.047 -15.813 -55.608
P 0.689 -17.544 -59.007
E -2.811 -18.711 -58.044
D -3.973 -15.077 -57.789
T -3.377 -14.287 -61.486
A -6.851 -13.407 -62.778
T -9.168 -10.638 -63.945
Y -10.569 -8.991 -60.806
Y -14.059 -7.496 -61.174
C -15.791 -5.125 -58.782
S -19.531 -5.154 -58.107
A -22.118 -3.128 -56.177
V -25.142 -4.943 -54.71
R -28.268 -3.796 -52.854
L -30.388 -6.872 -53.475
P -32.045 -7.505 -55.817
Q -30.038 -4.853 -57.719
R -26.445 -5.626 -58.72
Y -24.067 -3.585 -60.87
W -20.793 -4.817 -62.354
G -17.491 -3.262 -63.343
R -15.241 -3.875 -66.326
G -12.439 -5.696 -64.495
T -8.72 -5.29 -63.895
Q -6.067 -7.811 -64.896
V -3.686 -8.937 -62.146
T -0.815 -11.159 -63.28
V 2.06 -12.5 -61.193
S 5.126 -14.355 -62.461
