tag x y z
V -19.694 21.132 -26.31
Q -18.527 24.48 -27.693
L -16.443 27.372 -26.419
Q -17.087 30.4 -28.631
E -14.896 33.498 -28.431
S -16.321 36.922 -29.239
G -15.286 40.557 -29.174
L -11.195 45.614 -25.99
R -13.196 43.039 -24.019
L -13.189 39.427 -25.185
S -15.966 37.036 -24.221
C -16.046 33.237 -24.268
T -19.521 31.7 -24.018
T -19.961 27.952 -23.598
S -22.671 25.65 -24.906
G -23.297 22.043 -23.893
L -21.107 22.341 -20.793
T -21.691 22.815 -17.069
F -19.859 26.143 -16.945
S -19.701 26.17 -13.134
N -17.721 22.889 -13.126
Y -14.819 24.393 -15.091
A -11.854 26.656 -14.646
F -11.152 28.818 -17.696
S -8.02 30.286 -19.259
W -7.133 32.592 -22.121
F -4.241 31.779 -24.444
R -2.961 33.56 -27.533
Q -0.807 32.839 -30.571
R 1.162 29.618 -28.178
E 1.404 31.731 -25.017
F -0.617 31.728 -21.811
V -2.504 34.935 -20.995
G -4.535 34.383 -17.832
A -6.521 31.867 -15.833
I -9.425 31.816 -13.379
S -10.229 28.991 -10.966
W -13.439 26.966 -11.14
S -14.766 28.715 -8.028
G -13.529 32.086 -9.297
G -11.541 32.732 -6.121
R -8.124 32.628 -7.813
T -6.685 34.303 -10.906
D -3.253 34.11 -12.523
Y -1.814 36.333 -15.253
A 1.184 36.041 -17.562
S 3.602 40.165 -20.115
V -0.001 41.157 -19.369
K -0.168 41.529 -15.57
G -1.753 44.859 -14.683
R -3.161 45.462 -18.182
F -5.591 42.537 -18.591
T -8.255 41.323 -16.154
I -10.045 37.959 -16.287
S -13.528 37.373 -14.88
R -16.396 34.889 -15.029
D -20.196 35.138 -14.909
N -21.633 31.704 -14.148
A -25.197 32.899 -14.78
K -24.334 33.808 -18.394
N -21.971 30.862 -19.074
T -19.411 33.484 -20.083
F -15.746 34.092 -19.25
Y -14.222 37.463 -20.053
L -10.872 39.062 -20.827
Q -10.835 42.821 -20.258
M -7.798 44.169 -22.123
N -6.438 47.659 -21.44
S -3.347 49.424 -22.812
L -3.017 47.024 -25.759
D -0.497 41.97 -28.061
T -1.784 41.221 -31.561
A -2.673 37.559 -32.087
V -5.52 35.028 -32.106
Y -6.947 34.663 -28.59
Y -8.348 31.284 -27.525
C -10.296 30.248 -24.431
A -9.84 26.861 -22.76
A -11.664 24.897 -20.051
D -10.174 22.783 -17.234
L -12.483 20.598 -15.12
L -12.465 21.752 -11.479
G -9.158 23.483 -12.169
E -7.316 25.788 -9.807
G -6.549 28.409 -12.465
S -3.092 27.288 -13.572
R -1.303 27.588 -16.905
R 0.143 24.095 -16.309
S -3.262 22.39 -16.168
E -4.705 19.881 -18.617
Y -7.411 21.647 -20.634
E -10.304 19.449 -21.786
Y -11.94 21.951 -24.162
W -10.763 24.823 -26.348
G -12.381 27.433 -28.559
Q -11.653 28.248 -32.187
G -10.011 31.606 -31.505
T -10.669 35.295 -32.144
Q -8.35 37.799 -33.84
