tag x y z
Q 37.542 3.205 -4.536
V 39.785 0.656 -2.878
Q 43.041 -0.132 -4.673
L 46.069 -2.225 -3.713
Q 49.011 -1.325 -5.957
E 52.186 -3.422 -6.015
S 55.551 -2.094 -7.178
G 59.231 -2.912 -6.923
G 59.315 -6.14 -8.959
G 60.981 -7.075 -12.213
L 64.147 -8.932 -13.162
V 66.946 -9.632 -10.669
Q 70.027 -11.826 -10.631
A 70.135 -14.888 -8.411
G 71.257 -14.038 -4.899
G 70.067 -10.428 -5.189
S 67.462 -8.365 -3.366
L 64.104 -6.805 -4.148
T 61.976 -4.445 -2.086
L 58.374 -5.097 -3.036
S 55.944 -2.322 -2.14
S 55.956 -2.315 -2.12
C 52.163 -2.387 -1.835
A 50.395 0.974 -1.527
V 46.79 1.023 -0.294
S 44.241 3.675 -1.341
G 40.658 4.371 -0.362
L 41.017 2.296 2.791
T 41.946 2.765 6.48
F 45.303 1.017 6.137
S 45.822 0.698 9.922
N 42.62 -1.416 10.119
Y 44.02 -4.129 7.83
A 46.421 -7.004 8.066
M 48.463 -7.242 4.862
G 49.605 -10.398 3.125
W 51.824 -11.352 0.213
F 50.975 -14.359 -1.985
R 52.678 -15.608 -5.12
Q 51.989 -17.814 -8.114
A 55.06 -19.485 -9.571
P 54.922 -21.141 -13.017
G 52.969 -24.386 -13.065
K 52.216 -24.124 -9.345
E 49.23 -23.161 -7.226
R 49.147 -19.753 -5.56
E 50.88 -19.927 -2.192
F 51.162 -17.873 0.97
V 54.444 -15.967 1.303
A 54.233 -13.608 4.296
A 51.831 -11.496 6.291
I 51.721 -8.914 9.076
T 48.845 -8.484 11.509
W 46.784 -5.301 11.483
D 48.62 -3.899 14.528
G 52.042 -5.15 13.411
G 52.407 -7.29 16.536
N 52.989 -10.545 14.637
T 54.482 -11.643 11.324
Y 54.14 -15.0 9.547
Y 56.165 -16.574 6.748
T 56.024 -19.721 4.727
D 58.905 -22.07 5.53
S 60.643 -21.675 2.169
V 61.178 -17.914 2.659
K 61.518 -17.67 6.446
G 64.688 -15.775 7.346
R 65.176 -14.613 3.727
F 62.11 -12.346 3.443
T 60.966 -9.672 5.88
I 57.493 -8.138 5.771
S 56.916 -4.75 7.377
R 54.458 -1.88 7.33
D 54.514 1.912 7.393
N 51.047 3.088 8.402
A 51.973 6.712 7.693
K 52.589 5.79 4.031
N 49.677 3.338 3.646
T 52.304 0.802 2.506
V 53.364 -2.76 3.319
F 56.808 -3.925 2.198
L 58.231 -7.345 1.415
Q 62.029 -7.241 1.612
M 63.297 -10.204 -0.436
N 66.96 -11.151 0.057
S 69.034 -14.074 -1.227
L 66.748 -14.574 -4.195
K 66.526 -17.945 -5.98
P 65.062 -18.954 -9.358
E 62.238 -20.751 -7.512
D 61.253 -17.321 -6.186
T 60.236 -16.322 -9.742
A 56.484 -15.684 -9.577
V 53.743 -13.102 -9.793
Y 53.473 -11.554 -6.314
Y 50.111 -10.344 -4.979
C 49.344 -7.897 -2.186
A 46.199 -8.58 -0.164
A 44.323 -6.973 2.736
K 42.226 -8.549 5.509
L 40.383 -6.498 8.112
L 41.918 -6.826 11.581
G 43.763 -9.988 10.563
S 45.415 -11.392 13.66
S 46.514 -15.035 13.311
R 48.593 -17.349 11.147
Y 45.505 -19.326 10.12
E 43.604 -16.243 8.878
L 46.51 -14.772 7.006
A 47.817 -17.954 5.384
L 44.645 -19.92 4.7
A 41.471 -17.825 4.979
G 40.043 -15.38 2.451
Y 41.094 -11.742 2.274
D 38.978 -8.648 1.646
Y 41.012 -6.919 -1.072
W 43.623 -8.058 -3.584
G 46.14 -6.22 -5.724
Q 46.664 -6.987 -9.404
G 50.059 -8.59 -8.838
T 53.496 -7.811 -10.167
Q 56.01 -10.034 -11.875
V 59.305 -10.94 -10.222
T 61.876 -12.803 -12.325
V 64.999 -14.256 -10.689
S 67.462 -15.115 -13.47
S 70.6 -17.177 -12.903
H 71.502 -16.189 -16.501
