tag x y z
Q 45.133 55.398 57.132
V 47.3 52.354 57.79
Q 45.09 49.251 58.024
L 45.604 45.786 59.443
Q 42.835 43.508 58.163
E 42.218 40.073 59.64
S 40.328 37.335 57.839
G 39.682 33.609 58.051
G 37.561 33.401 61.181
G 34.306 31.556 61.567
L 32.5 28.705 63.303
V 34.778 25.615 63.518
Q 34.522 22.277 65.252
A 36.848 21.48 68.115
G 39.844 19.34 67.208
G 40.528 20.632 63.691
S 42.493 23.497 62.203
L 41.915 27.057 60.991
R 44.155 29.577 59.232
L 43.858 33.261 60.052
S 45.446 35.926 57.881
C 46.237 39.567 58.551
E 47.148 41.864 55.686
A 48.811 45.231 56.301
S 48.042 48.118 53.948
G 49.703 51.52 53.873
L 52.669 50.292 55.855
T 56.22 49.089 55.237
F 55.637 45.522 56.443
S 59.366 44.729 56.719
N 59.75 47.499 59.339
Y 57.304 45.883 61.802
A 57.096 42.944 64.154
M 53.661 41.352 63.791
A 51.597 39.717 66.524
W 48.289 38.028 67.171
F 46.253 38.788 70.289
R 42.823 37.488 71.248
Q 39.968 38.835 73.348
A 36.999 37.054 74.761
K 38.28 38.209 79.66
E 41.129 40.643 79.057
R 43.028 40.741 75.78
E 45.893 38.224 75.666
F 49.003 37.719 73.538
V 48.809 34.624 71.315
A 51.841 34.665 68.981
G 54.363 37.061 67.522
I 57.186 37.38 64.987
I 57.185 37.341 65.03
S 60.094 39.777 65.215
W 60.539 42.534 62.636
T 63.409 40.605 61.059
G 61.301 37.423 60.915
S 64.067 35.536 62.735
R 62.289 34.933 66.079
T 58.801 33.661 66.871
T 58.78 33.685 66.875
Y 57.065 33.56 70.26
Y 53.892 31.907 71.572
A 51.698 32.114 74.65
D 52.018 29.081 76.877
S 48.297 28.4 76.189
V 48.917 27.805 72.485
R 52.541 26.673 72.218
G 52.732 23.433 70.274
R 49.189 23.962 68.922
F 49.381 27.201 66.945
T 52.109 28.43 64.606
T 52.702 31.83 63.022
S 54.567 32.945 59.915
R 54.892 36.003 57.719
D 55.089 36.441 53.943
G 56.82 39.674 53.057
H 55.72 39.479 49.428
K 52.066 39.639 50.499
N 52.347 41.986 53.521
T 50.598 39.222 55.482
V 51.069 37.454 58.795
Y 49.315 34.15 59.441
L 48.096 32.244 62.494
Q 47.79 28.514 61.843
Q 47.812 28.495 61.834
M 45.525 27.137 64.551
N 45.444 23.421 65.379
D 43.863 21.299 68.087
L 41.142 23.914 68.441
K 39.423 23.975 71.837
P 36.392 25.824 73.211
E 38.846 27.957 75.226
E 38.782 27.993 75.229
D 40.155 29.322 71.91
T 36.876 31.088 71.115
A 37.632 34.803 70.885
V 38.077 37.779 68.594
Y 41.586 37.42 67.11
L 43.412 40.716 66.511
C 46.523 41.534 64.483
C 46.522 41.535 64.486
A 49.016 44.13 65.722
A 52.212 45.751 64.41
D 55.199 46.984 66.464
L 57.879 49.108 64.761
L 61.246 47.294 64.74
G 59.871 45.104 67.483
S 60.941 41.834 69.049
G 57.761 39.921 68.219
K 56.986 39.564 72.019
D 54.375 40.983 74.375
G 56.407 42.191 77.445
T 57.36 45.845 77.158
S 56.185 46.195 73.569
V 53.891 48.993 72.438
Y 52.011 48.146 69.241
E 51.506 51.134 66.971
Y 48.758 49.612 64.809
W 45.869 47.226 65.486
G 43.263 45.469 63.363
Q 39.617 45.242 64.247
G 39.677 41.451 64.581
T 38.14 38.257 63.231
Q 35.807 36.084 65.323
V 36.724 32.441 65.909
T 34.06 30.282 67.552
V 35.009 26.697 68.428
S 32.043 24.358 68.835
S 32.175 21.215 70.846
H 28.652 20.122 69.932
H 27.551 18.503 66.693
