tag x y z
Q 72.249 66.618 33.098
V 74.049 68.66 35.76
Q 75.254 71.851 34.119
L 77.299 74.812 35.327
Q 76.994 77.728 32.943
E 79.026 80.87 33.215
S 77.766 84.199 31.919
L 80.408 87.21 36.46
S 77.715 84.632 37.211
C 77.676 80.824 37.279
E 74.271 79.077 37.451
A 74.032 75.433 38.505
S 71.283 73.287 36.988
G 70.338 69.771 38.005
L 72.185 69.975 41.324
T 71.454 70.618 44.996
F 73.368 73.909 45.111
S 73.495 73.981 48.914
N 75.468 70.701 48.972
Y 78.383 72.181 46.977
A 81.292 74.489 47.414
M 81.758 76.565 44.297
A 85.018 77.804 42.832
W 86.3 79.884 39.92
F 89.33 78.725 37.89
R 91.216 80.259 34.903
Q 93.379 78.959 32.027
E 94.792 77.868 37.97
F 92.479 78.431 40.962
V 91.057 81.966 41.193
A 88.473 82.01 43.985
G 86.164 79.764 45.943
I 83.39 79.638 48.526
S 82.639 76.89 51.048
W 79.561 74.676 50.806
T 78.092 76.425 53.868
G 78.672 79.871 52.28
S 80.763 80.982 55.258
R 84.367 81.02 53.914
T 86.054 82.576 50.813
Y 89.496 81.772 49.272
Y 91.596 83.502 46.604
A 94.676 83.007 44.495
D 97.483 85.283 45.695
S 97.515 86.872 42.228
V 93.914 88.024 42.521
R 93.762 89.0 46.266
G 91.623 92.157 46.869
T 83.12 85.806 45.038
S 79.567 85.401 46.365
R 76.564 83.041 46.151
D 72.727 83.313 45.982
G 71.162 80.033 47.14
H 67.724 81.081 45.903
K 69.089 81.419 42.358
N 71.575 78.492 42.355
T 74.179 81.063 41.306
V 77.719 81.974 42.342
Y 79.024 85.411 41.407
L 82.456 86.933 40.912
Q 82.425 90.748 41.354
M 85.603 91.655 39.331
N 87.05 95.137 39.818
D 93.755 88.115 33.858
T 93.16 87.261 30.218
A 91.955 83.648 30.166
V 88.873 81.459 30.003
Y 87.309 81.6 33.489
L 85.668 78.334 34.611
C 83.074 77.456 37.254
A 83.467 74.329 39.376
A 81.509 72.575 42.15
D 82.923 70.41 44.957
L 80.593 68.303 47.113
L 80.613 69.524 50.747
G 83.854 71.28 49.948
S 85.921 73.869 51.79
G 85.933 76.409 48.983
K 89.639 76.109 48.222
D 91.686 74.197 45.643
G 94.53 72.583 47.575
T 93.508 68.907 47.941
S 89.995 69.186 46.579
V 88.414 67.49 43.584
Y 85.745 69.329 41.688
E 82.968 67.012 40.589
Y 81.385 69.429 38.074
W 82.906 71.975 35.681
G 81.469 74.689 33.474
Q 82.492 75.507 29.906
G 84.076 78.84 30.803
T 83.564 82.465 29.796
Q 86.384 84.194 27.926
