tag x y z
V -34.674 64.225 40.832
Q -35.186 61.77 43.711
L -37.381 58.66 43.71
Q -38.862 57.108 46.867
E -40.815 53.907 46.716
S -43.338 52.818 49.313
G -45.972 50.164 49.853
G -43.698 47.136 50.189
G -43.601 44.685 53.048
L -44.778 41.182 53.873
V -47.703 39.546 52.106
Q -49.115 36.035 51.987
A -49.004 34.063 48.747
G -52.03 34.868 46.616
G -52.302 38.331 48.2
S -51.82 41.698 46.501
L -49.68 44.815 47.021
R -49.535 48.227 45.365
L -46.075 49.806 45.187
S -45.825 53.583 44.805
C -42.907 55.674 43.602
A -43.085 59.45 43.938
A -40.585 61.706 42.217
S -39.504 64.913 43.918
E -40.209 67.181 40.93
R -42.711 67.769 38.12
T -39.84 66.662 35.848
F -41.559 63.271 36.341
S -43.877 63.953 33.394
S -40.878 63.985 31.064
L -39.535 60.645 32.376
G -40.17 57.088 31.339
M -40.679 55.03 34.497
G -39.8 51.444 35.308
W -39.787 48.83 38.039
F -36.878 46.439 38.521
R -36.62 43.62 41.062
Q -33.609 41.838 42.551
G -34.325 38.474 44.151
P -32.128 37.114 46.947
G -28.888 35.857 45.43
K -30.056 36.744 41.905
E -29.248 39.647 39.631
R -31.618 42.554 39.229
E -34.166 42.194 36.433
F -36.83 44.109 34.532
A -40.416 43.906 35.807
A -42.513 46.666 34.21
A -42.191 50.039 32.55
I -44.396 52.791 31.188
S -43.5 55.289 28.489
W -42.956 58.948 29.379
S -46.373 59.747 27.894
G -48.189 56.826 29.52
V -49.217 55.566 26.065
S -47.335 52.22 26.254
T -46.563 49.683 28.969
Y -44.154 46.768 29.073
Y -43.951 43.72 31.332
A -41.539 40.893 31.974
D -43.104 37.608 30.927
S -43.051 36.332 34.514
V -45.421 39.128 35.616
K -47.626 39.651 32.545
G -51.294 39.402 33.485
R -50.503 39.764 37.217
F -48.829 43.198 37.445
T -50.117 46.543 36.243
I -48.019 49.681 35.943
S -49.625 53.112 35.692
R -48.672 56.724 36.21
D -50.214 59.932 37.554
N -48.265 62.985 36.397
D -50.356 65.279 38.635
K -48.943 63.435 41.672
N -45.48 62.781 40.14
T -46.1 59.128 40.98
V -45.772 55.762 39.231
Y -47.605 52.705 40.59
L -47.109 48.94 40.378
Q -50.238 46.947 41.214
M -49.057 43.402 41.97
N -51.763 40.714 42.076
S -51.528 36.97 42.808
L -48.113 37.094 44.445
K -46.057 33.909 44.838
P -42.916 33.234 46.902
D -40.768 33.647 43.771
D -41.804 37.324 43.628
T -39.826 37.973 46.816
A -37.24 40.639 45.98
V -36.106 44.196 46.503
Y -38.211 46.264 44.08
Y -36.554 49.375 42.614
C -38.295 52.305 41.012
A -36.341 53.915 38.176
A -36.667 56.847 35.771
T -35.114 57.398 32.336
S -34.758 60.687 30.496
S -35.163 58.84 27.18
W -38.463 59.048 25.307
N -37.521 55.963 23.262
D -39.574 52.992 24.439
M -36.626 50.69 23.741
A -34.83 52.382 26.631
L -37.464 51.091 29.059
K -36.623 47.395 29.102
S -33.008 47.529 30.309
A -31.756 49.02 33.574
G -28.7 50.544 31.843
W -30.73 53.333 30.17
Y -32.219 54.699 33.422
E -30.329 57.545 35.096
Y -32.432 57.763 38.276
W -32.974 55.06 40.885
G -34.896 54.754 44.107
Q -33.345 53.01 47.066
G -35.48 49.887 46.661
T -38.167 48.384 48.901
Q -38.386 44.82 50.195
V -41.323 42.67 49.101
T -41.469 39.316 50.905
V -44.108 36.726 49.997
S -44.484 33.764 52.348
S -46.207 30.476 51.516
