tag x y z
Q 296.879 293.554 285.485
V 298.271 296.378 283.35
Q 299.712 295.155 280.042
L 301.749 297.271 277.619
V 302.439 296.542 273.949
E 304.66 298.516 271.562
T 304.399 298.299 267.773
G 305.892 300.133 264.819
G 309.305 298.57 264.278
G 310.789 299.413 260.894
F 314.132 299.605 259.111
V 314.757 302.216 256.408
Q 317.474 304.594 255.235
P 317.865 307.887 257.146
G 315.476 310.679 256.229
G 312.244 308.668 256.297
S 309.199 308.671 258.554
L 308.559 306.425 261.555
R 305.455 305.685 263.622
L 305.25 304.05 267.057
S 302.084 302.9 268.826
C 301.822 302.075 272.534
A 298.678 300.266 273.69
A 297.786 299.694 277.348
S 295.206 297.226 278.654
G 293.739 296.694 282.104
V 294.528 300.2 283.373
T 292.703 301.088 286.598
L 294.128 304.63 286.882
D 292.042 307.561 285.66
Y 295.068 309.837 285.152
Y 298.63 308.764 284.387
A 301.834 309.888 282.682
I 302.972 307.831 279.678
G 306.605 308.021 278.621
W 309.009 306.581 276.069
F 312.443 305.313 277.137
R 315.084 304.186 274.646
Q 317.95 301.788 275.344
A 320.689 300.559 273.028
P 323.419 297.918 273.434
G 326.523 299.642 274.759
K 324.859 302.766 276.19
E 322.822 303.635 279.269
R 319.111 304.419 279.724
E 317.733 307.914 279.111
G 314.256 309.356 278.664
V 313.26 311.297 275.558
S 309.612 312.278 276.079
C 306.606 311.735 278.32
I 303.085 313.177 278.328
G 300.38 313.625 280.94
S 296.822 312.4 280.452
S 295.113 315.219 282.385
D 295.087 317.561 279.375
G 298.1 316.579 277.243
R 301.15 318.624 278.252
T 304.465 317.039 277.284
Y 308.005 316.979 278.661
Y 310.891 316.407 276.261
S 314.658 316.747 275.957
D 316.645 319.04 273.645
S 317.029 316.386 270.914
V 313.372 316.551 269.821
K 314.028 319.357 267.283
G 310.243 319.613 266.852
R 310.029 316.449 264.727
F 308.312 314.327 267.417
T 304.505 314.535 267.296
I 302.673 312.674 270.075
S 298.911 312.091 270.217
R 296.776 310.365 272.858
D 293.682 308.492 271.654
N 291.506 308.331 274.767
A 288.844 306.172 273.094
K 291.413 303.471 272.276
N 293.781 304.44 275.138
T 296.666 304.539 272.663
V 299.804 306.673 272.351
Y 300.739 307.427 268.734
L 304.123 309.011 267.991
Q 305.231 310.108 264.521
M 308.695 311.382 263.631
N 310.808 312.315 260.604
S 314.457 313.231 259.94
L 315.934 309.945 261.118
K 318.959 310.341 263.396
P 321.643 307.619 263.584
E 321.968 307.98 267.373
D 318.246 307.301 267.953
T 318.445 303.616 266.963
A 317.489 301.597 270.05
V 314.701 299.628 271.727
Y 311.789 301.81 272.846
Y 309.651 301.009 275.896
C 306.446 302.828 276.855
A 305.58 303.035 280.547
L 302.821 304.709 282.553
T 303.167 306.076 286.084
V 300.669 307.432 288.596
G 300.049 311.172 288.698
T 300.77 313.678 291.452
Y 298.183 315.826 293.245
Y 299.299 318.868 295.242
S 297.16 321.78 296.483
G 294.565 321.25 293.764
N 297.231 321.122 291.041
Y 298.298 318.196 288.865
H 302.016 317.487 288.459
Y 303.491 314.345 286.908
T 306.747 312.806 288.127
C 308.451 311.262 285.083
S 311.669 309.689 286.348
D 314.006 306.756 285.74
D 312.462 304.46 288.35
M 309.28 302.858 287.028
D 306.569 300.57 288.386
Y 305.544 298.707 285.216
W 307.274 297.757 281.975
G 306.415 296.414 278.543
K 308.052 294.708 275.587
G 309.305 297.609 273.488
T 310.178 297.719 269.807
Q 313.588 297.794 268.13
V 314.394 300.545 265.616
T 317.679 300.508 263.684
V 318.53 303.059 260.984
S 321.844 303.167 259.125
S 323.261 304.365 255.817
