tag x y z
Q 311.703 283.331 229.606
V 309.524 281.609 232.208
Q 308.232 278.244 230.985
L 305.836 275.911 232.781
V 305.238 272.256 231.966
E 302.509 270.135 233.561
T 302.233 266.362 233.397
G 299.691 263.98 234.865
G 296.443 264.92 233.175
G 294.039 262.434 231.672
L 290.95 260.321 232.235
V 289.7 259.518 235.729
Q 288.104 256.307 236.97
P 285.268 256.477 239.489
G 287.145 257.28 242.62
G 290.601 257.409 241.028
S 293.62 259.449 242.073
L 295.926 261.528 239.89
R 299.242 263.298 240.296
L 300.305 266.493 238.566
S 303.806 267.937 238.374
C 304.726 271.428 237.211
A 308.436 271.753 236.453
A 309.181 275.443 236.16
S 312.385 276.7 234.599
G 314.189 279.912 233.759
F 313.851 281.342 237.284
T 314.305 280.504 240.959
F 311.711 277.86 241.843
S 312.495 277.765 245.562
S 311.741 281.417 246.233
Y 308.637 281.697 244.093
A 305.4 280.008 245.064
M 303.315 277.73 242.902
G 299.578 277.439 242.556
W 296.939 275.322 240.908
A 293.552 276.287 239.585
R 290.75 274.658 237.678
Q 288.358 275.872 235.013
V 285.156 274.056 234.192
P 284.254 274.65 230.52
G 281.613 277.356 230.236
K 282.479 278.79 233.673
G 285.228 280.957 235.045
L 288.532 280.003 236.579
E 288.515 278.628 240.122
W 291.657 278.108 242.172
V 292.065 274.689 243.767
S 295.308 274.905 245.747
Y 298.256 277.114 246.631
I 301.709 276.759 248.172
Y 304.08 279.264 249.782
S 307.83 279.508 249.922
D 307.744 278.555 253.622
G 305.886 275.241 253.131
S 302.427 276.685 253.801
T 299.527 275.268 251.788
E 296.075 276.659 250.938
Y 293.111 274.535 249.824
Q 289.7 275.472 248.422
D 286.676 274.668 250.555
S 284.918 272.921 247.657
V 287.883 270.523 247.378
K 289.089 270.711 250.979
G 290.417 267.428 252.336
R 290.968 265.881 248.894
F 293.809 267.934 247.33
T 297.464 267.683 248.364
I 300.186 270.161 247.357
S 303.916 270.168 248.143
R 307.393 270.95 246.768
D 310.278 268.818 245.508
N 313.309 271.058 246.109
A 315.696 268.429 244.735
K 314.003 268.792 241.374
S 312.227 272.109 241.987
T 308.892 270.579 240.973
V 305.474 271.251 242.508
Y 303.065 268.346 243.007
L 299.253 268.105 243.0
Q 297.887 264.861 244.42
M 294.199 264.201 243.869
N 292.306 261.584 245.842
S 288.677 260.529 245.317
L 287.547 262.808 242.47
K 283.838 263.161 242.324
P 282.337 262.791 238.846
E 281.173 266.426 239.061
D 284.836 267.603 239.226
T 285.347 267.755 235.441
A 287.576 270.745 234.701
V 290.939 271.774 233.254
Y 293.753 272.387 235.728
Y 296.418 275.072 235.257
C 299.738 275.651 237.011
A 300.461 279.23 238.061
T 303.53 280.999 239.426
E 303.964 284.034 241.629
G 304.437 287.249 239.693
S 306.746 288.793 242.295
L 308.377 288.225 245.695
G 307.193 290.977 248.04
G 303.701 291.043 249.446
W 301.549 288.509 251.246
G 298.86 286.405 249.626
R 298.158 284.428 246.497
D 299.951 285.604 243.366
F 299.037 284.047 240.004
G 300.993 286.01 237.414
S 301.662 283.242 234.903
W 299.721 280.235 233.623
G 300.733 276.964 232.009
Q 299.287 274.85 229.228
G 296.834 273.118 231.561
T 295.811 269.474 231.755
Q 292.255 268.491 230.897
V 290.595 265.857 233.073
T 287.132 264.399 232.461
V 285.146 261.536 233.889
S 284.751 258.46 231.725
S 283.288 255.125 232.606
