tag x y z
Q 296.057 279.709 215.232
V 297.048 281.911 212.28
Q 299.546 281.114 209.525
L 300.97 283.755 207.193
V 302.788 283.429 203.868
E 304.714 286.384 202.411
T 305.73 286.399 198.747
G 307.164 288.864 196.237
G 310.792 289.143 197.316
G 313.836 288.81 195.117
F 316.882 290.311 193.491
V 316.526 292.585 190.483
Q 318.349 295.53 188.979
P 317.192 298.966 190.164
G 314.129 300.365 188.406
G 311.83 297.366 188.571
S 308.505 297.083 190.389
L 307.545 294.414 192.94
R 304.358 293.281 194.709
L 304.208 291.846 198.228
S 301.462 289.477 199.377
C 300.808 288.383 202.988
A 298.084 285.74 203.118
A 296.185 285.358 206.401
S 294.136 282.323 207.398
G 292.497 281.271 210.633
V 292.317 284.78 212.096
T 289.566 285.274 214.679
L 289.864 289.043 215.198
D 287.0 290.915 213.58
Y 289.053 294.075 213.067
Y 292.831 294.272 212.684
A 295.6 296.419 211.226
I 298.188 294.929 208.86
G 301.438 296.744 208.181
W 304.806 296.278 206.53
F 308.026 296.779 208.507
R 311.379 296.837 206.707
Q 314.608 295.508 208.228
A 318.062 295.414 206.672
P 321.481 294.315 207.934
G 323.11 297.243 209.639
K 319.655 298.827 209.878
E 316.843 298.919 212.42
R 313.411 297.515 211.695
E 310.873 300.273 211.04
G 307.392 300.428 209.59
V 306.65 301.845 206.162
S 302.913 301.44 205.558
C 299.814 300.077 207.241
I 296.254 299.098 206.356
G 292.962 298.84 208.24
S 290.418 296.02 208.149
S 287.351 298.091 209.0
D 287.43 300.386 205.958
G 290.718 299.821 204.117
R 292.316 303.132 205.088
T 296.075 303.269 204.647
Y 299.016 304.936 206.389
Y 302.159 305.937 204.509
S 305.622 306.698 205.886
D 308.645 308.434 204.397
S 309.709 305.23 202.653
V 306.377 305.117 200.791
K 306.953 308.448 199.022
G 303.448 308.168 197.611
R 304.529 305.093 195.628
F 303.555 302.142 197.792
T 299.884 301.16 197.547
I 298.166 298.534 199.713
S 294.929 296.843 198.648
R 293.821 293.98 200.864
D 291.647 291.468 199.047
N 289.02 289.515 200.868
A 288.967 287.157 197.903
K 292.203 285.529 199.086
N 292.425 287.159 202.552
T 295.824 288.469 201.436
V 297.285 291.976 201.6
Y 298.989 293.14 198.387
L 301.37 296.115 198.312
Q 302.784 297.51 195.057
M 306.232 299.126 194.888
N 307.204 301.683 192.224
S 310.709 303.128 191.618
L 312.611 300.958 194.085
K 315.88 302.455 195.423
P 319.141 300.585 196.126
E 318.978 301.573 199.808
D 315.715 299.625 200.077
T 317.387 296.216 200.075
A 315.704 294.767 203.17
V 313.344 292.09 204.471
Y 309.737 293.269 204.581
Y 307.4 291.907 207.289
C 303.612 291.852 207.643
A 301.798 291.726 210.966
L 298.346 291.714 212.549
T 297.314 294.099 215.323
V 293.996 294.344 217.144
G 292.041 297.411 216.074
T 290.927 300.208 218.38
Y 287.323 301.261 218.932
Y 286.701 304.667 220.477
S 283.909 307.228 220.153
G 282.174 304.962 217.658
N 285.148 305.014 215.297
Y 287.731 302.408 214.329
H 291.237 303.754 214.887
Y 294.435 301.824 214.195
T 297.68 301.948 216.159
C 301.004 300.394 215.142
S 304.023 300.19 217.433
D 307.458 298.619 217.483
D 305.857 295.415 218.784
M 303.063 293.667 216.864
D 300.589 291.281 218.441
Y 301.164 288.827 215.59
W 304.236 288.381 213.414
G 305.297 286.582 210.269
K 308.455 285.855 208.317
G 308.747 288.221 205.366
T 310.942 288.147 202.308
Q 314.335 289.673 201.571
V 314.679 291.915 198.527
T 318.074 292.713 197.005
V 318.405 295.519 194.443
S 321.845 295.164 192.843
S 322.909 297.274 189.86
