tag x y z
Q -30.4 53.662 -18.429
V -31.54 50.97 -15.987
Q -30.639 52.259 -12.505
L -30.406 50.212 -9.287
V -30.582 51.536 -5.711
E -29.91 49.238 -2.759
S -30.759 50.208 0.827
G -31.284 48.632 4.27
G -27.653 47.667 5.096
G -26.2 48.171 8.577
V -24.398 46.661 11.58
V -25.934 43.705 13.434
Q -24.954 41.027 15.952
A -24.663 37.344 14.997
G -28.184 35.901 14.951
G -29.443 39.357 14.053
S -31.533 40.208 11.01
L -31.847 42.842 8.261
R -34.001 43.381 5.193
L -32.346 44.728 2.084
S -34.324 46.481 -0.65
C -33.541 47.351 -4.274
A -35.34 49.989 -6.361
A -35.105 49.509 -10.176
S -35.758 52.617 -12.304
G -35.25 52.414 -16.091
S -36.557 49.074 -17.451
I -39.647 46.801 -17.583
F -39.173 45.236 -14.123
S -41.833 42.567 -14.597
S -39.992 41.211 -17.583
N -36.613 40.874 -15.811
A -35.319 38.361 -13.251
M -33.692 40.101 -10.249
A -30.679 39.088 -8.106
W -28.594 39.994 -5.043
Y -24.835 39.429 -5.025
R -22.311 40.101 -2.309
Q -18.607 40.88 -2.29
A -16.651 40.534 0.94
P -13.185 42.114 1.463
G -10.525 40.372 -0.615
N -13.023 38.094 -2.394
V -14.953 37.612 -5.636
R -18.531 38.824 -5.88
R -20.821 35.771 -5.648
L -24.56 35.465 -6.301
V -26.549 35.197 -3.076
A -30.144 34.855 -4.224
A -32.148 35.309 -7.397
I -35.807 35.428 -8.422
S -37.538 34.898 -11.804
S -40.147 37.256 -13.344
R -43.233 35.291 -12.324
G -41.632 34.384 -8.985
D -42.095 30.637 -9.419
N -38.323 30.142 -9.618
T -35.494 31.125 -7.27
N -31.796 30.409 -6.69
Y -29.783 30.665 -3.454
E -26.172 30.17 -2.389
D -25.979 26.87 -0.474
S -24.885 28.566 2.751
V -27.634 31.221 2.901
R -30.569 28.989 1.908
G -33.215 29.156 4.654
R -31.591 32.03 6.542
F -32.348 34.48 3.686
T -35.418 34.993 1.486
I -35.598 36.928 -1.794
S -38.85 38.539 -2.916
R -40.128 41.004 -5.521
D -42.741 43.73 -5.647
N -43.595 44.174 -9.343
A -46.018 47.02 -8.686
E -43.258 48.815 -6.782
N -40.183 47.95 -8.893
T -38.412 46.427 -5.883
V -36.55 43.241 -5.091
S -35.931 42.451 -1.425
L -33.601 40.269 0.588
Q -35.028 39.335 3.983
M -32.191 38.095 6.174
N -33.781 36.16 9.011
S -30.478 35.28 10.721
L -27.01 36.691 10.027
K -23.562 35.326 10.774
P -19.943 36.662 10.42
E -19.644 35.069 6.943
D -22.534 37.293 5.708
T -20.331 40.408 6.035
A -20.024 41.958 2.571
I -21.263 44.731 0.31
Y -24.585 43.614 -1.149
Y -25.381 44.514 -4.748
C -28.561 44.332 -6.831
N -28.495 42.851 -10.352
V -30.778 42.508 -13.396
G -30.758 39.285 -15.48
S -32.991 36.345 -16.483
F -33.641 32.666 -15.819
Y -32.939 29.714 -18.067
R -33.918 26.129 -17.194
G -34.131 27.151 -13.549
N -30.767 28.935 -13.287
Y -30.311 32.711 -13.09
Y -28.012 34.454 -15.594
G -26.801 37.916 -14.655
G -26.27 41.112 -16.622
S -23.871 43.989 -15.935
S -26.311 46.313 -14.186
W -25.311 46.999 -10.546
G -26.159 49.632 -7.966
Q -23.585 51.221 -5.618
G -24.562 48.581 -3.029
T -25.341 48.549 0.713
Q -22.733 47.405 3.302
V -23.626 44.678 5.839
T -21.486 44.001 8.917
V -21.874 41.24 11.495
S -19.954 42.052 14.652
S -19.737 41.237 18.373
H -19.57 43.55 21.371
H -15.884 42.597 21.683
H -13.331 44.068 19.251
