tag x y z
Q -5.843 31.826 19.569
V -3.266 31.252 16.832
Q -5.029 31.524 13.486
L -3.64 30.026 10.271
V -4.893 30.596 6.699
E -3.514 28.697 3.698
S -4.017 29.932 0.143
G -2.573 29.53 -3.366
G -4.052 26.097 -4.143
G -5.568 25.235 -7.548
V -5.454 22.784 -10.482
V -2.02 22.287 -12.091
Q -0.596 20.127 -14.884
A 2.011 17.476 -14.109
G 5.549 18.927 -14.245
G 4.257 22.439 -13.458
S 4.687 24.884 -10.54
L 2.53 26.308 -7.773
R 3.085 28.417 -4.662
L 1.161 28.015 -1.394
S 1.123 30.693 1.295
C 0.06 30.699 4.954
A -0.804 33.735 7.069
A -0.282 33.296 10.833
S -2.053 35.763 13.084
G -2.48 35.089 16.811
S 1.132 34.108 17.624
I 4.638 35.403 18.224
F 5.694 34.148 14.805
S 9.481 34.607 15.154
S 9.407 32.116 18.02
N 7.86 29.182 16.152
A 8.801 26.595 13.607
M 6.227 26.43 10.837
A 5.357 23.48 8.671
W 3.289 22.295 5.718
Y 1.394 18.976 5.931
R -0.639 17.274 3.234
Q -3.483 14.757 3.338
A -4.326 12.788 0.214
P -7.752 11.018 -0.177
G -8.024 8.087 2.251
N -4.481 8.53 3.607
V -2.737 9.569 6.821
R -1.734 13.249 6.766
R 2.049 13.633 6.467
L 4.474 16.484 6.974
V 5.701 17.827 3.589
A 8.186 20.433 4.801
A 9.144 22.393 7.915
I 11.284 25.422 8.773
S 12.781 26.499 12.12
S 11.781 29.795 13.729
R 14.457 31.917 12.042
G 14.865 29.511 9.103
D 18.275 28.065 10.009
N 16.995 24.491 9.54
T 14.342 22.709 7.474
N 12.839 19.257 7.028
Y 11.535 17.653 3.878
E 9.589 14.483 3.198
D 11.976 12.368 1.071
S 9.632 12.197 -1.921
V 9.274 15.979 -2.279
R 12.943 16.709 -1.548
G 14.63 18.673 -4.359
R 11.164 19.509 -5.715
F 9.543 21.557 -2.93
T 11.104 24.392 -0.964
I 9.75 26.071 2.152
S 10.563 29.543 3.339
R 9.134 32.075 5.756
D 9.052 35.844 6.045
N 9.337 37.026 9.634
A 8.362 40.635 8.861
E 5.124 39.546 7.173
N 4.105 36.543 9.368
T 3.919 34.1 6.441
V 5.344 30.717 5.407
S 5.262 29.499 1.819
L 5.443 26.268 -0.173
Q 7.085 26.557 -3.608
M 6.126 23.373 -5.459
N 8.048 22.448 -8.617
S 7.856 19.26 -10.75
L 4.38 18.444 -9.544
K 3.488 14.769 -9.834
P -0.068 13.31 -9.473
E 1.132 11.98 -6.064
D 1.21 15.629 -4.937
T -2.617 15.957 -5.059
A -3.871 16.669 -1.533
I -5.232 19.094 0.971
Y -2.248 21.105 2.157
Y -2.314 22.377 5.735
C -0.259 25.006 7.564
N 0.973 23.9 11.037
V 2.529 25.625 14.071
G 5.276 23.733 15.921
S 8.873 23.731 17.146
F 12.323 22.394 16.182
Y 14.432 20.178 18.462
R 17.843 18.783 17.462
G 17.159 19.519 13.805
N 13.673 17.961 13.701
Y 10.28 19.651 13.498
Y 7.803 18.6 16.174
G 4.306 19.842 15.448
G 1.346 20.976 17.532
S -2.407 20.846 16.979
S -3.054 24.182 15.212
W -4.094 23.857 11.542
G -5.531 26.082 8.889
Q -8.634 25.084 6.922
G -6.41 23.671 4.172
T -5.888 24.411 0.456
Q -6.601 21.939 -2.362
V -3.829 21.11 -4.828
T -4.902 18.994 -7.838
V -2.489 17.671 -10.448
S -4.008 16.511 -13.769
S -3.232 16.438 -17.513
H -5.222 17.281 -20.693
