tag x y z
Q 94.659 133.729 151.839
V 95.435 135.163 148.384
Q 91.804 136.04 147.678
L 92.484 137.07 144.083
Q 88.768 137.052 143.33
E 88.014 138.773 140.039
S 85.547 141.584 139.441
G 84.041 142.539 136.095
G 83.35 140.671 132.901
G 80.823 137.925 132.258
L 79.302 139.403 129.099
V 80.07 142.491 127.01
Q 79.859 143.649 123.387
P 82.621 145.028 121.102
G 81.715 148.311 122.74
G 83.273 146.808 125.863
S 81.265 149.012 128.231
L 82.642 147.31 131.338
R 85.655 147.428 133.653
L 87.674 144.537 135.102
S 89.253 144.549 138.548
C 90.901 142.358 141.135
A 91.265 141.583 144.856
A 94.529 141.61 146.835
S 95.091 140.291 150.343
G 97.605 141.157 153.005
F 101.077 141.736 151.598
T 103.444 144.441 150.361
F 101.359 145.258 147.267
S 103.588 148.306 147.059
N 106.423 145.98 146.097
Y 104.791 143.429 143.783
K 104.469 143.927 140.104
M 101.295 142.668 138.515
N 99.936 141.713 135.102
W 96.747 140.316 133.647
V 96.588 137.235 131.42
R 93.627 135.857 129.473
Q 92.756 132.444 128.039
A 92.198 131.762 124.344
P 89.97 128.696 123.779
G 92.009 126.081 125.622
K 95.647 127.063 125.1
G 95.286 130.706 126.105
L 98.191 131.92 128.185
E 98.919 135.197 126.419
W 100.37 138.178 128.284
V 97.695 140.846 128.022
S 99.405 143.623 129.977
D 101.403 144.435 133.102
I 102.107 147.322 135.444
S 105.636 147.768 136.728
Q 106.88 149.071 140.054
S 104.595 152.095 140.165
G 106.094 154.802 137.992
A 107.816 152.72 135.322
S 107.235 151.051 131.961
I 103.642 149.981 131.343
S 103.672 147.793 128.235
Y 101.015 145.823 126.379
T 100.793 143.105 123.763
G 100.677 143.669 120.033
S 96.971 142.91 119.843
V 96.24 145.771 122.275
K 99.363 147.899 121.935
G 99.223 151.414 123.319
R 95.504 151.298 123.938
F 95.048 149.639 127.336
T 95.796 151.289 130.652
I 96.183 149.338 133.873
S 95.071 150.771 137.204
R 96.998 150.353 140.45
D 96.017 151.925 143.773
N 97.127 151.258 147.347
A 94.09 152.662 149.15
K 91.33 150.784 147.35
N 93.505 147.626 147.351
T 91.87 146.615 144.076
L 93.752 146.333 140.771
Y 91.682 147.868 137.96
L 92.075 148.157 134.181
Q 89.795 149.415 131.418
M 88.474 147.511 128.403
N 86.546 148.694 125.333
S 86.293 148.967 121.555
L 89.038 146.468 120.609
K 87.935 142.823 120.705
P 86.351 143.152 124.182
E 83.771 140.559 123.083
D 86.535 137.941 123.354
T 85.695 134.535 124.818
A 88.979 134.62 126.766
V 88.758 134.293 130.551
Y 91.113 136.745 132.223
Y 93.408 136.134 135.177
C 94.597 138.766 137.638
A 98.026 137.175 137.77
R 100.716 138.399 140.127
C 104.439 138.45 139.594
P 106.138 136.562 142.434
A 109.306 137.485 144.326
P 108.685 141.125 145.308
F 111.513 143.633 145.785
T 112.837 143.118 142.248
R 111.267 144.31 139.028
D 110.858 141.035 137.085
C 108.535 138.061 136.857
F 108.147 134.72 135.091
D 105.576 132.007 134.762
V 102.551 132.44 132.512
T 102.292 128.625 132.683
S 99.454 126.823 130.885
T 98.265 124.763 133.864
T 96.776 126.425 136.934
Y 99.23 128.928 138.382
A 100.002 129.444 142.059
Y 99.355 133.101 142.78
R 96.91 133.931 140.025
G 93.179 134.255 140.351
Q 90.769 131.508 139.45
G 89.459 133.292 136.353
T 87.541 136.233 134.867
Q 84.759 135.462 132.389
V 84.136 137.517 129.261
T 82.139 136.76 126.104
V 79.377 138.172 123.892
S 76.011 139.168 125.326
S 72.755 139.045 123.364
