tag x y z
Q -20.266 20.644 -12.033
V -19.167 23.125 -9.359
Q -15.567 22.786 -8.149
L -13.694 25.018 -5.7
Q -9.91 25.472 -5.736
E -7.873 25.575 -2.539
S -4.601 27.487 -2.196
G -2.319 28.887 0.492
G -1.475 25.763 2.489
G 1.982 25.018 3.801
L 4.204 24.407 6.798
V 5.489 27.325 8.885
Q 7.158 27.967 12.228
A 5.222 28.843 15.366
G 4.34 32.532 15.306
G 4.351 32.894 11.514
S 1.396 33.5 9.231
L -0.416 32.151 6.173
R -3.061 33.301 3.69
L -5.558 30.677 2.538
S -7.345 31.326 -0.759
C -10.43 29.484 -2.019
A -11.814 30.091 -5.516
A -15.102 28.37 -6.377
S -15.919 27.918 -10.06
G -19.382 27.11 -11.404
S -22.617 28.989 -10.737
I -23.911 29.568 -7.205
F -26.854 31.413 -5.678
A -26.371 34.998 -4.529
L -27.056 34.201 -0.851
N -24.418 31.81 0.478
I -21.882 31.121 3.232
M -18.225 30.57 2.341
G -16.402 29.013 5.276
W -13.322 27.151 6.459
Y -13.354 23.924 8.489
R -10.41 22.182 10.162
Q -9.865 18.623 11.391
A -6.776 17.781 13.41
P -5.718 14.136 13.81
G -8.043 12.705 16.423
K -10.664 15.369 17.153
Q -13.489 15.673 14.622
R -14.195 18.517 12.208
E -14.7 22.05 13.53
L -15.418 25.451 12.014
V -13.043 28.418 12.216
A -14.431 31.194 10.016
A -17.58 31.612 7.933
I -18.577 34.671 5.908
H -22.059 35.423 4.568
S -22.844 37.09 1.248
G -24.025 40.141 3.2
G -20.91 40.49 5.323
T -21.787 38.982 8.693
T -19.014 36.866 10.222
N -18.658 34.018 12.706
Y -15.301 33.076 14.253
A -14.643 30.258 16.695
N -13.719 31.919 19.977
S -10.474 29.914 20.221
V -9.635 31.484 16.846
K -11.161 34.999 16.676
G -8.927 38.072 16.686
R -5.924 36.214 15.265
F -7.893 35.052 12.203
T -9.886 37.174 9.751
I -12.097 35.946 6.901
S -12.972 38.06 3.872
R -14.765 37.955 0.527
D -13.891 39.324 -2.901
N -16.161 41.895 -4.529
A -17.537 40.435 -7.785
A -15.672 37.125 -7.368
N -16.677 33.772 -5.827
T -13.555 33.588 -3.673
V -12.95 33.658 0.087
Y -9.716 34.733 1.798
L -8.687 33.612 5.294
Q -5.822 35.906 6.321
M -4.438 34.131 9.387
N -1.779 35.347 11.81
S -0.245 34.542 15.204
L -0.19 30.814 14.51
K 0.102 28.387 17.433
P 1.116 24.696 17.433
E -2.484 23.691 18.25
D -3.57 24.754 14.727
T -2.109 21.701 12.934
A -5.051 20.547 10.817
V -6.256 20.157 7.246
Y -8.264 23.273 6.372
Y -11.333 22.609 4.207
C -13.217 25.144 2.092
N -17.005 24.924 2.426
V -19.754 26.746 0.527
K -23.44 26.833 1.529
D -25.732 27.075 -1.512
F -29.282 28.381 -1.05
G -30.701 27.832 -4.545
A -33.206 25.373 -3.117
I -34.936 27.542 -0.543
I -35.904 24.847 1.96
Y -32.537 23.198 2.707
D -28.785 23.79 2.646
Y -26.626 22.312 -0.126
D -22.998 21.747 0.886
Y -19.989 22.157 -1.401
W -16.868 20.674 0.161
G -13.244 20.742 -0.899
Q -10.357 18.309 -0.982
G -8.226 20.121 1.602
T -4.795 21.681 2.143
Q -2.442 20.434 4.854
V -1.249 23.001 7.41
T 1.368 22.056 10.028
V 2.878 24.566 12.468
S 6.215 24.078 14.177
S 6.708 24.104 17.898
