tag x y z
Q -20.303 20.782 -11.987
V -19.178 23.254 -9.316
Q -15.568 22.906 -8.136
L -13.672 25.129 -5.697
Q -9.887 25.577 -5.761
E -7.825 25.669 -2.581
S -4.547 27.575 -2.26
G -2.242 28.964 0.413
G -1.386 25.832 2.395
G 2.081 25.079 3.677
L 4.327 24.457 6.654
V 5.633 27.367 8.738
Q 7.33 27.997 12.068
A 5.421 28.867 15.225
G 4.545 32.558 15.182
G 4.524 32.93 11.392
S 1.551 33.547 9.133
L -0.287 32.209 6.088
R -2.995 33.327 3.722
L -5.461 30.753 2.491
S -7.273 31.414 -0.79
C -10.372 29.579 -2.029
A -11.783 30.199 -5.514
A -15.08 28.484 -6.352
S -15.929 28.044 -10.029
G -19.404 27.246 -11.347
S -22.631 29.127 -10.649
I -23.895 29.698 -7.105
F -26.822 31.544 -5.549
A -26.324 35.124 -4.393
L -26.981 34.317 -0.713
N -24.335 31.92 0.588
I -21.778 31.219 3.32
M -18.129 30.665 2.397
G -16.284 29.098 5.313
W -13.198 27.228 6.466
Y -13.218 23.995 8.486
R -10.263 22.243 10.13
Q -9.713 18.681 11.345
A -6.609 17.829 13.337
P -5.553 14.182 13.718
G -7.859 12.746 16.345
K -10.47 15.412 17.104
Q -13.315 15.727 14.597
R -14.037 18.579 12.197
E -14.525 22.108 13.534
L -15.25 25.515 12.032
V -12.869 28.477 12.224
A -14.272 31.262 10.042
A -17.437 31.691 7.986
I -18.446 34.757 5.978
H -21.938 35.518 4.669
S -22.746 37.195 1.36
G -23.908 40.242 3.33
G -20.774 40.58 5.428
T -21.627 39.065 8.801
T -18.844 36.941 10.301
N -18.472 34.086 12.775
Y -15.104 33.134 14.291
A -14.43 30.308 16.721
N -13.477 31.958 19.999
S -10.233 29.948 20.211
V -9.419 31.526 16.833
K -10.941 35.043 16.686
G -8.702 38.113 16.686
R -5.714 36.255 15.236
F -7.71 35.104 12.187
T -9.72 37.236 9.757
I -11.957 36.02 6.921
S -12.853 38.143 3.906
R -14.673 38.05 0.575
D -13.824 39.428 -2.856
N -16.105 42.006 -4.458
A -17.509 40.558 -7.707
A -15.646 37.244 -7.314
N -16.644 33.887 -5.774
T -13.504 33.693 -3.647
V -12.868 33.752 0.109
Y -9.619 34.817 1.797
L -8.562 33.685 5.28
Q -5.686 35.972 6.29
M -4.28 34.186 9.339
N -1.6 35.392 11.744
S -0.038 34.575 15.123
L 0.005 30.849 14.418
K 0.318 28.413 17.333
P 1.326 24.721 17.314
E -2.269 23.718 18.158
D -3.382 24.793 14.646
T -1.94 21.743 12.833
A -4.901 20.599 10.737
V -6.136 20.221 7.175
Y -8.146 23.342 6.326
Y -11.235 22.689 4.185
C -13.131 25.232 2.092
N -16.917 25.017 2.456
V -19.679 26.848 0.584
K -23.357 26.938 1.617
D -25.672 27.192 -1.404
F -29.216 28.502 -0.909
G -30.665 27.964 -4.394
A -33.162 25.505 -2.953
I -34.867 27.67 -0.359
I -35.819 24.97 2.145
Y -32.449 23.314 2.86
D -28.697 23.9 2.769
Y -26.562 22.426 -0.025
D -22.927 21.854 0.957
Y -19.936 22.266 -1.354
W -16.804 20.773 0.179
G -13.19 20.839 -0.911
Q -10.307 18.402 -1.025
G -8.153 20.203 1.547
T -4.715 21.757 2.065
Q -2.342 20.499 4.753
V -1.124 23.057 7.306
T 1.514 22.101 9.9
V 2.834 24.663 12.39
S 6.249 23.983 13.792
S 7.093 24.937 17.371
