tag x y z
Q 124.807 105.954 62.82
V 125.912 102.83 64.712
Q 128.778 100.798 63.248
L 129.534 97.171 64.174
Q 132.317 95.68 62.044
E 134.526 92.635 62.634
S 138.022 91.36 61.82
G 140.116 88.178 61.823
G 138.887 84.85 60.528
G 139.748 82.727 57.535
L 140.583 79.046 57.034
V 142.378 76.953 59.667
Q 142.753 73.197 60.242
P 141.313 71.671 63.463
G 142.898 72.637 66.772
G 143.667 76.135 65.485
S 143.106 79.471 67.221
L 141.26 82.565 65.993
R 140.81 85.853 67.861
L 137.985 87.871 66.321
S 137.378 91.553 67.056
C 134.442 93.944 66.726
A 134.638 97.706 66.146
A 131.711 99.431 67.876
S 131.297 103.188 67.473
G 128.419 105.636 67.359
F 126.911 104.686 70.71
T 128.25 104.611 74.24
F 129.694 101.131 74.708
S 129.948 100.978 78.505
N 126.292 100.064 79.128
Y 125.088 97.822 76.26
K 125.11 94.047 76.725
M 126.815 92.417 73.732
N 126.915 88.895 72.306
W 128.28 86.971 69.33
V 126.125 84.891 66.97
R 127.147 82.4 64.282
Q 125.126 81.261 61.263
A 126.01 77.879 59.796
P 125.928 78.192 55.973
G 122.851 76.17 55.126
K 121.201 76.588 58.541
G 119.353 79.172 60.579
L 120.981 81.489 63.074
E 122.333 79.995 66.288
W 123.812 81.259 69.556
V 127.411 81.0 70.753
S 128.196 83.489 73.513
D 127.165 86.612 75.374
I 128.521 88.885 78.097
S 127.2 91.261 80.729
Q 127.942 94.979 80.577
S 130.961 94.709 82.89
G 132.615 91.472 81.762
A 131.107 89.85 84.854
S 128.41 87.359 83.826
I 129.897 85.494 80.884
S 127.774 82.667 79.484
Y 128.065 80.233 76.582
T 126.093 77.684 74.592
G 126.299 73.971 75.363
S 128.967 72.551 73.056
V 131.176 75.668 73.239
K 131.855 75.639 76.977
G 135.47 76.107 78.023
R 136.887 76.18 74.498
F 136.331 79.837 73.627
T 136.627 82.945 75.801
I 134.729 86.198 75.266
S 135.851 89.478 76.819
R 134.735 93.058 76.233
D 136.842 96.207 76.54
N 134.901 99.181 77.898
A 137.584 101.721 76.924
K 138.717 100.697 73.433
N 135.169 99.864 72.236
T 135.85 96.288 71.134
L 134.614 92.75 71.767
Y 137.078 89.861 71.414
L 135.956 86.237 71.02
Q 139.12 84.172 71.424
M 138.548 80.793 69.76
N 140.521 77.676 70.712
S 140.44 74.023 69.63
L 138.074 74.211 66.679
K 136.062 71.313 65.279
P 134.612 70.135 61.953
E 131.217 71.703 62.766
D 132.512 75.195 63.629
T 132.31 76.732 60.146
A 129.938 79.697 60.017
V 129.586 83.433 59.511
Y 130.128 85.204 62.835
Y 128.084 88.336 63.572
C 128.879 90.762 66.396
A 125.289 91.24 67.515
R 124.008 93.454 70.32
C 120.908 93.867 72.494
P 118.227 96.531 72.002
A 117.926 98.41 75.229
P 120.422 100.171 77.502
F 120.798 98.912 81.067
T 119.057 95.658 80.199
R 119.049 92.067 81.424
D 117.502 90.442 78.342
C 118.053 89.931 74.623
F 115.75 89.57 71.607
D 118.414 89.588 68.895
V 118.858 86.166 67.276
T 116.294 86.726 64.528
S 115.768 85.418 61.006
T 116.494 88.848 59.492
T 115.781 92.571 59.874
Y 118.008 93.584 62.78
A 119.823 96.914 62.768
Y 122.535 96.313 65.398
R 124.056 93.181 63.838
G 127.173 93.652 61.716
Q 128.096 92.152 58.353
G 130.034 89.273 59.897
T 133.311 87.682 58.858
Q 133.612 84.042 57.824
V 135.463 81.338 59.765
T 135.716 77.756 58.499
V 137.71 74.575 59.111
S 139.593 72.346 56.682
