tag x y z
Q -16.855 11.736 -29.865
V -20.33 13.247 -29.457
Q -22.242 11.232 -26.872
L -25.122 11.277 -24.362
V -24.849 9.049 -21.261
E -27.817 8.606 -18.898
S -27.219 7.754 -15.257
G -29.214 7.097 -12.097
G -32.616 5.504 -11.638
G -33.742 2.238 -10.094
L -36.48 1.278 -7.617
V -38.39 3.689 -5.359
Q -41.629 3.608 -3.352
A -44.475 5.894 -4.411
G -43.853 9.289 -2.824
G -40.115 8.673 -3.267
S -37.383 10.755 -4.856
L -34.803 10.201 -7.615
R -32.289 12.129 -9.742
L -31.281 11.213 -13.3
S -28.234 12.766 -14.963
C -27.425 13.143 -18.698
A -23.708 13.594 -19.349
A -22.939 15.138 -22.73
S -19.622 14.919 -24.557
S -19.622 14.919 -24.561
G -18.521 16.746 -27.683
F -20.501 19.979 -27.243
P -21.543 22.447 -24.514
V -24.959 21.636 -23.044
E -25.935 25.29 -22.882
V -25.913 25.991 -26.636
W -29.048 24.01 -27.598
R -32.227 22.891 -25.876
M -31.833 19.637 -23.91
E -34.724 17.222 -23.288
W -35.849 14.288 -21.126
Y -38.251 11.719 -22.631
R -39.808 8.609 -21.135
Q -41.403 5.529 -22.678
A -43.783 3.564 -20.437
P -44.377 -0.068 -21.514
G -46.914 -0.437 -24.299
K -47.116 3.347 -24.712
E -45.468 5.904 -26.993
R -42.572 8.173 -25.967
E -43.627 11.228 -23.958
G -41.803 14.512 -23.51
V -41.246 15.047 -19.796
A -39.125 18.184 -19.422
A -36.797 20.422 -21.406
I -34.355 23.226 -20.619
E -33.799 25.73 -23.435
S -30.438 27.078 -24.468
Y -28.787 29.833 -22.442
G -31.422 30.075 -19.767
H -34.247 30.855 -22.21
G -36.704 28.962 -20.009
T -37.694 25.498 -18.911
R -40.576 23.354 -20.078
Y -42.563 20.753 -18.151
A -45.206 18.26 -19.187
D -48.503 18.661 -17.371
S -48.104 15.144 -15.943
V -45.018 16.155 -13.955
K -45.063 19.929 -13.452
K -45.076 19.933 -13.452
G -44.229 20.935 -9.898
R -42.776 17.486 -9.037
F -39.948 17.307 -11.586
T -37.148 19.841 -11.98
I -34.64 19.98 -14.852
S -31.355 21.811 -14.596
R -27.999 22.332 -16.287
D -24.548 21.98 -14.777
N -22.232 23.764 -17.221
A -19.181 22.626 -15.284
K -19.963 18.91 -15.427
N -21.583 19.331 -18.867
T -24.565 17.49 -17.417
V -28.356 17.917 -17.416
Y -30.174 16.695 -14.292
L -33.812 15.671 -13.734
Q -34.905 15.749 -10.087
M -37.89 13.448 -9.541
N -40.026 14.06 -6.457
S -43.47 12.924 -5.295
L -43.084 9.913 -7.524
K -46.344 8.403 -8.655
P -46.449 4.839 -10.015
E -47.497 5.902 -13.539
D -44.09 7.609 -13.63
T -42.653 4.099 -14.179
A -40.889 4.189 -17.541
V -37.493 4.199 -19.222
Y -35.97 7.678 -19.315
Y -34.046 9.132 -22.252
C -32.238 12.426 -22.823
N -31.758 14.13 -26.194
V -30.164 17.242 -27.731
K -32.325 19.32 -30.02
D -29.344 20.065 -32.266
D -31.305 20.183 -35.595
G -28.544 18.478 -37.515
Q -25.927 20.985 -36.338
L -23.506 18.188 -35.372
A -22.453 14.819 -36.823
Y -24.397 12.911 -34.228
H -25.501 9.375 -35.065
Y -28.7 10.927 -33.86
D -30.953 8.262 -32.334
Y -29.293 6.306 -29.507
Q -29.418 3.668 -24.266
G -31.742 4.965 -21.53
T -32.351 4.377 -17.819
Q -35.208 2.506 -16.146
V -37.207 4.02 -13.266
T -39.702 1.886 -11.336
V -42.236 3.228 -8.822
S -44.129 0.759 -6.595
A -47.733 0.938 -5.394
G -46.922 0.515 -1.681
