tag x y z
Q 95.537 98.99 65.591
V 98.049 101.708 66.47
Q 98.974 102.918 62.979
L 100.959 106.023 62.029
Q 101.113 107.101 58.374
E 103.483 110.001 57.649
S 102.404 111.848 54.506
G 104.753 114.15 52.629
G 108.537 114.174 52.575
G 110.468 113.064 49.521
L 113.496 114.751 47.941
V 113.841 118.514 48.426
Q 116.695 121.013 48.271
P 118.978 121.49 51.307
G 117.866 124.623 53.132
G 114.305 124.749 51.803
S 111.11 123.702 53.576
L 109.265 120.465 54.285
R 106.165 119.404 56.215
L 105.382 115.862 57.373
S 101.741 114.885 57.966
C 101.75 111.91 60.349
A 98.246 110.427 60.4
A 97.766 109.186 63.977
S 94.765 106.843 63.929
G 93.82 104.016 66.276
F 94.283 105.826 69.601
T 93.347 108.991 71.468
F 95.851 111.352 69.84
S 95.049 114.079 72.391
N 96.477 111.969 75.244
Y 99.861 110.633 74.045
K 103.159 112.542 74.003
M 103.733 112.104 70.283
N 107.261 112.758 69.044
W 109.454 112.531 65.947
V 112.474 110.286 65.361
R 114.636 109.717 62.288
Q 116.967 107.004 60.99
A 119.798 107.971 58.656
P 121.184 105.334 56.254
G 123.866 103.626 58.326
K 122.901 105.452 61.537
G 120.642 104.344 64.361
L 117.303 105.804 65.374
E 117.845 109.243 66.913
W 115.229 111.444 68.549
V 114.277 114.544 66.543
S 111.398 116.423 68.197
D 108.669 116.015 70.81
I 105.406 117.664 71.838
S 103.221 117.338 74.921
Q 99.718 115.879 75.061
S 98.239 119.364 74.554
G 101.211 121.095 72.916
A 103.088 122.786 75.79
S 106.256 120.721 76.374
I 107.756 121.266 72.927
S 111.342 120.071 72.531
Y 113.679 119.297 69.637
T 117.099 117.732 69.301
G 120.163 119.911 68.868
S 120.473 119.059 65.176
V 117.004 120.503 64.448
K 116.627 122.956 67.349
G 115.305 126.198 65.884
R 115.209 124.724 62.374
F 112.338 122.245 62.692
T 108.919 122.979 64.188
I 106.475 120.425 65.601
S 102.747 121.069 65.958
R 100.15 118.537 67.092
D 96.532 118.706 65.912
N 94.288 117.057 68.504
A 91.21 117.786 66.37
K 92.505 116.002 63.251
N 94.581 113.425 65.199
T 97.748 114.189 63.235
L 101.298 115.236 64.115
Y 103.067 117.819 61.948
L 106.818 118.47 61.714
Q 107.448 121.763 59.895
M 111.016 121.422 58.611
N 112.714 124.754 57.886
S 116.301 125.476 56.813
L 117.192 121.863 56.091
K 120.739 120.507 56.266
P 122.595 117.778 54.345
E 122.513 115.605 57.483
D 118.693 115.48 57.242
T 118.968 112.421 54.965
A 116.991 110.025 57.156
V 113.73 108.098 57.362
Y 111.642 110.118 59.817
Y 109.381 108.01 62.038
C 106.36 109.055 64.109
A 107.305 107.237 67.341
R 104.552 107.657 69.932
C 104.717 107.804 73.719
P 103.313 104.4 74.795
A 102.088 105.453 78.244
P 99.441 108.205 78.026
F 99.208 111.037 80.56
T 102.953 110.61 81.224
R 105.928 112.838 80.411
D 108.152 109.773 79.891
C 108.717 107.222 77.138
F 111.557 105.231 75.588
D 110.42 105.507 71.944
V 114.011 106.414 70.991
T 114.749 102.681 70.971
S 116.074 100.703 67.999
T 114.07 99.126 65.163
T 110.952 96.95 65.587
Y 109.341 99.557 67.844
A 105.602 99.194 68.413
Y 104.097 102.692 68.202
R 106.38 104.054 65.496
G 105.477 105.489 62.115
Q 105.774 103.465 58.94
G 108.646 105.71 57.842
T 108.85 108.503 55.269
Q 112.06 108.878 53.257
V 112.976 112.533 53.831
T 115.987 113.202 51.605
V 117.934 116.273 50.513
S 119.886 116.945 47.341
S 123.595 117.711 47.034
