tag x y z
Q 89.383 63.778 65.439
V 89.229 67.403 64.291
Q 88.404 67.247 60.574
L 87.655 70.097 58.166
Q 86.78 69.457 54.515
E 86.556 72.301 52.006
S 84.543 72.042 48.801
G 83.388 74.231 45.937
G 86.664 75.408 44.437
G 87.284 75.46 40.721
L 87.686 77.664 37.672
V 85.664 80.845 37.153
Q 85.568 83.791 34.759
P 86.311 87.33 35.995
G 83.235 88.859 37.566
G 81.901 85.361 38.232
S 80.571 83.754 41.385
L 81.478 80.922 43.737
R 80.367 79.435 47.048
L 82.985 77.621 49.108
S 81.64 75.272 51.773
C 83.465 73.794 54.755
A 82.181 70.725 56.604
A 83.468 70.262 60.15
S 83.517 67.089 62.23
G 84.996 66.023 65.542
F 84.233 69.078 67.68
T 81.379 71.239 68.94
F 81.113 73.588 65.961
S 78.898 75.982 67.938
N 81.689 76.923 70.371
Y 84.418 78.158 68.009
K 85.165 81.214 65.903
M 85.742 80.293 62.264
N 87.989 81.826 59.621
W 88.655 81.723 55.902
V 92.325 82.158 54.984
R 94.02 81.92 51.609
Q 97.405 81.356 49.996
A 98.181 82.925 46.629
P 100.749 81.461 44.21
G 104.182 82.653 45.259
K 103.063 84.259 48.531
G 102.276 83.357 52.131
L 99.095 82.597 54.022
E 96.887 85.637 54.564
W 93.679 86.118 56.518
V 90.496 86.738 54.541
S 87.418 86.626 56.762
D 86.131 85.534 60.153
I 82.807 84.896 61.888
S 82.032 84.499 65.595
Q 80.23 81.655 67.375
S 76.758 82.985 66.507
G 77.294 85.263 63.513
A 76.764 88.614 65.187
S 80.391 89.671 64.663
I 81.73 89.295 61.122
S 84.913 90.763 59.672
Y 86.62 90.817 56.279
T 90.01 91.842 54.992
G 90.268 95.04 52.988
S 90.274 93.821 49.396
V 87.123 91.673 49.793
K 84.803 94.044 51.67
G 81.534 94.27 49.749
R 82.146 91.242 47.506
F 82.653 88.23 49.78
T 80.09 87.14 52.358
I 80.755 84.676 55.182
S 78.058 82.622 56.885
R 77.731 79.641 59.195
D 75.055 77.065 59.997
N 75.327 75.372 63.392
A 72.439 73.005 62.622
K 74.668 70.964 60.294
N 78.08 72.442 61.258
T 78.911 74.118 57.957
L 80.785 77.289 57.007
Y 80.113 79.179 53.771
L 81.935 81.862 51.798
Q 80.041 83.37 48.864
M 82.503 85.045 46.484
N 81.015 87.623 44.106
S 82.62 89.526 41.214
L 86.014 87.862 41.403
K 89.192 89.173 39.781
P 92.536 87.628 38.749
E 93.997 88.663 42.125
D 91.646 86.132 43.767
T 93.436 83.066 42.359
A 94.526 81.158 45.462
V 94.08 78.055 47.589
Y 91.423 78.759 50.216
Y 91.455 77.148 53.664
C 88.819 76.869 56.392
A 90.516 77.475 59.742
R 89.168 77.036 63.274
C 90.988 78.915 66.003
P 92.304 76.775 68.807
A 90.256 77.551 71.887
P 86.484 77.506 72.447
F 84.555 80.438 73.928
T 87.327 82.93 73.104
R 87.41 86.146 71.088
D 91.087 85.855 70.069
C 92.5 83.455 67.463
F 96.295 83.501 67.299
D 97.842 81.097 64.841
V 95.374 80.558 61.998
T 97.849 81.961 59.441
S 100.984 80.106 60.572
T 102.653 77.773 58.084
T 101.96 74.547 60.013
Y 98.728 75.246 61.907
A 96.94 72.059 62.932
Y 93.246 73.06 62.821
R 93.284 74.016 59.132
G 91.885 72.072 56.203
Q 93.431 71.0 52.927
G 92.04 73.872 50.87
T 90.274 74.29 47.542
Q 91.873 75.853 44.483
V 90.171 78.906 42.973
T 91.631 80.136 39.678
V 90.173 83.203 37.961
S 91.259 83.035 34.319
S 89.903 84.021 30.915
