tag x y z
Q 89.615 63.375 64.831
V 89.384 67.066 63.943
Q 88.584 67.048 60.217
L 87.843 70.047 57.984
Q 86.935 69.145 54.395
E 86.621 71.999 51.901
S 84.866 71.784 48.542
G 83.261 73.969 45.892
G 86.401 75.213 44.148
G 87.058 75.317 40.441
L 87.902 77.54 37.503
V 85.663 80.549 36.825
Q 85.867 83.444 34.378
P 86.615 86.912 35.804
G 83.483 88.435 37.282
G 81.916 85.03 37.895
S 80.711 83.589 41.176
L 81.446 80.621 43.428
R 80.341 79.199 46.755
L 82.931 77.31 48.791
S 81.762 74.948 51.525
C 83.587 73.519 54.536
A 82.309 70.449 56.395
A 83.526 69.999 59.968
S 83.784 66.865 62.08
G 85.24 65.945 65.449
F 84.367 69.08 67.426
T 81.399 71.183 68.499
F 81.113 73.51 65.508
S 79.043 76.078 67.422
N 81.71 76.755 70.077
Y 84.44 77.966 67.714
K 85.05 81.065 65.623
M 85.762 80.065 62.029
N 88.104 81.573 59.446
W 88.681 81.51 55.707
V 92.321 82.02 54.72
R 94.148 81.705 51.42
Q 97.6 81.232 49.92
A 98.536 82.784 46.586
P 101.169 81.278 44.258
G 104.641 82.138 45.499
K 103.311 84.037 48.53
G 102.504 83.176 52.131
L 99.22 82.532 53.877
E 96.778 85.443 53.994
W 93.726 86.034 56.168
V 90.559 86.496 54.107
S 87.583 86.518 56.472
D 86.107 85.175 59.681
I 82.799 84.668 61.468
S 82.041 84.302 65.175
Q 80.168 81.583 67.071
S 76.589 82.776 66.538
G 77.298 84.625 63.284
A 76.612 88.224 64.34
S 80.253 89.368 64.223
I 81.682 89.067 60.706
S 84.926 90.441 59.315
Y 86.673 90.591 55.944
T 90.014 91.848 54.737
G 90.264 95.111 52.841
S 90.534 93.736 49.316
V 87.392 91.555 49.531
K 84.944 93.773 51.434
G 81.703 94.058 49.481
R 82.351 91.072 47.193
F 82.57 88.001 49.44
T 80.09 86.944 52.097
I 80.707 84.396 54.85
S 78.12 82.363 56.735
R 77.832 79.314 58.965
D 75.134 76.705 59.536
N 75.425 75.331 63.066
A 72.581 72.896 62.372
K 74.581 71.101 59.656
N 78.076 72.13 60.847
T 79.003 73.839 57.592
L 80.925 77.007 56.733
Y 80.009 78.778 53.492
L 81.845 81.505 51.585
Q 80.05 83.011 48.582
M 82.45 84.806 46.231
N 81.039 87.34 43.769
S 82.673 89.206 40.875
L 86.021 87.472 41.232
K 89.204 89.092 39.932
P 92.333 87.514 38.414
E 94.191 88.153 41.693
D 91.705 85.938 43.579
T 93.307 82.734 42.275
A 94.691 80.917 45.316
V 94.34 77.885 47.572
Y 91.562 78.535 50.094
Y 91.609 76.981 53.572
C 88.898 76.635 56.216
A 90.557 77.198 59.588
R 89.359 76.901 63.171
C 91.113 78.882 65.857
P 92.383 76.736 68.685
A 90.295 77.511 71.755
P 86.516 77.616 72.203
F 84.558 80.567 73.617
T 87.479 82.953 73.013
R 87.54 86.14 70.945
D 91.173 85.692 69.862
C 92.474 83.359 67.167
F 96.26 83.398 67.254
D 97.971 81.157 64.727
V 95.386 80.476 62.021
T 97.849 81.873 59.463
S 100.927 79.929 60.62
T 102.867 77.696 58.245
T 102.16 74.559 60.303
Y 98.729 74.798 61.934
A 96.874 71.676 62.99
Y 93.244 72.821 62.765
R 93.359 73.86 59.099
G 92.181 71.968 56.034
Q 93.866 70.976 52.8
G 92.145 73.742 50.856
T 90.554 74.034 47.435
Q 92.167 75.648 44.405
V 90.184 78.631 43.099
T 91.429 79.675 39.656
V 90.266 82.817 37.844
S 91.049 82.991 34.131
S 89.43 83.328 30.721
