tag x y z
Q 7.582 51.641 -33.231
V 6.061 50.34 -29.996
Q 5.083 52.831 -27.322
L 2.642 53.349 -24.454
V 0.664 56.472 -23.489
E -0.936 56.908 -20.053
S -3.992 59.046 -19.316
G -6.606 59.754 -16.669
G -4.385 60.793 -13.765
G -5.394 63.771 -11.683
L -5.742 65.164 -8.18
V -8.841 64.057 -6.249
Q -9.453 63.52 -2.531
A -9.643 60.492 -0.291
G -12.214 57.736 -0.671
G -12.896 58.808 -4.262
S -12.117 57.153 -7.575
L -9.985 57.632 -10.692
R -9.534 55.594 -13.889
L -6.194 55.361 -15.688
S -5.699 54.258 -19.293
C -2.583 53.072 -21.162
A -2.808 53.239 -24.972
A -0.568 50.957 -27.018
S 0.815 51.168 -30.544
G 3.3 49.147 -32.575
F 1.983 45.745 -31.402
P -1.369 44.049 -30.639
V -2.385 44.423 -26.999
D -3.938 40.925 -26.961
T -0.576 39.17 -27.488
Q 1.422 40.277 -24.427
W 1.316 40.298 -20.658
M 1.168 43.85 -19.344
H 1.799 45.245 -15.878
W 1.163 48.487 -14.026
Y 3.853 50.092 -11.86
R 3.673 53.129 -9.586
Q 6.526 55.221 -8.219
A 6.691 57.926 -5.513
P 9.855 60.027 -5.026
G 12.503 58.686 -2.68
K 11.002 55.183 -2.681
E 11.656 52.251 -5.002
R 8.922 51.383 -7.486
E 5.966 49.146 -6.613
W 4.394 46.495 -8.815
V 0.631 47.025 -8.579
A -1.179 44.915 -11.18
A -0.862 42.627 -14.195
I -3.134 41.052 -16.807
S -2.435 38.069 -19.046
S -2.411 38.156 -22.843
T -5.884 36.588 -22.945
G -7.098 38.825 -20.107
R -8.702 35.92 -18.22
R -8.696 35.911 -18.223
S -6.231 36.25 -15.316
T -5.459 39.379 -13.298
F -2.956 39.823 -10.469
Y -2.745 42.535 -7.809
A -0.393 43.51 -5.025
D -1.84 42.971 -1.561
S -1.315 46.747 -1.166
V -4.145 47.27 -3.645
K -6.359 44.175 -3.865
G -10.068 44.922 -3.44
R -9.758 48.548 -4.607
F -8.074 48.695 -8.024
T -9.158 46.717 -11.079
I -7.074 46.086 -14.2
S -8.877 45.558 -17.507
R -8.342 45.943 -21.23
D -10.096 46.724 -24.506
N -8.648 44.899 -27.505
A -10.347 47.106 -30.11
K -8.72 50.229 -28.635
N -5.361 48.548 -27.826
T -5.569 50.163 -24.393
V -5.179 48.758 -20.873
Y -7.161 50.349 -18.047
L -6.678 50.569 -14.281
Q -9.694 51.805 -12.319
M -8.6 52.913 -8.841
N -11.288 53.011 -6.129
S -11.387 54.005 -2.447
L -8.143 55.919 -2.916
K -5.845 56.875 -0.046
P -2.844 59.225 0.254
E -0.474 56.231 0.125
D -1.652 55.531 -3.445
T -0.196 58.892 -4.639
A 2.591 58.331 -7.165
V 3.228 58.26 -10.932
Y 1.725 55.217 -12.648
Y 3.223 53.746 -15.815
C 2.325 50.641 -17.802
T 5.055 48.372 -19.139
V 5.52 45.453 -21.521
Y 8.338 43.31 -22.913
V 7.972 42.744 -26.67
G 11.423 41.999 -28.062
N 12.699 44.438 -25.424
R 11.365 46.306 -22.397
Y 9.242 49.386 -23.126
R 7.428 51.673 -20.694
G 5.148 54.671 -20.942
Q 5.975 58.082 -19.539
G 3.27 57.652 -16.887
T 0.396 59.795 -15.682
Q 0.428 61.403 -12.25
V -2.15 60.505 -9.588
T -2.575 62.471 -6.35
V -5.135 62.456 -3.527
S -5.309 64.219 -0.14
A -7.107 63.524 3.147
