tag x y z
S -44.561 28.049 -1.331
S -43.494 31.578 -0.453
S -41.741 29.734 2.386
Q -39.863 27.683 -0.239
V -38.437 30.195 -2.75
Q -38.871 33.962 -2.964
L -37.757 36.347 -5.705
V -37.854 40.034 -4.756
E -37.216 42.614 -7.471
S -36.318 46.27 -6.93
G -34.589 49.2 -8.601
G -37.308 50.366 -10.989
G -38.921 53.753 -11.378
L -39.192 56.423 -14.049
V -36.34 57.734 -16.198
Q -35.996 59.75 -19.396
A -35.053 58.27 -22.765
G -31.369 57.491 -23.16
G -31.081 57.037 -19.392
S -29.877 54.271 -17.101
L -31.499 51.925 -14.594
R -30.162 48.903 -12.687
L -32.675 46.333 -11.45
S -31.992 43.833 -8.659
C -33.586 40.42 -8.102
A -32.852 39.142 -4.596
A -33.298 35.393 -4.16
S -34.203 33.482 -1.002
G -34.74 29.775 -0.36
F -32.15 28.359 -2.786
P -28.532 29.135 -3.746
V -28.528 31.443 -6.761
D -25.472 29.692 -8.25
T -27.336 26.374 -8.68
Q -29.959 27.506 -11.214
W -30.466 29.248 -14.517
M -32.341 32.518 -14.003
H -34.255 34.656 -16.487
W -35.556 38.211 -16.733
Y -39.006 38.819 -18.19
R -40.865 42.057 -18.816
Q -44.572 42.619 -19.43
A -46.115 45.787 -20.798
P -49.833 46.205 -20.028
G -52.101 44.711 -22.672
K -49.342 42.955 -24.624
E -47.701 39.586 -24.023
R -44.693 38.884 -21.84
E -41.256 39.195 -23.427
W -38.256 37.109 -22.391
V -35.492 39.65 -21.798
A -32.302 37.886 -20.69
A -30.887 34.741 -19.103
I -27.854 33.638 -17.076
S -26.536 30.121 -16.454
S -25.942 28.305 -13.154
T -22.202 28.993 -13.356
G -22.555 32.546 -14.675
R -20.177 31.816 -17.566
S -23.011 32.181 -20.124
T -25.398 35.066 -20.765
F -28.163 35.385 -23.355
Y -30.251 38.385 -24.378
A -33.263 38.944 -26.577
D -32.4 40.556 -29.892
S -34.519 43.583 -28.918
V -32.184 44.666 -26.069
K -28.757 43.317 -26.999
G -25.835 45.67 -26.536
R -27.847 47.799 -24.101
F -28.879 45.402 -21.32
T -26.453 43.401 -19.184
I -27.33 40.582 -16.781
S -24.944 39.752 -13.941
R -24.938 37.965 -10.601
D -23.474 38.218 -7.088
N -23.433 34.844 -5.336
A -22.529 36.282 -1.924
K -25.606 38.545 -1.932
N -27.68 35.873 -3.752
T -28.882 38.44 -6.283
V -29.298 38.689 -10.055
Y -28.954 42.126 -11.662
L -30.156 43.656 -14.938
Q -28.132 46.694 -16.03
M -30.213 48.775 -18.469
N -28.459 51.418 -20.592
S -29.689 53.587 -23.471
L -33.329 53.151 -22.49
K -36.099 53.71 -25.037
P -39.822 54.374 -24.498
E -40.63 50.861 -25.764
D -38.721 49.347 -22.802
T -41.631 50.438 -20.573
A -42.994 47.453 -18.661
V -42.946 45.706 -15.298
Y -39.763 43.647 -14.979
Y -39.536 40.411 -13.018
C -37.097 37.529 -12.655
T -38.033 33.861 -12.688
V -36.482 30.504 -11.757
Y -37.417 26.81 -11.698
V -36.379 24.857 -8.59
G -38.682 21.845 -8.467
N -41.525 24.238 -9.265
R -41.91 27.578 -11.037
Y -41.2 30.666 -8.928
R -41.542 34.302 -9.915
G -40.964 37.703 -8.354
Q -43.598 40.36 -7.81
G -41.993 42.649 -10.399
T -40.764 46.243 -10.384
Q -42.083 48.849 -12.823
V -39.847 50.627 -15.335
T -41.429 53.617 -17.087
V -39.378 55.402 -19.756
S -40.321 58.935 -20.815
A -40.076 60.151 -24.406
G -37.405 62.777 -25.053
