tag x y z
E -18.812 -15.739 -35.618
V -16.333 -18.713 -35.188
Q -17.696 -21.738 -37.148
L -16.215 -25.27 -36.71
Q -17.844 -28.597 -37.811
Q -17.831 -28.608 -37.756
E -16.215 -32.082 -37.582
S -17.053 -34.956 -39.99
S -17.017 -34.92 -40.072
G -15.814 -38.498 -40.825
G -16.657 -40.219 -37.495
G -18.047 -43.797 -37.611
L -17.942 -47.375 -36.214
V -14.763 -49.422 -37.026
Q -13.114 -52.717 -35.825
P -9.955 -52.564 -33.623
G -6.912 -52.048 -35.947
G -9.183 -50.201 -38.457
S -8.657 -46.684 -39.953
S -8.656 -46.683 -39.946
L -10.747 -43.433 -40.034
R -10.037 -39.915 -41.47
L -11.717 -37.02 -39.564
S -12.137 -33.59 -41.217
C -13.063 -30.184 -39.726
A -14.473 -27.229 -41.779
A -13.566 -23.779 -40.328
S -14.961 -20.261 -41.034
S -15.028 -20.279 -41.037
G -15.726 -16.922 -39.276
F -11.987 -16.514 -38.424
T -8.677 -16.518 -40.413
F -8.058 -20.336 -39.987
S -4.834 -19.982 -42.092
S -3.304 -17.827 -39.237
Y -3.99 -20.189 -36.262
W -2.568 -23.174 -34.395
M -5.37 -25.796 -34.567
Y -6.079 -28.683 -32.123
W -7.791 -32.089 -31.983
L -9.41 -32.816 -28.571
R -11.548 -35.837 -27.544
Q -13.927 -36.833 -24.692
A -14.814 -40.492 -23.841
P -17.879 -41.182 -21.598
G -17.486 -40.239 -17.868
K -13.944 -38.88 -18.652
G -12.725 -35.265 -19.133
L -12.0 -33.493 -22.455
E -8.334 -34.287 -23.331
W -5.749 -33.008 -25.87
V -4.988 -35.286 -28.899
S -2.906 -33.203 -31.385
S -1.568 -29.693 -32.287
I -0.478 -28.265 -35.691
N 0.854 -24.749 -36.441
S -0.388 -22.696 -39.451
D 2.582 -23.711 -41.713
S 2.44 -27.48 -40.697
S 6.182 -27.27 -39.672
S 5.381 -28.545 -36.108
S 5.383 -28.548 -36.109
T 2.97 -31.36 -35.084
Y 2.439 -32.717 -31.535
Y 0.533 -35.843 -30.363
R -0.486 -37.264 -26.962
D 1.866 -40.207 -26.117
S -0.965 -42.818 -26.623
V -1.611 -41.893 -30.346
K 2.01 -41.129 -31.506
G 2.765 -43.238 -34.643
R -0.983 -44.057 -35.133
F -2.567 -40.569 -35.737
T -1.426 -37.882 -38.246
I -2.707 -34.263 -38.043
S -2.759 -32.139 -41.262
R -4.437 -28.974 -42.599
D -5.442 -27.281 -45.872
N -5.315 -23.453 -45.314
A -6.908 -22.925 -48.798
K -9.936 -25.23 -48.019
N -10.068 -24.053 -44.32
T -10.011 -27.795 -43.346
L -8.255 -29.675 -40.498
Y -7.728 -33.489 -40.771
L -6.883 -36.377 -38.409
Q -5.784 -39.671 -40.055
M -6.437 -42.338 -37.357
M -6.476 -42.341 -37.352
N -4.769 -45.752 -38.028
S -4.497 -48.995 -35.949
L -7.495 -47.825 -33.814
K -7.867 -49.158 -30.197
S -10.75 -49.367 -27.626
E -9.214 -46.328 -25.778
D -9.674 -44.2 -29.004
T -13.518 -44.442 -28.621
A -14.649 -40.806 -27.984
V -16.333 -37.69 -29.429
Y -13.538 -35.888 -31.391
Y -13.48 -32.052 -31.528
C -11.468 -29.636 -33.666
A -10.672 -26.492 -31.627
K -8.92 -23.12 -32.214
D -7.872 -23.033 -28.499
P -6.42 -25.774 -26.231
G -9.214 -25.442 -23.572
G -12.065 -26.376 -25.999
Y -13.729 -22.915 -25.634
A -14.07 -22.599 -29.46
K -14.632 -26.138 -30.884
G -17.133 -27.942 -33.164
Q -20.203 -30.005 -32.088
G -17.886 -33.073 -32.375
T -17.904 -36.368 -34.368
Q -18.36 -39.851 -32.767
V -15.538 -42.454 -33.184
T -16.548 -45.952 -31.874
V -13.974 -48.83 -31.905
S -15.799 -52.191 -31.29
