tag x y z
E 19.743 -18.021 -1.457
V 17.257 -15.063 -1.534
Q 18.732 -12.075 -3.477
L 17.233 -8.554 -2.999
Q 18.998 -5.354 -4.229
Q 18.995 -5.351 -4.209
E 17.459 -1.851 -3.877
S 18.314 1.091 -6.184
S 18.273 1.057 -6.264
G 17.093 4.653 -6.936
G 18.1 6.341 -3.631
G 19.557 9.886 -3.719
L 19.823 13.361 -2.092
V 16.669 15.49 -2.793
Q 15.19 18.813 -1.475
P 11.968 18.711 0.629
G 8.98 18.37 -1.799
G 11.152 16.293 -4.184
S 10.576 12.849 -5.802
L 12.528 9.547 -6.026
R 11.576 6.188 -7.607
L 13.075 3.217 -5.68
S 13.455 -0.149 -7.453
S 13.539 -0.135 -7.504
C 14.134 -3.591 -5.929
A 15.439 -6.49 -8.108
A 14.599 -9.961 -6.642
S 16.077 -13.447 -7.343
G 16.722 -16.801 -5.573
F 12.966 -17.158 -4.756
T 9.616 -17.099 -6.697
F 9.108 -13.292 -6.258
S 5.791 -13.577 -8.253
S 4.247 -15.728 -5.393
Y 5.088 -13.412 -2.428
W 3.674 -10.395 -0.609
M 6.486 -7.781 -0.717
Y 7.352 -4.927 1.701
W 9.215 -1.583 1.849
L 10.913 -1.013 5.261
R 13.158 1.916 6.291
Q 15.666 2.758 9.088
A 17.102 6.227 9.994
P 20.312 6.576 12.114
G 19.698 5.792 15.848
K 16.067 4.654 15.145
G 14.33 1.258 14.746
L 13.563 -0.448 11.407
E 9.921 0.447 10.481
W 7.27 -0.721 7.963
V 6.474 1.649 5.02
S 4.262 -0.345 2.553
S 4.24 -0.353 2.582
S 2.92 -3.836 1.542
I 1.683 -5.256 -1.819
N 0.236 -8.764 -2.566
S 1.419 -10.821 -5.602
D -1.529 -9.814 -7.929
S -1.357 -6.052 -6.885
S -5.077 -6.148 -5.74
S -4.124 -4.916 -2.188
T -1.642 -2.173 -1.093
Y -1.055 -0.737 2.443
Y 1.008 2.31 3.614
R 2.22 3.693 6.979
D 0.02 6.717 7.951
S 2.974 9.176 7.462
V 3.375 8.303 3.682
K -0.339 7.828 2.605
G -1.02 9.883 -0.59
R 2.748 10.571 -1.159
F 4.269 7.045 -1.708
T 2.914 4.443 -4.247
I 4.016 0.737 -4.168
S 3.84 -1.374 -7.383
R 5.554 -4.503 -8.801
D 6.456 -6.197 -12.109
N 6.219 -10.005 -11.552
A 7.766 -10.596 -15.058
K 10.794 -8.332 -14.239
N 10.942 -9.635 -10.581
T 10.994 -5.912 -9.56
L 9.271 -4.024 -6.703
Y 8.838 -0.202 -6.977
L 8.241 2.72 -4.565
Q 7.27 6.054 -6.199
M 8.039 8.661 -3.458
M 8.072 8.663 -3.455
N 6.521 12.154 -4.099
S 6.268 15.248 -1.781
L 9.361 13.985 0.159
K 9.847 15.269 3.763
S 13.008 15.598 5.954
E 11.396 12.84 8.163
D 11.583 10.408 5.144
T 15.465 10.392 5.362
A 16.589 6.733 5.907
V 18.048 3.587 4.281
Y 15.064 2.012 2.378
Y 14.806 -1.805 2.225
C 12.687 -4.195 0.143
A 11.853 -7.372 2.156
K 9.954 -10.664 1.542
D 9.003 -10.67 5.288
P 7.699 -7.881 7.575
G 10.581 -8.337 10.133
G 13.418 -7.434 7.703
Y 14.91 -10.97 8.116
A 15.25 -11.278 4.266
K 15.867 -7.759 2.803
G 18.435 -6.043 0.518
Q 21.573 -4.068 1.522
Q 21.6 -4.045 1.456
G 19.313 -0.948 1.169
T 19.363 2.407 -0.724
Q 20.043 5.769 1.072
V 17.25 8.417 0.717
T 18.334 11.879 2.052
V 15.798 14.816 2.053
S 17.528 18.105 3.17
S 17.54 18.1 3.168
S 17.739 21.835 2.157
D 21.513 21.938 3.076
