tag x y z
S 49.807 -19.553 1.272
S 46.478 -18.753 2.939
S 44.395 -15.605 3.364
Q 41.799 -15.342 6.111
V 38.359 -14.299 4.884
Q 36.973 -11.687 7.261
L 34.775 -8.59 7.484
V 35.28 -6.22 10.447
E 32.721 -3.473 11.054
S 33.528 -0.356 13.068
G 32.311 3.175 13.685
G 29.178 2.413 15.671
G 28.369 4.318 18.83
L 25.826 6.422 20.697
V 24.294 9.452 18.954
Q 21.241 11.569 19.675
A 18.451 11.648 17.108
G 19.115 13.669 13.965
G 22.844 12.966 14.192
S 25.183 11.25 11.751
L 27.577 8.272 11.735
R 29.851 6.639 9.134
R 29.836 6.631 9.135
L 30.343 2.893 9.537
S 33.358 1.131 8.09
C 33.805 -2.48 7.0
A 37.397 -3.633 6.506
A 37.4 -6.717 4.275
S 40.099 -9.384 4.155
S 40.098 -9.39 4.165
G 40.646 -12.258 1.72
F 38.757 -10.897 -1.304
P 38.694 -7.649 -3.312
V 35.545 -5.72 -2.399
W 35.13 -4.673 -6.068
Q 34.63 -8.32 -7.051
G 31.65 -8.963 -4.778
E 28.17 -7.722 -4.184
M 28.484 -6.02 -0.785
M 28.436 -6.113 -0.772
A 25.709 -5.014 1.555
W 24.796 -3.747 4.991
Y 22.099 -5.274 7.163
R 21.048 -4.558 10.725
Q 19.894 -6.776 13.586
A 17.301 -5.089 15.81
P 16.782 -6.48 19.345
G 13.258 -7.744 18.717
K 13.193 -8.011 14.939
E 14.738 -10.303 12.341
R 17.459 -9.332 9.889
E 16.815 -6.148 7.87
W 18.83 -5.377 4.719
V 19.499 -1.623 4.467
A 21.949 -1.017 1.58
A 23.861 -2.877 -1.139
I 26.27 -2.174 -3.99
S 26.845 -4.128 -7.2
S 29.625 -6.513 -8.088
M 31.995 -4.976 -10.65
G 29.963 -1.775 -10.788
Y 28.466 1.171 -8.985
K 24.715 0.569 -8.796
T 23.412 0.995 -5.249
Y 20.195 -0.204 -3.562
Y 18.513 0.912 -0.344
A 15.69 -0.127 1.936
D 12.734 2.26 1.714
S 13.264 2.997 5.43
V 16.706 4.567 4.813
K 16.399 6.154 1.349
G 17.769 9.699 1.367
R 19.503 9.088 4.713
F 22.059 6.301 4.149
T 24.748 6.005 1.483
I 26.858 2.921 0.781
S 30.232 3.302 -0.873
R 33.344 1.295 -1.594
D 37.045 2.164 -1.395
N 38.747 -0.525 -3.43
A 42.239 0.694 -2.513
K 41.54 0.344 1.224
N 39.407 -2.78 0.574
T 36.697 -1.227 2.705
V 32.98 -0.529 2.396
Y 31.207 2.331 4.175
L 27.708 3.197 5.353
Q 27.079 6.929 5.758
M 24.065 7.335 8.058
N 22.469 10.783 8.286
S 19.408 12.056 10.168
L 19.399 9.022 12.427
K 16.078 8.047 14.048
P 15.797 6.012 17.286
E 14.413 2.941 15.476
D 17.629 2.859 13.445
T 19.014 1.413 16.698
T 19.014 1.413 16.697
A 20.483 -2.01 15.882
V 23.735 -3.897 15.377
Y 24.987 -3.283 11.831
Y 26.767 -5.897 9.708
C 28.474 -5.808 6.338
A 28.39 -8.858 4.097
V 29.661 -10.111 0.741
M 27.99 -12.61 -1.612
V 30.444 -15.487 -2.041
G 28.127 -18.26 -3.217
F 26.423 -17.528 0.12
W 26.327 -14.31 2.143
Y 29.3 -14.011 4.504
A 29.046 -11.254 7.114
G 31.162 -9.613 9.783
Q 30.954 -9.332 13.563
G 28.604 -6.356 13.941
T 28.85 -2.832 15.333
Q 26.257 -1.399 17.716
V 24.39 1.785 16.783
T 22.134 3.448 19.385
V 20.051 6.535 18.532
S 18.693 8.462 21.535
