tag x y z
Q 161.328 91.359 140.07
V 161.136 95.127 139.589
Q 164.448 96.521 140.825
L 165.98 100.013 140.858
Q 169.494 100.27 142.317
E 171.042 103.708 142.783
S 174.753 104.516 142.682
G 176.83 107.631 143.193
G 176.363 110.366 145.72
G 178.328 111.012 148.871
L 180.528 113.743 150.272
V 180.99 116.97 148.295
Q 181.731 120.55 149.252
P 179.423 123.332 148.011
G 180.097 123.876 144.328
G 180.877 120.261 143.434
S 179.421 117.908 140.84
L 177.931 114.409 141.101
R 176.503 111.857 138.665
L 173.702 109.822 140.238
S 172.964 106.595 138.364
C 169.909 104.333 138.541
A 170.228 100.802 137.159
A 166.8 99.395 136.298
S 165.79 95.762 135.91
G 162.675 93.625 135.768
F 160.71 95.74 133.282
T 160.913 97.408 129.874
F 162.736 100.659 130.599
S 161.658 102.38 127.364
N 157.976 102.261 128.399
Y 158.017 104.051 131.756
K 158.38 107.721 132.596
M 161.206 108.021 135.116
N 161.587 110.37 138.073
W 164.163 111.512 140.596
V 162.76 112.182 144.067
R 164.613 113.089 147.237
Q 164.173 113.241 151.006
A 166.322 115.607 153.038
P 166.981 114.795 156.718
G 163.937 115.755 158.749
K 161.264 116.283 156.078
G 159.194 114.371 153.543
L 159.757 113.0 150.071
E 159.884 115.688 147.381
W 159.921 115.353 143.608
V 163.137 116.561 141.95
S 162.985 115.823 138.227
D 161.243 113.724 135.622
I 161.832 112.519 132.073
S 159.363 110.891 129.689
Q 159.686 107.572 127.86
S 161.724 108.531 124.79
G 163.403 111.413 126.631
A 162.064 114.528 124.886
S 159.924 115.979 127.691
I 161.858 116.901 130.844
S 160.885 118.794 133.976
Y 162.477 120.019 137.21
T 161.114 121.169 140.556
G 162.415 124.717 140.117
S 164.964 124.939 142.913
V 167.239 122.784 140.721
K 166.517 124.224 137.272
G 169.757 124.951 135.449
R 171.797 122.964 137.987
F 170.486 119.391 137.653
T 170.219 117.509 134.362
I 168.188 114.311 133.982
S 169.027 111.873 131.197
R 167.908 108.328 130.43
D 169.765 105.604 128.544
N 166.918 103.352 127.416
A 169.271 101.059 125.496
K 171.18 100.606 128.769
N 168.149 100.745 131.114
T 169.784 103.476 133.182
L 168.747 106.858 134.559
Y 171.16 109.707 135.299
L 171.098 112.948 137.263
Q 174.082 115.259 136.754
M 174.448 117.975 139.406
N 176.933 120.793 138.771
S 176.652 123.559 141.4
L 175.634 121.815 144.608
K 174.229 123.973 147.402
P 174.048 122.843 151.056
E 170.28 122.343 150.629
D 170.865 119.318 148.368
T 172.076 116.878 151.035
A 169.424 114.157 151.043
V 168.591 110.587 150.159
Y 168.027 110.439 146.401
Y 165.614 107.816 145.061
C 165.061 106.79 141.446
A 161.299 106.375 141.031
R 159.38 104.677 138.236
C 155.959 105.654 136.966
P 153.18 103.224 138.002
A 151.725 102.373 134.552
P 153.695 101.721 131.337
F 152.153 104.039 128.7
T 150.88 107.047 130.641
R 151.848 110.686 131.087
D 150.586 110.838 134.681
C 152.608 109.277 137.498
F 150.754 109.073 140.798
D 152.228 108.207 144.183
V 155.922 108.493 143.261
T 156.584 110.606 146.387
S 154.558 108.299 148.634
T 156.027 107.089 151.908
T 156.159 103.436 150.787
Y 155.773 103.518 147.005
A 156.621 100.072 145.672
Y 158.59 100.896 142.496
R 161.164 103.172 144.132
G 164.832 102.487 144.748
Q 166.618 102.449 148.079
G 168.353 105.778 147.534
T 171.868 107.212 147.621
Q 172.938 109.564 150.401
V 174.313 112.852 149.055
T 175.905 114.777 151.932
V 177.063 118.2 150.733
S 179.069 119.934 153.457
S 182.255 121.954 153.853
