tag x y z
Q -6.568 23.208 -62.895
V -3.408 21.36 -61.862
Q -0.121 21.533 -63.772
L 2.792 19.186 -63.04
V 6.379 19.911 -64.106
E 9.216 17.376 -63.87
S 12.846 18.293 -63.067
G 16.179 16.608 -62.415
G 16.481 14.092 -65.229
G 19.821 13.092 -66.717
V 22.519 10.515 -67.466
V 24.403 8.553 -64.789
Q 26.688 5.523 -64.385
P 25.173 2.511 -62.55
G 25.205 2.857 -58.768
R 25.013 6.653 -58.754
S 21.969 8.543 -57.453
L 19.461 10.987 -58.94
R 16.485 12.886 -57.469
L 13.357 13.574 -59.522
S 11.154 16.569 -58.649
C 7.527 17.185 -59.643
A 6.181 20.69 -59.029
A 2.398 21.163 -58.876
S 0.687 24.457 -59.687
G -2.843 25.861 -59.58
S -5.519 23.889 -57.723
T -3.044 21.881 -55.628
F -5.629 21.346 -52.869
S -7.47 19.056 -55.305
I -4.6 16.552 -55.223
V -5.065 13.646 -52.806
A -2.418 11.171 -53.968
M 0.465 11.262 -56.452
G 2.96 8.872 -58.016
W 5.759 8.256 -60.513
Y 5.22 6.115 -63.63
R 7.981 4.965 -66.005
Q 7.914 3.878 -69.666
A 10.753 2.026 -71.392
P 10.661 1.686 -75.211
G 9.181 -1.729 -75.967
K 7.956 -2.51 -72.439
Q 4.797 -1.262 -70.689
R 4.147 1.647 -68.312
E 5.086 0.545 -64.772
L 4.056 2.235 -61.513
V 7.246 2.988 -59.561
A 6.066 4.712 -56.374
S 2.855 6.286 -55.07
I 2.063 8.488 -52.079
I -0.872 9.879 -50.116
T -0.426 13.658 -49.867
G -2.42 13.738 -46.598
D -1.126 11.02 -44.33
G 2.057 10.339 -46.289
D 1.86 6.544 -46.704
T 3.908 5.239 -49.64
N 3.559 2.236 -51.978
Y 6.7 1.094 -53.808
A 7.148 -1.414 -56.635
D 9.128 -4.547 -55.671
S 11.697 -3.693 -58.364
V 12.793 -0.576 -56.446
K 11.9 -1.399 -52.803
G 14.942 -0.306 -50.788
R 16.594 1.732 -53.537
F 14.013 4.469 -54.225
T 12.308 6.836 -51.77
I 9.203 8.888 -52.608
S 8.56 11.965 -50.474
R 6.43 15.093 -50.442
D 6.794 18.689 -49.254
N 3.573 20.684 -48.901
S 5.418 23.983 -48.243
K 7.137 23.853 -51.66
N 4.114 22.083 -53.204
T 6.409 19.417 -54.664
M 6.93 15.651 -54.714
Y 10.38 14.047 -54.868
L 11.649 10.609 -55.9
Q 15.147 9.864 -54.573
M 16.671 7.225 -56.869
N 19.795 5.544 -55.465
S 21.741 2.51 -56.738
L 20.531 3.029 -60.314
K 20.619 0.057 -62.696
P 20.47 -0.236 -66.518
E 16.86 -1.466 -66.142
D 15.904 1.814 -64.455
T 16.391 3.59 -67.791
A 12.999 4.896 -68.916
V 10.879 8.063 -69.151
Y 9.658 9.071 -65.686
Y 6.153 10.591 -65.656
C 4.665 12.4 -62.624
Y 0.994 11.604 -61.896
A -1.643 13.094 -59.588
R -5.17 12.148 -58.591
T -8.106 14.151 -57.116
G -10.18 11.606 -55.175
Y -10.367 8.184 -53.481
G -11.37 5.029 -55.364
S -12.329 6.214 -58.87
S -13.99 9.412 -57.429
W -12.683 12.877 -58.548
L -13.34 16.435 -57.224
M -16.421 18.106 -58.846
G -14.874 20.945 -60.78
H -11.606 19.209 -61.612
E -9.981 16.418 -63.697
Y -9.878 12.79 -62.519
D -6.104 12.939 -63.02
Y -3.138 14.987 -64.283
W 0.253 14.093 -65.831
G 3.59 15.83 -66.391
Q 5.716 16.062 -69.532
G 8.073 13.335 -68.288
T 11.827 13.407 -67.749
Q 14.381 11.067 -69.334
V 16.612 8.956 -67.034
T 19.52 7.127 -68.712
V 21.948 4.749 -66.971
S 24.814 3.477 -69.192
S 28.573 3.64 -68.383
L 31.172 5.611 -70.492
