tag x y z
Q 8.349 9.138 -45.726
V 11.662 10.929 -44.788
Q 14.183 8.508 -43.142
L 17.092 9.878 -41.001
E 20.023 7.358 -41.242
E 22.586 8.228 -38.468
S 26.08 6.699 -37.817
G 29.232 7.085 -35.617
G 29.294 7.571 -31.802
G 30.373 4.703 -29.474
S 32.539 4.381 -26.291
V 35.813 6.313 -25.51
Q 37.987 7.391 -22.493
A 37.209 10.77 -20.768
G 38.728 13.967 -22.312
G 38.735 12.14 -25.71
S 36.908 12.882 -29.029
L 33.986 11.279 -30.994
R 32.28 11.924 -34.404
L 28.45 11.68 -34.871
S 27.064 11.891 -38.482
C 23.377 11.936 -39.671
A 21.937 12.396 -43.232
A 18.251 12.941 -44.268
S 16.891 10.71 -47.121
G 14.274 12.14 -49.576
Y 13.761 15.49 -47.723
M 13.063 18.127 -50.466
Y 13.168 21.98 -50.116
S 10.172 24.26 -51.032
T 10.514 27.28 -53.418
Y 11.992 29.645 -50.692
S 12.373 27.158 -47.765
T 14.83 24.983 -45.727
Y 14.832 22.963 -42.415
C 16.933 22.837 -39.178
M 18.686 19.608 -37.994
G 20.698 18.453 -34.908
W 21.024 16.013 -31.929
F 19.273 15.573 -28.527
R 20.927 13.461 -25.721
Q 19.075 11.488 -22.949
A 20.994 9.558 -20.205
P 18.992 6.981 -18.147
G 18.906 9.652 -15.36
K 17.82 13.098 -16.769
E 15.166 13.835 -19.502
R 15.639 14.651 -23.27
E 18.047 17.675 -23.614
G 19.162 19.643 -26.744
V 22.862 19.503 -27.851
A 23.635 21.177 -31.259
F 21.454 22.21 -34.293
I 22.239 23.789 -37.742
K 19.969 25.44 -40.406
R 20.731 23.336 -43.563
G 20.093 26.372 -45.869
D 22.822 28.803 -44.632
H 24.998 26.869 -42.055
S 23.303 28.861 -39.184
T 24.54 26.833 -36.124
Y 23.282 26.904 -32.472
Y 24.764 24.954 -29.467
T 23.711 24.335 -25.811
D 25.93 25.77 -22.968
S 27.215 22.328 -21.708
V 28.952 21.375 -25.025
K 29.809 24.947 -26.285
G 33.4 25.194 -27.704
R 34.22 21.418 -27.548
F 31.352 20.173 -29.836
T 31.216 21.569 -33.453
I 28.121 20.708 -35.628
S 28.564 21.245 -39.436
Q 27.182 19.953 -42.813
D 29.404 18.234 -45.394
S 27.474 20.016 -48.15
A 28.897 18.033 -51.073
K 28.25 14.63 -49.359
N 24.935 15.972 -47.954
T 25.047 15.307 -44.192
V 25.241 17.03 -40.762
S 27.913 15.758 -38.26
L 28.596 16.7 -34.566
Q 32.415 16.586 -33.95
M 32.617 16.13 -30.112
N 35.855 16.808 -28.084
N 37.16 16.751 -24.429
L 34.042 14.621 -23.584
K 33.118 14.659 -19.821
P 31.151 11.775 -18.174
E 28.039 14.097 -18.168
D 27.972 13.691 -22.033
T 27.319 9.888 -21.549
A 23.786 9.345 -23.041
I 21.888 8.124 -26.197
Y 22.2 10.855 -28.931
Y 19.08 11.243 -31.194
C 19.439 12.989 -34.627
A 16.24 15.039 -35.383
A 14.927 17.479 -38.086
D 11.837 19.818 -37.965
F 9.143 20.433 -40.677
A 10.409 22.861 -43.414
H 9.95 26.693 -43.111
S 11.042 30.022 -44.759
F 14.916 30.182 -44.766
L 14.565 33.819 -43.476
L 13.211 32.361 -40.148
S 15.907 31.498 -37.502
V 17.365 28.075 -36.388
H 15.295 25.947 -33.901
S 16.158 24.035 -30.641
G 12.912 23.222 -28.697
A 12.103 19.449 -28.916
G 8.426 20.416 -29.619
Q 9.482 22.064 -32.956
Y 11.503 18.988 -34.195
S 9.231 16.346 -35.834
Y 11.58 13.804 -37.594
W 13.656 11.706 -35.078
G 16.313 8.968 -35.633
Q 16.318 5.5 -33.92
G 19.137 6.876 -31.657
T 22.954 6.293 -31.484
Q 24.754 5.461 -28.155
V 27.867 7.341 -26.816
T 29.654 6.625 -23.442
V 32.848 8.107 -21.811
S 34.837 6.925 -18.709
S 38.32 6.894 -16.987
