tag x y z
A 22.325 17.841 -16.878
Q 24.919 20.328 -15.139
V 23.413 20.052 -11.465
Q 24.799 23.496 -10.027
L 24.115 24.156 -6.334
Q 24.886 27.141 -3.905
E 24.243 27.242 -0.396
S 23.824 30.317 1.994
G 22.787 31.313 5.35
G 25.334 29.907 7.862
G 26.941 32.06 10.576
L 28.16 32.144 14.265
V 25.566 31.504 16.872
Q 25.207 30.676 20.488
P 23.832 27.642 22.099
G 20.032 27.79 21.785
G 20.427 29.747 18.677
S 18.946 29.356 15.241
L 19.705 29.686 11.615
R 18.04 29.074 8.364
L 20.051 27.801 5.436
S 19.029 27.95 1.817
C 20.389 26.299 -1.387
A 19.759 27.764 -4.818
A 19.63 25.159 -7.723
S 20.181 25.59 -11.489
G 21.092 23.098 -14.353
F 18.484 20.456 -13.806
T 14.75 19.844 -13.005
F 14.841 20.763 -9.326
S 11.177 19.858 -9.073
S 11.988 16.225 -9.948
A 15.203 15.747 -7.793
I 15.556 14.144 -4.261
M 17.495 16.702 -2.197
T 19.754 16.046 0.616
W 21.641 18.025 3.399
V 24.852 16.644 4.663
R 27.365 18.082 7.232
Q 31.236 17.812 7.644
A 33.18 19.116 10.515
P 36.791 19.126 10.533
G 38.443 16.003 11.79
K 35.134 14.059 11.681
G 33.078 11.753 9.689
R 30.722 12.969 7.142
E 27.141 12.932 8.511
W 23.848 12.919 6.825
V 21.299 15.494 8.186
S 18.135 15.304 6.141
T 16.619 14.29 2.855
I 13.459 15.412 1.05
G 11.654 13.82 -1.827
S 10.97 15.939 -4.965
D 7.343 17.058 -4.198
G 8.245 17.722 -0.596
S 5.89 15.476 1.237
I 8.505 12.888 2.062
T 11.24 14.036 4.573
T 13.679 11.942 6.845
Y 16.125 13.104 9.477
A 19.155 11.877 11.335
D 18.376 10.921 14.909
S 20.987 13.586 15.985
V 18.713 16.495 14.668
K 15.132 14.927 14.808
G 12.778 17.75 16.096
R 15.398 20.4 16.137
F 15.852 20.909 12.288
T 13.369 21.024 9.506
I 14.03 20.497 5.745
S 11.681 22.201 3.16
R 11.825 23.195 -0.477
D 10.263 25.642 -2.822
N 10.0 24.138 -6.325
A 8.694 27.27 -7.995
R 11.969 29.072 -6.772
N 14.393 26.045 -7.226
T 15.384 26.504 -3.618
L 15.988 23.978 -0.785
Y 15.876 25.164 2.92
L 16.944 23.998 6.285
Q 15.615 25.549 9.446
M 17.795 24.777 12.438
N 16.608 25.514 16.033
S 17.916 24.486 19.396
L 21.5 24.741 18.205
K 24.179 22.73 20.114
P 28.08 23.129 19.745
E 28.189 19.572 18.209
D 26.105 21.013 15.291
T 29.211 22.924 14.199
A 30.308 22.102 10.609
V 30.18 22.94 6.966
Y 26.533 22.087 5.827
Y 26.044 21.212 2.144
C 23.248 20.191 -0.305
T 23.794 17.137 -2.603
T 23.812 17.076 -2.548
S 21.946 15.738 -5.447
A 22.777 13.101 -7.885
G 26.303 12.71 -7.069
R 27.04 16.495 -7.017
R 27.122 19.046 -4.196
G 27.529 22.751 -3.704
P 30.357 24.391 -1.832
G 28.749 24.537 1.454
T 27.938 27.019 4.179
Q 29.612 27.233 7.67
V 27.642 26.814 10.854
T 29.459 27.532 14.195
V 27.784 27.126 17.517
S 30.378 28.645 19.94
S 29.86 29.163 23.557
H 33.107 31.442 23.544
