tag x y z
Q 157.574 104.735 150.91
V 156.608 108.415 150.931
Q 158.1 110.475 153.758
L 158.652 114.189 154.408
Q 160.877 115.835 157.015
E 161.335 119.52 157.829
S 164.228 121.348 159.463
G 165.154 124.737 160.883
G 163.431 127.162 163.195
G 163.81 127.363 166.957
L 163.665 130.163 169.499
V 163.88 133.58 167.808
Q 162.719 136.784 169.492
P 160.0 138.795 167.701
G 161.356 140.786 164.785
G 163.939 138.125 163.951
S 164.061 135.732 161.034
L 164.297 131.995 160.402
R 164.03 129.668 157.404
L 162.233 126.321 157.134
S 163.618 123.577 154.884
C 161.356 120.7 153.821
A 163.166 117.691 152.352
A 161.071 115.337 150.218
S 161.782 111.755 149.179
G 159.829 108.802 147.836
F 157.997 110.481 144.944
T 158.556 112.621 141.862
F 158.743 116.103 143.376
S 157.789 118.034 140.233
N 154.356 116.469 139.719
Y 152.948 117.36 143.141
K 151.712 120.649 144.526
M 153.361 121.363 147.875
N 151.775 123.273 150.749
W 152.67 124.667 154.164
V 150.33 124.122 157.117
R 150.776 124.894 160.804
Q 149.109 124.052 164.113
A 149.206 126.778 166.743
P 149.141 125.778 170.436
G 145.503 125.386 171.392
K 144.213 125.713 167.82
G 143.473 123.506 164.839
L 145.427 122.831 161.673
E 145.443 125.885 159.414
W 146.818 126.604 155.955
V 149.668 129.034 155.294
S 150.964 128.915 151.717
D 151.271 126.76 148.605
I 153.172 126.581 145.319
S 152.242 124.772 142.115
Q 154.2 122.247 140.056
S 156.192 124.873 138.153
G 156.751 127.446 140.889
A 155.074 130.391 139.151
S 151.638 130.4 140.804
I 151.837 131.248 144.516
S 149.216 131.821 147.203
Y 149.305 132.912 150.841
T 147.004 133.485 153.762
G 146.323 137.087 154.687
S 147.998 136.799 158.084
V 151.361 136.162 156.38
K 150.934 137.861 152.99
G 153.828 140.1 152.005
R 155.908 138.719 154.882
F 156.708 135.089 153.967
T 158.182 133.857 150.677
I 157.836 130.26 149.479
S 159.904 128.483 146.837
R 160.653 124.971 145.603
D 163.666 123.194 144.108
N 162.976 120.291 141.757
A 166.687 119.644 141.21
K 167.308 119.487 144.973
N 163.961 118.032 146.158
T 163.221 120.654 148.79
L 160.47 123.103 149.728
Y 161.589 126.462 151.107
L 159.986 129.058 153.39
Q 161.576 132.397 154.304
M 160.104 134.09 157.385
N 161.0 137.709 158.162
S 159.811 139.904 161.046
L 158.363 137.086 163.126
K 155.235 137.867 165.15
P 153.979 136.36 168.443
E 151.08 135.095 166.323
D 153.471 132.943 164.264
T 154.306 130.628 167.195
A 153.258 127.204 165.892
V 154.508 123.833 164.676
Y 154.933 123.692 160.894
Y 153.992 120.671 158.769
C 155.085 120.153 155.176
A 152.113 118.881 153.162
R 151.73 117.185 149.78
C 148.98 116.999 147.191
P 147.075 113.672 147.186
A 147.356 113.052 143.427
P 149.794 114.204 140.731
F 148.923 116.633 137.933
T 145.987 118.098 139.888
R 145.065 121.594 141.08
D 143.019 120.635 144.163
C 144.086 119.744 147.699
F 142.492 118.248 150.83
D 145.478 118.677 153.135
V 144.394 120.31 156.417
T 142.53 117.322 157.883
S 143.434 116.366 161.435
T 142.227 112.835 160.639
T 145.815 111.726 159.945
Y 146.602 112.93 156.451
A 149.014 110.341 155.088
Y 151.316 112.624 153.062
R 152.421 115.303 155.53
G 155.49 115.724 157.698
Q 155.912 114.921 161.368
G 156.266 118.552 162.445
T 158.808 121.231 163.332
Q 158.411 123.605 166.268
V 158.889 127.336 165.662
T 158.435 129.728 168.581
V 159.011 133.431 169.193
