tag x y z
Q 199.803 192.585 222.141
V 200.787 195.473 219.811
Q 203.521 197.677 221.333
L 203.852 201.378 220.478
V 206.527 204.047 220.032
E 206.284 207.779 219.168
S 208.457 209.718 216.702
G 208.749 213.447 215.848
G 209.054 215.583 219.028
G 210.275 219.186 218.523
L 210.702 222.507 220.388
V 209.139 224.847 217.825
Q 207.689 228.354 218.359
A 204.03 229.279 217.742
G 202.55 229.027 214.2
G 205.057 226.235 213.259
S 202.925 223.315 212.022
L 204.566 220.168 213.503
R 204.348 216.403 212.857
L 203.983 213.471 215.304
S 204.085 209.868 214.053
C 203.284 206.975 216.454
A 204.512 203.711 214.943
A 203.096 200.369 216.141
S 204.99 197.075 216.211
G 203.154 193.827 215.422
R 200.581 192.02 213.259
T 196.819 192.597 213.81
F 196.779 196.437 213.661
T 194.05 197.237 211.088
S 191.814 195.977 213.997
Y 192.845 198.78 216.457
A 191.712 202.384 216.865
M 194.325 204.922 218.083
G 194.4 207.98 220.315
W 196.656 210.911 221.152
F 196.854 212.216 224.702
R 198.756 215.115 226.302
Q 199.623 216.386 229.782
A 200.776 220.003 230.261
P 203.397 220.824 233.012
G 201.46 219.929 236.202
K 198.192 219.006 234.408
E 196.093 215.941 233.411
R 196.578 213.548 230.46
E 193.861 215.114 228.23
S 192.518 213.189 225.245
V 193.923 215.372 222.402
A 192.458 213.349 219.507
A 191.859 209.853 218.135
I 190.827 207.875 215.078
S 188.637 204.808 214.394
S 190.127 201.381 213.705
S 189.405 201.105 209.958
G 190.323 204.791 209.408
G 187.706 207.135 207.952
S 186.251 208.435 211.212
T 188.315 210.84 213.316
H 187.861 212.623 216.645
Y 189.447 215.793 218.011
A 188.936 217.346 221.446
D 187.081 220.683 221.623
S 190.302 222.306 222.947
V 192.088 221.676 219.572
K 188.941 221.053 217.421
G 189.4 220.708 213.652
R 192.868 222.441 213.78
F 194.909 219.242 214.179
T 194.846 216.445 211.615
I 194.972 212.728 212.478
S 195.427 210.084 209.767
R 196.474 206.44 209.827
D 198.351 204.049 207.575
N 197.785 200.362 208.386
S 200.482 198.934 206.074
K 203.042 200.932 208.116
N 201.296 200.442 211.521
T 201.495 204.223 212.052
V 199.303 207.212 212.925
Y 200.131 210.852 212.099
L 198.996 213.866 214.153
Q 199.928 216.923 212.061
M 199.023 220.027 214.088
N 198.633 223.559 212.658
S 198.849 227.026 214.186
L 200.774 225.805 217.291
K 200.442 228.029 220.39
P 202.415 227.889 223.733
E 199.527 226.006 225.498
D 199.824 223.274 222.776
T 202.934 222.357 224.848
A 202.608 219.08 226.773
V 203.938 215.536 226.926
Y 202.134 213.753 224.006
Y 201.409 210.001 224.369
C 199.852 207.63 221.789
A 197.366 204.99 222.927
A 195.826 202.036 221.044
A 192.114 201.91 221.962
M 189.872 198.903 221.387
Y 186.439 197.816 222.806
G 185.562 201.401 223.557
S 182.277 203.084 224.311
R 181.352 206.451 222.672
W 184.441 208.707 222.278
P 186.392 209.621 224.372
D 185.292 206.731 226.619
W 187.403 203.979 225.025
E 189.753 201.352 226.48
Y 193.24 202.737 225.886
D 195.252 199.698 227.052
Y 198.294 199.753 224.691
W 199.793 203.021 225.932
G 202.796 204.307 223.986
Q 206.2 205.527 225.146
G 205.565 209.298 225.403
T 207.185 212.49 224.052
Q 207.583 216.2 224.702
V 206.388 218.502 221.914
T 206.738 222.06 223.181
V 205.491 225.253 221.643
S 208.061 227.929 222.545
S 207.918 231.7 221.887
