tag x y z
Q 87.796 57.732 42.895
V 84.248 57.424 44.23
Q 82.092 56.311 41.314
L 78.544 54.926 41.17
Q 77.42 53.874 37.68
E 73.833 52.668 37.267
S 72.536 50.212 34.681
G 68.762 50.006 34.709
G 66.304 49.766 31.851
G 64.537 51.668 29.128
L 60.96 51.462 27.886
V 58.254 49.621 29.833
Q 54.472 49.62 29.679
P 52.322 50.889 32.576
G 52.252 48.064 35.094
G 55.606 46.687 33.971
S 58.615 45.658 36.02
L 62.251 46.733 35.936
R 65.344 46.236 38.091
L 67.946 48.993 38.464
S 71.495 48.005 39.44
C 74.09 50.436 40.81
A 77.624 49.034 40.94
A 79.27 51.264 43.536
S 83.06 51.307 43.513
G 86.047 53.327 44.644
F 84.962 53.293 48.294
T 84.023 50.877 51.059
F 80.398 50.047 50.311
S 79.451 48.692 53.734
N 79.948 51.934 55.683
Y 77.479 54.222 53.88
K 73.688 54.556 53.788
M 72.834 54.378 50.097
N 69.837 56.054 48.455
W 67.855 56.373 45.237
V 66.851 59.792 43.949
R 65.016 60.548 40.734
Q 64.336 63.549 38.518
A 61.071 63.563 36.607
P 61.229 65.415 33.262
G 60.323 69.003 34.042
K 60.767 68.737 37.81
G 63.329 68.923 40.59
L 65.179 66.17 42.397
E 63.278 63.971 44.835
W 64.27 61.091 47.102
V 62.794 57.649 46.47
S 64.195 55.116 48.952
D 67.179 54.543 51.241
I 68.816 51.577 52.969
S 71.203 51.455 55.908
Q 74.67 49.905 56.038
S 73.498 46.319 56.53
G 70.137 46.281 54.787
A 68.099 46.472 57.967
S 66.431 49.905 58.091
I 64.675 50.347 54.758
S 62.617 53.431 53.965
Y 60.557 54.682 51.046
T 58.76 57.683 49.709
G 54.994 57.371 49.764
S 54.452 57.103 46.011
V 57.03 54.288 45.831
K 55.681 52.289 48.782
G 54.467 48.786 47.998
R 55.805 48.914 44.432
F 59.584 49.401 44.742
T 61.954 47.207 46.763
I 65.419 48.588 47.541
S 68.04 45.984 48.419
R 71.826 46.18 48.697
D 74.386 43.396 48.273
N 77.418 44.39 50.349
A 79.386 41.393 49.054
K 79.586 42.668 45.461
N 79.434 46.423 46.166
T 76.084 46.931 44.442
L 72.683 48.451 45.159
Y 69.436 47.197 43.646
L 65.956 48.638 43.224
Q 63.228 46.291 42.034
M 60.308 48.151 40.469
N 56.841 46.601 40.237
S 53.558 47.981 38.89
L 55.16 50.912 37.105
K 52.972 53.98 36.592
P 53.406 56.913 34.173
E 54.225 59.146 37.166
D 57.483 57.184 37.574
T 59.154 58.35 34.357
A 62.44 59.95 35.415
V 66.189 59.417 35.597
Y 67.227 57.37 38.623
Y 70.456 58.463 40.298
C 72.059 56.123 42.831
A 73.232 58.553 45.474
R 75.212 57.591 48.539
C 75.826 59.398 51.583
P 78.488 62.011 52.444
A 80.069 60.437 55.54
P 80.284 56.843 56.812
F 78.898 55.428 60.061
T 76.193 58.084 60.18
R 72.407 58.0 60.411
D 71.974 61.453 58.837
C 72.193 61.475 55.053
F 72.682 65.165 54.497
D 72.232 67.153 51.269
V 71.681 64.124 49.04
T 69.219 65.55 46.47
S 71.258 68.703 45.898
T 71.39 70.056 42.359
T 75.146 69.436 42.096
Y 76.053 66.629 44.505
A 79.375 64.848 44.387
Y 78.641 61.204 45.27
R 75.934 60.328 42.791
G 75.61 58.545 39.499
Q 75.006 59.939 36.059
G 71.619 58.237 36.112
T 69.544 55.918 33.96
Q 66.329 56.901 32.2
V 63.282 54.79 33.049
T 60.6 55.768 30.538
V 57.237 54.069 31.074
S 54.838 54.537 28.163
S 53.252 52.769 25.194
