tag x y z
Q 103.374 112.177 54.731
V 105.434 109.137 55.732
Q 107.931 107.663 53.276
L 110.039 104.492 53.358
Q 112.259 104.493 50.265
E 114.735 101.659 49.746
S 117.771 101.408 47.482
G 120.493 98.964 46.5
G 119.975 95.47 45.176
G 120.399 94.114 41.666
L 121.599 90.902 40.007
V 124.771 89.465 41.559
Q 126.554 86.096 41.697
P 125.726 83.47 44.373
G 128.155 84.107 47.223
G 128.86 87.825 46.756
S 127.675 90.785 48.815
L 125.003 93.48 48.85
R 123.947 96.422 50.999
L 120.39 97.756 51.066
S 119.628 101.177 52.534
C 116.253 102.589 53.586
A 115.842 106.365 53.835
A 112.85 107.263 56.009
S 111.145 110.66 55.872
G 107.937 111.85 57.524
F 108.365 110.64 61.113
T 110.808 110.791 64.007
F 113.252 107.976 63.26
S 114.621 107.621 66.795
N 111.525 106.205 68.531
Y 110.367 103.354 66.276
K 111.652 99.804 65.973
M 112.455 99.039 62.337
N 112.183 95.827 60.324
W 113.365 94.223 57.091
V 110.79 91.983 55.389
R 111.356 90.038 52.174
Q 108.891 88.346 49.823
A 109.955 85.447 47.616
P 108.215 85.021 44.229
G 105.235 82.722 44.674
K 105.485 82.817 48.472
G 103.945 85.265 50.914
L 105.713 87.811 53.06
E 108.368 86.536 55.452
W 110.086 88.387 58.283
V 113.889 88.575 58.201
S 115.226 90.803 60.981
D 114.596 93.842 63.163
I 116.405 96.321 65.419
S 115.33 98.285 68.495
Q 115.059 102.078 68.537
S 118.583 102.595 69.925
G 120.633 99.649 68.601
A 120.598 97.426 71.693
S 118.35 94.51 70.711
I 118.895 92.912 67.295
S 117.147 89.737 66.135
Y 117.134 87.612 62.99
T 115.374 84.768 61.305
G 117.492 81.684 61.992
S 117.797 80.968 58.261
V 119.693 84.269 57.798
K 121.712 84.204 61.035
G 125.454 84.81 60.732
R 125.309 85.995 57.123
F 123.193 89.148 57.394
T 123.359 92.115 59.742
I 121.225 95.189 60.385
S 122.2 98.651 61.616
R 120.658 102.07 62.174
D 121.943 105.627 62.033
N 119.438 107.842 63.849
A 121.171 111.107 62.873
K 120.75 110.644 59.106
N 117.575 108.464 59.272
T 118.753 105.451 57.287
L 118.238 101.728 57.904
Y 120.822 99.295 56.54
L 120.956 95.568 55.793
Q 124.456 94.375 54.9
M 124.109 91.051 53.08
N 126.874 88.45 52.731
S 127.103 84.885 51.36
L 123.922 84.792 49.301
K 122.028 81.796 47.925
P 119.583 80.923 45.108
E 116.908 80.647 47.845
D 117.431 84.334 48.749
T 115.888 85.981 45.661
A 113.134 88.232 47.012
V 111.753 91.769 47.101
Y 113.035 93.364 50.307
Y 110.688 95.796 52.069
C 111.543 98.205 54.889
A 108.662 98.104 57.37
R 108.374 99.744 60.785
C 106.406 99.59 64.014
P 102.896 101.099 64.014
A 103.344 102.946 67.322
P 106.206 104.841 68.993
F 107.774 103.784 72.316
T 106.358 100.305 71.837
R 107.879 96.958 72.797
D 105.893 94.736 70.41
C 104.743 94.996 66.798
F 101.853 93.6 64.76
D 103.791 93.65 61.522
V 103.408 92.679 57.826
T 100.266 91.044 56.476
S 98.971 89.446 53.293
T 99.017 92.947 51.787
T 98.219 96.61 52.481
Y 100.347 97.33 55.512
A 100.332 101.095 55.775
Y 104.011 101.664 56.645
R 106.103 99.887 54.019
G 108.11 100.557 50.888
Q 107.814 99.49 47.279
G 110.786 97.137 47.615
T 113.991 96.707 45.62
Q 114.378 93.453 43.711
V 117.305 91.329 44.898
T 118.268 88.359 42.731
V 121.343 86.174 42.377
