tag x y z
V 13.057 15.035 30.344
Q 12.331 15.686 26.66
L 9.154 15.175 24.598
V 9.621 15.159 20.799
E 6.64 15.231 18.414
S 6.019 14.297 14.769
G 3.358 13.235 12.242
G 1.749 16.623 11.554
G 1.527 18.505 8.256
L -1.064 19.387 5.615
V -4.089 17.258 4.628
Q -7.478 17.738 2.903
A -10.771 17.633 4.827
G -11.967 14.107 5.659
G -8.323 12.957 5.741
S -6.201 11.293 8.433
L -2.979 11.895 10.385
R -1.094 10.079 13.145
L 0.793 12.198 15.683
S 3.549 10.687 17.841
C 5.264 11.997 20.975
A 8.347 10.058 22.107
A 9.411 10.625 25.725
S 12.84 10.125 27.322
G 14.457 11.106 30.645
A 11.966 10.121 33.353
T 10.119 6.797 33.8
F 7.39 6.996 31.154
I 4.689 4.89 32.869
T 4.484 7.253 35.878
Y 3.289 10.06 33.55
G -0.227 10.706 32.279
M 0.056 12.01 28.725
T -2.317 14.572 27.199
W -2.774 16.161 23.759
F -3.534 19.889 23.627
R -4.047 22.089 20.556
Q -3.761 25.838 19.971
A -5.231 27.689 16.978
P -3.727 31.186 16.345
G -5.49 33.717 18.628
K -7.31 31.109 20.761
E -6.43 29.576 24.152
R -4.652 26.204 24.223
E -7.41 23.568 24.651
F -7.618 19.945 25.851
V -8.091 17.274 23.136
A -7.4 13.83 24.637
A -5.618 12.22 27.612
V -4.385 8.756 28.624
T -3.352 7.203 31.949
G 0.017 5.613 32.776
N -1.146 2.02 32.15
G -3.038 3.059 28.98
A -6.473 1.828 30.094
G -8.062 5.186 30.949
T -8.757 7.515 28.012
T -10.742 10.784 27.923
Y -11.667 12.979 24.927
L -12.889 16.491 24.189
P -16.549 15.795 23.178
S -15.995 17.38 19.703
V -13.23 14.953 18.615
K -14.642 11.85 20.363
G -15.107 9.003 17.868
R -12.945 10.718 15.233
F -9.742 10.889 17.342
T -8.061 7.973 19.16
I -5.321 8.267 21.794
S -3.069 5.345 22.786
R 0.433 4.614 24.073
D 3.176 1.995 23.872
N 4.867 1.87 27.292
A 7.651 -0.366 25.915
K 8.855 2.21 23.33
N 7.917 5.262 25.462
T 5.562 6.937 22.964
V 2.006 8.297 22.937
Y -0.021 8.473 19.708
L -3.011 10.461 18.476
Q -4.788 8.904 15.474
M -6.917 11.588 13.789
S -9.724 10.744 11.334
S -12.447 12.664 9.477
L -10.453 15.884 9.905
K -12.45 19.128 9.617
P -11.096 22.701 9.123
E -11.962 23.152 12.861
D -9.017 20.87 13.752
T -6.36 23.167 12.221
A -3.876 24.14 14.955
V -0.516 23.39 16.567
Y -0.877 20.169 18.584
Y 1.156 19.873 21.801
C 1.799 16.838 23.981
G 1.871 17.415 27.753
G 3.056 15.131 30.555
R 2.044 15.146 34.231
R 2.851 12.713 37.08
W 0.791 10.605 38.214
V -2.479 11.573 36.552
P -3.14 13.095 33.078
A -3.418 16.897 32.933
T -6.84 18.314 31.976
A -5.781 21.995 32.014
V -2.652 23.737 30.694
D -1.464 24.785 34.176
Q -1.156 21.196 35.347
V 1.356 20.15 32.635
A 4.928 19.595 33.91
Y 6.608 18.802 30.551
W 5.73 19.919 26.982
G 6.774 18.889 23.472
Q 7.881 21.398 20.807
G 4.472 21.186 19.079
T 3.607 19.904 15.593
Q 1.461 21.849 13.068
V -1.696 20.335 11.545
T -3.44 22.19 8.707
V -6.725 20.993 7.184
S -7.647 22.651 3.868
S -11.025 22.551 2.072
