tag x y z
V 300.277 310.846 418.879
Q 301.936 312.242 422.016
L 302.631 309.982 424.998
Q 302.004 311.021 428.604
E 303.756 309.607 431.67
S 302.975 309.595 435.39
G 304.46 308.441 438.687
G 307.229 311.039 439.092
G 307.812 314.205 441.081
L 309.966 314.713 444.163
V 311.032 311.377 445.684
Q 313.686 310.323 448.196
P 316.436 307.866 447.214
G 315.937 304.318 448.426
G 312.225 303.867 447.695
S 310.549 301.755 445.039
L 309.207 303.31 441.841
R 307.163 302.007 438.922
L 307.007 304.623 436.183
S 303.848 304.348 434.086
C 303.343 305.245 430.416
V 299.918 306.826 429.941
A 299.876 306.643 426.138
S 297.549 308.856 424.102
G 296.202 305.541 422.824
T 298.607 304.799 419.948
V 296.234 305.56 417.042
F 299.073 304.137 414.926
S 298.161 303.274 411.357
I 298.042 300.345 408.944
N 298.297 296.593 409.638
D 302.02 296.824 408.988
I 302.823 296.06 412.64
S 305.311 293.892 414.575
I 307.601 296.887 414.331
N 306.167 297.858 417.72
H 309.454 298.724 419.443
L 309.14 301.141 422.363
G 311.849 302.384 424.67
W 312.953 304.756 427.397
Y 315.313 307.729 427.23
R 316.93 309.755 430.004
Q 318.014 313.392 429.787
A 320.767 315.22 431.672
P 321.019 318.94 432.514
G 322.543 320.578 429.449
K 323.916 317.189 428.321
E 322.4 315.329 425.363
R 319.522 313.029 426.27
E 320.747 309.431 426.358
L 319.035 306.081 425.91
V 318.384 303.708 428.805
A 316.584 300.662 427.4
A 314.555 299.425 424.437
I 311.954 296.666 424.049
T 311.575 294.685 420.82
A 308.26 293.428 419.39
D 308.039 290.289 421.516
G 310.727 289.558 424.06
T 314.21 291.04 423.707
S 315.462 293.674 426.128
A 318.704 295.654 426.228
Y 319.936 298.304 428.635
E 322.836 300.718 428.933
D 325.636 298.826 430.688
S 325.629 301.611 433.285
V 322.237 300.395 434.555
K 322.441 296.837 433.168
G 321.034 294.206 435.514
R 319.419 296.776 437.81
F 316.219 297.661 435.915
I 313.372 295.503 434.597
I 311.177 296.415 431.608
S 308.065 294.774 430.159
R 305.077 295.735 428.017
D 301.429 294.707 428.22
D 299.88 294.879 424.756
A 296.516 293.31 425.644
K 295.703 296.651 427.284
K 298.453 298.482 425.321
M 300.568 299.831 428.209
V 304.294 299.718 428.996
Y 306.013 300.332 432.337
L 309.466 300.831 433.858
Q 310.613 299.19 437.082
M 313.069 301.049 439.32
N 314.946 298.982 441.912
S 318.466 299.274 443.335
L 318.271 303.051 443.597
K 321.56 304.926 443.054
P 322.431 308.637 442.839
E 322.681 308.154 439.069
D 318.892 308.095 438.582
T 318.524 311.9 438.424
A 317.166 312.217 434.876
V 313.912 312.888 433.023
Y 312.484 309.733 431.462
Y 310.664 309.736 428.11
C 308.364 306.862 427.14
N 308.745 306.649 423.362
G 309.324 304.311 420.426
L 312.384 303.143 418.497
R 313.438 302.82 414.865
A 315.712 299.741 414.872
S 318.241 300.678 412.161
N 321.27 298.587 411.116
A 323.76 300.486 413.321
G 321.503 301.405 416.24
W 318.012 302.398 417.34
E 316.993 305.852 416.105
P 314.546 308.173 417.902
R 310.927 309.112 417.215
F 308.909 308.578 414.988
G 306.924 311.126 416.97
T 306.285 314.779 417.741
W 307.875 314.876 421.231
G 307.055 313.815 424.799
Q 306.417 315.628 428.047
G 308.395 313.509 430.507
T 308.591 312.778 434.216
Q 311.649 313.558 436.339
V 313.053 311.481 439.208
T 315.77 313.48 440.98
V 317.092 311.816 444.141
S 319.786 313.384 446.326
S 320.686 312.475 449.904
