tag x y z
H 136.877 123.831 107.458
A 136.772 127.583 107.97
E 137.762 127.485 111.63
G 140.992 125.672 110.831
T 141.663 127.973 107.884
F 140.999 131.032 110.042
T 143.153 129.681 112.862
S 145.956 129.001 110.388
D 145.663 132.515 108.938
V 145.546 134.177 112.364
S 148.431 132.044 113.606
S 150.499 132.877 110.526
Y 149.777 136.581 110.993
L 150.697 136.442 114.684
E 153.839 134.422 113.943
G 154.94 137.0 111.387
Q 154.186 139.749 113.892
A 156.213 137.874 116.513
A 159.191 137.633 114.166
K 158.884 141.33 113.291
E 158.72 142.245 116.98
F 161.805 140.111 117.605
I 163.653 142.073 114.927
A 162.364 145.332 116.422
W 163.647 144.292 119.851
L 167.016 143.469 118.305
V 167.097 146.92 116.706
K 166.321 148.536 120.061
G 168.91 146.358 121.792
R 168.331 143.582 124.317
