tag x y z
Q 136.263 139.348 90.813
V 136.268 135.717 91.931
Q 136.924 133.957 88.614
L 136.933 130.145 88.336
Q 137.359 128.972 84.752
E 137.887 125.294 84.002
S 139.057 123.171 81.077
G 139.839 119.595 80.109
G 136.419 117.924 80.09
G 134.547 116.376 77.181
L 133.642 112.945 75.844
V 135.662 109.834 76.683
Q 134.989 106.148 76.387
P 134.26 104.168 79.576
G 137.482 103.19 81.308
G 139.523 106.135 80.02
S 141.442 108.826 81.883
L 140.983 112.601 82.005
R 142.574 115.555 83.794
L 140.489 118.635 84.553
S 142.423 121.889 84.996
C 140.888 124.671 87.108
A 142.612 127.953 86.182
A 141.635 130.289 89.012
S 141.954 134.036 88.52
G 141.013 136.984 90.735
F 141.686 135.576 94.216
T 145.02 134.494 95.72
F 144.852 130.712 95.365
S 147.074 129.853 98.333
N 144.862 131.659 100.846
Y 141.716 129.549 100.761
K 140.795 125.871 100.807
M 139.918 124.325 97.456
N 137.953 121.243 96.366
W 135.939 119.672 93.565
V 132.198 119.073 93.53
R 130.183 117.426 90.786
Q 126.57 117.39 89.673
A 125.698 114.102 88.075
P 122.475 113.951 86.039
G 119.919 113.183 88.708
K 119.993 116.531 90.501
G 122.718 116.064 93.043
L 125.634 118.355 93.861
E 128.211 116.278 95.727
W 131.605 117.161 97.127
V 134.399 114.986 95.735
S 137.772 115.591 97.356
D 139.394 118.168 99.618
I 142.886 119.633 99.531
S 144.105 122.271 101.964
Q 145.868 125.472 100.921
S 149.299 123.873 101.248
G 148.146 120.51 99.924
A 148.755 118.488 103.075
S 145.258 117.208 103.938
I 143.504 115.359 101.107
S 140.23 113.463 101.462
Y 138.087 111.696 98.876
T 134.513 110.619 98.466
G 134.263 106.859 98.843
S 133.017 106.299 95.327
V 136.098 108.067 93.955
K 138.774 106.951 96.408
G 141.896 105.398 94.895
R 140.735 106.188 91.35
F 140.567 110.0 91.518
T 143.514 112.217 92.371
I 143.753 115.982 92.905
S 146.692 118.355 92.762
R 146.999 122.101 93.304
D 149.344 124.742 91.905
N 149.092 127.685 94.289
A 151.545 129.546 92.03
K 149.549 129.281 88.793
N 146.242 129.303 90.697
T 145.2 125.984 89.21
L 143.622 122.835 90.594
Y 143.791 119.476 88.837
L 141.648 116.356 88.986
Q 143.049 113.286 87.24
M 140.101 110.923 86.753
N 141.49 107.427 86.144
S 139.453 104.272 85.364
L 136.12 105.94 84.761
K 132.727 104.364 85.411
P 129.421 105.226 83.68
E 128.277 106.887 86.922
D 131.109 109.437 86.586
T 129.26 111.429 83.911
A 128.778 114.812 85.584
V 129.355 118.543 85.391
Y 132.37 119.035 87.64
Y 132.563 122.376 89.46
C 135.879 123.52 90.907
A 134.909 125.27 94.134
R 136.548 127.118 96.993
C 135.036 127.638 100.421
P 134.178 131.226 101.395
A 136.698 132.129 103.999
P 140.495 132.06 103.754
F 142.713 130.593 106.483
T 139.776 128.48 107.617
R 139.571 124.73 107.792
D 135.778 125.071 107.546
C 134.282 124.719 104.071
F 130.687 125.988 103.969
D 128.078 125.683 101.259
V 130.306 124.913 98.294
T 127.668 122.329 97.388
S 124.848 124.817 97.722
T 122.457 125.167 94.824
T 123.52 128.747 94.079
Y 126.948 129.135 95.65
A 128.869 132.216 94.587
Y 132.506 131.027 94.623
R 131.833 127.822 92.684
G 133.289 127.273 89.217
Q 131.405 127.195 85.943
G 131.732 123.396 85.742
T 132.954 121.114 82.955
Q 130.928 118.202 81.638
V 132.722 114.852 81.735
T 130.783 112.111 79.947
V 131.759 108.467 80.37
