tag x y z
G -28.26 36.892 -35.313
E -24.91 37.047 -37.179
V -22.689 39.982 -36.065
Q -20.072 41.343 -38.524
L -17.056 43.567 -37.691
V -15.398 44.412 -41.063
E -12.143 46.377 -40.758
S -10.379 48.415 -43.469
G -8.097 51.414 -44.095
G -4.707 50.059 -42.931
G -1.527 49.468 -44.923
L 2.053 50.75 -45.233
I 3.023 54.316 -44.242
Q 6.279 56.244 -43.625
P 7.107 57.496 -40.087
G 5.267 60.692 -39.01
G 2.414 59.84 -41.444
S -1.292 59.451 -40.617
L -3.798 56.567 -41.055
R -7.525 56.105 -40.425
L -8.658 52.537 -39.623
S -12.385 51.788 -40.037
C -14.549 49.006 -38.528
A -17.899 48.567 -40.356
V -20.475 46.986 -38.013
S -23.765 45.11 -38.579
G -25.684 43.296 -35.793
F -25.541 45.982 -33.066
T -25.795 49.787 -32.83
V -22.233 51.161 -32.411
S -23.304 54.541 -30.879
K -24.975 52.582 -27.994
N -22.195 50.002 -27.295
Y -18.612 49.894 -26.022
M -15.824 49.106 -28.52
S -12.015 48.905 -28.299
W -9.018 49.015 -30.669
V -6.449 46.307 -29.818
R -3.109 45.621 -31.519
Q -0.365 42.982 -31.499
A 3.19 44.072 -32.417
P 5.495 41.404 -33.917
G 6.744 39.1 -31.116
K 4.587 40.859 -28.48
G 1.269 40.352 -26.677
L -2.134 42.02 -27.156
E -2.058 45.727 -26.222
W -5.366 47.579 -25.693
V -4.842 50.851 -27.602
S -8.173 52.68 -27.147
V -11.631 52.192 -25.621
V -14.953 53.976 -26.144
Y -17.828 53.243 -23.688
S -21.584 53.249 -24.396
G -22.01 56.951 -23.347
G -19.112 58.305 -25.486
S -16.252 58.586 -22.906
K -12.835 57.443 -24.239
T -9.493 56.168 -22.873
Y -6.094 55.776 -24.543
A -2.895 53.894 -23.738
D -0.179 56.396 -22.679
S 2.015 55.029 -25.557
V -0.51 56.5 -28.114
K -2.101 59.349 -26.099
G -2.429 62.648 -28.025
R -1.806 60.995 -31.456
F -4.576 58.317 -31.648
T -8.25 59.372 -31.798
I -11.081 56.796 -31.471
S -14.383 57.791 -33.114
R -17.788 56.349 -34.049
D -20.163 57.462 -36.84
N -23.849 56.822 -36.034
S -24.93 57.177 -39.727
K -22.476 54.53 -41.091
N -22.541 52.344 -37.892
T -18.712 52.39 -38.087
L -15.877 52.694 -35.539
Y -12.788 54.719 -36.61
L -9.227 54.956 -35.303
Q -7.324 58.055 -36.504
M -3.595 57.325 -36.045
N -1.219 60.347 -36.361
S 2.546 60.817 -35.791
L 2.986 57.091 -36.576
R 6.297 55.49 -35.482
A 7.904 52.043 -35.972
E 6.467 51.104 -32.495
D 2.948 51.249 -34.084
T 3.672 48.431 -36.594
A 1.099 45.787 -35.563
V -2.104 43.948 -36.431
Y -5.061 46.144 -35.41
Y -8.426 44.734 -34.283
C -11.714 46.378 -33.386
A -13.957 44.488 -30.92
R -17.175 44.887 -28.949
A -15.097 44.152 -25.844
V -13.414 45.85 -22.864
P -9.923 45.545 -21.355
H -11.0 44.972 -17.69
S -12.53 41.438 -18.003
P -13.565 39.191 -20.897
S -17.212 38.458 -21.775
S -18.902 35.512 -23.569
F -20.363 38.331 -25.778
D -16.915 39.6 -26.93
I -16.86 39.795 -30.767
W -13.613 40.648 -32.624
G -12.981 42.059 -36.1
Q -10.881 40.225 -38.718
G -8.051 42.79 -38.245
T -5.859 44.887 -40.549
M -2.089 45.206 -41.018
V -0.308 48.489 -40.139
T 3.352 48.63 -41.236
V 5.105 51.886 -40.25
S 8.494 51.601 -42.012
S 11.059 53.491 -44.127
