tag x y z
Q 183.319 177.133 139.332
V 185.602 180.18 139.145
Q 183.897 183.281 140.561
L 185.554 186.375 142.031
Q 184.565 189.801 143.317
E 186.45 193.064 143.823
S 186.04 195.701 146.524
G 187.902 198.882 147.4
G 187.752 201.122 144.345
G 188.305 204.68 145.533
S 190.277 207.866 144.851
V 193.429 208.956 146.697
Q 196.356 211.24 145.916
A 199.95 210.096 145.388
G 200.632 209.833 149.117
G 197.338 208.121 149.89
S 196.914 204.433 150.663
L 194.411 202.076 149.057
R 192.822 198.849 150.291
L 191.766 196.197 147.766
S 189.929 192.97 148.596
C 189.089 189.977 146.408
A 186.656 187.273 147.529
A 186.025 183.94 145.811
S 182.791 181.942 145.554
G 183.365 178.224 146.102
F 186.899 178.384 144.699
P 189.597 177.357 147.222
I 192.749 179.339 146.454
S 194.792 176.594 148.129
T 194.446 174.451 144.996
Y 195.712 177.219 142.702
D 196.741 180.861 142.933
M 195.02 183.95 141.521
G 196.789 186.708 139.614
W 196.225 190.452 139.942
F 197.161 192.705 137.025
R 197.028 196.419 136.215
Q 195.803 197.786 132.875
A 195.232 201.495 132.379
P 192.217 202.097 130.103
G 193.133 202.368 126.444
K 196.323 200.3 126.808
E 197.334 196.651 127.04
R 197.246 194.546 130.209
E 200.477 194.205 132.197
G 201.063 192.202 135.36
V 202.43 194.553 138.01
V 202.158 191.864 140.71
G 201.66 188.116 140.788
I 201.499 185.266 143.304
T 202.565 181.674 142.7
D 200.555 178.71 143.994
S 202.928 178.527 146.965
F 203.398 181.376 149.431
S 205.845 183.182 147.13
I 205.55 186.474 145.263
K 206.963 187.834 142.001
Y 207.084 191.633 141.793
E 208.328 194.271 139.359
D 210.41 197.404 139.859
S 207.255 199.562 139.993
V 205.771 197.71 142.998
K 208.866 197.468 145.226
G 207.427 197.834 148.725
R 204.529 200.033 147.597
F 202.289 197.009 146.913
T 201.703 194.3 149.528
I 199.658 191.205 148.649
S 198.367 188.755 151.262
R 196.858 185.325 150.593
D 195.489 182.656 152.933
N 193.801 179.36 152.103
A 191.261 179.321 154.946
K 189.459 182.555 154.02
N 189.841 182.098 150.214
A 190.495 185.813 149.78
L 193.255 188.107 148.535
Y 194.309 191.448 150.013
L 196.23 194.304 148.371
Q 197.544 197.229 150.425
M 199.061 200.141 148.501
N 201.069 202.916 150.151
S 202.726 206.019 148.665
L 201.866 205.187 145.067
K 203.171 207.077 142.062
P 200.594 209.503 140.623
E 199.663 207.452 137.528
D 198.637 204.43 139.645
T 195.174 205.048 138.168
G 194.032 202.069 136.133
M 191.879 198.974 135.904
Y 192.659 196.122 138.297
Y 191.925 192.661 136.911
C 191.786 189.284 138.659
A 192.466 186.011 136.864
A 192.433 182.295 137.684
G 194.179 179.974 135.244
D 197.118 177.582 135.117
A 200.354 179.36 134.195
R 204.114 179.5 134.779
W 206.459 181.652 136.866
S 206.961 184.285 134.15
L 203.794 183.422 132.209
L 201.845 185.199 134.964
L 203.807 188.431 134.461
R 202.613 188.594 130.847
A 199.173 187.36 131.993
E 197.361 186.05 128.93
Q 197.142 182.308 129.729
Y 194.322 182.558 132.289
N 191.012 180.962 131.321
Y 188.904 182.961 133.786
W 187.988 186.558 132.937
G 187.139 189.032 135.703
Q 184.701 191.952 135.733
G 187.517 194.486 135.317
T 186.558 197.035 137.964
Q 187.918 200.492 137.122
V 189.709 202.496 139.825
T 190.557 206.21 139.391
V 192.712 207.9 142.097
S 194.757 210.637 140.362
