tag x y z
Q 143.959 128.707 85.578
V 142.013 125.533 84.758
Q 139.884 124.311 81.857
L 136.907 121.953 81.976
V 136.49 118.878 79.757
Q 132.975 117.481 79.321
S 131.886 114.25 77.651
G 128.964 111.861 77.386
G 126.697 113.414 74.775
G 124.938 110.359 73.385
L 121.603 110.09 71.6
V 118.788 108.248 73.395
Q 115.003 108.182 73.267
A 112.793 110.058 75.716
G 112.579 108.477 79.157
G 115.98 106.792 78.941
S 119.081 107.233 81.072
L 122.254 109.064 80.064
R 125.456 110.249 81.734
L 127.349 113.546 81.479
S 130.881 113.474 82.913
C 132.943 116.644 83.342
A 136.48 116.781 84.739
A 139.33 119.261 85.167
S 142.787 119.621 86.681
V 143.541 121.026 90.136
R 146.74 123.125 89.816
F 146.629 123.8 93.588
F 143.314 125.627 93.059
S 140.621 124.963 95.668
I 137.51 124.538 93.525
N 134.623 126.227 95.328
T 131.625 124.868 93.407
M 131.225 122.572 90.401
G 127.992 123.174 88.516
W 126.007 122.43 85.375
Y 124.069 125.03 83.379
R 121.832 124.846 80.318
Q 121.888 127.413 77.525
A 120.776 127.782 73.904
P 122.549 129.913 71.268
G 121.342 133.498 71.471
K 119.622 133.035 74.841
Q 120.303 133.325 78.583
R 121.679 130.416 80.593
E 119.781 128.643 83.37
L 121.209 126.828 86.389
V 120.381 123.13 86.703
A 123.013 121.627 89.036
D 125.499 122.708 91.709
I 127.838 120.88 94.102
T 129.7 122.868 96.765
S 132.042 119.927 97.578
S 130.291 119.672 100.957
G 127.046 117.797 100.212
S 124.894 120.868 99.56
T 123.17 121.032 96.183
N 120.48 122.951 94.319
Y 118.679 122.182 91.057
A 116.255 124.014 88.784
D 112.676 124.775 89.793
S 111.344 121.947 87.603
G 114.04 119.41 88.512
K 114.152 119.532 92.305
G 113.528 115.782 92.542
R 115.102 114.441 89.357
F 118.528 115.176 87.811
T 120.737 113.533 90.417
I 124.345 114.752 90.477
S 127.487 113.279 92.03
R 130.871 114.977 92.434
D 134.093 113.237 93.469
N 137.149 115.221 94.567
A 139.617 112.37 93.98
K 139.821 113.398 90.31
N 137.757 116.622 90.568
T 134.954 115.186 88.453
V 131.179 115.617 88.259
Y 128.527 113.281 86.845
L 124.956 114.232 85.932
Q 122.253 111.647 85.23
M 119.382 111.971 82.745
N 116.43 109.733 83.645
R 113.291 111.703 82.702
L 113.639 113.342 79.285
K 111.363 116.035 77.859
P 110.972 117.19 74.233
E 111.984 120.681 75.406
D 115.373 119.376 76.637
T 117.351 120.654 73.657
A 119.622 123.379 75.073
V 123.344 122.685 75.346
Y 124.554 121.664 78.806
Y 127.795 123.271 79.998
C 129.827 122.281 83.051
H 131.622 124.943 85.081
A 133.958 125.132 88.065
D 134.544 128.1 90.377
Y 138.082 128.662 91.667
K 139.172 131.55 93.897
Y 142.59 132.998 93.003
T 142.193 136.729 93.79
T 139.374 136.76 91.21
H 136.651 134.198 92.116
N 136.954 133.029 88.517
T 134.583 130.54 86.888
A 135.848 128.286 84.093
W 133.491 126.582 81.633
G 133.97 123.717 79.194
Q 132.836 122.454 75.812
G 129.249 121.269 76.133
T 127.588 118.268 74.521
Q 124.364 118.43 72.519
V 121.55 116.017 73.391
T 118.596 115.251 71.117
V 115.275 113.561 71.9
S 112.651 112.226 69.488
S 109.052 111.036 69.755
