tag x y z
V 121.428 83.813 142.716
Q 120.35 82.762 146.206
L 117.456 84.099 148.294
Q 117.281 82.679 151.826
E 114.291 83.686 153.957
S 113.73 83.505 157.705
G 111.728 84.978 160.559
G 108.601 82.844 160.26
G 106.753 80.814 162.827
L 103.481 80.408 164.656
V 101.976 83.738 165.725
Q 98.896 84.371 167.828
P 96.196 86.386 166.028
G 96.697 90.116 166.313
G 100.424 89.587 166.84
S 103.492 90.709 164.933
L 106.123 89.008 162.794
R 109.129 90.237 160.809
L 110.366 88.221 157.839
S 113.809 88.844 156.365
C 115.447 87.656 153.154
A 119.191 87.308 152.593
A 120.158 87.978 148.974
S 123.444 86.755 147.508
G 124.659 86.711 143.902
F 123.167 89.884 142.429
T 123.511 93.644 142.852
F 120.623 94.248 145.24
S 120.424 97.952 144.362
N 119.521 97.312 140.704
Y 116.575 94.897 141.021
K 113.016 95.621 142.081
M 111.934 93.043 144.641
N 108.678 91.425 145.682
W 107.013 89.391 148.418
V 104.632 86.623 147.359
R 102.659 84.039 149.312
Q 100.802 80.771 148.746
A 97.922 79.861 151.033
P 97.294 76.131 151.56
G 95.108 74.669 148.836
K 95.32 77.872 146.789
G 97.623 79.626 144.335
L 100.427 82.144 144.597
E 99.31 85.659 145.548
W 101.267 88.902 145.342
V 101.562 90.666 148.703
S 103.887 93.651 148.3
D 106.721 95.11 146.24
I 109.497 97.689 146.457
S 111.51 99.657 143.916
Q 115.271 99.955 143.384
S 115.718 102.768 145.925
G 112.611 102.064 148.002
A 110.7 105.03 146.583
S 107.693 103.086 145.253
I 105.787 100.571 147.384
S 102.498 98.807 146.649
Y 100.356 96.322 148.565
T 97.472 93.954 147.798
G 94.642 95.716 149.618
S 94.025 92.992 152.191
V 97.461 93.792 153.668
K 97.373 97.564 153.148
G 98.05 99.445 156.37
R 99.046 96.346 158.356
F 102.156 95.21 156.451
T 105.164 97.358 155.571
I 108.164 96.595 153.37
S 111.716 97.903 153.553
R 115.024 97.159 151.863
D 118.608 97.744 152.99
N 120.83 98.097 149.928
A 124.075 98.076 151.924
K 123.296 94.805 153.72
N 121.657 93.169 150.658
T 118.619 92.231 152.749
L 114.903 92.933 152.462
Y 112.315 92.956 155.243
L 108.546 92.621 155.467
Q 106.988 93.652 158.777
M 103.594 92.2 159.689
N 101.306 93.893 162.215
S 97.944 92.71 163.563
L 97.997 89.345 161.829
K 94.775 87.459 161.133
P 94.199 83.715 160.65
E 93.519 84.413 156.972
D 97.158 85.546 156.62
T 98.626 82.031 156.828
A 100.799 80.932 153.907
V 104.341 80.162 152.814
Y 105.932 83.538 152.082
Y 108.421 83.679 149.209
C 110.746 86.556 148.315
A 110.682 86.774 144.532
R 112.97 89.04 142.526
C 111.902 90.742 139.331
P 113.553 89.076 136.32
A 115.691 91.898 134.965
P 117.521 94.959 136.34
F 116.286 98.522 135.723
T 112.814 97.272 134.753
R 109.397 98.399 135.984
D 107.688 95.136 134.945
C 107.696 91.882 136.902
F 106.395 88.457 135.793
D 107.15 86.736 139.101
V 104.065 84.865 140.334
T 104.552 81.852 138.077
S 102.992 78.546 139.116
T 105.89 76.987 141.028
T 108.243 77.607 138.111
Y 109.962 80.94 138.805
A 113.722 80.492 139.033
Y 114.571 83.661 140.987
R 112.508 82.89 144.077
G 113.355 81.646 147.538
Q 112.385 78.384 149.171
G 109.958 80.312 151.37
T 109.061 80.404 155.055
Q 105.89 79.229 156.783
V 103.862 81.812 158.709
T 100.909 80.397 160.648
V 98.308 82.273 162.694
S 96.222 80.402 165.261
