tag x y z
Q -7.33 78.404 -20.356
L -3.619 78.099 -19.284
V -2.906 79.409 -15.703
E 0.749 79.393 -14.444
S 2.028 79.787 -10.819
G 5.118 79.045 -8.622
G 7.035 82.312 -9.309
G 8.296 85.177 -7.084
L 11.799 86.036 -5.776
V 14.655 83.444 -5.559
Q 18.362 83.876 -4.616
P 21.02 82.935 -7.241
G 21.636 79.125 -7.154
G 18.152 78.638 -5.601
S 15.374 76.379 -7.009
L 11.748 76.872 -8.181
R 8.981 74.718 -9.752
L 6.47 76.481 -12.061
S 3.076 74.829 -12.865
S 0.653 75.368 -15.801
A -2.825 73.839 -15.19
I -4.357 73.527 -18.728
S -8.107 73.307 -19.669
G -9.787 73.405 -23.137
F -7.724 70.489 -24.65
S -5.816 67.304 -23.559
I -1.967 67.672 -23.383
S -1.298 64.014 -24.482
S -2.935 65.205 -27.794
T -0.602 68.214 -28.524
S 2.822 69.682 -27.486
I 3.416 72.397 -24.8
D 6.21 75.048 -24.72
W 7.544 77.053 -21.767
V 8.342 80.593 -23.089
R 9.785 83.594 -21.145
Q 10.246 87.371 -21.666
A 12.884 89.293 -19.643
P 11.881 93.011 -19.412
G 13.254 94.996 -22.437
K 14.216 91.626 -24.1
G 12.061 89.681 -26.644
L 10.241 86.301 -26.371
E 12.639 83.342 -25.74
W 11.621 79.665 -26.202
V 12.647 77.761 -22.999
A 11.501 74.093 -23.31
R 8.96 71.823 -25.083
I 7.212 68.605 -23.958
S 4.994 66.167 -25.928
P 3.21 64.525 -22.944
S 1.794 61.561 -25.012
S 5.411 60.221 -25.552
G 7.291 62.372 -22.946
S 9.947 63.594 -25.458
T 11.5 66.969 -24.409
S 13.827 69.63 -25.905
Y 15.403 72.692 -24.157
A 16.889 76.039 -25.275
D 20.75 75.899 -24.87
S 20.574 78.732 -22.221
V 18.747 76.34 -19.755
K 19.983 72.761 -20.67
G 21.191 70.805 -17.563
R 19.473 73.256 -15.108
F 15.697 73.236 -16.019
T 13.441 70.121 -16.431
I 10.0 70.252 -18.193
S 7.566 67.405 -17.24
A 3.764 66.752 -17.27
D 0.821 64.871 -15.654
T -2.041 63.912 -18.08
S -4.035 62.812 -14.95
K -3.874 66.525 -13.8
N -3.558 68.02 -17.384
T -0.643 70.142 -16.05
V 2.974 70.735 -17.245
Y 5.782 71.729 -14.8
L 9.227 73.389 -15.126
Q 11.733 72.459 -12.377
M 14.26 75.383 -12.347
N 17.573 74.572 -10.511
S 20.827 76.657 -10.304
L 18.861 79.871 -11.075
R 20.893 82.94 -12.28
A 20.023 86.684 -12.629
E 19.561 86.151 -16.445
D 16.635 83.677 -15.782
T 14.658 86.752 -14.479
A 11.575 86.73 -16.78
V 7.782 86.277 -17.054
Y 7.474 82.489 -17.812
Y 4.273 81.232 -19.585
T 3.025 78.114 -21.444
G 1.592 78.013 -25.008
R 0.6 75.443 -27.673
P 3.202 75.881 -30.454
L 2.206 75.805 -34.189
P 5.361 74.265 -35.734
E 5.608 73.976 -39.586
M 8.373 73.496 -42.232
G 11.111 76.093 -41.425
F 9.5 76.954 -38.001
F 10.256 74.123 -35.472
T 11.993 75.566 -32.358
Q 12.747 79.186 -31.261
I 9.161 80.041 -32.422
P 7.858 81.554 -29.13
A 5.439 83.961 -31.0
M 4.125 80.946 -33.089
V 1.508 79.907 -30.45
D -2.359 79.996 -30.556
Y -3.544 79.401 -26.914
R -1.415 81.368 -24.384
G -1.065 81.658 -20.547
Q -0.807 85.035 -18.706
G 2.486 83.842 -17.095
T 4.197 83.996 -13.644
L 7.048 86.515 -12.936
V 10.291 84.836 -11.689
T 12.951 87.24 -10.262
V 16.493 85.913 -9.535
S 18.512 88.53 -7.586
S 20.841 88.769 -4.534
G 19.977 92.527 -4.307
A 18.09 94.085 -1.332
A 16.239 96.773 -3.425
E 12.906 96.586 -5.404
