tag x y z
Q 106.5 114.099 71.129
V 106.981 117.549 72.656
Q 106.983 120.087 69.828
L 106.725 123.878 69.866
Q 105.939 125.866 66.713
E 106.555 129.607 66.581
S 104.407 131.642 64.195
G 104.626 135.258 63.084
G 107.565 137.602 62.744
G 109.259 139.038 59.672
L 110.71 142.367 58.649
V 108.864 145.18 60.454
Q 109.256 148.94 60.973
P 110.115 150.467 64.376
G 107.316 151.863 66.502
G 104.905 149.334 64.976
S 103.06 146.357 66.411
L 103.415 142.612 65.944
R 101.79 139.436 67.249
L 103.507 136.09 67.809
S 102.023 132.663 68.436
C 103.359 129.412 69.872
A 101.534 126.199 68.94
A 102.314 123.738 71.742
S 101.713 120.113 70.735
G 102.448 116.894 72.586
F 102.07 117.715 76.297
T 99.528 118.762 78.931
F 99.776 122.495 78.228
S 97.922 123.721 81.343
N 100.506 122.425 83.846
Y 103.694 124.037 82.462
K 105.209 127.45 83.066
M 106.52 128.799 79.756
N 108.731 131.646 78.584
W 110.409 133.434 75.666
V 114.124 133.529 74.783
R 115.775 135.727 72.146
Q 119.058 135.504 70.234
A 120.466 138.731 68.836
P 122.59 138.293 65.668
G 126.108 137.645 66.905
K 125.063 137.505 70.572
G 124.034 134.902 73.119
L 120.628 133.846 74.386
E 118.886 136.215 76.81
W 115.569 135.791 78.628
V 112.592 137.849 77.419
S 109.47 137.184 79.51
D 107.535 134.376 81.172
I 104.083 133.225 82.263
S 103.174 130.73 84.993
Q 100.761 127.782 84.878
S 97.602 129.662 85.875
G 98.834 132.929 84.351
A 98.806 135.027 87.53
S 102.58 135.424 87.918
I 104.028 137.368 84.969
S 107.526 138.832 84.675
Y 109.518 140.598 81.967
T 113.091 141.51 81.185
G 113.651 145.113 82.301
S 114.719 146.32 78.846
V 111.313 145.216 77.474
K 109.314 145.611 80.709
G 106.039 147.371 79.962
R 106.502 146.896 76.205
F 105.467 143.24 75.767
T 102.241 141.397 76.59
I 102.442 137.636 77.198
S 99.243 135.59 77.47
R 98.605 131.842 77.374
D 95.454 130.143 76.065
N 94.917 126.775 77.758
A 91.602 126.23 75.952
K 93.068 126.605 72.453
N 96.628 125.574 73.498
T 98.58 128.563 72.188
L 100.986 131.106 73.696
Y 100.486 134.676 72.43
L 103.059 137.484 72.573
Q 102.093 141.069 71.71
M 104.895 143.505 70.828
N 104.145 147.22 70.473
S 106.462 150.262 70.223
L 109.244 148.305 68.546
K 112.944 149.226 68.67
P 115.754 148.639 66.118
E 117.762 146.893 68.876
D 115.029 144.232 69.257
T 115.837 142.315 66.059
A 116.501 138.685 67.008
V 115.602 135.038 66.57
Y 112.76 134.232 68.966
Y 112.412 130.929 70.834
C 109.191 129.839 72.533
A 110.557 127.719 75.382
R 108.941 125.475 77.987
C 110.18 124.966 81.531
P 111.195 121.306 82.049
A 109.031 120.06 84.893
P 105.313 120.303 85.722
F 104.067 122.182 88.812
T 107.44 123.816 89.485
R 108.3 127.497 89.874
D 111.908 127.127 88.693
C 113.119 127.281 85.076
F 116.805 126.333 85.451
D 118.278 125.95 81.967
V 115.757 127.595 79.621
T 118.528 129.982 78.528
S 121.161 127.574 77.216
T 122.279 126.947 73.638
T 121.542 123.216 73.302
Y 118.294 123.184 75.357
A 115.855 120.719 73.787
Y 112.48 122.028 75.05
R 112.24 125.085 72.783
G 110.82 125.568 69.309
Q 112.829 126.169 66.159
G 112.271 129.918 66.396
T 111.213 132.811 64.189
Q 113.168 135.699 62.672
V 112.113 139.23 63.656
T 113.981 142.101 62.003
V 113.475 145.818 62.736
S 115.259 147.904 60.085
S 114.076 151.37 59.068
