tag x y z
Q 140.166 78.109 76.24
V 140.351 81.901 76.513
Q 143.616 82.948 74.834
L 144.978 86.267 73.529
Q 147.96 85.4 71.355
E 149.616 88.634 70.24
S 152.152 89.657 67.577
G 153.655 92.691 65.868
G 156.37 93.767 68.34
G 160.072 94.225 67.666
L 162.433 97.211 67.317
V 161.671 100.55 65.689
Q 163.328 103.882 65.144
P 162.001 106.958 66.934
G 159.216 108.373 64.785
G 158.623 104.956 63.246
S 155.293 103.242 62.772
L 154.234 99.838 64.032
R 151.174 97.567 63.953
L 150.397 95.34 66.945
S 147.846 92.566 66.467
C 146.028 90.261 68.899
A 144.344 87.031 67.702
A 141.603 86.629 70.295
S 140.23 83.103 70.67
G 137.937 81.13 72.94
F 135.385 83.882 73.537
T 132.56 85.655 71.709
F 134.869 88.497 70.727
S 132.072 90.811 69.458
N 130.596 90.85 72.985
Y 133.709 92.178 74.763
K 135.191 95.631 75.212
M 138.877 95.303 74.29
N 141.829 97.125 75.87
W 145.511 97.543 75.179
V 147.821 97.742 78.207
R 151.598 98.14 78.38
Q 154.294 97.66 80.991
A 157.359 99.857 80.498
P 160.414 98.241 82.139
G 160.153 98.367 85.92
K 156.909 100.39 85.713
G 153.302 99.388 86.258
L 150.693 98.253 83.749
E 149.912 101.488 81.97
W 146.543 101.229 80.186
V 146.916 102.345 76.533
S 143.624 102.268 74.634
D 140.074 100.956 74.689
I 137.544 99.993 71.982
S 133.873 99.25 72.487
Q 132.074 96.115 71.317
S 131.042 97.618 67.993
G 134.042 99.957 67.714
A 131.594 102.856 67.891
S 133.597 104.166 70.854
I 137.359 104.388 71.415
S 139.583 105.936 74.088
Y 143.274 106.472 74.688
T 145.809 107.663 77.22
G 147.085 111.122 76.467
S 150.641 109.768 76.055
V 149.39 107.96 72.926
K 146.093 109.69 72.116
G 147.262 111.643 69.098
R 149.504 108.894 67.828
F 148.034 105.387 68.219
T 144.805 104.143 66.696
I 142.977 101.114 68.13
S 140.763 99.043 65.812
R 139.073 95.658 65.739
D 137.684 93.212 63.182
N 134.9 91.182 64.883
A 134.881 88.537 62.118
K 138.637 87.921 62.34
N 138.6 88.188 66.159
T 141.633 90.457 65.762
L 142.417 93.53 67.844
Y 144.864 96.029 66.367
L 146.973 98.963 67.566
Q 148.695 101.057 64.891
M 151.528 103.11 66.439
N 152.147 105.839 63.885
S 154.855 107.894 65.643
L 156.64 105.711 68.193
K 158.774 107.286 70.903
P 161.294 105.871 73.403
E 158.558 106.465 76.029
D 156.559 103.688 74.307
T 159.067 100.9 74.976
A 157.079 98.241 76.847
V 155.672 94.747 76.805
Y 152.226 95.453 75.368
Y 149.237 93.257 76.198
C 145.782 93.056 74.67
A 143.47 92.848 77.658
R 139.8 91.876 77.402
C 137.163 93.348 79.658
P 136.136 90.786 82.302
A 132.481 90.436 81.473
P 130.617 90.699 78.137
F 128.129 93.471 77.371
T 129.735 95.474 80.171
R 131.084 99.027 80.281
D 133.411 98.834 83.339
C 136.805 97.389 82.364
F 137.897 96.485 85.902
D 141.205 94.706 86.586
V 142.657 94.928 83.044
T 145.768 96.525 84.569
S 145.935 94.066 87.511
T 149.369 92.509 87.944
T 147.904 89.032 87.491
Y 144.8 88.996 85.322
A 143.451 86.017 83.419
Y 142.026 87.634 80.258
R 145.221 89.231 79.054
G 147.858 88.117 76.567
Q 151.412 87.03 77.213
G 152.24 90.24 75.354
T 154.557 91.645 72.683
Q 157.739 93.606 73.484
V 158.075 96.931 71.642
T 161.539 98.527 71.682
V 162.555 101.896 70.193
S 166.112 102.948 69.409
