tag x y z
Q 135.299 83.714 140.622
V 135.48 87.505 140.904
Q 136.49 89.519 143.951
L 136.742 93.185 144.899
Q 138.789 94.081 147.984
E 138.831 97.662 149.277
S 141.72 99.26 151.131
G 142.965 102.634 152.317
G 140.364 103.284 155.016
G 140.836 104.627 158.506
L 139.932 107.502 160.812
V 140.762 111.16 160.136
Q 139.891 114.491 161.689
P 137.472 116.849 159.914
G 139.198 118.573 157.021
G 141.569 115.672 156.346
S 141.887 113.382 153.357
L 142.19 109.69 152.478
R 143.085 107.658 149.412
L 140.93 104.554 149.045
S 141.826 101.664 146.778
C 140.132 98.576 145.368
A 141.83 95.444 143.994
A 139.864 93.42 141.457
S 140.293 89.826 140.359
G 138.56 87.23 138.227
F 137.394 89.457 135.365
T 138.698 91.739 132.625
F 138.878 95.084 134.425
S 139.08 97.329 131.349
N 135.682 96.13 130.045
Y 133.518 97.293 132.968
K 132.337 100.569 134.431
M 133.289 100.98 138.065
N 131.451 102.697 140.899
W 131.95 103.839 144.468
V 128.904 103.581 146.739
R 128.456 104.405 150.43
Q 126.485 102.836 153.286
A 125.645 105.362 156.018
P 125.294 104.042 159.604
G 121.529 104.64 159.577
K 120.795 105.037 155.865
G 120.643 102.871 152.773
L 123.387 102.628 150.162
E 123.958 105.815 148.148
W 125.796 106.118 144.843
V 128.957 108.256 145.012
S 131.099 108.05 141.878
D 131.039 106.385 138.457
I 134.027 106.013 136.092
S 133.65 104.55 132.573
Q 135.796 101.791 131.045
S 138.309 104.22 129.542
G 138.157 106.888 132.234
A 137.032 109.431 129.641
S 133.756 110.144 131.474
I 133.614 110.602 135.249
S 130.433 111.34 137.179
Y 130.03 112.444 140.796
T 127.105 112.963 143.093
G 126.581 116.651 143.72
S 127.572 116.304 147.368
V 131.122 115.187 146.446
K 131.971 117.471 143.512
G 135.137 119.454 144.156
R 136.201 117.231 147.063
F 136.369 113.648 145.735
T 138.04 112.296 142.621
I 138.198 108.819 141.125
S 140.491 107.053 138.702
R 141.291 103.578 137.478
D 144.436 101.804 136.351
N 143.678 99.013 133.891
A 147.291 97.787 133.963
K 147.036 97.165 137.707
N 143.272 96.554 137.973
T 142.999 99.219 140.654
L 140.21 101.697 141.35
Y 140.993 104.681 143.553
L 139.123 107.407 145.382
Q 140.77 110.614 146.591
M 138.741 112.02 149.496
N 139.767 115.613 150.252
S 138.353 118.222 152.64
L 136.299 115.636 154.49
K 133.414 116.463 156.821
P 131.6 114.367 159.454
E 128.889 113.677 156.856
D 131.389 111.533 154.924
T 131.644 108.881 157.658
A 130.389 105.688 156.025
V 131.261 102.225 154.775
Y 132.556 102.621 151.223
Y 132.238 99.831 148.635
C 133.518 99.406 145.047
A 130.766 98.112 142.729
R 131.096 96.649 139.231
C 128.503 97.087 136.505
P 126.945 93.674 135.776
A 127.85 93.396 132.088
P 130.783 94.366 129.864
F 130.734 96.819 126.976
T 127.555 98.509 128.224
R 126.526 101.787 129.843
D 123.511 100.846 132.026
C 124.051 99.826 135.662
F 121.786 98.686 138.55
D 124.24 98.303 141.483
V 123.091 99.982 144.726
T 120.553 97.304 145.591
S 119.907 96.595 149.261
T 119.639 92.913 148.424
T 122.951 91.133 147.999
Y 124.577 92.51 144.87
A 127.018 89.969 143.53
Y 129.717 92.262 142.169
R 130.414 94.373 145.248
G 133.232 94.298 147.764
Q 133.019 94.101 151.535
G 133.738 97.802 152.015
T 136.054 99.895 154.16
Q 135.001 102.093 157.069
V 135.861 105.791 156.659
T 135.249 107.46 160.034
V 135.768 111.216 160.286
