tag x y z
Q 135.152 83.664 140.623
V 135.461 87.457 140.867
Q 136.502 89.503 143.889
L 136.675 93.173 144.863
Q 138.728 94.109 147.934
E 138.731 97.695 149.23
S 141.642 99.279 151.075
G 143.059 102.58 152.302
G 140.467 103.289 155.0
G 140.904 104.594 158.518
L 139.984 107.471 160.821
V 140.828 111.114 160.082
Q 140.03 114.494 161.591
P 137.696 116.969 159.846
G 139.433 118.628 156.916
G 141.785 115.694 156.318
S 141.921 113.337 153.377
L 142.225 109.662 152.445
R 143.219 107.716 149.354
L 141.156 104.544 148.977
S 141.937 101.617 146.704
C 140.176 98.53 145.358
A 141.815 95.398 143.922
A 139.797 93.38 141.419
S 140.206 89.8 140.28
G 138.48 87.187 138.151
F 137.417 89.444 135.264
T 138.815 91.77 132.609
F 138.903 95.09 134.47
S 139.172 97.325 131.377
N 135.803 96.09 130.032
Y 133.652 97.236 132.974
K 132.388 100.508 134.398
M 133.311 100.963 138.049
N 131.469 102.748 140.838
W 131.896 103.825 144.434
V 128.858 103.514 146.719
R 128.487 104.297 150.407
Q 126.477 102.762 153.253
A 125.512 105.356 155.842
P 125.356 104.111 159.468
G 121.62 104.879 159.55
K 120.785 105.226 155.85
G 120.596 102.969 152.823
L 123.35 102.647 150.23
E 123.951 105.771 148.131
W 125.833 106.074 144.848
V 128.98 108.232 144.974
S 131.028 107.956 141.779
D 130.854 106.371 138.307
I 133.924 105.961 136.042
S 133.628 104.637 132.467
Q 135.712 101.749 131.124
S 138.201 104.138 129.498
G 138.224 106.759 132.246
A 137.134 109.379 129.694
S 133.848 110.214 131.459
I 133.577 110.55 135.238
S 130.379 111.321 137.137
Y 130.054 112.359 140.778
T 127.146 112.899 143.108
G 126.599 116.609 143.613
S 127.491 116.393 147.305
V 131.085 115.331 146.483
K 131.93 117.61 143.543
G 135.193 119.471 144.104
R 136.083 117.3 147.127
F 136.319 113.717 145.824
T 137.987 112.366 142.702
I 138.249 108.885 141.224
S 140.596 107.119 138.833
R 141.362 103.645 137.548
D 144.469 101.845 136.326
N 143.66 99.091 133.84
A 147.225 97.723 133.882
K 146.986 97.056 137.616
N 143.23 96.426 137.902
T 142.997 99.102 140.574
L 140.315 101.686 141.326
Y 141.141 104.638 143.573
L 139.263 107.375 145.402
Q 140.748 110.653 146.631
M 138.692 111.963 149.573
N 139.655 115.575 150.324
S 138.264 118.185 152.732
L 136.226 115.582 154.578
K 133.438 116.458 157.007
P 131.527 114.43 159.635
E 128.793 113.916 157.012
D 131.137 111.666 155.01
T 131.34 108.919 157.656
A 130.196 105.726 155.916
V 131.255 102.287 154.774
Y 132.563 102.643 151.221
Y 132.135 99.871 148.674
C 133.67 99.394 145.224
A 131.134 97.977 142.746
R 131.13 96.683 139.179
C 128.459 97.077 136.524
P 126.805 93.699 135.808
A 127.813 93.441 132.149
P 130.768 94.349 129.916
F 130.651 96.808 127.019
T 127.476 98.545 128.244
R 126.456 101.798 129.941
D 123.407 100.714 132.004
C 124.008 99.753 135.639
F 121.834 98.634 138.589
D 124.357 98.216 141.433
V 123.046 99.975 144.565
T 120.433 97.344 145.388
S 119.55 96.827 149.045
T 119.549 93.069 148.474
T 122.896 91.28 148.222
Y 124.583 92.461 145.031
A 126.882 89.921 143.421
Y 129.607 92.267 142.219
R 130.275 94.368 145.325
G 133.173 94.24 147.762
Q 133.145 94.076 151.544
G 133.745 97.804 152.033
T 136.015 99.945 154.193
Q 134.908 102.148 157.083
V 135.804 105.827 156.663
T 135.279 107.488 160.055
V 135.79 111.247 160.3
