tag x y z
Q 134.877 83.732 140.487
V 135.066 87.531 140.653
Q 136.199 89.567 143.646
L 136.431 93.224 144.632
Q 138.501 94.13 147.699
E 138.525 97.716 148.946
S 141.417 99.225 150.891
G 142.744 102.547 152.136
G 140.105 103.229 154.786
G 140.491 104.549 158.298
L 139.471 107.435 160.541
V 140.277 111.097 159.858
Q 139.285 114.447 161.311
P 136.964 116.77 159.368
G 138.899 118.436 156.577
G 141.274 115.495 156.15
S 141.693 113.151 153.227
L 141.904 109.467 152.317
R 142.794 107.48 149.217
L 140.586 104.428 148.747
S 141.504 101.55 146.462
C 139.853 98.498 144.935
A 141.532 95.349 143.629
A 139.624 93.322 141.053
S 140.054 89.7 140.04
G 138.27 87.083 137.973
F 137.162 89.334 135.108
T 138.53 91.626 132.412
F 138.658 94.947 134.257
S 138.872 97.205 131.189
N 135.522 95.938 129.824
Y 133.302 97.057 132.716
K 132.086 100.317 134.169
M 133.023 100.753 137.816
N 131.163 102.503 140.622
W 131.671 103.697 144.175
V 128.693 103.427 146.532
R 128.321 104.287 150.207
Q 126.288 102.704 152.987
A 125.432 105.209 155.708
P 125.141 103.88 159.288
G 121.383 104.494 159.287
K 120.624 104.888 155.579
G 120.458 102.699 152.502
L 123.194 102.391 149.896
E 123.782 105.551 147.859
W 125.59 105.893 144.54
V 128.699 108.106 144.71
S 130.852 107.898 141.567
D 130.798 106.192 138.164
I 133.834 105.86 135.868
S 133.482 104.445 132.354
Q 135.568 101.595 130.95
S 138.174 103.941 129.446
G 137.974 106.659 132.102
A 136.877 109.195 129.483
S 133.564 109.9 131.261
I 133.372 110.401 135.031
S 130.178 111.166 136.943
Y 129.791 112.269 140.556
T 126.847 112.806 142.826
G 126.364 116.511 143.422
S 127.308 116.255 147.096
V 130.859 115.122 146.2
K 131.641 117.318 143.18
G 134.775 119.378 143.746
R 135.876 117.195 146.675
F 136.121 113.616 145.348
T 137.846 112.245 142.266
I 138.041 108.725 140.857
S 140.344 106.931 138.453
R 141.144 103.444 137.209
D 144.298 101.641 136.095
N 143.666 98.883 133.544
A 147.235 97.541 133.759
K 146.813 96.746 137.476
N 143.016 96.232 137.674
T 142.766 98.839 140.43
L 140.016 101.391 141.111
Y 140.767 104.393 143.321
L 138.874 107.124 145.162
Q 140.515 110.325 146.416
M 138.436 111.777 149.266
N 139.388 115.401 149.941
S 137.855 118.086 152.171
L 135.778 115.548 154.071
K 132.83 116.467 156.293
P 130.945 114.548 159.02
E 128.244 113.696 156.453
D 130.755 111.446 154.655
T 131.038 108.834 157.422
A 129.842 105.604 155.797
V 130.877 102.179 154.558
Y 132.204 102.582 151.017
Y 131.876 99.745 148.506
C 133.502 99.159 145.143
A 130.918 98.01 142.618
R 130.918 96.851 139.025
C 128.115 97.252 136.505
P 126.7 93.764 135.689
A 127.145 93.576 131.907
P 130.263 94.521 129.895
F 130.134 97.065 127.052
T 126.891 98.479 128.456
R 126.104 102.115 129.241
D 123.384 101.201 131.746
C 123.806 99.4 135.067
F 121.717 98.484 138.131
D 124.068 97.919 141.099
V 122.956 99.874 144.189
T 120.403 97.246 145.181
S 119.81 96.751 148.898
T 119.544 93.011 148.282
T 122.848 91.191 147.84
Y 124.443 92.402 144.614
A 126.85 89.832 143.242
Y 129.478 92.154 141.795
R 130.188 94.229 144.906
G 133.035 94.155 147.398
Q 132.861 93.81 151.158
G 133.479 97.518 151.785
T 135.707 99.642 154.02
Q 134.583 101.836 156.909
V 135.443 105.522 156.42
T 134.762 107.311 159.717
V 135.198 111.085 159.801
