tag x y z
Q 9.677 61.108 -4.366
V 10.978 57.77 -5.626
Q 8.832 55.211 -7.411
L 9.316 51.746 -5.896
Q 8.028 48.675 -7.704
E 8.297 45.558 -5.572
S 8.049 41.835 -6.305
G 8.861 38.275 -5.298
G 6.636 37.445 -2.322
G 4.852 34.138 -2.001
S 4.253 31.017 0.017
V 6.952 28.618 1.161
Q 7.325 25.922 3.809
A 9.216 26.562 7.024
G 12.982 26.465 6.542
G 12.6 27.413 2.893
S 13.887 30.462 1.049
L 12.329 33.401 -0.809
R 13.742 36.532 -2.474
L 12.155 39.975 -2.636
S 13.226 42.604 -5.125
C 12.379 46.252 -5.561
A 12.869 48.432 -8.631
A 13.466 52.116 -7.931
S 13.275 55.235 -10.072
G 15.836 58.025 -10.379
Y 19.365 58.772 -11.569
T 21.031 59.007 -8.126
F 20.172 55.472 -6.972
S 23.664 54.709 -5.697
S 23.29 57.599 -3.239
Y 19.981 56.263 -1.88
C 19.524 54.765 1.538
L 17.282 51.708 1.252
G 15.365 49.529 3.701
W 12.981 46.631 4.139
F 10.104 46.732 6.631
R 7.378 44.258 7.408
Q 3.976 44.303 9.041
A 1.965 41.264 10.077
P -1.771 41.636 10.744
G -2.66 43.264 14.046
K 0.884 44.268 15.01
E 2.793 47.289 14.009
R 5.326 47.709 11.173
E 8.934 46.683 11.926
G 12.261 47.517 10.302
V 13.931 44.358 8.973
A 17.099 45.454 7.117
A 18.77 48.579 5.781
I 21.691 49.523 3.549
D 23.128 53.025 3.288
S 24.835 54.727 0.38
D 28.267 53.461 1.528
G 26.939 49.888 1.559
S 26.89 49.354 5.33
T 24.029 47.037 6.284
S 21.844 46.785 9.4
Y 19.478 44.009 10.456
A 16.793 43.513 13.018
D 18.022 40.987 15.585
S 15.25 38.559 14.659
V 16.542 38.154 11.061
K 20.323 38.307 11.628
G 21.959 35.264 10.021
R 18.929 34.449 7.795
F 18.149 37.554 5.687
T 20.508 39.52 3.452
I 19.852 42.954 2.05
S 21.816 43.884 -1.048
R 21.648 46.381 -3.893
D 22.584 46.448 -7.579
N 23.374 50.072 -8.349
A 23.691 49.37 -12.085
K 20.047 48.228 -12.187
N 18.386 50.483 -9.564
T 17.348 47.29 -7.788
L 17.195 46.379 -4.099
Y 16.985 42.77 -2.855
L 16.07 40.974 0.328
Q 17.173 37.327 0.349
M 15.223 35.368 3.012
N 16.491 31.934 4.137
S 15.478 29.561 6.922
L 12.05 31.198 6.915
K 9.923 30.78 10.066
P 6.116 31.067 10.482
E 6.625 34.299 12.387
D 8.3 35.785 9.288
T 4.8 35.813 7.761
A 4.0 39.423 6.913
M 3.461 42.059 4.281
Y 6.945 43.355 3.37
Y 7.725 46.86 2.111
C 10.777 48.439 0.489
A 11.456 51.987 1.579
A 13.861 54.493 0.165
E 15.351 57.922 0.763
G 16.262 59.466 -2.592
G 16.184 62.773 -4.394
P 17.691 64.062 -7.632
S 20.607 65.885 -5.949
L 21.15 63.325 -3.152
S 24.864 62.528 -3.042
Y 25.399 60.818 0.339
C 22.939 59.191 2.727
T 23.32 57.366 6.025
G 22.172 57.16 9.612
G 22.466 55.15 12.765
Y 21.133 51.655 13.384
G 17.863 52.67 15.036
F 17.128 55.489 12.598
L 17.634 53.367 9.456
L 15.385 50.62 10.804
S 12.649 53.166 11.61
G 10.298 54.915 9.233
L 11.912 58.251 10.103
M 14.594 57.829 7.461
Y 12.44 57.199 4.396
N 10.077 59.395 2.372
S 9.139 56.772 -0.284
W 7.473 53.39 0.199
G 6.719 50.479 -2.075
Q 3.319 48.918 -2.441
G 3.993 45.789 -0.419
T 4.254 42.077 -1.148
Q 3.022 39.142 0.907
V 5.288 36.441 2.352
T 3.546 33.458 3.98
V 5.493 30.718 5.763
S 3.553 27.517 6.294
S 4.466 25.172 9.124
