tag x y z
E 146.332 138.167 228.094
V 146.304 139.407 231.682
Q 142.739 138.679 232.777
L 143.871 137.841 236.287
V 141.172 135.77 237.996
E 141.89 135.35 241.7
S 141.185 131.864 243.013
G 141.652 129.707 246.108
G 140.29 132.236 248.571
G 137.459 131.054 250.746
Q 136.084 130.862 254.247
V 138.728 129.891 256.812
E 138.701 129.361 260.559
T 141.049 131.318 262.822
G 144.302 129.334 262.694
G 143.752 127.217 259.57
S 145.309 126.864 256.118
L 144.097 127.192 252.54
R 145.548 127.581 249.044
L 145.152 130.869 247.179
S 145.737 131.251 243.463
C 145.163 133.432 240.421
Q 145.425 132.989 236.667
A 146.085 135.314 233.786
S 144.058 134.222 230.771
G 146.619 131.821 229.293
S 149.893 133.776 229.287
T 153.396 133.845 230.734
F 153.544 133.907 234.549
S 157.257 134.254 235.384
D 157.761 137.993 234.813
Y 154.37 139.019 236.26
V 155.093 139.429 239.954
M 152.196 138.849 242.349
A 151.327 140.838 245.464
W 148.77 140.077 248.162
F 146.99 142.528 250.471
R 144.487 142.495 253.335
Q 141.432 144.786 253.415
R 139.414 144.251 256.578
P 135.85 145.609 256.448
G 135.514 148.867 258.325
K 138.916 149.905 256.957
E 140.892 149.73 253.715
R 143.645 147.606 252.2
E 146.913 146.77 253.963
F 149.851 144.487 253.145
V 151.182 141.302 254.731
A 153.316 139.422 252.221
T 154.431 139.347 248.592
I 156.941 137.711 246.226
S 159.551 138.586 243.583
R 159.844 137.774 239.888
N 161.981 134.729 240.664
G 159.41 133.29 243.064
G 162.261 131.71 244.944
T 162.832 135.085 246.613
T 159.935 134.833 249.064
T 159.94 138.482 250.131
Y 157.005 138.697 252.535
G 156.106 141.846 254.434
S 157.589 143.346 257.578
S 154.841 142.106 259.883
V 155.089 138.494 261.059
K 156.151 136.823 257.841
G 156.301 133.141 258.785
R 152.495 133.163 258.681
F 151.98 132.78 254.923
T 153.494 130.595 252.208
I 154.025 131.673 248.586
S 154.878 129.959 245.313
R 154.7 131.164 241.733
D 154.018 128.16 239.511
N 154.963 128.733 235.888
A 154.205 125.049 235.242
K 150.62 125.323 236.523
S 149.732 128.948 235.584
T 148.727 129.797 239.167
V 150.31 131.316 242.202
Y 149.992 129.278 245.399
L 149.409 130.785 248.847
Q 149.348 128.744 252.054
M 148.365 130.896 255.026
N 149.252 129.515 258.452
S 149.108 130.542 262.115
L 146.055 132.596 261.289
K 144.368 135.409 263.209
P 140.802 136.723 262.804
E 142.082 140.084 261.474
D 142.472 138.914 257.86
T 138.821 138.665 256.758
A 139.433 140.413 253.466
V 139.128 140.324 249.695
Y 142.586 139.657 248.285
Y 143.906 140.357 244.804
C 146.608 138.325 243.089
Y 147.964 141.567 241.666
A 150.497 140.534 238.993
V 152.655 143.652 238.892
G 154.252 143.215 235.467
G 152.618 145.133 232.648
D 149.476 146.351 234.397
G 150.455 147.571 237.858
D 147.008 147.874 239.448
S 146.259 144.37 238.23
W 143.23 142.406 239.428
G 139.787 141.457 238.161
Q 138.263 138.73 240.281
G 139.032 139.582 243.894
T 139.323 136.601 246.209
Q 137.435 136.582 249.502
V 139.1 135.107 252.592
T 136.69 135.176 255.54
V 138.395 134.243 258.816
S 135.642 132.758 260.982
S 135.539 132.234 264.762
