tag x y z
Q 113.026 127.638 72.556
V 114.547 131.055 73.616
Q 113.715 133.4 70.753
L 113.985 137.185 70.207
Q 113.099 139.513 67.29
E 113.866 143.268 67.145
S 111.59 145.554 65.084
G 110.806 149.151 64.043
G 114.296 150.206 62.789
G 115.287 151.539 59.311
L 116.216 155.044 58.046
V 115.085 158.155 59.997
Q 116.118 161.849 59.701
P 118.692 163.459 62.126
G 116.962 165.186 65.075
G 113.999 162.819 64.311
S 112.228 160.297 66.594
L 111.394 156.554 66.357
R 110.156 153.644 68.613
L 112.047 150.328 68.417
S 110.461 147.207 69.964
C 111.474 143.558 70.745
A 109.207 140.463 71.222
A 110.663 137.873 73.625
S 109.533 134.217 73.69
G 110.311 130.791 75.199
F 111.094 132.126 78.746
T 109.373 133.841 81.726
F 110.217 137.422 80.653
S 109.183 139.15 83.928
N 111.991 137.306 85.81
Y 114.795 138.991 83.749
K 116.495 142.401 83.677
M 116.593 143.598 80.042
N 119.029 145.733 77.962
W 119.342 147.516 74.603
V 122.898 147.231 73.179
R 124.124 148.773 69.874
Q 126.837 148.102 67.256
A 127.567 151.292 65.276
P 130.266 151.345 62.523
G 133.706 150.913 64.163
K 132.338 150.874 67.698
G 132.042 147.728 69.745
L 128.822 146.53 71.376
E 127.977 149.607 73.467
W 125.426 149.134 76.24
V 122.691 151.763 75.604
S 120.002 151.191 78.223
D 118.656 148.74 80.809
I 115.374 148.105 82.621
S 114.763 146.04 85.753
Q 112.225 143.191 86.137
S 109.896 145.708 87.775
G 110.363 148.209 84.963
A 110.992 150.777 87.703
S 114.781 150.745 88.003
I 116.214 152.138 84.771
S 119.372 153.762 83.483
Y 120.927 154.989 80.252
T 124.329 155.551 78.735
G 125.25 159.154 79.42
S 125.022 160.237 75.782
V 121.413 158.857 75.713
K 120.0 160.047 79.079
G 116.694 161.737 78.28
R 117.212 161.551 74.482
F 115.86 157.964 74.395
T 113.519 156.175 76.812
I 113.11 152.466 77.546
S 110.061 150.555 78.734
R 108.785 146.998 79.056
D 105.539 145.058 79.349
N 105.782 141.974 81.554
A 102.437 140.598 80.352
K 103.06 141.101 76.628
N 106.621 139.629 77.061
T 108.153 142.599 75.191
L 110.611 145.519 75.385
Y 110.206 148.993 73.781
L 112.711 151.8 73.119
Q 111.357 155.258 72.378
M 114.07 157.393 70.673
N 114.096 161.192 70.196
S 116.55 163.932 69.08
L 118.588 161.301 67.145
K 122.272 162.161 66.434
P 123.886 160.787 63.189
E 126.368 158.765 65.346
D 123.361 156.872 66.876
T 123.33 154.911 63.525
A 123.77 151.207 64.505
V 122.467 147.677 64.602
Y 120.379 147.87 67.794
Y 119.989 144.552 69.65
C 117.585 143.498 72.394
A 119.812 141.773 75.017
R 118.556 139.821 78.066
C 120.653 139.739 81.215
P 121.938 136.151 81.519
A 119.942 134.801 84.48
P 116.637 135.493 86.329
F 115.993 137.583 89.497
T 119.436 139.279 88.979
R 120.834 142.79 89.426
D 124.017 141.494 87.792
C 123.729 141.736 83.957
F 127.225 140.58 82.868
D 128.093 139.73 79.22
V 125.299 141.63 77.287
T 128.112 143.676 75.605
S 130.292 140.572 74.921
T 130.852 139.477 71.302
T 129.19 136.041 70.488
Y 126.863 136.289 73.602
A 123.811 133.986 73.576
Y 120.686 135.822 74.898
R 120.758 138.679 72.337
G 118.553 138.963 69.243
Q 119.408 139.224 65.513
G 119.342 143.065 65.763
T 117.452 145.752 63.818
Q 119.484 148.282 61.788
V 118.751 151.975 62.509
T 120.2 154.664 60.225
V 120.24 158.312 61.367
S 120.858 160.141 58.078
S 119.241 162.498 55.528
