tag x y z
Q 145.14 153.853 107.808
V 145.302 157.576 108.582
Q 144.262 159.777 105.649
L 144.542 163.568 106.004
Q 143.927 165.188 102.606
E 143.781 168.982 102.397
S 141.72 171.066 99.977
G 143.118 173.21 97.178
G 145.239 176.281 97.834
G 146.377 178.573 95.027
L 148.263 181.793 94.346
V 146.315 184.895 95.398
Q 146.843 188.626 95.591
P 148.378 189.425 99.01
G 145.719 190.688 101.381
G 143.213 188.127 100.102
S 141.365 185.358 101.918
L 141.586 181.567 101.699
R 139.828 178.575 103.246
L 141.98 175.468 103.692
S 139.932 172.36 104.458
C 141.446 169.027 105.465
A 139.341 165.871 105.676
A 140.127 163.027 108.054
S 139.63 159.422 107.002
G 140.04 156.168 108.914
F 139.364 157.152 112.531
T 136.957 158.751 114.989
F 137.542 162.489 114.639
S 136.001 163.38 118.022
N 138.605 161.834 120.345
Y 141.565 163.492 118.601
K 143.078 166.974 118.534
M 144.311 168.501 115.269
N 147.182 170.956 114.94
W 148.382 172.934 111.917
V 152.039 173.006 110.858
R 153.325 175.108 107.977
Q 156.716 174.789 106.309
A 158.387 177.924 104.941
P 160.813 177.393 102.018
G 164.319 176.735 103.296
K 162.986 176.676 106.87
G 161.88 174.037 109.347
L 158.432 172.793 110.296
E 157.014 175.377 112.699
W 153.739 175.034 114.613
V 150.822 177.342 113.808
S 147.533 176.669 115.618
D 145.513 174.104 117.545
I 141.939 173.477 118.718
S 140.728 171.199 121.52
Q 138.574 168.076 121.169
S 135.297 169.999 121.463
G 136.593 173.386 120.303
A 136.886 175.348 123.56
S 140.643 176.085 123.704
I 141.937 177.544 120.432
S 145.526 178.772 120.356
Y 147.758 180.371 117.736
T 151.218 181.867 117.285
G 152.289 185.499 117.364
S 151.623 186.527 113.777
V 148.242 184.766 113.586
K 146.166 185.859 116.572
G 144.642 188.567 114.376
R 144.591 186.821 111.0
F 143.799 183.103 111.038
T 140.894 181.169 112.501
I 140.202 177.428 112.705
S 137.14 175.282 113.355
R 136.323 171.58 113.675
D 133.12 169.793 112.708
N 132.794 166.329 114.23
A 130.125 165.223 111.749
K 131.892 165.671 108.398
N 135.432 165.122 109.807
T 136.598 168.219 107.91
L 138.602 170.797 109.838
Y 138.995 174.3 108.457
L 141.363 177.265 108.436
Q 140.134 180.681 107.272
M 142.856 183.204 106.41
N 142.634 187.004 106.558
S 145.069 189.738 105.451
L 147.833 187.694 103.848
K 151.459 188.857 104.04
P 154.236 187.994 101.537
E 156.156 185.88 104.087
D 153.227 183.429 104.35
T 154.282 181.454 101.249
A 154.492 177.985 102.775
V 153.167 174.418 102.668
Y 150.327 173.6 105.072
Y 149.87 170.257 106.854
C 147.174 169.131 109.231
A 148.773 167.199 112.086
R 147.372 164.733 114.595
C 148.234 164.262 118.24
P 149.492 160.712 118.887
A 147.156 159.812 121.763
P 143.411 160.119 122.405
F 141.895 161.932 125.392
T 145.291 163.471 126.08
R 145.899 167.099 126.98
D 149.391 167.57 125.504
C 150.159 167.45 121.783
F 153.799 166.394 121.58
D 156.236 165.748 118.705
V 153.756 167.514 116.396
T 156.272 169.748 114.585
S 158.653 166.885 113.783
T 160.06 166.432 110.282
T 159.517 162.644 110.332
Y 155.989 162.661 111.79
A 153.82 159.871 110.411
Y 150.383 161.421 110.978
R 150.626 164.381 108.599
G 149.105 165.045 105.202
Q 150.806 165.446 101.852
G 150.628 169.239 102.058
T 149.285 172.133 99.993
Q 151.346 175.047 98.695
V 150.095 178.545 99.557
T 151.885 181.33 97.676
V 150.944 185.013 97.682
