tag x y z
Q 133.943 142.623 87.149
V 132.36 139.507 88.645
Q 130.488 137.696 85.879
L 129.037 134.2 85.552
Q 128.013 132.667 82.22
E 125.694 129.661 82.063
S 125.716 127.208 79.169
G 123.652 124.157 78.292
G 119.969 123.321 78.55
G 117.158 123.677 76.054
L 114.378 121.227 75.206
V 114.863 117.726 76.633
Q 112.771 114.558 76.963
P 111.492 113.278 80.338
G 113.955 110.82 81.825
G 116.763 112.141 79.623
S 120.177 113.585 80.399
L 121.622 117.092 80.396
R 124.85 118.852 81.366
L 125.184 122.45 82.567
S 128.354 124.551 82.588
C 129.084 127.757 84.504
A 132.071 129.87 83.447
A 133.415 132.286 86.065
S 135.31 135.48 85.243
G 136.557 138.344 87.395
F 137.39 136.696 90.733
T 139.404 133.948 92.394
F 137.281 130.855 91.791
S 138.686 128.521 94.456
N 137.812 130.689 97.484
Y 134.005 130.87 97.164
K 131.272 128.413 98.076
M 128.869 128.235 95.132
N 125.39 126.877 94.475
W 122.502 126.493 92.022
V 119.125 128.266 92.081
R 116.067 127.396 89.993
Q 112.992 129.415 89.03
A 109.889 127.569 87.886
P 107.47 129.362 85.513
G 105.042 131.153 87.809
K 107.032 130.577 91.019
G 109.862 132.149 92.995
L 113.516 131.263 93.44
E 114.589 128.197 95.401
W 117.851 126.468 96.292
V 118.932 123.291 94.466
S 122.442 122.167 95.462
D 125.771 123.566 96.598
I 129.503 122.875 96.664
S 132.221 124.228 98.96
Q 135.681 125.568 98.103
S 137.499 122.227 97.935
G 134.498 120.129 96.891
A 134.021 117.985 100.006
S 130.884 119.63 101.424
I 128.141 118.715 98.934
S 124.434 119.03 99.704
Y 121.242 118.811 97.658
T 117.6 119.731 97.901
G 115.761 116.541 98.867
S 113.414 116.652 95.871
V 116.454 116.098 93.613
K 118.709 114.324 96.128
G 120.428 111.336 94.552
R 119.553 112.545 91.04
F 121.902 115.475 90.313
T 125.696 115.69 90.335
I 127.485 118.969 91.107
S 131.218 119.226 90.375
R 133.533 122.237 90.303
D 136.85 122.537 88.465
N 139.225 125.15 89.874
A 141.926 124.743 87.218
K 139.544 124.971 84.258
N 137.471 127.524 86.261
T 134.082 125.957 85.541
L 131.171 124.613 87.58
Y 129.261 121.61 86.218
L 125.845 120.109 86.928
Q 124.871 116.694 85.557
M 121.12 116.023 85.415
N 119.839 112.546 84.546
S 116.414 110.859 84.795
L 114.529 114.135 84.568
K 110.871 114.824 85.351
P 108.412 117.238 83.671
E 108.263 119.21 86.956
D 111.923 120.26 86.541
T 111.422 122.74 83.682
A 112.88 125.994 84.991
V 115.355 128.831 84.602
Y 118.698 127.889 86.159
Y 121.052 130.283 87.956
C 124.686 129.58 88.819
A 125.169 131.639 91.986
R 128.134 132.574 94.17
C 128.097 133.255 97.894
P 129.293 136.83 98.499
A 131.969 136.415 101.145
P 135.247 134.485 100.843
F 136.413 131.905 103.403
T 133.021 131.48 105.074
R 130.587 128.608 105.56
D 127.358 130.634 105.358
C 125.333 131.929 102.403
F 122.763 134.521 103.463
D 120.842 135.923 100.506
V 121.575 133.707 97.507
T 117.835 133.013 97.195
S 116.844 136.663 96.847
T 115.133 138.589 94.07
T 117.749 141.237 93.226
Y 120.946 139.379 94.133
A 123.748 141.0 92.166
Y 126.301 138.19 91.786
R 124.235 135.436 90.162
G 124.434 134.71 86.449
Q 121.911 135.385 83.712
G 120.806 131.742 83.692
T 119.578 129.202 81.173
Q 116.201 127.794 80.122
V 115.422 124.079 80.519
T 112.114 122.687 79.227
V 111.407 119.028 80.019
S 108.073 118.87 78.196
S 107.002 115.483 76.852
H 106.097 116.798 73.39
