tag x y z
Q 126.863 132.739 96.906
V 126.561 136.03 98.765
Q 125.383 138.69 96.306
L 124.474 142.368 96.682
Q 123.276 144.128 93.517
E 122.802 147.903 93.612
S 120.673 149.776 91.091
G 118.827 153.037 90.581
G 121.775 155.367 90.017
G 122.1 157.844 87.182
L 122.371 161.509 86.212
V 120.357 164.216 87.959
Q 120.509 167.996 88.072
P 121.608 169.613 91.349
G 118.836 169.606 93.922
G 117.116 166.542 92.465
S 116.104 163.248 94.023
L 117.053 159.601 93.591
R 116.295 156.206 95.124
L 119.008 153.539 95.224
S 117.869 149.934 95.704
C 120.142 147.121 96.919
A 118.896 143.567 96.351
A 120.559 140.962 98.568
S 120.81 137.212 98.087
G 122.577 134.253 99.645
F 121.977 134.924 103.345
T 119.325 135.712 105.946
F 118.859 139.422 105.309
S 117.197 140.038 108.683
N 120.063 138.84 110.911
Y 122.552 141.429 109.609
K 123.176 145.155 109.944
M 123.384 146.918 106.576
N 125.412 149.918 105.424
W 125.66 152.362 102.536
V 129.204 153.382 101.562
R 130.484 155.599 98.765
Q 133.691 156.374 96.889
A 134.2 159.664 95.054
P 136.623 160.383 92.195
G 140.151 160.444 93.564
K 139.11 159.556 97.105
G 138.861 156.617 99.467
L 135.844 154.639 100.584
E 133.722 156.724 102.966
W 130.971 155.313 105.168
V 127.614 156.982 104.468
S 124.847 155.365 106.519
D 123.85 152.25 108.43
I 120.665 150.527 109.592
S 120.22 147.742 112.141
Q 118.474 144.375 111.871
S 114.99 145.405 113.0
G 115.175 148.819 111.342
A 114.947 150.975 114.464
S 118.534 152.15 114.955
I 119.598 154.345 112.025
S 122.808 156.338 111.658
Y 123.934 158.861 109.044
T 127.1 160.788 108.335
G 126.834 164.468 109.16
S 127.299 165.45 105.52
V 123.967 163.839 104.545
K 121.84 164.292 107.68
G 118.441 165.725 106.803
R 118.732 164.71 103.132
F 119.27 160.938 102.931
T 116.91 158.289 104.301
I 117.829 154.62 104.745
S 115.101 151.978 104.621
R 115.007 148.196 104.962
D 112.296 145.884 103.607
N 112.989 142.464 105.114
A 110.051 140.805 103.344
K 111.734 141.464 99.982
N 115.317 141.43 101.343
T 115.897 144.94 100.001
L 117.762 148.035 101.158
Y 116.806 151.542 100.048
L 118.567 154.904 100.085
Q 116.268 157.818 99.257
M 118.351 160.899 98.433
N 116.793 164.367 98.28
S 118.344 167.765 97.553
L 121.413 166.273 95.905
K 124.541 168.422 95.681
P 127.495 168.174 93.272
E 129.551 166.841 96.202
D 127.587 163.558 96.121
T 128.869 162.407 92.717
A 130.33 158.982 93.46
V 129.955 155.197 93.292
Y 127.631 153.922 96.023
Y 128.046 150.433 97.49
C 125.679 148.334 99.598
A 127.683 146.635 102.357
R 126.789 143.925 104.867
C 128.367 143.538 108.287
P 130.682 140.505 108.5
A 128.902 138.485 111.201
P 125.236 138.208 112.237
F 123.69 139.046 115.61
T 126.297 141.66 116.471
R 126.504 145.396 117.084
D 130.085 145.809 115.83
C 130.632 146.27 112.085
F 134.282 145.859 111.071
D 136.033 146.428 107.749
V 133.062 147.632 105.67
T 135.418 150.181 104.068
S 138.566 148.061 103.717
T 139.008 148.41 99.902
T 138.778 144.597 99.563
Y 135.735 143.714 101.687
A 134.109 140.533 100.408
Y 130.481 141.284 101.38
R 130.186 144.521 99.381
G 128.508 144.898 96.003
Q 129.762 146.414 92.774
G 127.876 149.672 93.332
T 126.029 152.211 91.211
Q 127.245 155.497 89.748
V 125.663 158.821 90.71
T 126.547 162.052 88.898
V 125.132 165.437 89.919
S 125.811 168.095 87.285
S 124.184 170.339 84.696
