tag x y z
Q 136.581 82.574 135.428
V 136.07 86.342 135.135
Q 138.475 87.837 137.655
L 139.805 91.335 138.202
Q 142.806 92.378 140.282
E 143.384 96.02 141.221
S 146.799 97.163 142.269
G 148.426 100.261 143.679
G 146.816 102.729 146.036
G 147.253 103.449 149.716
L 147.861 106.464 151.905
V 149.035 109.374 149.72
Q 149.367 113.178 149.838
P 147.272 115.866 148.083
G 148.705 117.069 144.788
G 150.698 113.85 144.347
S 150.572 111.289 141.546
L 149.407 107.681 141.664
R 148.869 104.809 139.24
L 146.135 102.208 139.619
S 146.371 98.903 137.756
C 143.644 96.405 136.858
A 144.719 92.946 135.699
A 141.815 91.493 133.695
S 142.091 87.687 133.8
G 139.799 84.963 132.511
F 138.25 86.44 129.349
T 139.043 88.106 126.025
F 140.013 91.693 126.788
S 139.292 93.479 123.493
N 135.601 92.517 123.328
Y 134.414 94.328 126.455
K 133.839 97.976 127.304
M 135.577 98.493 130.647
N 135.26 101.111 133.372
W 136.381 102.496 136.742
V 133.974 103.041 139.633
R 134.677 104.347 143.137
Q 133.041 104.264 146.533
A 133.197 106.912 149.255
P 132.999 106.052 152.98
G 129.338 105.89 153.997
K 128.211 106.776 150.462
G 127.304 105.046 147.213
L 129.106 103.961 144.071
E 129.794 106.654 141.499
W 130.942 106.137 137.896
V 134.405 107.689 137.52
S 134.958 106.8 133.852
D 134.712 104.457 130.905
I 136.597 103.146 127.863
S 135.356 101.315 124.763
Q 136.72 98.277 122.908
S 139.172 100.022 120.57
G 139.732 102.762 123.154
A 138.845 105.682 120.874
S 135.987 107.229 122.875
I 136.664 108.32 126.471
S 134.383 110.284 128.805
Y 134.716 111.243 132.465
T 132.714 112.531 135.402
G 132.794 116.332 135.392
S 133.85 116.998 138.987
V 137.212 115.254 138.427
K 137.403 115.719 134.632
G 140.778 116.364 132.997
R 142.59 114.97 136.052
F 142.834 111.262 135.192
T 144.264 109.248 132.301
I 142.767 105.855 131.388
S 145.119 103.596 129.389
R 144.019 100.108 128.393
D 146.611 97.911 126.743
N 145.106 95.085 124.71
A 148.481 93.315 124.421
K 149.616 93.611 128.06
N 145.953 93.026 129.118
T 146.067 95.686 131.842
L 144.077 98.858 132.617
Y 146.106 101.741 134.086
L 144.607 104.821 135.765
Q 146.886 107.858 136.127
M 146.071 110.285 138.949
N 147.583 113.7 139.662
S 146.652 116.86 141.637
L 145.026 114.845 144.441
K 142.158 116.439 146.38
P 141.404 115.552 150.045
E 137.627 115.571 149.407
D 138.154 112.521 147.117
T 139.355 109.639 149.311
A 137.686 106.375 148.421
V 137.834 102.717 147.667
Y 138.405 102.215 143.916
Y 137.057 99.416 141.751
C 137.765 98.184 138.251
A 134.663 96.927 136.477
R 133.581 95.322 133.231
C 130.337 95.807 131.357
P 128.662 92.377 131.095
A 128.033 92.093 127.359
P 130.491 92.078 124.429
F 130.349 94.396 121.396
T 127.902 96.821 123.017
R 127.87 100.403 124.271
D 125.56 100.096 127.308
C 126.581 99.297 130.888
F 124.601 98.499 134.057
D 127.319 98.188 136.715
V 126.215 100.694 139.379
T 124.49 98.102 141.635
S 126.086 97.805 145.084
T 124.194 94.635 146.12
T 127.007 92.227 145.154
Y 127.671 93.041 141.515
A 129.787 90.125 140.352
Y 131.839 91.534 137.451
R 134.0 93.846 139.577
G 137.262 93.309 141.399
Q 137.797 93.4 145.137
G 139.077 96.97 144.829
T 141.838 99.003 146.445
Q 141.706 101.497 149.313
V 143.053 104.929 148.325
T 143.357 107.459 151.142
V 144.399 111.113 150.954
S 145.737 112.596 154.196
S 146.365 116.344 154.182
