tag x y z
Q 113.858 130.478 57.438
V 110.674 128.4 57.308
Q 108.912 129.039 53.999
L 106.207 127.0 52.27
Q 105.391 127.641 48.604
E 102.277 126.372 46.817
S 102.37 125.276 43.164
G 99.283 124.568 41.087
G 95.709 125.794 41.031
G 93.975 128.389 38.893
L 90.694 127.462 37.211
V 89.371 123.877 37.211
Q 86.144 122.429 35.81
P 83.979 120.383 38.225
G 85.097 116.772 38.12
G 88.621 117.753 37.1
S 91.823 116.588 38.764
L 94.132 119.207 40.3
R 97.494 118.526 41.943
L 98.77 120.864 44.667
S 102.507 120.854 45.376
C 104.011 122.34 48.532
A 107.711 123.203 48.686
A 109.319 123.265 52.124
S 112.439 125.273 52.926
G 114.234 126.061 56.167
F 113.365 122.978 58.227
T 113.746 119.209 58.344
F 110.757 117.775 56.478
S 110.503 114.377 58.191
N 110.229 115.676 61.77
Y 106.919 117.515 61.267
K 103.351 116.397 60.634
M 101.926 118.53 57.829
N 98.402 119.534 56.863
W 96.338 121.322 54.219
V 93.93 124.078 55.354
R 91.453 125.782 52.999
Q 89.868 129.236 53.336
A 86.67 129.765 51.37
P 85.86 133.339 50.239
G 84.069 135.191 53.023
K 84.501 132.154 55.289
G 86.889 131.016 57.985
L 89.856 128.692 57.671
E 88.975 124.992 57.797
W 91.38 122.075 58.223
V 91.346 119.709 55.246
S 93.834 116.889 55.769
D 97.019 115.859 57.568
I 99.828 113.338 57.132
S 102.124 112.332 60.003
Q 105.923 112.17 60.277
S 106.243 108.61 58.969
G 103.164 108.975 56.759
A 101.406 105.844 58.027
S 98.796 107.797 60.022
I 96.684 110.073 57.805
S 93.477 111.862 58.814
Y 90.954 113.647 56.596
T 87.971 115.917 56.9
G 84.839 113.909 56.115
S 83.782 116.223 53.274
V 87.097 115.503 51.519
K 87.362 111.91 52.803
G 87.782 109.466 49.933
R 88.089 112.405 47.52
F 91.499 113.983 48.28
T 94.776 112.064 48.544
I 97.695 113.469 50.561
S 101.24 112.122 50.168
R 104.574 113.44 51.436
D 107.945 112.877 49.759
N 110.716 113.209 52.345
A 113.556 112.89 49.821
K 112.148 115.497 47.425
N 111.087 117.63 50.457
T 107.62 118.094 48.981
L 103.951 117.703 49.957
Y 101.496 116.5 47.293
L 97.704 116.816 47.328
Q 95.597 115.054 44.685
M 92.112 116.396 43.928
N 89.551 114.634 41.743
S 85.759 114.838 41.258
L 85.717 118.454 42.424
K 82.564 120.283 43.504
P 81.458 123.947 43.41
E 81.699 123.979 47.22
D 85.363 122.885 46.996
T 86.678 126.255 45.747
A 88.898 127.929 48.359
V 92.405 129.224 48.851
Y 94.61 126.291 49.851
Y 97.305 126.812 52.477
C 100.123 124.416 53.312
A 100.714 124.253 57.058
R 103.195 122.642 59.427
C 102.71 121.48 63.01
P 104.624 123.809 65.373
A 106.75 121.288 67.266
P 108.65 118.226 65.991
F 107.787 114.632 66.954
T 104.358 115.606 68.32
R 100.784 114.714 67.401
D 98.988 117.91 68.447
C 98.187 120.745 66.02
F 96.722 123.58 68.091
D 97.174 126.694 65.965
V 97.179 125.319 62.411
T 93.625 126.635 61.995
S 93.979 130.187 63.337
T 93.469 133.68 61.934
T 97.154 134.671 61.76
Y 99.584 131.734 61.805
A 103.134 132.268 60.608
Y 104.015 128.726 59.49
R 101.567 128.596 56.577
G 102.301 129.509 52.984
Q 100.81 132.381 51.027
G 98.54 129.982 49.14
T 97.157 129.716 45.615
Q 93.611 130.605 44.57
V 91.706 127.536 43.361
T 88.458 128.322 41.534
V 86.05 125.736 40.102
S 83.844 126.941 37.243
S 80.938 124.925 35.843
