tag x y z
V 112.688 -43.318 54.401
Q 115.105 -45.619 56.269
L 118.843 -46.094 55.6
V 121.384 -48.576 57.002
E 125.09 -48.676 56.09
T 127.399 -51.68 55.839
G 130.956 -52.107 54.582
G 133.01 -50.495 57.351
G 135.79 -52.166 59.282
L 139.421 -51.936 60.345
V 141.882 -51.39 57.492
Q 145.559 -50.529 57.237
A 146.741 -47.589 55.129
G 146.559 -48.269 51.402
G 143.719 -50.748 51.889
S 140.261 -50.499 50.382
L 136.64 -50.744 51.463
R 133.235 -50.864 49.765
L 130.463 -49.066 51.66
S 126.854 -49.932 50.8
C 123.581 -48.51 52.096
A 120.195 -50.217 51.67
A 117.489 -47.585 51.296
S 113.903 -48.405 52.307
G 111.689 -45.855 50.544
R 112.272 -43.694 47.506
S 114.793 -40.836 47.636
Y 116.508 -38.664 45.055
A 119.944 -37.07 45.517
M 121.99 -39.29 47.828
G 125.465 -39.005 49.261
W 128.002 -39.808 51.953
F 129.168 -37.623 54.839
R 131.908 -38.45 57.326
Q 132.689 -37.299 60.857
G 136.115 -37.676 62.44
P 136.648 -37.948 66.2
G 136.071 -34.517 67.689
K 135.515 -32.928 64.271
E 132.414 -31.773 62.443
R 130.606 -33.943 59.919
E 131.523 -32.994 56.366
F 130.806 -33.629 52.686
V 132.413 -36.678 51.041
A 130.48 -37.346 47.809
T 126.975 -37.142 46.337
I 125.229 -38.624 43.302
S 122.162 -37.305 41.518
W 119.069 -39.492 41.321
S 119.71 -40.177 37.6
S 123.495 -40.82 38.236
T 124.162 -38.058 35.655
N 125.929 -35.784 38.159
T 128.549 -36.811 40.678
W 130.218 -34.488 43.189
Y 133.321 -35.058 45.303
A 135.276 -33.346 48.052
D 138.833 -32.421 47.098
S 140.227 -34.71 49.822
V 138.773 -37.831 48.13
K 138.781 -36.907 44.427
G 140.331 -39.715 42.376
R 140.336 -42.009 45.436
F 136.618 -42.533 46.193
T 133.794 -43.373 43.766
I 130.036 -43.108 44.45
S 127.486 -45.124 42.456
R 123.854 -46.13 42.817
D 121.351 -48.715 41.618
N 117.838 -47.284 41.863
A 116.32 -50.682 41.016
K 117.907 -52.184 44.153
N 117.592 -48.938 46.162
T 121.285 -49.023 47.084
V 124.078 -46.429 46.982
Y 127.761 -47.334 47.103
L 131.089 -45.762 48.035
Q 134.241 -47.448 46.723
M 137.098 -46.232 48.965
N 140.572 -46.809 47.49
S 144.001 -45.818 48.865
L 142.697 -45.294 52.398
K 144.812 -42.865 54.493
P 144.739 -42.592 58.297
E 142.978 -39.231 57.859
D 140.012 -41.12 56.344
T 139.209 -42.524 59.809
A 135.647 -41.448 60.671
V 132.042 -42.549 60.925
Y 130.556 -42.645 57.406
Y 126.906 -41.604 56.992
C 124.619 -42.147 54.023
A 121.965 -39.463 53.522
A 119.059 -38.899 51.147
S 117.032 -35.862 50.197
H 113.582 -35.2 48.819
H 113.544 -35.183 48.874
R 114.153 -31.467 48.361
F 116.919 -31.963 45.732
S 117.418 -34.454 42.91
D 121.084 -33.315 42.663
Y 123.287 -32.088 45.527
P 126.469 -30.09 44.718
M 126.262 -27.99 47.88
R 128.64 -28.809 50.69
S 126.394 -28.074 53.654
E 124.339 -31.01 54.868
D 121.094 -29.26 55.797
G 119.567 -30.065 52.4
M 119.515 -33.755 53.358
D 116.238 -35.149 54.734
Y 117.139 -38.722 55.838
W 120.2 -40.121 57.617
G 121.462 -43.606 58.292
K 123.041 -44.741 61.528
G 126.547 -44.713 60.04
T 129.374 -47.239 59.809
L 132.825 -46.822 61.337
V 135.862 -46.815 59.021
T 139.216 -46.968 60.815
V 142.548 -46.744 58.942
S 145.715 -47.489 60.908
S 149.274 -46.512 60.041
