tag x y z
Q -16.569 46.628 -5.232
V -17.421 43.229 -3.724
Q -16.592 42.591 -0.065
L -18.715 39.485 0.661
A -17.934 35.964 -0.542
E -20.732 33.883 -2.062
T -20.98 30.087 -1.902
G -24.048 28.258 -3.176
G -26.585 28.371 -5.973
G -27.221 26.129 -8.936
L -30.088 24.154 -10.438
V -32.936 22.653 -8.404
E -36.194 20.823 -9.038
P -39.316 22.718 -7.894
G -40.202 21.744 -4.346
G -36.594 21.262 -3.233
S -34.295 23.07 -0.831
L -31.031 24.977 -1.259
R -28.662 26.945 0.992
L -26.817 30.198 0.24
S -23.863 30.922 2.523
C -22.129 34.301 2.581
A -19.11 35.324 4.675
A -16.878 38.384 5.032
P -13.123 37.976 5.653
E -12.17 41.608 6.292
F -15.655 43.049 6.929
R -17.182 43.017 10.419
L -20.548 41.603 9.39
Q -21.736 40.837 12.939
Y -22.654 44.511 13.486
Y -24.935 45.384 10.56
T -28.29 44.221 9.249
A -27.668 41.559 6.607
G -30.07 40.747 3.798
W -30.597 38.913 0.532
F -31.582 40.448 -2.798
R -32.392 38.899 -6.163
Q -33.035 40.061 -9.725
A -34.577 38.164 -12.629
P -32.856 38.483 -16.033
G -35.663 40.677 -17.402
K -36.083 42.993 -14.404
E -35.714 44.234 -11.638
R -33.804 44.348 -8.332
E -36.191 43.216 -5.591
W -35.45 42.35 -1.972
V -35.892 38.888 -0.461
A -35.133 38.796 3.261
C -33.089 40.64 5.883
I -32.067 39.832 9.456
S -31.266 42.104 12.392
A -27.698 42.357 13.651
G -28.648 40.214 16.656
G -30.816 37.748 14.732
G -33.919 38.707 16.702
V -35.887 40.386 13.905
T -36.346 39.05 10.371
Y -38.384 40.326 7.421
Y -39.48 38.391 4.332
T -41.305 39.382 1.169
G -44.566 37.779 0.084
S -43.203 35.383 -2.547
V -40.962 33.671 0.043
Q -42.897 33.986 3.317
G -42.947 30.594 5.037
R -40.618 28.915 2.524
F -37.299 30.759 2.959
T -35.236 30.925 6.155
I -32.537 33.554 6.64
S -30.022 33.015 9.434
R -26.622 34.21 10.589
D -23.569 33.137 12.585
N -21.914 36.184 14.142
A -19.254 33.947 15.701
K -18.182 33.006 12.157
R -19.272 36.31 10.533
T -21.543 34.531 8.053
V -25.071 34.92 6.679
Y -27.196 32.144 5.185
L -30.356 31.806 3.106
Q -32.23 28.495 3.258
M -34.527 28.23 0.222
D -36.94 25.395 0.973
S -39.904 24.424 -1.222
L -38.54 26.364 -4.177
K -40.846 27.792 -6.867
P -40.006 28.633 -10.506
E -40.6 32.296 -9.617
D -37.417 32.214 -7.512
T -35.234 31.962 -10.646
A -32.964 35.003 -10.278
V -29.436 36.14 -9.386
Y -29.171 36.113 -5.594
S -26.745 38.42 -3.782
C -26.095 38.946 -0.071
A -25.798 42.517 1.186
A -25.157 44.407 4.421
D -26.789 47.751 5.165
L -24.591 50.445 6.699
E -27.282 53.151 6.411
Y -29.484 52.342 9.424
S -28.562 51.397 12.983
Q -31.55 49.017 13.114
I -33.4 46.741 10.697
M -36.238 48.409 8.816
P -39.473 46.845 7.547
S -39.336 45.947 3.852
C -35.552 45.88 4.462
R -35.302 49.614 3.822
G -31.723 50.822 3.635
S -28.729 51.366 1.386
Y -26.95 47.972 1.572
G -23.631 49.215 0.239
V -21.616 46.086 1.073
R -22.82 43.303 -1.231
G -21.656 39.939 -2.545
Q -20.681 38.506 -5.905
G -24.04 36.846 -6.555
T -24.964 33.407 -7.892
Q -27.598 32.102 -10.294
V -30.526 30.158 -8.83
T -32.572 28.122 -11.321
V -35.787 26.298 -10.381
S -36.701 24.199 -13.424
S -38.364 20.842 -14.018
