tag x y z
A -23.953 117.911 50.325
Q -23.623 121.244 48.528
V -21.395 121.146 45.513
Q -23.164 121.985 42.275
L -22.507 122.843 38.626
V -24.678 125.194 36.555
E -24.059 124.862 32.833
S -25.339 127.636 30.6
G -25.058 129.051 27.109
G -26.362 126.369 24.769
G -28.529 127.405 21.867
L -29.664 126.731 18.322
V -27.025 127.53 15.693
Q -26.324 126.555 12.085
P -23.155 125.019 10.578
G -20.044 127.159 10.689
G -21.437 129.006 13.709
S -19.944 129.499 17.146
L -21.024 129.284 20.782
R -19.357 129.526 24.187
L -20.615 127.236 26.939
S -20.014 128.163 30.566
C -20.375 126.162 33.769
V -20.197 127.912 37.146
A -19.159 125.88 40.188
S -19.992 126.414 43.85
G -19.339 124.706 47.169
F -15.682 123.725 46.739
T -12.222 125.104 46.071
F -12.66 125.501 42.324
S -8.979 126.204 41.628
S -6.815 123.161 40.775
T -9.941 121.039 40.29
P -9.911 119.367 36.849
M -13.1 119.969 34.879
N -14.234 118.082 31.78
W -17.001 118.499 29.214
F -19.145 115.629 27.937
R -21.916 115.418 25.358
Q -24.723 112.905 24.827
A -26.527 112.96 21.496
P -30.025 111.434 21.232
G -29.594 107.66 21.354
K -25.799 107.6 21.615
E -23.586 107.365 24.692
R -22.047 110.217 26.659
E -18.704 110.891 24.98
F -15.752 112.894 26.261
V -15.21 116.242 24.523
A -12.51 118.238 26.328
G -11.01 118.885 29.741
V -8.774 121.468 31.424
G -6.2 120.987 34.177
S -5.165 123.471 36.839
R -3.898 125.89 34.171
N -5.169 126.595 30.682
D -1.789 125.179 29.631
I -3.261 121.757 30.43
A -6.024 120.64 28.062
Y -7.164 117.273 26.704
Y -9.266 117.036 23.542
A -11.142 114.265 21.781
D -10.15 113.664 18.162
S -13.625 114.67 16.938
V -13.178 118.263 18.041
K -9.488 119.192 17.816
G -8.68 122.593 16.344
R -12.265 123.813 16.785
F -13.2 123.899 20.476
T -11.209 125.339 23.368
V -11.669 124.332 26.998
S -10.959 127.242 29.33
R -10.837 128.097 33.029
D -11.321 131.325 35.007
D -10.425 130.583 38.633
A -11.556 134.03 39.802
K -15.126 133.492 38.55
N -15.347 129.755 39.391
T -16.153 129.092 35.747
V -15.243 126.535 33.084
Y -15.612 127.531 29.434
L -16.039 125.468 26.268
Q -15.569 127.788 23.302
M -17.208 126.022 20.344
N -16.153 127.229 16.887
S -16.903 125.949 13.378
L -19.894 123.999 14.645
K -21.184 121.009 12.679
P -24.383 118.927 12.748
E -22.433 116.156 14.504
D -21.984 118.388 17.582
T -25.69 118.369 18.507
G -26.331 117.106 22.02
V -26.677 117.963 25.672
Y -23.33 119.236 26.958
Y -22.493 118.327 30.56
C -19.707 119.696 32.738
K -18.198 117.171 35.137
R -15.857 117.082 38.109
P -14.285 113.597 37.836
A -13.581 111.418 40.854
G -12.187 108.068 41.946
R -15.582 106.501 42.6
I -18.554 107.066 40.332
E -20.774 108.189 43.221
D -18.443 111.149 43.82
E -18.708 112.172 40.164
L -20.275 115.597 39.79
W -22.472 116.646 36.877
G -24.538 119.672 36.037
Q -27.908 119.606 34.337
G -26.42 120.251 30.891
T -27.366 122.597 28.075
Q -28.779 121.783 24.645
V -26.759 122.473 21.49
T -28.445 122.016 18.106
V -26.697 121.862 14.713
