tag x y z
Q 120.932 118.087 153.547
V 119.061 121.047 152.067
Q 118.489 123.353 155.037
L 117.405 126.998 154.971
Q 117.549 129.056 158.169
E 115.755 132.397 158.378
S 116.451 135.284 160.744
G 115.205 138.791 161.41
G 111.692 140.116 161.566
G 109.417 140.985 164.457
L 107.01 143.705 165.529
V 107.386 147.142 163.935
Q 105.181 150.218 163.88
P 103.551 151.105 160.537
G 105.865 153.028 158.246
G 108.934 151.352 159.742
S 111.691 149.274 158.195
L 112.973 145.716 158.461
R 115.669 143.483 157.01
L 115.393 139.731 156.496
S 118.181 137.173 156.17
C 118.094 133.569 154.965
A 121.252 131.512 155.458
A 121.51 128.533 153.111
S 123.483 125.32 153.53
G 123.95 121.921 151.934
F 123.989 122.981 148.279
T 125.924 125.119 145.818
F 124.243 128.484 146.329
S 125.367 130.143 143.101
N 123.703 127.617 140.767
Y 120.133 128.192 141.971
K 117.465 130.871 141.679
M 116.082 132.05 145.016
N 112.64 133.423 145.875
W 110.744 135.039 148.735
V 107.272 133.829 149.716
R 104.85 134.99 152.407
Q 101.599 133.659 153.84
A 99.127 135.997 155.522
P 96.831 134.638 158.253
G 93.727 132.985 156.867
K 95.188 133.128 153.356
G 97.196 130.988 150.969
L 100.842 131.164 149.984
E 101.723 134.043 147.667
W 104.854 134.938 145.717
V 106.795 138.129 146.465
S 110.066 138.329 144.53
D 112.96 136.391 143.03
I 116.534 136.839 141.826
S 118.737 135.055 139.308
Q 121.998 133.213 139.937
S 124.141 136.338 139.549
G 121.604 139.062 140.312
A 120.991 140.445 136.841
S 117.267 139.642 136.652
I 114.962 140.781 139.459
S 111.17 140.587 139.596
Y 108.618 141.934 142.056
T 104.949 141.474 142.751
G 102.834 144.547 142.163
S 101.725 145.341 145.699
V 105.267 145.816 147.07
K 107.082 147.216 144.035
G 109.099 150.3 144.938
R 109.484 149.479 148.644
F 111.195 146.063 148.733
T 114.73 145.312 147.564
I 116.005 141.752 147.124
S 119.709 140.936 147.056
R 121.996 137.934 147.386
D 125.632 137.463 148.389
N 127.111 134.348 146.782
A 130.309 134.739 148.818
K 128.717 133.677 152.116
N 125.491 131.987 150.927
T 122.943 134.522 152.143
L 119.712 135.949 150.726
Y 118.377 139.336 151.814
L 115.13 141.309 151.753
Q 115.119 144.999 152.71
M 111.545 145.951 153.616
N 110.988 149.634 154.367
S 107.912 151.87 154.525
L 105.754 149.007 155.748
K 101.952 148.808 155.757
P 99.498 146.986 158.052
E 98.584 144.416 155.375
D 102.222 143.259 155.173
T 101.97 141.156 158.345
A 102.541 137.482 157.492
V 105.091 134.67 157.778
Y 107.932 134.921 155.265
Y 109.828 132.03 153.663
C 112.852 131.809 151.371
A 112.318 129.171 148.686
R 114.852 127.619 146.327
C 113.792 126.686 142.825
P 113.884 122.899 142.377
A 116.601 122.518 139.747
P 119.958 124.157 139.0
F 121.003 125.9 135.79
T 117.338 126.518 135.013
R 115.751 129.919 134.518
D 112.226 128.909 135.542
C 110.848 127.042 138.554
F 107.423 125.611 139.247
D 106.256 124.667 142.712
V 107.74 127.259 145.07
T 104.342 128.53 146.26
S 102.993 125.076 147.074
T 101.376 123.786 150.248
T 104.136 121.243 151.008
Y 107.328 122.227 149.186
A 110.517 120.439 150.161
Y 113.103 123.187 149.573
R 111.764 126.211 151.448
G 112.556 127.343 154.959
Q 110.628 127.351 158.22
G 109.391 130.945 158.205
T 109.741 134.102 160.263
Q 106.805 136.09 161.61
V 106.463 139.799 160.812
T 103.836 141.844 162.652
V 102.859 145.451 161.988
