tag x y z
Q 114.21 124.46 72.536
V 114.542 127.802 74.318
Q 114.204 130.642 71.822
L 114.023 134.41 72.292
Q 113.57 136.619 69.229
E 113.81 140.4 69.54
S 112.277 142.849 67.088
G 111.295 146.489 66.835
G 114.712 148.121 66.765
G 115.999 150.583 64.224
L 117.134 154.138 63.632
V 115.332 156.92 65.489
Q 115.828 160.633 66.032
P 117.009 161.745 69.485
G 113.934 162.446 71.561
G 112.014 159.865 69.537
S 110.207 156.734 70.642
L 110.611 153.035 69.949
R 108.947 149.799 71.052
L 110.836 146.502 71.23
S 109.175 143.09 71.318
C 110.542 139.699 72.346
A 108.805 136.562 71.103
A 109.478 133.774 73.594
S 109.348 130.121 72.604
G 110.315 126.809 74.147
F 109.45 127.411 77.799
T 106.571 128.311 80.08
F 106.828 132.078 79.709
S 104.837 132.858 82.865
N 107.13 130.832 85.16
Y 110.137 133.057 84.455
K 111.241 136.548 85.372
M 112.317 138.415 82.234
N 115.011 141.031 81.662
W 116.112 143.514 79.048
V 119.878 143.851 78.639
R 121.897 146.083 76.324
Q 125.444 146.274 74.98
A 126.591 149.718 73.895
P 129.295 149.936 71.19
G 132.604 149.231 72.911
K 131.086 148.457 76.321
G 130.078 145.235 78.026
L 126.605 143.89 78.628
E 124.604 146.053 81.021
W 121.273 145.361 82.693
V 118.384 147.642 81.709
S 115.104 146.425 83.196
D 113.356 143.343 84.593
I 109.786 142.202 85.255
S 108.556 139.477 87.575
Q 106.524 136.429 86.576
S 103.133 138.071 87.111
G 104.137 141.558 85.975
A 103.833 143.348 89.315
S 107.458 143.765 90.42
I 109.25 145.984 87.895
S 112.677 147.612 88.119
Y 114.885 149.745 85.892
T 118.448 150.904 85.728
G 118.755 154.457 86.97
S 119.484 156.17 83.66
V 116.215 154.94 82.08
K 113.633 155.429 84.845
G 110.758 157.538 83.569
R 111.699 157.005 79.912
F 111.546 153.221 79.417
T 108.665 150.988 80.447
I 108.723 147.185 80.421
S 105.676 144.98 80.025
R 104.997 141.292 79.489
D 101.886 139.709 78.001
N 101.848 136.16 79.341
A 99.066 135.084 76.966
K 101.086 135.889 73.828
N 104.464 134.884 75.346
T 105.839 138.33 74.522
L 108.037 140.788 76.412
Y 107.879 144.487 75.565
L 110.15 147.476 76.068
Q 108.621 150.859 75.268
M 111.36 153.479 74.945
N 110.473 157.181 75.083
S 112.637 160.316 74.97
L 115.566 158.382 73.542
K 119.047 159.839 74.033
P 122.154 159.362 71.861
E 123.698 157.249 74.644
D 120.828 154.75 74.358
T 122.435 153.426 71.157
A 123.016 149.736 71.869
V 122.106 146.197 70.925
Y 119.151 145.249 73.124
Y 118.789 141.666 74.326
C 115.823 139.839 75.81
A 117.239 137.688 78.613
R 115.31 135.05 80.535
C 116.186 134.222 84.115
P 117.895 130.818 84.421
A 115.413 128.955 86.604
P 111.646 129.208 87.136
F 109.911 130.376 90.312
T 113.05 132.098 91.614
R 113.74 135.5 93.127
D 117.407 135.666 92.141
C 118.423 136.067 88.506
F 122.057 135.1 87.948
D 124.224 135.613 84.892
V 121.857 137.397 82.49
T 124.625 139.908 81.66
S 127.291 137.221 81.216
T 129.186 137.098 77.939
T 127.846 133.689 76.871
Y 124.501 133.424 78.648
A 122.295 130.828 76.967
Y 118.738 132.08 77.607
R 119.309 135.349 75.784
G 118.328 136.284 72.255
Q 120.487 137.488 69.4
G 119.448 141.071 70.133
T 118.121 143.973 68.101
Q 120.045 147.122 67.225
V 118.746 150.487 68.438
T 120.49 153.557 67.009
V 119.828 157.104 68.173
