tag x y z
Q 8.905 1.421 -14.845
V 9.175 0.696 -11.133
Q 12.519 1.519 -9.567
L 13.782 1.069 -6.024
V 17.08 2.868 -5.39
E 19.116 2.275 -2.267
S 21.639 4.708 -0.873
G 23.458 5.561 2.321
G 26.084 2.813 2.363
G 29.829 3.084 2.767
L 32.734 2.359 5.081
V 32.123 2.79 8.805
Q 34.003 2.047 12.002
A 32.921 -0.652 14.433
G 30.487 0.73 16.98
G 29.318 3.369 14.476
S 25.966 4.037 12.829
S 25.955 4.01 12.836
L 24.629 4.224 9.286
R 21.253 4.949 7.718
L 20.23 3.215 4.52
S 17.456 4.627 2.337
C 15.205 2.81 -0.151
A 13.446 5.291 -2.462
A 10.764 4.139 -4.887
S 9.747 5.64 -8.212
G 6.772 4.419 -10.199
Y 5.426 2.799 -7.031
I 4.225 3.711 -3.537
F 5.414 1.733 -0.499
G 2.092 2.612 1.134
R 1.032 -0.212 3.438
N 2.617 -2.908 1.238
A 4.958 -5.459 2.777
M 8.68 -4.87 2.3
G 11.975 -6.159 3.597
W 15.644 -5.411 4.004
Y 18.038 -8.193 3.017
R 21.804 -8.573 3.234
Q 24.404 -10.89 1.669
A 27.617 -11.174 3.67
P 30.875 -12.486 2.177
G 30.75 -16.246 1.694
K 27.064 -16.346 2.691
E 23.643 -16.558 1.112
R 21.374 -13.512 1.141
E 19.293 -13.291 4.311
L 16.343 -11.283 5.589
V 17.272 -8.685 8.23
A 14.084 -6.694 8.885
G 10.734 -6.04 7.283
I 7.25 -4.573 7.537
T 4.159 -6.761 7.332
R 1.156 -5.848 5.206
R -1.492 -6.497 7.864
G -0.956 -4.334 10.925
S 2.22 -2.731 9.544
I 4.266 -4.609 12.127
T 8.033 -4.133 11.946
Y 10.143 -7.224 12.666
Y 13.821 -8.091 12.918
A 16.172 -11.037 12.576
D 17.72 -12.003 15.913
S 21.161 -10.887 14.738
V 20.069 -7.224 14.484
K 17.498 -6.779 17.245
G 18.116 -3.802 19.495
R 20.514 -2.273 16.978
F 18.638 -1.827 13.672
T 15.387 0.075 13.211
I 13.254 0.271 10.078
S 10.969 3.231 9.469
R 8.76 4.177 6.523
D 8.299 7.81 5.464
N 5.151 7.981 3.357
A 5.523 11.672 2.476
K 8.967 10.893 1.015
N 7.868 7.464 -0.278
T 11.112 6.166 1.197
V 11.942 3.376 3.641
Y 14.949 3.633 5.962
L 17.118 1.111 7.765
Q 18.862 2.721 10.742
M 21.882 0.599 11.723
N 23.477 1.345 15.111
S 26.29 -0.392 17.03
L 27.617 -1.812 13.787
K 29.873 -4.86 13.895
P 32.378 -6.199 11.345
E 29.965 -9.116 10.847
D 27.39 -6.678 9.446
T 29.626 -6.121 6.387
A 27.505 -7.059 3.389
V 25.598 -5.936 0.362
Y 22.22 -4.716 1.61
Y 19.062 -4.909 -0.465
C 15.542 -3.609 -0.103
C 15.542 -3.533 -0.19
A 12.52 -5.38 -1.562
A 8.829 -4.458 -1.708
D 5.582 -6.214 -2.645
P 3.679 -5.01 -5.725
A 0.239 -3.71 -4.852
S -1.335 -6.171 -7.346
P -0.736 -9.94 -7.488
A 2.644 -10.846 -8.95
Y 5.105 -13.722 -8.97
G 7.917 -11.656 -7.434
D 8.91 -8.52 -5.557
Y 10.458 -5.239 -6.642
W 14.154 -5.153 -5.739
G 16.714 -2.393 -5.332
Q 20.215 -2.556 -6.777
G 22.014 -3.237 -3.494
T 24.53 -1.103 -1.616
Q 27.817 -2.166 -0.07
V 28.185 -1.574 3.661
T 31.558 -2.159 5.291
V 32.331 -2.11 9.007
S 35.981 -2.036 10.011
S 38.276 -1.862 13.053
