tag x y z
Q -16.406 -21.539 2.253
V -13.264 -20.463 4.123
Q -13.477 -21.395 7.799
L -11.081 -20.773 10.661
V -12.111 -22.782 13.745
E -10.402 -22.243 17.093
S -10.317 -24.66 19.999
G -8.402 -25.317 23.182
G -9.71 -22.561 25.449
G -9.738 -22.613 25.486
G -10.76 -23.18 29.007
G -11.342 -22.714 28.899
L -10.5 -22.109 32.615
L -10.461 -22.069 32.521
V -6.974 -22.576 33.952
Q -5.144 -21.817 37.182
A -2.381 -19.235 37.29
G 0.98 -20.734 36.374
G -0.57 -23.407 34.149
S -0.575 -23.782 30.389
L -2.963 -24.065 27.466
R -2.59 -24.741 23.758
L -4.888 -22.923 21.367
S -5.413 -24.379 17.908
C -6.742 -22.719 14.744
C -6.829 -22.766 14.789
A -7.943 -25.181 12.078
A -8.692 -24.008 8.556
S -10.991 -25.437 5.918
G -11.347 -24.094 2.396
Y -7.882 -22.55 2.8
I -4.274 -23.562 3.502
I -4.263 -23.535 3.478
F -2.229 -21.609 6.05
G 0.892 -22.435 4.048
R 3.473 -19.693 4.402
N 0.772 -17.025 4.531
A 0.995 -14.425 7.265
M -1.233 -15.025 10.274
G -1.585 -13.903 13.847
W -3.199 -14.5 17.21
Y -5.214 -11.631 18.711
R -6.764 -11.162 22.137
Q -9.357 -8.84 23.672
A -9.189 -8.622 27.463
P -12.015 -7.249 29.624
G -12.282 -3.506 29.255
K -9.6 -3.441 26.554
E -9.326 -3.192 22.805
R -8.291 -6.247 20.817
E -4.522 -6.47 20.43
L -2.043 -8.612 18.539
V -0.225 -11.163 20.711
A 1.889 -13.255 18.323
G 2.246 -13.637 14.576
I 4.202 -15.149 11.731
T 5.349 -13.114 8.758
R 4.857 -14.193 5.191
R 8.361 -12.927 4.326
G 10.893 -15.259 5.921
S 8.315 -16.84 8.28
I 9.559 -14.857 11.266
T 7.677 -15.212 14.534
Y 7.062 -12.144 16.69
Y 5.469 -11.568 20.073
A 4.025 -8.727 22.108
D 6.356 -7.822 24.955
S 3.708 -8.921 27.466
V 3.879 -12.555 26.229
K 7.541 -12.954 25.212
G 9.209 -16.014 26.727
R 5.831 -17.471 27.716
F 3.883 -17.926 24.45
T 5.01 -19.824 21.36
I 3.33 -19.849 17.958
S 3.754 -22.903 15.754
R 2.393 -24.014 12.395
D 1.777 -27.639 11.383
N 1.463 -27.815 7.603
A 0.512 -31.515 7.577
K -2.436 -30.669 9.867
N -3.159 -27.264 8.249
T -3.377 -26.005 11.831
V -1.688 -23.189 13.733
Y -1.121 -23.394 17.487
L -0.556 -20.914 20.281
Q 1.217 -22.541 23.241
M 0.514 -20.485 26.369
N 2.759 -21.247 29.368
S 2.969 -19.549 32.788
L -0.457 -18.01 32.358
K -1.337 -14.945 34.414
P -4.782 -13.57 35.313
E -3.956 -10.693 32.945
D -4.019 -13.202 30.077
T -7.783 -13.689 30.481
A -9.479 -12.696 27.248
V -11.144 -13.777 24.062
Y -8.394 -15.095 21.785
Y -8.694 -14.943 18.013
C -6.709 -16.218 15.054
C -6.765 -16.255 15.033
A -6.446 -14.358 11.763
A -4.804 -15.41 8.506
D -3.888 -13.535 5.332
P -5.731 -14.746 2.215
A -3.414 -16.003 -0.499
A -3.499 -15.903 -0.602
S -4.753 -13.56 -3.14
S -5.352 -13.208 -2.63
P -5.877 -9.894 -3.148
P -5.913 -9.444 -2.024
A -8.548 -8.945 -0.656
A -9.394 -9.486 -0.454
Y -9.713 -6.304 1.763
Y -9.042 -6.233 1.587
G -9.62 -8.11 5.078
G -9.393 -8.142 4.883
D -8.269 -11.281 6.65
Y -9.914 -14.558 7.562
W -10.885 -14.646 11.239
G -11.763 -17.465 13.599
Q -14.771 -17.193 15.882
G -12.761 -16.56 19.05
T -12.369 -18.6 22.204
Q -12.424 -17.687 25.874
V -9.332 -18.25 27.976
T -9.797 -17.611 31.686
V -6.888 -17.69 34.133
S -7.772 -17.832 37.831
