tag x y z
V 199.524 210.294 270.807
Q 199.023 209.963 274.647
L 195.918 208.538 276.256
V 195.54 207.23 279.761
E 192.715 205.6 281.666
S 191.881 204.894 285.302
G 189.013 204.429 287.747
G 188.5 200.754 286.942
G 188.312 197.904 289.443
L 186.029 195.141 290.72
V 182.573 195.919 292.017
Q 179.461 193.925 292.716
A 176.525 194.588 290.431
G 174.717 197.656 291.68
G 176.562 200.469 293.521
S 178.498 202.827 291.245
L 181.849 203.274 289.468
R 183.51 206.359 287.968
L 185.991 206.096 285.147
S 188.412 208.787 284.262
C 190.858 209.483 281.526
A 193.018 212.133 280.055
A 194.532 213.079 276.769
S 197.128 215.356 275.261
G 195.684 218.409 273.406
I 196.181 216.634 270.121
I 193.181 214.408 270.918
F 191.501 216.555 273.563
G 190.966 219.369 271.012
R 189.001 217.069 268.653
N 185.349 217.871 268.004
A 184.16 215.233 270.435
M 185.431 212.545 272.82
G 184.037 209.603 274.623
W 184.386 206.142 275.941
Y 184.563 202.85 274.153
R 184.512 199.327 275.54
Q 185.601 195.711 274.721
A 185.098 192.342 276.383
P 185.709 188.66 275.638
G 182.964 187.63 273.225
K 182.299 191.172 271.927
E 183.995 193.811 269.772
R 184.654 197.459 270.493
E 181.716 199.851 270.686
L 181.151 203.497 271.582
V 179.26 203.703 274.852
A 178.853 207.413 275.261
G 180.256 210.682 274.029
I 180.456 214.385 274.727
T 181.322 217.237 272.389
R 184.013 219.831 272.925
R 181.667 222.708 272.315
G 178.287 223.036 273.972
S 178.888 219.931 276.157
I 176.439 218.025 273.979
T 175.997 214.46 275.022
Y 174.651 211.3 273.557
Y 174.498 207.664 274.637
A 174.046 204.282 273.069
D 170.445 203.35 273.785
S 171.482 200.201 275.596
V 173.333 202.24 278.253
K 171.324 205.46 278.222
G 169.647 205.048 281.584
R 172.73 204.07 283.636
F 175.727 205.878 282.07
T 176.637 209.609 282.287
I 179.348 211.223 280.145
S 181.132 214.485 281.037
R 184.339 216.447 280.311
D 186.536 219.151 281.803
N 188.201 221.518 279.355
A 190.403 223.137 281.983
K 191.831 219.786 283.042
N 191.973 218.079 279.601
T 190.049 215.121 281.005
V 186.955 213.028 280.204
Y 184.801 211.003 282.647
L 182.184 208.266 282.53
Q 179.946 207.588 285.495
M 178.135 204.311 285.858
N 175.183 204.079 288.229
S 174.112 200.54 289.184
L 176.555 198.458 287.147
K 175.452 195.156 285.642
P 177.541 191.949 284.949
E 177.159 192.722 281.211
D 179.205 195.898 281.71
T 182.391 193.98 282.448
A 184.745 195.363 279.839
V 187.94 197.233 279.242
Y 187.068 200.864 278.803
Y 189.061 203.178 276.521
C 189.507 206.901 275.936
A 189.321 208.138 272.342
A 187.857 210.674 269.918
D 184.241 210.02 268.929
P 185.131 209.562 265.232
A 187.909 207.007 264.966
S 189.763 205.085 262.28
P 189.836 201.219 262.037
A 193.494 201.523 261.021
P 196.115 200.038 263.435
G 197.877 203.381 263.533
D 194.982 205.263 265.112
Y 196.304 205.515 268.656
W 194.448 204.036 271.658
G 195.507 203.987 275.299
Q 195.841 200.759 277.271
G 192.317 200.936 278.666
T 191.082 200.249 282.187
Q 189.315 197.072 283.305
V 185.916 197.254 284.96
T 184.652 193.994 286.409
V 181.186 193.474 287.711
S 180.293 190.412 289.8
S 176.816 188.854 290.561
