tag x y z
V 149.368 168.214 106.564
Q 148.5 165.468 103.932
L 147.288 167.985 101.326
V 148.446 169.276 97.989
E 147.224 172.487 96.344
S 147.295 173.496 92.696
G 145.691 175.684 90.027
G 147.203 179.063 90.932
G 148.608 181.605 88.482
L 148.183 185.104 87.06
V 144.97 186.12 85.376
Q 143.44 189.362 84.211
A 140.407 190.466 86.181
G 137.236 188.933 84.837
G 136.909 185.465 83.327
S 137.679 182.776 85.913
L 140.262 180.54 87.649
R 139.913 176.949 88.916
L 141.623 175.913 92.157
S 141.867 172.4 93.366
C 143.467 170.208 96.047
A 143.74 166.564 96.943
A 143.583 165.014 100.353
S 144.389 161.815 102.093
G 141.393 160.025 103.605
Y 142.471 161.361 106.997
I 141.633 164.92 105.968
F 139.007 164.209 103.335
G 137.017 162.389 106.046
R 136.824 165.558 108.193
N 133.387 167.007 108.795
A 134.033 169.804 106.325
M 136.74 171.282 104.063
G 137.294 174.573 102.367
W 139.507 177.252 101.012
Y 141.264 179.926 102.915
R 143.228 182.86 101.644
Q 145.876 185.197 102.935
A 146.661 188.468 101.237
P 149.968 190.216 102.078
G 149.587 192.178 105.313
K 146.302 190.413 106.133
E 145.102 187.694 108.456
R 144.165 184.411 106.829
E 140.407 184.082 106.282
L 137.984 181.356 105.224
V 136.665 182.031 101.739
A 134.34 179.127 101.144
G 133.503 175.739 102.57
I 131.7 172.504 101.772
T 130.631 169.829 104.241
R 131.205 166.118 103.932
R 127.651 165.283 104.825
G 124.877 166.87 102.803
S 127.343 168.792 100.613
I 126.3 171.946 102.416
T 128.055 174.971 101.115
Y 128.602 178.4 102.422
Y 130.601 181.432 101.367
A 132.116 184.552 102.872
D 130.032 187.63 102.02
S 132.815 189.153 99.95
V 132.667 186.258 97.425
K 128.965 185.235 97.532
G 128.211 186.66 94.118
R 131.041 184.929 92.257
F 132.631 181.824 93.904
T 131.429 178.187 93.79
I 132.807 175.413 95.999
S 132.343 171.7 95.368
R 133.864 168.309 96.175
D 134.285 164.982 94.41
N 134.5 162.043 96.703
A 135.604 159.639 93.995
K 139.097 161.132 93.911
N 139.196 162.54 97.427
T 139.391 166.119 95.992
V 138.005 169.62 96.665
Y 137.497 172.394 94.097
L 136.925 176.134 94.109
Q 135.74 177.886 91.005
M 136.409 181.577 91.197
N 134.501 183.569 88.621
S 134.73 187.264 87.85
L 137.993 187.653 89.714
K 138.92 191.16 90.737
P 142.38 192.582 91.813
E 141.057 192.444 95.406
D 141.11 188.635 95.207
T 144.909 188.472 94.995
A 146.044 186.164 97.81
V 147.698 182.881 98.595
Y 144.986 180.241 98.653
Y 145.129 177.248 100.986
C 143.256 173.897 101.287
A 142.349 173.034 104.89
A 139.638 171.649 107.171
D 136.811 174.063 107.914
P 137.695 173.725 111.655
A 141.38 174.025 110.768
S 143.708 174.243 113.72
P 147.145 173.183 115.112
A 144.962 172.134 118.073
Y 143.661 169.254 115.955
G 147.053 168.45 114.445
D 146.496 170.44 111.237
Y 149.234 172.082 109.239
W 149.094 174.63 106.505
G 150.466 173.61 103.129
Q 152.364 175.731 100.664
G 149.175 177.213 99.299
T 149.054 178.583 95.816
Q 149.349 182.155 94.654
V 146.519 183.66 92.695
T 147.153 187.061 91.244
V 144.589 189.163 89.518
S 145.663 192.07 87.292
S 143.717 195.152 85.938
