tag x y z
S 55.93 38.974 60.58
S 58.354 39.032 63.502
S 58.11 35.258 63.961
Q 61.337 33.262 63.8
V 59.586 30.733 61.499
Q 58.051 31.636 58.126
L 55.935 29.211 56.086
V 55.136 29.668 52.391
E 52.673 27.184 50.91
S 51.883 26.478 47.273
G 50.692 23.755 44.93
G 46.98 24.522 45.148
G 44.417 24.801 42.413
S 41.357 23.115 40.993
V 40.957 19.568 39.713
Q 38.234 17.042 38.926
A 37.082 14.237 41.2
G 39.425 11.27 41.314
G 42.415 13.473 40.51
S 45.325 14.388 42.73
L 47.201 17.456 43.937
R 50.368 18.123 45.905
L 50.551 20.946 48.427
S 53.985 22.086 49.581
C 55.045 24.186 52.566
A 58.543 25.686 52.692
A 59.932 27.109 55.924
S 62.649 29.66 56.606
G 64.044 30.699 59.989
S 64.619 28.515 63.057
I 64.251 25.315 61.035
S 65.873 23.075 63.656
S 63.452 24.249 66.371
I 60.395 22.957 64.471
T 59.135 19.711 65.997
Y 55.756 19.187 64.334
L 54.137 20.032 60.99
G 50.338 19.998 60.778
W 48.033 20.437 57.79
F 44.676 22.088 58.613
R 41.632 22.641 56.422
Q 38.585 24.926 56.272
A 35.72 24.01 53.951
P 32.819 26.379 53.212
G 30.592 26.569 56.269
K 32.815 24.53 58.599
E 35.423 25.237 61.248
R 39.11 24.779 60.478
E 39.949 21.128 61.206
G 43.088 18.981 61.153
V 44.023 16.931 58.106
A 47.445 15.476 58.761
A 50.549 15.775 60.89
L 54.232 14.843 60.819
I 56.693 14.664 63.721
T 59.916 16.134 62.339
V 62.503 14.128 64.295
N 60.551 10.906 63.69
G 58.912 10.89 60.294
H 55.867 9.603 62.177
T 52.569 10.697 60.67
Y 48.933 11.003 61.695
Y 45.893 11.31 59.427
A 42.292 12.172 60.123
D 39.784 9.487 59.202
S 38.301 11.572 56.363
V 41.606 11.481 54.446
K 43.051 8.226 55.773
G 44.456 6.199 52.886
R 44.145 9.043 50.354
F 46.45 11.76 51.731
T 50.164 11.369 52.442
V 52.278 13.857 54.374
S 56.048 13.734 53.881
L 59.156 15.743 54.715
D 62.16 16.954 52.698
N 65.025 18.31 54.788
A 67.096 19.116 51.689
K 64.557 21.823 50.792
N 63.087 22.399 54.291
T 59.734 21.553 52.759
V 56.789 19.442 53.899
Y 54.396 17.963 51.329
L 50.771 16.812 51.339
Q 49.957 14.494 48.427
M 46.167 14.471 47.986
N 45.021 11.471 45.929
S 41.519 10.327 44.959
L 40.096 13.799 45.517
K 36.362 14.244 45.989
P 34.364 17.496 46.111
E 34.187 17.4 49.937
D 37.937 18.144 50.042
T 37.243 21.624 48.647
A 38.748 23.947 51.234
L 41.352 26.5 52.15
Y 44.351 24.414 53.211
Y 46.879 25.635 55.784
C 50.238 24.356 56.978
A 51.437 25.129 60.488
A 54.629 24.432 62.414
A 55.174 23.984 66.139
A 58.247 24.09 68.342
W 56.644 22.811 71.576
G 56.673 19.109 70.71
Y 53.681 17.314 69.193
A 50.019 16.629 69.955
W 47.321 14.672 68.119
P 44.575 15.552 67.317
L 45.557 18.89 65.83
H 44.126 21.921 67.592
Q 43.82 25.389 66.044
D 44.344 27.05 69.43
D 47.809 25.697 70.164
Y 50.675 28.041 69.398
W 51.499 27.665 65.713
Y 53.418 29.457 63.035
W 50.808 29.65 60.265
G 50.95 29.601 56.478
Q 48.89 31.846 54.224
G 46.423 29.228 52.988
T 46.163 27.847 49.463
Q 42.847 27.1 47.772
V 41.882 23.614 46.603
T 38.738 22.986 44.562
V 37.412 19.62 43.394
S 34.258 19.258 41.286
