tag x y z
Q 22.027 2.209 77.496
V 21.644 2.703 81.249
Q 18.838 0.994 83.156
L 17.801 0.639 86.814
V 14.992 -1.627 88.067
E 13.758 -1.65 91.67
S 12.125 -4.699 93.234
G 11.183 -6.191 96.573
G 8.791 -3.767 98.262
G 5.382 -4.567 99.635
L 3.107 -4.789 102.657
V 4.654 -5.072 106.111
Q 3.431 -4.731 109.683
A 5.593 -2.546 111.916
G 8.817 -4.08 113.186
G 9.102 -6.2 110.03
S 11.793 -6.076 107.383
L 12.368 -5.967 103.627
R 15.272 -6.182 101.186
L 14.936 -3.807 98.252
S 16.895 -4.6 95.097
C 18.226 -2.263 92.414
A 19.181 -4.227 89.295
A 21.536 -2.148 87.144
S 22.377 -2.725 83.49
G 24.554 -0.776 81.079
F 27.161 0.044 83.734
P 29.103 -1.772 86.471
V 27.649 -1.604 89.955
Y 31.117 -0.785 91.347
R 31.36 2.958 90.65
D 31.457 6.378 92.295
R 28.031 6.356 93.875
M 24.712 4.559 93.981
A 21.917 6.093 96.051
W 18.477 5.154 97.381
Y 15.749 7.837 97.592
R 12.219 8.016 99.041
Q 9.068 9.793 97.929
A 6.01 9.648 100.186
P 2.509 10.73 99.107
G 2.322 14.52 99.176
K 5.988 14.943 100.159
E 9.149 15.526 98.115
R 11.755 12.967 97.071
E 14.048 12.261 100.014
W 17.62 10.943 99.967
V 17.846 7.788 102.104
A 21.193 6.034 101.683
A 24.181 5.719 99.397
I 27.274 3.628 98.704
Y 30.564 4.996 97.343
S 33.872 3.76 95.942
A 35.976 6.505 97.567
G 35.783 7.724 101.143
Q 33.321 6.374 103.672
Q 31.697 3.464 101.864
T 28.089 3.869 103.072
R 26.074 6.856 104.275
Y 22.554 6.971 105.691
A 20.008 9.609 106.606
D 19.486 10.132 110.337
S 15.97 8.654 110.294
V 17.217 5.246 109.06
K 20.767 5.258 110.419
G 20.454 2.195 112.631
R 17.813 0.232 110.756
F 18.908 0.219 107.095
T 22.053 -1.212 105.52
I 23.053 -0.637 101.886
S 25.298 -3.063 100.036
R 26.491 -3.926 96.544
D 26.742 -7.277 94.76
N 29.081 -7.275 91.777
A 28.228 -10.805 90.598
K 24.548 -10.005 89.992
N 25.245 -6.286 89.364
T 22.72 -5.368 92.052
V 22.519 -2.937 94.964
Y 20.545 -4.026 98.017
L 18.856 -1.956 100.72
Q 18.103 -4.07 103.791
M 15.39 -2.349 105.865
N 14.841 -3.648 109.401
S 12.544 -2.459 112.198
L 10.162 -0.858 109.725
K 7.901 2.017 110.773
P 4.842 3.634 109.164
E 7.035 6.692 108.529
D 9.184 4.614 106.162
T 6.117 4.081 103.927
A 6.882 5.493 100.463
V 7.991 4.654 96.935
Y 11.697 3.785 96.891
Y 13.963 4.623 93.939
C 17.606 4.013 93.185
N 19.705 6.596 91.425
V 23.012 7.199 89.63
K 24.427 10.35 88.043
D 26.363 9.895 84.789
V 28.431 12.412 82.81
G 28.278 12.376 79.023
H 30.211 13.222 75.883
H 29.419 16.928 76.294
Y 30.3 17.157 80.014
E 26.584 17.21 80.832
Y 25.126 15.411 83.846
Y 21.969 13.284 83.791
D 20.199 11.608 86.726
Y 18.863 8.102 86.088
W 16.006 6.6 88.087
G 13.992 3.402 88.076
Q 10.246 2.98 88.196
G 10.281 2.578 91.996
T 8.833 0.066 94.443
Q 6.075 0.715 96.961
V 6.752 0.018 100.645
T 3.686 0.173 102.909
V 4.053 -0.249 106.675
S 1.3 -0.476 109.271
