tag x y z
Q -25.357 19.402 32.136
V -25.166 16.07 33.918
Q -21.87 15.429 35.611
L -20.976 12.299 37.528
V -18.198 12.291 40.136
E -16.814 9.097 41.709
T -15.115 9.181 45.08
G -14.034 6.706 47.703
G -11.437 4.779 45.732
G -7.982 3.779 46.846
F -6.043 0.819 48.178
V -7.628 -1.815 50.427
Q -6.432 -5.161 51.71
P -7.828 -8.467 50.423
G -10.96 -9.273 52.374
G -11.421 -5.58 53.193
S -14.346 -3.224 52.41
L -14.749 0.043 50.547
R -17.638 2.389 49.767
L -17.684 4.282 46.48
S -19.936 7.274 45.893
C -21.303 8.634 42.651
A -22.521 12.177 43.122
A -24.727 13.085 40.19
S -25.095 16.791 39.585
G -27.242 18.563 37.058
V -29.79 15.7 36.871
T -33.1 17.037 35.558
L -34.65 13.75 34.383
D -37.521 12.466 36.501
Y -36.618 8.762 35.979
Y -33.136 7.373 35.434
A -30.856 4.432 36.128
I -27.373 4.737 37.636
G -24.924 1.92 37.035
W -21.444 1.061 38.253
F -18.994 -0.374 35.703
R -15.378 -1.365 36.026
Q -12.335 -2.095 33.87
A -9.886 -4.498 35.511
P -6.339 -4.943 34.269
G -6.337 -7.086 31.13
K -10.158 -7.072 30.699
E -12.802 -5.119 28.874
R -15.045 -2.748 30.824
E -17.952 -4.652 32.325
G -21.161 -3.804 34.153
V -21.117 -4.238 37.916
S -24.443 -3.042 39.298
C -27.508 -1.012 38.36
I -30.235 0.849 40.331
G -33.473 2.527 39.241
S -34.272 5.945 40.692
S -37.997 5.494 41.438
D -38.006 2.298 43.529
G -34.344 1.387 44.028
R -34.602 -1.973 42.236
T -31.107 -3.398 41.713
Y -29.232 -5.8 39.457
Y -25.712 -7.197 39.994
S -23.217 -9.083 37.837
D -22.537 -12.67 38.869
S -18.962 -11.696 39.829
V -20.086 -9.338 42.635
K -23.519 -10.542 43.757
G -23.786 -10.93 47.538
R -20.603 -8.91 48.109
F -21.53 -5.536 46.573
T -24.597 -3.427 47.381
I -25.732 -0.458 45.303
S -28.062 2.016 46.968
R -29.548 5.496 46.75
D -29.04 8.318 49.178
N -32.515 9.097 50.543
A -31.988 12.906 50.528
K -29.598 13.6 47.567
N -28.923 12.444 43.951
T -26.025 10.236 45.081
V -25.596 6.481 44.702
Y -23.278 4.313 46.854
L -21.48 1.065 46.027
Q -20.664 -0.818 49.227
M -18.014 -3.39 48.326
N -17.325 -6.172 50.8
S -15.062 -9.223 50.843
L -12.817 -7.605 48.24
K -10.517 -9.809 46.153
P -7.485 -9.0 43.972
E -9.579 -9.506 40.788
D -11.774 -6.585 42.05
T -8.866 -4.229 41.302
A -10.037 -1.893 38.513
V -11.059 1.577 37.505
Y -14.706 1.925 38.6
Y -17.02 4.195 36.574
C -20.491 5.379 37.382
A -22.931 6.116 34.59
L -26.468 7.451 34.205
T -29.1 6.718 31.602
V -32.728 7.713 31.081
G -35.345 5.257 32.325
T -38.099 3.866 30.162
Y -41.834 4.103 30.646
Y -43.963 1.276 29.277
S -47.384 -0.058 30.223
G -47.665 1.807 33.504
N -44.223 0.885 34.85
Y -40.648 2.07 34.554
H -37.822 -0.135 33.299
Y -34.165 0.555 34.063
T -31.44 -0.791 31.828
C -27.684 -0.412 32.411
S -26.008 -1.788 29.268
D -22.699 -0.872 27.63
D -24.379 2.239 26.161
M -25.038 4.814 28.877
D -26.029 8.471 28.357
Y -23.458 9.876 30.816
W -20.172 8.615 32.266
G -17.986 9.621 35.134
K -14.204 9.829 34.78
G -13.708 6.806 37.023
T -11.738 6.092 40.186
Q -9.023 3.514 40.84
V -9.627 0.718 43.369
T -6.671 -1.559 44.19
V -7.059 -4.685 46.305
S -3.547 -5.622 47.371
S -1.394 -6.868 50.252
