tag x y z
V -19.459 13.383 -1.514
Q -17.018 16.113 -0.507
L -16.8 19.872 -0.061
V -13.508 21.68 -0.708
E -12.936 25.216 0.558
S -10.6 27.558 -1.26
G -9.458 31.084 -0.617
G -8.849 32.524 2.774
G -5.586 32.977 4.598
L -4.255 36.198 6.053
V -5.392 39.689 5.058
Q -5.14 43.133 6.609
P -7.916 45.072 8.377
G -10.407 46.457 5.874
G -9.321 44.046 3.122
S -11.42 41.634 1.075
L -11.421 37.864 0.598
R -13.392 35.336 -1.408
L -14.081 31.862 -0.104
S -15.2 29.11 -2.425
C -16.91 25.87 -1.525
A -16.86 23.342 -4.368
A -18.598 20.006 -4.109
S -17.664 16.711 -5.715
G -19.662 13.528 -5.7
F -23.083 15.195 -5.739
T -25.188 17.858 -7.434
L -25.92 20.839 -5.286
D -29.122 22.314 -6.748
Y -31.339 20.785 -4.071
Y -29.117 21.714 -1.119
A -29.044 24.807 1.034
I -25.542 25.991 1.868
G -24.66 27.736 5.083
W -21.43 29.316 6.26
F -20.36 28.897 9.872
R -17.319 30.304 11.627
Q -15.547 29.55 14.888
A -12.883 31.635 16.634
P -10.592 30.267 19.346
G -12.256 30.149 22.746
K -15.662 31.156 21.293
E -18.766 29.255 20.175
R -19.452 28.168 16.599
E -21.628 30.778 14.904
G -23.753 30.912 11.786
V -22.677 33.456 9.169
S -24.837 33.198 6.08
C -26.96 30.638 4.292
I -28.409 30.336 0.828
S -31.449 28.146 0.281
S -31.931 25.867 -2.707
S -34.253 28.482 -4.203
G -31.266 30.843 -4.206
G -32.561 33.026 -1.395
S -29.947 34.455 0.962
T -30.274 34.912 4.746
H -27.623 36.382 7.022
F -27.319 35.205 10.59
A -24.632 37.328 12.256
D -25.42 41.029 12.419
S -21.667 41.812 12.227
V -21.374 40.357 8.708
K -24.516 42.071 7.364
G -23.723 44.304 4.423
R -20.058 43.286 4.344
F -20.669 39.706 3.116
T -22.367 38.316 0.048
I -23.151 34.677 -0.673
S -23.859 33.16 -4.053
R -24.112 29.862 -5.861
D -23.313 28.608 -9.354
N -25.37 25.488 -9.998
A -23.396 24.792 -13.201
K -20.027 25.02 -11.416
N -21.551 23.463 -8.246
T -19.908 26.04 -6.032
V -20.896 28.613 -3.465
Y -18.966 31.775 -2.753
L -18.733 33.874 0.341
Q -17.45 37.308 -0.592
M -16.191 39.068 2.51
N -15.227 42.733 2.291
S -14.408 45.373 4.925
L -12.887 42.674 7.142
I -12.471 43.283 10.888
P -10.114 41.538 13.324
E -13.234 40.151 15.039
D -13.712 38.018 11.905
T -10.556 35.923 12.391
A -11.836 32.354 12.511
V -11.939 28.999 10.831
Y -14.68 29.208 8.206
Y -16.772 26.193 7.169
C -19.34 25.689 4.427
A -22.069 23.106 5.09
A -24.776 21.581 2.911
Q -28.228 20.242 3.749
S -31.143 19.071 1.616
G -34.174 20.732 3.153
S -37.364 22.385 1.981
Y -37.18 24.804 -0.996
Y -37.021 27.988 1.14
W -35.484 26.329 4.221
C -32.24 27.629 5.454
G -31.224 26.894 9.032
S -29.178 29.027 11.403
D -28.197 26.043 13.651
W -25.122 24.133 12.501
H -26.303 20.794 13.995
E -28.914 20.458 11.261
Y -26.428 20.237 8.33
E -25.219 16.865 7.022
Y -22.199 17.625 4.828
W -19.205 19.726 5.807
G -16.109 21.102 4.155
Q -12.507 20.855 5.271
G -12.475 24.362 6.82
T -10.321 27.336 5.702
Q -8.457 29.565 8.14
V -9.133 33.284 7.812
T -6.856 35.639 9.782
V -7.864 39.306 10.229
