tag x y z
G -48.408 41.633 38.941
P -48.48 44.539 36.483
L -49.526 43.944 32.874
G -47.906 45.536 29.833
S -49.414 46.587 26.532
Q -50.623 43.693 24.389
V -48.746 45.249 21.454
Q -45.391 47.019 21.391
L -44.57 49.603 18.701
V -40.791 49.748 18.492
E -39.776 52.798 16.503
S -36.265 53.319 15.194
G -34.282 55.575 12.905
G -34.765 59.287 12.416
G -31.865 61.548 13.293
S -30.38 64.938 12.415
V -29.577 66.114 8.888
Q -29.115 69.344 6.96
P -31.79 70.858 4.715
G -32.235 68.727 1.621
G -31.07 65.637 3.513
S -32.828 62.302 3.9
L -33.791 60.153 6.892
R -35.652 56.874 7.34
L -38.156 56.054 10.079
S -39.187 52.514 10.925
C -41.525 50.842 13.416
A -41.807 47.167 14.312
A -45.205 46.103 15.665
I -44.603 43.278 18.142
G -47.497 40.941 18.921
S -50.281 42.59 16.881
V -52.781 41.098 14.408
F -51.081 43.522 11.939
T -53.667 42.61 9.287
M -56.482 44.455 11.213
Y -54.641 47.821 11.514
T -53.917 50.855 9.421
T -50.292 51.884 9.974
A -49.544 55.606 9.979
W -46.833 58.078 10.916
Y -47.644 61.279 12.793
R -45.465 64.143 13.959
Q -45.746 66.587 16.835
T -43.892 69.63 18.068
P -44.202 70.761 21.703
G -47.412 72.665 22.387
N -48.831 71.705 18.976
L -51.218 69.095 17.623
R -50.132 65.609 16.626
E -50.531 65.691 12.846
L -50.797 62.992 10.206
V -47.831 62.594 7.854
A -48.731 59.405 5.972
S -50.745 56.221 6.414
I -50.991 52.891 4.624
T -53.524 50.044 4.774
D -53.027 46.267 4.895
E -53.471 46.177 1.114
H -50.725 48.847 0.835
R -52.983 51.732 -0.169
T -51.196 54.943 0.821
N -52.377 58.373 1.949
Y -50.045 61.38 2.238
A -50.439 64.736 3.915
A -49.792 67.632 1.566
S -46.39 68.244 3.169
A -45.265 64.664 2.479
E -46.343 64.443 -1.165
G -43.372 64.17 -3.503
R -40.676 63.726 -0.832
F -41.827 61.066 1.677
T -42.777 57.474 0.919
I -44.484 55.152 3.428
S -44.205 51.374 3.19
R -45.473 48.364 5.086
D -44.208 44.792 5.561
N -47.032 42.403 6.444
A -44.675 39.468 7.062
K -42.341 41.343 9.415
H -45.117 43.615 10.79
T -43.178 46.848 10.228
V -44.045 50.252 8.814
D -41.435 52.537 7.289
L -41.263 56.215 6.335
Q -38.511 57.324 3.96
M -38.086 61.107 4.064
T -36.192 63.065 1.404
N -35.528 66.745 0.709
L -36.006 67.493 4.387
K -36.553 71.041 5.601
P -36.136 72.723 9.017
E -39.948 72.761 9.262
D -39.921 68.942 9.353
T -38.255 68.981 12.795
A -40.483 67.131 15.244
V -41.017 63.958 17.221
Y -42.447 61.378 14.8
Y -44.826 58.696 16.153
C -46.128 55.491 14.592
K -49.8 54.592 15.05
L -51.425 51.185 14.685
E -55.053 52.172 14.187
H -57.56 49.349 14.515
D -59.646 49.337 11.335
L -62.84 48.635 13.331
G -62.252 51.379 15.927
Y -61.672 48.899 18.772
Y -58.481 50.565 20.101
D -55.148 51.984 18.936
Y -51.466 51.609 19.755
W -48.932 54.46 19.651
G -45.152 54.337 19.544
Q -42.874 56.185 21.925
G -41.748 58.836 19.426
T -38.533 59.283 17.428
Q -36.741 62.608 17.001
V -36.114 64.116 13.563
T -33.971 67.261 13.481
V -33.269 69.344 10.37
S -30.894 72.292 10.678
S -27.821 73.805 9.077
