tag x y z
Q 49.012 -6.597 58.267
V 51.913 -5.116 56.28
Q 55.292 -3.696 57.327
L 56.48 -0.311 56.05
Q 60.134 0.786 55.966
E 61.307 4.226 54.903
S 64.651 4.766 53.205
G 66.52 7.819 52.022
G 66.814 11.197 53.617
G 69.701 12.694 55.509
L 71.367 16.114 55.387
V 71.23 18.374 52.322
Q 71.648 22.077 51.501
P 68.681 24.342 50.709
G 67.637 23.911 47.103
G 68.842 20.308 47.09
S 66.914 17.16 46.276
L 66.076 13.876 47.974
R 64.173 10.69 47.18
L 62.409 8.839 49.978
S 61.396 5.235 49.382
C 58.944 3.059 51.296
A 59.154 -0.733 51.195
V 55.878 -2.599 51.813
S 56.213 -6.117 53.23
G 53.609 -8.754 54.011
F 50.036 -9.622 53.093
T 49.119 -6.559 51.025
L 45.579 -5.464 50.195
D 44.165 -5.509 46.674
Y 43.458 -1.764 46.917
Y 45.156 0.574 49.395
A 46.734 4.012 49.748
I 50.27 5.017 50.729
G 50.689 8.371 52.456
W 53.791 10.349 53.356
F 53.631 12.374 56.583
R 56.258 14.449 58.364
Q 56.815 15.699 61.916
A 59.266 18.408 62.941
P 60.86 18.223 66.423
G 58.254 19.528 68.786
K 55.513 19.687 66.18
E 52.596 17.433 65.251
R 52.494 15.176 62.224
E 51.14 16.61 58.981
G 50.465 14.85 55.713
V 52.573 15.703 52.697
S 51.378 13.223 50.08
C 48.896 10.459 49.266
I 48.895 7.96 46.397
S 46.848 4.95 45.339
S 48.317 1.453 45.162
S 47.716 1.566 41.392
G 49.869 4.702 41.115
G 47.199 7.342 40.582
N 44.985 9.703 42.579
T 48.039 11.593 43.807
K 47.369 14.396 46.286
Y 49.727 16.734 48.116
A 49.605 19.238 50.94
D 49.483 22.862 49.811
S 53.066 23.471 51.02
V 54.909 20.859 48.914
K 52.92 21.075 45.673
G 54.93 21.455 42.487
R 58.077 20.401 44.376
F 57.205 16.931 45.674
T 56.099 14.057 43.429
A 54.708 10.777 44.762
S 55.037 7.654 42.634
R 55.33 3.892 42.952
D 57.548 1.187 41.529
N 55.899 -1.13 39.018
A 58.073 -4.201 39.646
K 58.038 -4.083 43.468
N 55.94 -2.786 46.357
T 57.992 0.353 46.944
F 56.506 3.848 47.005
Y 58.586 6.95 46.328
L 58.454 10.6 47.319
Q 60.753 12.775 45.2
M 61.45 16.051 47.024
N 62.957 18.864 44.939
S 63.824 22.444 45.92
L 64.118 21.548 49.592
K 63.922 24.406 52.085
P 64.686 24.511 55.83
E 60.95 24.2 56.561
D 61.076 20.661 55.108
T 63.277 19.481 58.005
A 61.43 16.722 59.876
V 61.095 12.997 60.438
Y 59.271 11.589 57.402
Y 56.877 8.679 57.874
C 55.331 6.181 55.497
A 51.83 4.922 56.222
A 49.392 2.502 54.598
I 45.595 2.634 54.743
A 42.859 0.58 53.12
A 40.913 2.054 50.231
T 37.233 2.813 50.789
Y 34.61 1.015 48.685
Y 31.233 2.746 48.515
S 28.54 2.456 45.832
G 30.814 0.473 43.538
S 33.711 2.955 43.511
Y 37.045 2.974 45.339
Y 38.307 6.008 47.247
F 42.001 6.626 47.942
Q 42.649 8.942 50.883
C 45.286 9.332 53.595
P 43.581 10.699 56.735
H 46.052 10.84 59.62
D 43.819 9.235 62.231
G 42.68 6.608 59.716
M 46.028 5.119 58.714
D 46.242 1.454 59.652
Y 50.009 0.845 59.561
W 52.968 3.182 60.068
G 56.679 3.136 59.366
K 59.243 4.202 61.947
G 60.38 7.309 60.085
T 63.592 8.698 58.622
Q 65.33 11.997 59.319
V 65.427 14.811 56.742
T 67.618 17.837 57.516
V 67.786 20.832 55.165
S 70.44 23.271 56.356
S 73.518 25.306 55.452
