tag x y z
Q 11.399 36.546 40.823
V 11.958 38.46 37.57
Q 9.858 41.281 36.092
L 9.653 42.112 32.391
Q 8.254 45.345 30.929
E 7.466 45.552 27.216
S 7.499 48.762 25.205
G 7.016 49.748 21.586
G 4.599 48.555 18.949
G 1.717 50.427 17.414
L 0.154 50.772 13.985
V 2.077 50.519 10.71
Q 1.341 49.884 7.057
P 2.406 46.714 5.214
G 6.146 46.859 4.651
G 6.704 49.05 7.711
S 9.112 48.431 10.56
L 8.922 48.247 14.344
R 11.176 47.52 17.286
L 9.847 46.047 20.514
S 11.839 46.499 23.72
C 11.713 44.306 26.828
A 13.34 45.481 30.064
V 14.237 42.667 32.477
S 14.357 43.552 36.185
G 14.98 41.491 39.293
F 17.003 38.477 40.378
T 18.05 37.219 36.975
L 19.765 33.864 36.631
D 23.4 33.486 35.627
Y 22.237 32.101 32.273
Y 18.753 32.38 30.796
A 16.86 32.864 27.538
I 14.456 35.61 26.46
G 11.677 34.807 24.016
W 9.196 36.773 21.95
F 5.753 35.225 21.405
R 2.661 36.692 19.776
Q -1.094 36.24 20.2
Q -1.091 36.218 20.177
A -3.325 37.113 17.243
P -7.113 37.586 17.242
G -8.811 34.283 16.522
K -5.544 32.377 16.882
E -3.393 30.909 19.66
R 0.0 32.031 20.945
E 2.966 31.239 18.698
G 6.654 31.793 19.364
V 8.552 34.094 17.028
S 12.026 34.432 18.531
C 14.468 33.324 21.233
I 17.871 34.671 22.304
S 20.406 33.9 25.023
S 21.227 36.228 27.901
S 24.755 36.408 26.48
G 23.273 38.117 23.408
G 23.647 35.355 20.819
N 22.307 31.896 19.913
T 19.304 33.479 18.2
K 16.416 31.392 16.876
Y 13.32 32.367 14.91
A 10.074 30.811 13.76
D 10.019 29.934 10.057
S 7.351 32.592 9.395
V 9.546 35.544 10.461
K 13.023 34.479 9.302
G 14.792 37.197 7.348
R 12.262 39.788 8.55
F 12.669 39.669 12.362
T 15.943 40.13 14.26
A 16.392 39.461 17.982
S 19.136 41.209 19.936
R 20.1 42.546 23.353
D 21.59 45.827 24.514
N 25.264 45.984 25.481
A 24.85 48.62 28.221
K 21.578 47.523 29.862
N 19.42 44.431 30.341
T 16.993 45.213 27.518
F 16.139 42.787 24.715
Y 14.951 43.935 21.295
L 12.867 42.43 18.511
Q 13.369 44.399 15.287
M 10.522 43.598 12.865
N 10.932 44.579 9.204
S 8.782 43.776 6.164
L 5.639 43.629 8.291
K 2.538 42.04 6.764
P -1.097 42.024 7.957
E -0.767 38.493 9.365
D 1.876 39.835 11.78
T -0.891 41.729 13.623
A -0.977 40.514 17.228
V -0.211 41.414 20.813
Y 3.437 40.539 21.411
Y 4.739 39.096 24.676
C 8.203 39.002 26.207
A 9.097 35.956 28.3
A 12.031 34.653 30.346
I 13.196 31.111 31.082
A 16.153 29.398 32.711
A 18.882 28.021 30.501
T 19.356 24.248 30.644
Y 22.708 22.815 31.748
Y 23.495 19.223 30.778
S 26.818 17.456 30.157
G 28.805 20.663 30.53
S 26.728 22.467 27.892
Y 24.254 25.335 28.21
Y 21.133 25.258 26.031
F 19.156 28.45 25.389
Q 15.614 27.545 24.325
C 12.185 29.2 24.567
P 9.54 26.472 24.943
H 6.126 28.018 25.5
D 4.97 25.861 28.419
G 8.341 26.137 30.154
M 8.786 29.909 30.247
D 9.109 31.048 33.858
Y 8.171 34.736 33.661
W 5.942 36.666 31.271
G 5.448 40.3 30.355
K 2.11 42.01 29.842
G 2.29 42.322 26.035
T 2.049 45.206 23.592
Q -0.115 45.792 20.539
V 1.201 45.536 16.973
T -1.226 46.247 14.116
V -0.346 46.166 10.404
S -3.13 47.134 7.987
S -3.659 49.326 4.933
H -5.919 52.365 5.2
