tag x y z
Q 104.812 125.177 49.157
V 102.251 122.418 48.631
Q 100.932 122.738 45.082
L 98.861 120.342 42.987
Q 98.518 121.013 39.256
E 95.767 119.218 37.345
S 96.378 118.471 33.654
G 93.898 117.241 31.066
G 90.237 118.043 30.647
G 88.36 119.799 27.9
L 85.339 118.916 25.821
V 84.951 115.193 25.102
Q 82.216 113.108 23.518
P 80.199 110.835 25.848
G 81.821 107.44 26.206
G 85.25 108.949 25.563
S 88.418 108.246 27.527
L 90.274 111.035 29.346
R 93.286 110.924 31.673
L 93.56 113.522 34.454
S 97.137 113.918 35.722
C 97.786 115.751 38.999
A 101.401 116.82 39.468
A 102.196 116.947 43.186
S 104.926 119.381 44.244
G 106.263 120.632 47.555
F 105.83 117.597 49.825
T 106.763 113.933 50.251
F 104.232 112.097 48.097
S 104.256 108.589 49.63
N 103.251 109.679 53.143
Y 99.867 111.2 52.249
K 96.553 109.644 51.321
M 95.253 111.531 48.285
N 91.838 111.88 46.617
W 89.806 113.282 43.692
V 86.849 115.672 44.249
R 84.629 117.167 41.506
Q 82.441 120.286 41.487
A 79.463 120.248 39.136
P 78.164 123.571 37.754
G 75.643 124.984 40.207
K 76.185 122.076 42.615
G 78.294 121.392 45.667
L 81.624 119.604 45.764
E 81.471 115.807 45.851
W 84.128 113.19 46.622
V 84.891 111.043 43.56
S 87.651 108.651 44.627
D 90.601 108.172 46.977
I 93.882 106.264 47.239
S 96.01 105.355 50.255
Q 99.754 105.623 50.878
S 100.767 102.281 49.356
G 97.868 102.344 46.894
A 96.468 99.018 48.124
S 93.3 100.512 49.647
I 91.049 102.19 47.06
S 87.394 103.231 47.241
Y 85.002 105.073 44.944
T 81.691 106.908 44.882
G 78.583 104.999 43.793
S 77.979 107.15 40.721
V 81.512 106.651 39.325
K 82.34 103.043 40.254
G 83.583 100.611 37.612
R 84.407 103.313 35.043
F 86.955 105.424 36.974
T 90.472 104.269 37.838
I 92.749 106.017 40.347
S 96.494 105.304 40.28
R 99.39 107.021 42.039
D 102.995 107.006 40.813
N 105.385 107.68 43.697
A 108.485 107.915 41.482
K 106.948 110.298 38.943
N 105.065 111.954 41.864
T 101.77 112.086 39.98
L 98.125 111.089 40.497
Y 96.242 109.618 37.525
L 92.477 109.418 37.013
Q 91.463 107.275 34.024
M 87.925 108.183 32.908
N 86.1 105.951 30.436
S 82.426 105.501 29.453
L 81.651 109.086 30.448
K 78.024 110.304 30.715
P 76.884 113.865 29.873
E 75.504 114.504 33.371
D 78.792 114.305 35.308
T 80.66 117.203 33.742
A 82.59 119.072 36.385
V 85.545 121.086 37.619
Y 87.609 118.105 38.743
Y 90.012 118.802 41.609
C 92.964 116.968 43.115
A 93.12 117.131 46.889
R 95.39 115.868 49.648
C 94.338 114.585 53.048
P 95.921 116.834 55.697
A 97.943 114.476 57.86
P 100.468 111.783 56.898
F 100.085 108.107 57.86
T 96.369 108.657 58.563
R 93.067 107.455 57.125
D 90.771 110.344 58.16
C 89.936 112.95 55.5
F 87.494 115.307 57.222
D 87.167 118.382 55.047
V 88.43 117.462 51.604
T 84.907 118.389 50.441
S 84.699 121.955 51.742
T 84.241 125.392 50.179
T 87.708 126.674 51.107
Y 90.367 123.982 51.461
A 94.1 124.471 51.706
Y 95.512 121.504 49.791
R 93.673 121.484 46.469
G 94.528 122.537 42.935
Q 92.981 125.325 40.907
G 90.846 122.825 38.997
T 90.457 121.247 35.562
Q 87.194 121.606 33.649
V 86.04 118.313 32.118
T 83.079 118.892 29.803
V 81.081 115.992 28.363
S 78.563 116.862 25.651
