tag x y z
Q 102.18 111.665 62.451
V 102.182 115.38 63.304
Q 101.821 117.904 60.474
L 102.018 121.676 60.99
Q 101.787 123.856 57.867
E 101.129 127.606 57.875
S 99.614 129.795 55.172
G 98.504 133.396 54.753
G 101.64 135.537 54.412
G 102.614 137.958 51.685
L 103.707 141.541 51.012
V 102.391 144.786 52.499
Q 103.451 148.431 52.691
P 103.945 150.087 56.1
G 100.7 150.799 57.919
G 98.913 147.762 56.474
S 97.628 144.525 57.972
L 98.059 140.793 57.409
R 96.354 137.6 58.598
L 98.088 134.265 59.219
S 96.822 130.8 60.127
C 97.949 127.305 61.128
A 96.745 123.705 60.905
A 97.087 120.605 63.081
S 96.649 116.946 62.17
G 97.602 113.745 63.983
F 96.737 114.452 67.645
T 94.071 115.923 69.932
F 94.489 119.651 69.35
S 92.682 120.585 72.595
N 95.375 119.208 74.927
Y 98.49 121.334 74.28
K 99.543 124.955 74.3
M 100.661 126.635 71.092
N 103.119 129.384 70.209
W 104.51 131.525 67.423
V 108.2 132.08 66.67
R 110.019 134.439 64.284
Q 113.503 134.484 62.738
A 115.068 137.74 61.563
P 117.063 137.468 58.316
G 120.439 136.065 59.279
K 119.572 135.932 62.994
G 118.451 133.48 65.68
L 114.864 132.658 66.541
E 112.844 134.895 68.868
W 109.567 134.473 70.729
V 106.374 136.228 69.635
S 103.275 135.02 71.465
D 101.339 132.056 72.813
I 97.922 130.902 74.021
S 96.8 128.513 76.739
Q 94.937 125.224 76.355
S 91.352 126.465 76.705
G 91.861 130.057 75.548
A 92.044 132.125 78.741
S 95.773 132.803 79.369
I 97.346 134.887 76.607
S 100.773 136.536 76.557
Y 102.837 138.659 74.181
T 106.247 140.276 73.726
G 107.433 143.678 74.914
S 107.847 144.907 71.339
V 104.431 143.914 69.981
K 101.819 144.424 72.702
G 98.791 146.22 71.292
R 99.376 145.457 67.606
F 98.976 141.663 67.343
T 96.292 139.241 68.514
I 96.143 135.457 68.961
S 93.09 133.187 69.0
R 92.172 129.577 68.253
D 89.242 127.247 67.551
N 89.122 123.816 69.181
A 86.179 122.332 67.27
K 87.86 122.868 63.875
N 91.551 122.406 64.825
T 92.914 125.76 63.631
L 94.857 128.649 65.15
Y 95.291 132.201 63.869
L 97.139 135.46 64.391
Q 96.181 139.036 63.519
M 98.583 141.85 62.634
N 97.265 145.408 62.501
S 100.044 147.933 61.803
L 103.426 146.769 60.518
K 106.735 148.602 60.752
P 109.62 147.939 58.343
E 111.094 145.828 61.166
D 108.308 143.197 61.162
T 110.02 141.203 58.398
A 110.95 137.579 59.159
V 109.573 134.038 58.843
Y 106.938 132.834 61.315
Y 106.432 129.242 62.499
C 103.662 127.511 64.48
A 105.412 125.566 67.246
R 103.519 123.177 69.538
C 104.615 122.444 73.113
P 106.357 119.123 73.904
A 103.896 117.454 76.293
P 100.177 117.362 77.119
F 98.517 118.578 80.321
T 101.339 120.918 81.313
R 102.197 124.574 81.829
D 105.764 124.731 80.502
C 107.535 124.574 77.14
F 111.131 124.416 75.825
D 110.81 125.28 72.09
V 113.061 128.083 70.792
T 116.153 126.053 70.043
S 117.99 126.798 66.799
T 118.979 123.158 66.358
T 116.56 120.721 64.775
Y 113.328 120.588 66.775
A 110.409 118.436 65.677
Y 106.817 119.599 66.245
R 107.251 122.812 64.239
G 106.062 123.897 60.803
Q 107.895 125.401 57.829
G 106.694 128.997 58.039
T 105.631 131.776 55.688
Q 107.566 134.823 54.506
V 106.429 138.399 55.153
T 108.046 141.456 53.565
V 107.496 145.156 54.279
S 109.032 148.149 52.471
S 107.975 151.235 50.531
