tag x y z
V -25.758 27.889 -15.713
Q -27.636 27.502 -12.399
L -29.498 24.148 -12.185
Q -32.679 23.267 -10.242
E -34.289 19.818 -10.167
S -37.919 19.039 -9.379
G -40.402 16.191 -9.681
G -38.955 13.805 -7.124
G -41.029 12.025 -4.548
L -41.888 8.744 -2.847
V -43.703 6.088 -4.871
Q -44.622 2.432 -4.742
A -42.644 -0.017 -6.86
G -43.927 -0.222 -10.415
G -44.943 3.443 -10.426
S -43.54 6.38 -12.361
L -42.03 9.793 -11.752
R -41.002 12.615 -14.088
L -37.967 14.633 -13.06
S -37.204 18.007 -14.554
C -34.097 20.172 -14.526
A -34.381 23.872 -15.254
A -31.517 26.099 -16.347
S -31.176 29.624 -15.022
G -28.906 32.312 -16.512
Q -28.493 30.444 -19.803
T -30.291 27.93 -21.961
F -29.073 24.356 -22.214
S -27.936 24.883 -25.808
G -24.211 24.265 -25.947
Y -24.258 22.081 -22.831
V -24.338 18.388 -22.124
T -27.045 17.752 -19.496
G -26.72 14.575 -17.45
W -28.618 12.873 -14.658
F -26.704 11.195 -11.845
R -28.016 9.412 -8.776
Q -26.599 8.639 -5.358
A -28.063 5.775 -3.367
P -27.465 5.896 0.416
G -23.898 4.945 1.302
K -22.86 4.673 -2.37
E -21.06 6.99 -4.751
R -22.739 9.078 -7.436
E -23.454 7.043 -10.581
F -24.392 7.975 -14.129
V -28.031 7.618 -15.177
A -28.581 9.359 -18.524
L -27.486 12.314 -20.588
I -28.631 14.33 -23.552
A -26.162 16.16 -25.748
W -25.903 17.946 -29.071
S -29.432 19.339 -28.501
G -30.826 15.807 -28.692
G -28.353 14.395 -31.209
R -26.814 12.07 -28.595
L -28.731 10.225 -25.865
Y -26.973 7.994 -23.32
Y -28.559 5.606 -20.806
A -27.022 3.512 -18.061
D -27.572 -0.239 -18.438
S -29.781 -0.412 -15.35
V -32.303 2.176 -16.612
Q -32.383 1.566 -20.384
G -35.918 1.09 -21.672
R -37.441 2.286 -18.395
F -36.114 5.879 -18.335
T -36.366 8.504 -21.086
I -34.398 11.752 -21.175
S -35.58 14.67 -23.291
R -35.509 18.437 -23.727
D -38.195 20.978 -24.451
N -38.132 23.06 -27.628
A -36.707 26.13 -25.891
E -33.931 23.918 -24.422
T -34.591 25.411 -20.988
T -35.765 22.173 -19.339
V -34.39 18.63 -19.392
Y -36.791 15.85 -18.406
L -36.209 12.366 -17.029
Q -39.251 10.137 -17.353
M -38.895 7.158 -15.017
N -41.233 4.213 -15.531
S -41.427 0.754 -13.95
L -39.592 2.035 -10.897
K -37.832 -0.472 -8.635
P -36.578 -0.074 -5.015
E -33.006 -0.158 -6.486
D -33.775 3.174 -8.18
T -33.988 4.844 -4.763
A -31.464 7.688 -4.635
V -30.973 11.408 -4.723
Y -31.041 12.365 -8.405
Y -28.841 15.233 -9.562
C -28.934 17.269 -12.743
A -25.492 18.215 -14.068
A -24.215 20.294 -16.991
K -20.938 20.81 -18.833
R -19.522 22.252 -21.996
G -17.819 19.829 -24.343
G -17.934 16.086 -24.73
A -20.688 13.768 -23.544
V -19.015 11.722 -20.813
T -20.413 9.608 -18.008
A -17.937 10.506 -15.223
A -19.381 12.947 -12.678
E -15.882 14.4 -12.146
W -16.066 16.268 -15.471
Y -19.342 18.122 -14.905
D -18.943 21.713 -13.794
Y -22.518 22.58 -12.77
W -24.733 20.616 -10.394
G -28.213 21.037 -9.03
Q -28.914 20.405 -5.373
G -30.75 17.175 -6.198
T -34.262 15.796 -5.86
Q -35.04 12.74 -3.752
V -36.519 9.656 -5.407
T -37.81 6.878 -3.137
V -39.323 3.611 -4.376
S -40.924 1.392 -1.74
S -41.618 -2.295 -2.208
