tag x y z
Q 62.692 70.413 83.6
V 63.772 67.756 81.087
Q 65.393 64.517 82.251
L 67.169 61.959 80.059
Q 67.991 58.528 81.505
E 70.387 56.107 79.795
S 69.636 52.39 80.158
G 71.7 49.485 78.862
G 75.291 48.788 78.008
G 78.126 47.242 79.953
L 80.482 44.452 78.927
V 79.626 42.886 75.584
Q 81.508 40.48 73.376
P 82.569 41.577 69.889
G 79.611 41.199 67.577
G 77.282 41.694 70.527
S 74.013 43.584 70.27
L 73.151 46.318 72.779
R 69.844 48.198 72.835
L 70.293 51.623 74.422
S 67.195 53.413 75.709
C 66.515 56.97 76.845
A 63.251 58.166 78.368
A 62.486 61.879 78.54
S 59.669 63.336 80.618
G 58.839 67.023 80.866
F 58.227 68.033 77.257
T 56.182 67.058 74.234
F 58.427 64.305 72.895
R 56.471 63.917 69.676
R 58.069 66.805 67.73
Y 61.737 67.296 68.599
L 64.963 66.0 67.111
M 66.591 63.307 69.245
G 70.031 61.818 68.798
W 72.77 59.662 70.262
A 76.279 61.068 70.6
R 79.501 59.191 71.291
Q 82.556 60.382 73.251
V 85.496 58.02 72.801
P 88.034 58.873 75.539
G 90.748 60.992 73.985
K 88.374 62.904 71.685
G 85.347 65.18 71.65
L 81.691 64.367 71.168
E 80.804 62.751 67.849
W 77.195 62.679 66.658
V 76.451 59.054 65.794
S 72.801 59.206 64.777
G 69.522 61.037 65.198
I 65.894 60.967 64.127
Y 63.757 63.985 63.255
S 60.076 64.542 63.975
D 59.116 63.308 60.494
G 61.085 60.076 60.556
S 64.077 61.426 58.661
T 67.121 59.487 59.837
Y 70.81 60.384 59.9
Y 73.751 58.036 60.339
A 77.509 58.485 60.431
D 79.92 56.817 58.033
S 81.498 54.728 60.792
V 78.154 53.377 62.021
K 76.261 53.263 58.717
G 74.656 49.852 58.345
R 75.654 48.762 61.836
F 73.153 50.941 63.702
T 69.386 51.444 63.677
I 67.485 54.253 65.415
S 63.814 53.998 66.415
R 61.524 56.759 67.718
D 58.555 55.393 69.647
N 54.934 56.489 69.243
A 52.738 57.08 72.328
K 55.915 56.729 74.343
N 58.801 59.03 75.107
T 61.672 56.606 74.549
V 64.118 56.493 71.636
Y 65.892 53.228 70.906
L 69.398 52.828 69.495
Q 70.44 49.343 68.396
M 74.083 48.481 67.677
N 75.235 45.227 66.093
S 78.632 43.671 65.358
L 80.349 45.855 67.94
K 84.121 46.208 67.595
P 86.693 47.579 70.084
E 86.513 50.999 68.429
D 83.07 51.647 69.949
T 84.147 51.649 73.608
A 82.832 55.04 74.724
V 79.964 56.851 76.454
Y 76.675 57.506 74.655
Y 74.406 60.465 75.407
C 70.908 61.546 74.386
A 70.078 65.04 73.204
K 66.959 67.176 72.736
D 67.094 69.681 69.896
R 66.048 73.146 71.037
M 63.741 73.96 68.105
D 60.68 72.277 66.661
G 60.184 70.953 63.146
S 63.828 70.795 62.131
T 65.009 69.525 58.746
W 68.015 67.514 57.59
P 71.008 69.846 58.155
E 69.66 71.793 61.155
R 70.813 70.328 64.482
D 70.937 72.117 67.869
F 71.443 69.637 70.744
G 71.121 71.795 73.829
S 69.906 69.273 76.413
W 72.313 66.483 77.382
G 71.632 63.262 79.267
Q 73.878 61.447 81.743
G 75.345 58.968 79.289
T 76.212 55.39 80.222
Q 79.522 53.75 79.327
V 79.626 50.888 76.816
T 82.6 48.521 76.93
V 83.428 46.108 74.096
S 86.199 43.747 75.211
S 86.899 40.04 74.906
