tag x y z
V 80.487 69.377 94.075
Q 78.511 69.763 97.302
L 78.136 72.786 99.598
Q 76.765 72.338 103.12
E 75.714 75.048 105.57
S 75.71 74.67 109.337
G 75.647 76.667 112.539
G 72.391 78.541 112.006
G 71.013 79.575 115.366
L 68.955 81.993 117.406
V 70.999 84.328 119.612
Q 70.379 87.396 121.73
P 71.439 90.834 120.423
G 75.163 91.309 120.859
G 75.867 87.584 120.74
S 78.181 85.757 118.389
L 77.886 82.949 115.876
R 80.05 80.836 113.602
L 78.767 79.557 110.266
S 80.532 76.695 108.505
C 80.537 75.732 104.83
A 81.825 72.3 103.838
V 83.57 72.314 100.45
S 83.762 68.978 98.626
G 84.804 67.841 95.161
F 86.451 71.047 93.905
T 89.624 70.237 91.991
L 90.107 73.828 90.838
D 93.567 75.138 91.659
Y 92.299 78.641 92.472
Y 88.728 79.485 93.483
A 86.916 81.961 95.726
I 84.296 81.362 98.427
G 81.619 83.968 99.096
W 79.029 84.44 101.827
F 75.714 86.008 100.838
R 72.566 86.869 102.749
Q 68.9 87.183 101.798
A 66.58 89.108 104.066
P 62.784 88.895 104.013
G 61.39 91.364 101.514
K 64.753 92.162 99.901
E 67.083 90.79 97.245
R 70.217 88.763 97.895
E 73.297 90.701 99.017
G 77.0 89.973 99.275
V 78.559 89.854 102.738
S 82.038 88.349 102.378
C 84.483 86.928 99.854
I 87.736 85.09 100.5
S 90.418 83.388 98.433
S 91.106 79.678 98.586
S 94.419 80.576 100.218
G 92.544 82.904 102.567
G 94.996 85.769 102.165
N 92.419 88.243 100.849
T 89.201 89.078 102.707
K 86.638 91.605 101.449
Y 83.655 92.792 103.484
A 80.63 94.928 102.705
D 80.551 98.324 104.393
S 77.642 97.439 106.689
V 79.348 94.361 108.153
K 82.902 95.762 108.134
G 84.607 95.417 111.503
R 82.115 92.863 112.851
F 82.571 89.91 110.462
T 85.759 87.869 110.12
A 86.258 85.286 107.371
S 88.81 82.522 107.881
R 89.791 79.12 106.512
D 90.847 76.033 108.437
N 94.399 74.803 107.923
A 93.546 71.087 108.154
K 90.147 70.967 106.41
N 88.459 72.468 103.363
T 85.897 74.305 105.5
F 85.382 78.076 105.524
Y 84.039 80.062 108.468
L 82.186 83.354 108.841
Q 82.514 84.655 112.401
M 79.736 87.12 113.268
N 80.222 89.231 116.394
S 78.018 91.985 117.824
L 75.042 90.998 115.692
K 72.195 93.455 115.197
P 68.551 92.548 114.545
E 68.742 93.84 110.971
D 71.259 91.096 110.2
T 68.536 88.422 110.276
A 68.468 86.576 106.947
V 69.205 83.288 105.226
Y 72.945 82.933 104.619
Y 74.244 81.157 101.517
C 77.638 79.669 100.71
A 78.795 80.015 97.109
A 81.922 79.209 95.102
I 83.351 80.743 91.926
A 86.516 80.317 89.88
A 89.28 82.897 90.129
T 90.25 85.101 87.186
Y 93.74 84.907 85.671
Y 94.851 87.838 83.544
S 98.298 89.123 82.545
G 100.135 87.348 85.326
S 97.883 88.522 88.158
Y 95.079 86.676 89.954
Y 91.861 88.358 91.081
F 89.561 86.902 93.756
Q 86.102 88.491 93.628
C 82.502 87.401 94.257
P 80.204 88.823 91.581
H 76.617 87.842 92.288
D 75.742 86.753 88.752
G 78.955 84.76 88.325
M 78.699 82.264 91.175
D 78.684 78.687 89.903
Y 77.439 76.708 92.912
W 75.122 77.533 95.802
G 74.349 76.019 99.172
K 70.951 75.373 100.679
G 71.216 78.104 103.307
T 70.188 78.383 106.956
Q 68.037 80.968 108.715
V 69.525 83.201 111.409
T 67.142 85.226 113.583
V 68.299 87.596 116.331
S 65.49 88.585 118.695
S 64.974 89.19 122.397
