tag x y z
V 77.447 -34.069 7.682
Q 80.687 -35.807 8.65
L 82.175 -37.516 11.702
V 85.953 -37.501 12.147
E 87.653 -39.434 14.948
T 91.199 -39.01 16.248
G 93.467 -40.362 18.955
G 94.354 -43.731 17.448
A 97.962 -44.821 17.922
L 100.079 -47.369 19.793
V 99.346 -48.178 23.44
Q 101.222 -50.306 25.935
P 99.039 -52.357 28.324
G 99.963 -49.972 31.142
Q 99.084 -46.894 29.085
S 95.592 -45.386 28.881
L 93.919 -44.116 25.71
T 91.394 -41.405 24.807
L 89.58 -41.382 21.449
S 87.758 -38.255 20.258
C 84.99 -37.873 17.671
T 83.715 -34.561 16.307
T 80.932 -33.54 13.918
S 79.84 -30.392 12.093
E 76.068 -30.075 12.714
N 75.821 -31.574 16.247
V 73.811 -34.698 15.509
F 74.943 -36.146 18.851
G 72.085 -34.259 20.531
I 69.51 -35.819 18.186
Y 70.447 -39.523 18.23
G 73.388 -39.904 20.602
M 76.66 -41.585 19.706
A 78.253 -45.013 19.473
W 81.816 -46.291 19.297
L 82.201 -49.549 17.363
R 85.509 -51.397 16.985
Q 86.474 -53.897 14.272
A 89.58 -56.07 14.547
Q 84.036 -58.806 13.335
R 82.087 -55.631 14.11
E 81.832 -55.035 17.87
L 79.686 -52.365 19.537
V 82.03 -51.183 22.282
A 80.201 -48.094 23.599
S 76.796 -46.466 23.2
I 75.217 -43.371 24.734
T 72.001 -41.5 24.02
S 71.566 -37.748 23.63
R 70.304 -37.625 27.231
G 73.453 -39.254 28.653
T 72.436 -42.852 29.422
A 75.372 -45.095 28.54
H 75.625 -48.8 27.745
Y 78.756 -50.908 27.355
H 79.666 -54.303 25.962
D 80.479 -57.072 28.426
S 84.045 -57.391 27.118
V 84.757 -53.704 27.797
K 82.466 -53.234 30.811
G 84.395 -51.223 33.379
R 87.677 -50.633 31.562
F 85.928 -48.272 29.108
T 83.997 -45.063 29.695
I 82.036 -42.995 27.171
S 81.418 -39.28 27.664
R 79.383 -36.83 25.605
E 78.872 -33.842 27.953
S 75.584 -32.275 26.841
G 75.837 -29.327 24.437
K 79.361 -30.243 23.326
T 79.8 -31.369 19.715
T 82.65 -33.811 20.455
A 82.415 -37.17 22.226
Y 85.197 -39.025 24.034
L 85.915 -42.674 24.821
Q 88.495 -43.168 27.579
T 90.173 -46.498 28.342
T 92.406 -47.592 31.218
S 94.468 -50.783 31.534
V 94.287 -51.544 27.82
N 94.856 -55.163 26.754
P 95.419 -56.962 23.398
E 91.655 -57.215 22.753
D 91.563 -53.484 21.866
T 93.701 -53.759 18.706
A 91.103 -52.613 16.179
I 89.869 -49.82 13.943
Y 87.458 -47.649 15.924
Y 84.527 -46.034 14.114
C 82.216 -43.276 15.305
N 78.464 -43.448 14.705
S 75.596 -41.016 15.235
G 72.337 -42.071 13.617
P 73.056 -42.663 9.926
Y 76.498 -41.01 9.839
W 79.778 -42.882 10.306
G 83.408 -41.98 10.787
Q 86.295 -43.581 8.936
G 88.139 -45.119 11.864
T 91.277 -44.743 13.959
Q 93.701 -47.652 14.252
V 94.575 -48.706 17.813
T 97.288 -51.324 18.334
V 98.796 -52.913 21.454
S 102.417 -53.93 21.956
