tag x y z
S 69.512 -94.53 -13.92
Q 73.183 -93.907 -14.677
V 74.129 -93.573 -18.355
Q 77.634 -93.617 -19.849
L 78.585 -91.286 -22.707
V 81.482 -91.762 -25.142
E 82.461 -89.315 -27.894
T 84.092 -90.218 -31.219
G 84.809 -88.404 -34.47
G 87.087 -85.468 -33.666
G 89.924 -84.685 -36.021
L 91.462 -82.19 -38.425
V 89.427 -80.7 -41.285
Q 89.509 -77.609 -43.507
A 87.358 -74.494 -43.289
G 83.983 -74.839 -45.02
D 83.59 -78.625 -45.198
S 81.359 -80.799 -42.996
L 81.945 -83.199 -40.108
T 79.935 -85.491 -37.848
L 80.582 -86.249 -34.177
S 79.096 -89.337 -32.526
C 77.993 -89.672 -28.897
A 77.363 -93.289 -27.929
A 75.29 -93.957 -24.821
T 75.321 -97.081 -22.642
G 72.616 -96.8 -19.994
R 69.394 -98.426 -18.895
T 66.942 -96.257 -20.818
L 67.839 -92.77 -22.183
D 64.094 -92.104 -21.854
Y 63.216 -88.694 -20.376
Y 66.822 -87.573 -20.923
A 68.211 -84.594 -22.817
L 71.512 -84.903 -24.678
G 73.533 -81.762 -25.296
W 76.783 -80.694 -26.922
F 79.155 -78.031 -25.578
R 82.311 -76.329 -26.87
Q 85.401 -75.391 -24.889
V 88.432 -73.528 -26.226
P 91.386 -73.887 -23.803
G 91.071 -70.546 -22.045
N 87.508 -69.221 -22.122
K 84.45 -70.692 -20.42
R 82.763 -73.786 -21.825
E 79.922 -72.637 -24.091
F 76.762 -74.37 -25.302
V 76.374 -75.865 -28.783
A 73.05 -77.627 -29.049
A 70.75 -80.156 -27.407
I 67.773 -82.46 -27.951
N 65.364 -84.271 -25.62
W 65.513 -87.739 -27.254
L 62.018 -88.88 -26.27
G 60.205 -86.225 -28.305
G 62.86 -84.749 -30.601
S 62.805 -81.228 -29.161
T 65.907 -79.489 -30.508
Y 67.681 -76.249 -29.615
Y 70.782 -74.637 -31.157
A 72.949 -71.767 -29.927
D 73.139 -68.663 -32.11
S 76.824 -69.367 -32.802
V 75.842 -72.53 -34.715
R 72.184 -72.003 -35.697
G 71.626 -72.956 -39.331
R 75.093 -74.555 -39.567
F 75.07 -77.363 -36.977
T 72.301 -79.98 -37.003
L 71.369 -82.618 -34.434
S 70.285 -86.128 -35.384
R 69.579 -89.306 -33.44
D 69.704 -93.031 -34.161
N 67.744 -95.432 -31.962
S 69.051 -98.511 -33.791
K 72.298 -98.142 -31.817
S 71.231 -95.536 -29.211
T 73.629 -92.945 -30.642
L 73.597 -89.173 -31.183
Y 75.148 -87.318 -34.132
L 76.18 -83.662 -34.344
N 76.57 -82.667 -38.01
M 78.755 -79.551 -38.142
N 78.414 -77.952 -41.583
N 80.319 -74.962 -42.99
L 82.98 -75.085 -40.285
I 84.869 -71.876 -39.503
P 88.169 -71.27 -37.666
D 86.251 -70.188 -34.54
D 84.782 -73.701 -34.153
T 88.168 -75.171 -33.121
A 87.516 -76.45 -29.584
V 86.945 -79.501 -27.398
Y 83.39 -80.782 -27.893
Y 81.706 -82.51 -24.954
C 78.458 -84.489 -24.899
A 76.338 -84.507 -21.743
A 73.009 -85.809 -20.446
D 70.365 -84.45 -18.065
F 67.338 -86.173 -16.545
S 63.959 -84.472 -16.169
I 60.454 -85.927 -16.191
A 59.232 -83.068 -18.411
Y 61.457 -83.829 -21.431
S 58.794 -85.893 -23.247
G 57.133 -84.106 -26.141
T 57.765 -80.55 -27.342
Y 59.506 -79.454 -24.131
P 62.849 -77.717 -24.805
P 66.024 -79.289 -23.402
A 68.305 -77.529 -20.953
Y 70.977 -75.143 -22.216
A 73.25 -74.805 -19.162
E 76.086 -77.174 -18.294
Y 75.027 -77.334 -14.637
D 71.604 -78.736 -15.54
Y 73.404 -81.641 -17.238
D 74.716 -84.164 -14.712
Y 76.455 -86.887 -16.762
W 79.374 -86.032 -19.039
G 81.829 -87.546 -21.481
Q 85.517 -87.023 -22.115
G 85.045 -85.015 -25.32
T 86.856 -84.864 -28.645
Q 88.976 -82.119 -30.179
V 87.931 -80.411 -33.417
T 90.503 -78.306 -35.285
V 89.761 -76.648 -38.63
