tag x y z
L 5.031 19.93 234.098
Q 5.419 18.057 230.806
L 8.25 18.308 228.272
V 8.051 16.81 224.773
E 11.275 16.461 222.778
S 11.656 16.278 219.011
G 14.149 16.126 216.193
G 16.952 13.709 217.074
G 18.501 10.964 215.011
L 21.493 10.189 212.795
V 23.646 12.794 211.031
Q 26.607 12.662 208.678
P 29.722 14.338 210.127
G 29.468 18.036 209.353
G 25.691 17.924 208.958
S 23.082 19.716 211.025
L 20.34 18.815 213.493
R 17.653 20.912 215.189
L 16.322 19.697 218.534
S 12.964 20.842 219.89
C 11.333 20.843 223.317
A 7.922 22.173 224.373
A 6.981 22.99 227.972
S 3.564 22.939 229.631
G 3.623 26.438 231.135
N 4.793 29.849 229.943
I 7.986 31.901 230.015
F 6.906 33.35 233.371
S 6.479 29.875 234.876
I 9.574 28.293 233.295
Y 12.592 30.529 233.87
Y 15.182 28.653 231.789
M 15.167 25.988 229.092
G 18.031 24.145 227.462
W 19.841 20.896 226.743
Y 22.326 18.589 228.445
R 24.068 15.607 226.871
Q 25.269 12.296 228.319
A 28.311 10.914 226.508
P 28.87 7.124 226.472
G 31.114 7.518 229.513
K 31.514 11.233 230.345
Q 29.097 12.471 233.065
R 26.365 14.826 231.74
E 27.764 17.951 230.091
M 25.74 21.13 229.617
V 25.194 22.011 225.959
A 23.095 25.174 225.919
I 20.774 26.984 228.339
I 18.704 30.082 227.531
N 17.026 32.305 230.127
S 13.684 34.091 230.082
N 15.768 37.29 230.212
G 17.627 36.175 227.079
I 20.775 35.111 228.944
T 22.47 32.224 227.135
N 25.166 29.792 228.255
Y 26.918 27.262 226.02
G 29.341 24.514 226.92
D 32.996 24.996 226.074
F 32.719 22.231 223.451
V 30.011 24.089 221.498
K 32.357 26.795 220.164
G 29.689 28.837 218.416
R 28.408 25.836 216.46
F 25.12 25.443 218.351
T 22.618 28.274 218.867
I 19.69 27.957 221.285
S 16.459 29.873 220.663
R 13.185 30.169 222.559
D 9.67 30.885 221.292
N 7.984 32.905 224.039
A 4.478 32.468 222.608
E 4.435 28.656 222.621
N 7.026 28.282 225.429
S 9.332 25.984 223.475
A 13.088 25.905 222.921
Y 15.055 24.953 219.811
L 18.73 23.994 219.514
Q 20.203 24.422 216.026
M 23.306 22.208 215.905
N 25.68 22.829 212.989
N 28.968 21.125 212.067
L 28.275 18.114 214.276
T 31.407 16.038 214.94
P 31.469 12.337 215.92
E 32.428 13.36 219.472
D 28.999 15.02 219.723
T 27.432 11.532 219.728
A 25.378 11.379 222.934
V 21.821 11.386 224.261
Y 20.55 14.962 224.533
Y 18.173 15.653 227.429
C 15.83 18.626 227.369
N 16.096 20.69 230.55
A 13.633 23.137 232.094
G 13.463 25.175 235.277
K 10.219 26.092 237.024
L 10.261 29.305 239.05
R 9.4 28.683 242.704
R 8.474 30.925 245.63
T 7.092 28.382 248.132
T 9.89 28.64 250.711
G 11.73 31.548 249.119
W 12.985 32.1 245.602
G 14.108 28.909 243.906
L 14.181 26.839 240.743
D 13.001 23.262 240.222
D 15.066 21.232 237.755
Y 12.792 19.159 235.507
W 14.254 16.897 232.823
G 12.988 15.196 229.685
Q 13.044 11.681 228.297
G 16.137 12.28 226.164
T 16.663 11.848 222.421
Q 19.587 9.989 220.862
V 21.938 11.854 218.515
T 24.557 9.861 216.592
V 27.105 11.519 214.3
S 28.401 8.621 212.215
S 28.979 7.506 208.627
