tag x y z
V 47.347 9.605 280.983
Q 50.9 9.253 279.666
L 52.134 9.684 276.09
V 55.696 8.886 274.979
E 56.601 9.747 271.39
S 59.551 7.97 269.795
G 61.341 7.639 266.48
G 62.783 11.061 265.599
G 66.239 11.952 264.37
L 68.02 12.962 261.166
V 66.765 12.435 257.604
Q 68.447 13.834 254.506
P 66.041 15.807 252.283
G 63.332 13.782 250.556
G 63.384 10.73 252.832
S 60.846 9.17 255.172
L 60.424 8.421 258.869
R 57.801 6.732 261.056
L 57.027 8.393 264.384
S 55.162 6.477 267.083
C 53.565 7.346 270.421
A 52.921 4.726 273.104
A 49.892 5.595 275.239
S 48.994 4.366 278.715
G 46.191 4.995 281.181
F 43.476 5.293 278.518
T 42.256 3.539 275.385
L 43.759 5.356 272.406
G 40.924 4.382 270.048
S 38.385 6.176 272.255
R 39.659 9.773 271.981
Y 40.526 12.338 269.335
M 44.313 12.511 269.012
S 46.59 14.897 267.14
W 50.156 15.185 265.88
V 51.683 18.611 266.56
R 55.102 19.995 265.629
Q 57.079 23.043 266.732
A 60.059 24.697 265.072
P 62.797 26.332 267.188
G 61.595 29.778 268.198
E 58.128 29.461 266.628
G 54.67 28.444 267.778
F 53.013 25.078 267.385
E 51.798 23.904 263.979
W 48.999 21.349 263.755
V 50.142 18.428 261.602
S 47.379 15.823 261.75
S 44.496 14.385 263.743
I 42.691 11.05 263.955
E 39.159 10.303 265.133
P 38.127 7.508 267.507
S 36.455 6.009 264.426
G 39.888 5.72 262.798
T 39.271 8.509 260.285
A 42.394 10.643 259.891
W 42.523 14.334 258.989
D 45.612 15.933 257.455
G 46.191 19.661 257.483
D 47.86 21.723 254.793
S 50.986 21.595 256.986
A 51.741 18.228 255.36
K 49.003 16.673 253.221
G 49.529 13.823 250.758
R 52.893 13.069 252.36
F 51.865 12.067 255.889
T 49.433 9.366 257.024
T 48.196 8.977 260.606
S 47.442 5.419 261.733
R 46.715 3.665 265.023
D 47.384 0.194 266.457
D 44.597 -0.611 268.915
A 46.343 -3.74 270.228
K 49.612 -2.057 271.231
N 47.716 1.174 272.067
T 50.062 3.216 269.879
L 49.568 6.106 267.455
Y 51.687 6.503 264.327
L 52.729 9.315 261.984
Q 54.194 8.046 258.7
M 56.102 10.957 257.153
S 57.6 11.007 253.662
N 59.282 13.466 251.288
L 60.748 15.493 254.135
Q 61.886 19.092 253.678
P 63.798 21.512 255.954
E 60.46 23.172 256.733
D 59.506 19.961 258.575
T 62.326 20.238 261.132
G 61.107 20.511 264.705
V 59.942 18.738 267.833
Y 56.952 16.517 267.033
Y 54.413 15.971 269.816
C 51.394 13.708 270.177
A 48.623 15.576 271.988
T 45.04 14.794 272.927
G 42.154 16.573 271.226
Y 41.359 17.466 267.635
R 43.39 20.032 265.673
T 45.463 20.722 268.791
D 47.212 24.066 268.224
T 48.243 25.154 271.74
R 48.657 23.858 275.282
I 45.122 23.838 276.713
P 44.255 22.966 280.334
G 42.928 19.409 280.319
G 44.922 18.326 277.283
S 47.805 15.883 277.573
W 51.103 15.976 275.688
G 54.2 13.863 275.374
Q 57.681 15.261 275.788
G 58.155 15.311 272.011
T 60.681 13.86 269.588
Q 63.165 15.872 267.539
V 63.05 15.517 263.746
T 65.832 17.302 261.853
V 66.278 17.192 258.086
