tag x y z
G 14.302 3.432 263.197
S 13.8 2.15 259.655
Q 17.174 0.336 259.685
V 18.109 0.514 256.005
Q 21.393 -1.242 255.202
L 23.585 -0.955 252.107
A 25.856 -3.737 250.835
E 28.971 -2.832 248.828
T 30.898 -5.234 246.584
G 33.765 -5.063 244.137
G 36.593 -2.931 245.456
G 40.171 -4.135 245.158
L 43.501 -3.316 243.501
V 43.734 -2.033 239.932
Q 46.576 -0.596 237.893
P 46.715 2.906 236.375
G 44.574 3.106 233.256
G 42.509 0.06 234.181
S 38.827 -0.059 235.06
L 36.83 -1.196 238.076
R 33.172 -1.585 239.006
L 31.449 -1.127 242.364
S 27.925 -2.267 243.21
C 25.649 -1.429 246.134
T 22.473 -3.332 247.028
A 19.979 -2.043 249.591
S 17.859 -4.083 251.991
T 14.589 -2.615 250.667
T 13.181 -1.19 247.416
I 15.072 1.864 246.136
S 12.143 3.529 244.352
D 11.138 6.271 246.811
F 14.825 6.98 247.519
Y 15.365 10.659 246.705
S 18.916 9.809 245.637
M 21.356 6.915 245.738
G 24.947 6.674 244.566
W 28.593 6.797 245.617
F 30.817 9.088 247.665
R 34.564 8.762 248.127
Q 36.871 9.937 250.912
T 40.519 10.132 249.881
P 43.022 9.511 252.721
G 43.14 12.461 255.106
N 40.652 14.6 253.154
Q 36.949 15.372 253.311
R 34.409 13.035 251.748
E 33.39 14.164 248.257
L 30.491 13.195 246.01
V 31.389 10.837 243.159
A 28.047 10.306 241.413
I 24.428 9.843 242.522
V 21.118 9.444 240.699
R 17.708 10.732 241.772
R 14.143 9.439 241.521
G 13.694 10.707 237.957
G 17.022 9.401 236.652
D 19.141 12.563 236.48
T 22.739 12.046 237.607
K 24.731 14.493 239.745
S 28.517 14.1 239.649
G 31.608 15.793 241.03
D 34.139 17.561 238.832
S 37.118 15.229 239.383
V 36.02 12.124 237.434
K 34.819 13.484 234.094
G 34.994 11.089 231.163
R 35.661 8.153 233.484
F 32.933 7.483 236.079
T 29.609 6.119 234.802
I 26.701 5.209 237.074
S 23.425 3.347 236.602
R 20.546 2.477 238.921
D 18.127 -0.467 238.812
N 15.0 -0.111 240.945
T 13.783 -3.669 240.324
R 16.977 -5.243 241.688
S 17.535 -2.439 244.249
T 21.16 -1.959 243.208
V 23.341 0.937 242.039
Y 26.389 0.205 239.877
L 29.425 2.486 239.544
Q 31.838 2.032 236.633
M 35.219 3.783 236.69
D 37.601 3.945 233.715
N 41.059 5.423 233.064
L 41.88 5.131 236.751
K 44.628 7.43 238.108
P 46.458 6.953 241.434
E 44.665 10.05 242.762
D 41.464 7.963 242.699
T 42.825 5.818 245.559
A 40.164 6.283 248.234
V 37.494 4.613 250.343
Y 34.265 4.508 248.329
Y 31.091 4.715 250.425
C 27.663 3.763 249.149
Y 25.072 6.451 249.767
A 21.28 6.654 249.92
N 19.195 9.747 250.685
L 15.587 9.071 251.667
Q 14.336 12.656 251.813
K 10.587 12.977 252.147
S 11.086 16.61 251.089
S 13.713 19.321 250.802
D 12.325 20.705 254.075
E 14.216 18.224 256.284
L 17.742 16.921 255.738
G 16.304 13.475 255.067
P 17.698 10.23 256.46
Y 21.159 9.537 255.044
Y 22.367 5.933 254.837
W 26.005 5.039 254.189
G 27.843 1.859 253.35
Q 30.65 0.621 255.564
G 33.267 1.693 253.006
T 35.088 -0.133 250.209
Q 38.799 0.387 249.576
V 39.939 1.074 246.007
T 43.728 1.286 245.634
V 45.454 2.119 242.324
S 49.208 1.589 242.132
S 51.79 0.227 239.702
