tag x y z
V 148.133 149.179 103.409
Q 144.373 148.912 102.882
L 141.921 146.238 101.785
V 140.914 146.425 98.109
E 137.372 145.567 96.968
S 137.074 145.595 93.179
G 133.881 145.331 91.164
G 130.4 146.445 92.105
G 127.597 148.157 90.211
L 123.934 147.125 90.216
V 122.474 143.664 89.592
Q 118.8 142.959 88.913
A 116.978 139.628 89.142
G 118.723 136.728 87.441
G 122.215 138.188 87.725
S 125.546 137.239 89.249
L 128.798 138.951 90.193
R 132.081 138.016 91.877
L 133.204 140.251 94.754
S 136.998 140.314 94.408
C 138.454 141.31 97.788
A 142.238 141.51 98.149
V 144.607 142.063 101.077
S 147.656 144.241 100.458
G 149.648 142.654 103.278
R 151.826 139.595 102.757
T 150.91 138.024 106.137
F 147.693 136.408 104.896
S 148.324 133.41 107.166
T 147.785 135.461 110.34
Y 144.538 137.161 109.211
G 141.409 135.439 110.507
M 139.12 136.558 107.695
A 135.477 136.938 108.718
W 132.463 138.532 107.038
F 129.29 140.242 108.234
R 126.459 142.116 106.54
Q 126.339 145.913 106.734
A 123.174 148.009 106.928
P 122.563 151.785 106.987
G 122.062 152.742 110.62
K 121.006 149.246 111.668
E 122.364 146.139 113.354
R 125.084 144.256 111.475
D 124.111 140.674 110.656
F 126.492 137.73 110.963
V 127.745 135.764 107.954
A 129.451 132.396 107.619
T 133.244 132.246 107.695
I 135.965 129.925 106.428
T 137.672 127.947 109.179
R 141.427 128.301 109.582
S 141.741 124.573 108.852
G 140.514 125.25 105.308
E 138.792 121.91 104.777
T 136.048 122.724 107.297
T 133.861 125.847 107.383
L 131.196 127.661 109.411
Y 127.461 128.269 109.05
A 125.562 131.415 110.039
D 121.871 131.505 110.919
S 121.16 134.576 108.778
V 122.882 133.242 105.64
K 124.503 129.871 104.984
G 125.146 127.68 101.96
R 124.896 130.559 99.457
F 128.453 131.926 99.435
T 131.414 130.552 97.466
I 134.031 131.088 100.154
S 137.508 130.216 98.874
R 140.79 130.784 100.699
D 143.642 132.175 98.593
N 147.352 132.163 99.448
A 149.018 133.369 96.226
K 147.497 136.847 95.798
N 145.228 136.822 98.886
T 142.167 137.39 96.68
V 138.735 136.026 97.622
Y 135.773 135.948 95.219
L 132.676 136.129 97.433
Q 129.919 134.869 95.139
M 126.263 135.796 95.655
N 123.447 133.406 94.728
S 119.739 133.033 95.534
L 119.246 136.706 96.302
K 116.476 137.674 98.72
I 115.503 140.607 100.929
E 117.072 138.801 103.886
D 120.177 138.082 101.783
T 120.092 141.57 100.197
A 122.102 144.264 101.986
V 125.246 146.38 101.749
Y 127.939 143.74 101.299
Y 131.238 144.45 103.04
C 134.625 142.711 103.045
A 135.954 143.185 106.592
V 139.307 141.428 106.906
R 140.128 140.736 110.554
R 143.614 141.74 111.696
D 143.527 139.34 114.658
S 145.432 136.047 114.418
S 143.291 133.382 116.093
W 140.635 130.782 115.387
G 137.446 132.636 114.546
Y 133.852 131.636 115.274
S 132.852 134.962 116.819
R 129.423 136.541 116.378
D 130.198 140.011 117.8
L 131.607 143.082 116.055
F 134.006 144.005 118.886
E 136.981 142.425 117.075
Y 137.034 144.103 113.651
D 139.223 146.865 112.27
Y 137.097 149.416 110.405
W 134.2 149.988 107.999
G 135.72 152.059 105.209
Q 133.579 152.142 102.064
G 131.632 148.902 101.598
T 129.75 147.94 98.441
Q 126.163 147.232 97.42
V 123.824 146.877 94.44
T 120.731 148.734 93.246
V 117.443 146.907 92.625
S 114.434 148.621 91.057
