tag x y z
Q 129.335 158.491 141.744
V 129.094 155.343 143.883
Q 128.778 155.669 147.665
L 130.009 152.802 149.857
V 129.442 152.81 153.621
E 128.992 150.217 156.363
S 127.72 150.837 159.894
G 125.831 148.511 162.22
G 126.278 144.945 163.426
G 125.066 143.25 166.59
L 124.713 139.594 167.488
V 123.114 137.248 170.011
Q 123.536 133.664 171.207
A 123.774 130.969 168.524
G 120.505 131.065 166.606
G 119.189 131.261 163.052
S 120.405 132.928 159.887
L 122.473 136.114 160.101
R 122.329 138.809 157.423
L 124.514 141.896 157.049
S 124.678 143.899 153.81
C 127.406 146.34 152.78
A 125.522 149.413 151.58
V 126.142 150.208 147.907
S 124.551 152.836 145.656
G 124.142 150.479 142.708
L 126.8 148.567 140.76
G 126.234 148.577 137.01
A 129.458 147.136 135.585
H 131.947 147.464 138.452
R 133.385 145.022 140.97
V 133.165 144.883 144.767
G 134.796 142.632 147.336
W 135.556 141.848 150.959
F 138.958 141.829 152.67
R 139.97 139.663 155.627
R 141.779 141.563 158.397
A 144.145 138.807 159.466
P 146.501 139.293 162.44
G 149.218 140.874 160.332
K 150.491 143.999 158.62
E 148.503 143.294 155.429
R 144.966 142.221 154.588
E 143.93 139.084 152.706
F 141.606 138.285 149.819
V 138.203 136.78 150.617
A 136.01 136.729 147.511
A 135.348 138.599 144.277
I 132.152 138.615 142.203
G 132.043 139.912 138.644
A 129.193 141.698 136.927
N 128.049 138.451 135.291
G 128.201 136.758 138.707
G 130.567 134.013 137.537
N 134.146 133.167 138.472
T 133.156 132.984 142.136
N 136.061 132.486 144.541
Y 136.19 131.585 148.228
L 138.851 131.027 150.865
D 139.901 127.638 152.21
S 137.641 128.049 155.27
V 134.548 129.308 153.416
K 133.399 126.395 151.223
G 130.107 124.964 152.449
R 126.742 126.417 153.432
F 128.275 129.894 153.139
T 127.23 131.587 149.901
I 126.995 135.061 148.378
S 124.563 136.272 145.717
R 123.578 139.533 144.036
D 120.209 141.04 143.117
N 119.337 142.758 139.837
A 117.046 145.354 141.479
K 119.154 147.127 144.136
N 122.382 145.067 144.026
T 121.663 143.591 147.451
I 124.614 141.555 148.739
Y 124.304 138.563 151.059
L 126.97 137.549 153.568
Q 128.513 134.431 155.096
M 128.379 133.205 158.725
N 125.054 131.376 158.447
S 124.449 129.091 161.442
L 127.264 130.595 163.49
K 129.047 128.991 166.441
P 130.58 130.589 169.581
Q 134.077 130.638 168.062
D 134.052 132.993 165.048
T 134.957 136.686 164.93
A 133.252 138.833 162.283
V 135.248 141.81 161.008
Y 135.671 142.472 157.274
Y 136.609 145.394 155.034
C 134.399 146.445 152.129
A 136.459 147.183 149.007
A 135.364 148.886 145.791
R 138.025 147.234 143.578
D 139.877 150.491 142.987
I 140.889 149.259 139.522
E 138.131 151.129 137.679
T 137.436 154.499 136.059
A 133.797 155.298 136.831
E 134.336 158.583 138.673
Y 137.023 158.033 141.35
T 138.307 155.482 143.861
Y 136.424 154.781 147.091
W 136.979 152.705 150.228
G 134.389 150.933 152.362
Q 134.146 150.102 156.052
G 132.994 147.257 158.28
T 131.79 146.157 161.702
Q 133.169 144.001 164.528
V 130.231 141.709 165.297
T 131.05 138.915 167.748
V 129.343 135.815 169.125
S 128.678 134.554 172.651
S 128.747 131.158 174.346
