tag x y z
Q 8.533 -9.53 -60.101
V 8.851 -9.964 -56.333
Q 11.747 -12.053 -55.046
L 13.21 -12.755 -51.598
V 16.656 -14.319 -51.054
E 17.755 -15.371 -47.561
S 21.453 -15.446 -46.661
G 23.567 -15.818 -43.553
G 22.801 -19.263 -42.168
G 25.439 -21.705 -41.072
L 26.708 -23.916 -38.273
V 27.259 -22.172 -34.928
Q 27.916 -23.196 -31.333
A 25.271 -22.678 -28.664
G 25.544 -19.199 -27.194
G 26.865 -17.795 -30.472
S 25.364 -15.327 -32.92
L 24.388 -15.162 -36.582
R 23.075 -12.328 -38.747
L 20.548 -13.443 -41.346
S 19.618 -11.262 -44.288
C 16.655 -11.144 -46.66
C 16.684 -11.155 -46.68
A 17.452 -9.359 -49.933
A 14.212 -8.186 -51.55
S 13.558 -7.306 -55.19
G 10.455 -5.939 -56.896
F 9.089 -3.766 -54.07
P 10.335 -1.311 -51.413
V 10.932 -3.021 -48.073
Q 9.731 0.062 -46.173
A 6.311 -0.206 -47.872
R 5.479 -3.77 -46.751
E 5.381 -5.861 -43.609
M 8.137 -8.451 -43.818
E 8.327 -11.567 -41.684
W 10.649 -14.386 -40.703
Y 9.376 -17.954 -40.325
R 11.371 -21.046 -39.467
Q 10.843 -24.767 -39.858
A 12.749 -27.886 -38.869
P 12.139 -31.258 -40.573
G 9.033 -32.953 -39.218
K 8.0 -29.877 -37.229
E 5.363 -27.197 -37.671
R 6.291 -23.913 -39.339
E 6.935 -21.314 -36.656
W 6.472 -17.564 -36.902
V 9.672 -15.837 -35.748
A 9.453 -12.096 -36.246
A 7.949 -9.19 -38.168
I 8.831 -5.617 -39.131
K 6.782 -2.833 -40.736
S 6.472 0.953 -40.659
T 2.927 1.475 -39.308
G 1.211 0.58 -36.047
T 3.445 -1.741 -34.029
Y 6.744 -1.727 -35.909
T 8.301 -5.032 -34.76
A 7.222 -8.261 -33.104
Y 8.786 -11.538 -31.984
A 7.826 -15.076 -31.044
Y 7.874 -15.513 -27.266
S 10.956 -17.754 -27.228
V 13.132 -15.448 -29.364
K 12.136 -12.104 -27.849
G 15.196 -10.578 -26.209
R 17.57 -12.741 -28.255
F 16.655 -11.779 -31.839
T 16.37 -8.323 -33.387
I 14.727 -7.606 -36.74
S 15.806 -4.521 -38.686
R 15.645 -3.014 -42.165
D 18.002 -1.172 -44.534
N 15.917 0.713 -47.092
A 18.911 1.682 -49.229
K 19.925 -1.965 -49.66
N 16.264 -3.113 -49.752
T 17.123 -5.713 -47.142
V 15.701 -6.998 -43.857
Y 18.022 -8.442 -41.201
L 17.481 -10.871 -38.333
Q 20.265 -10.591 -35.758
M 20.187 -13.792 -33.683
N 22.079 -13.762 -30.376
S 22.344 -16.367 -27.611
L 21.577 -19.169 -30.057
K 20.291 -22.488 -28.706
P 20.0 -25.951 -30.296
E 16.214 -25.436 -30.419
D 16.893 -22.616 -32.918
T 18.114 -25.121 -35.533
A 15.83 -24.786 -38.578
V 15.544 -23.444 -42.09
Y 14.744 -19.722 -41.845
Y 12.509 -18.098 -44.471
C 11.699 -14.472 -45.283
C 11.627 -14.509 -45.186
Y 8.138 -13.607 -46.292
V 6.134 -10.741 -47.767
Y 2.578 -10.289 -49.037
V 2.418 -8.214 -52.234
G -0.939 -9.011 -53.802
S -0.102 -12.643 -52.961
S 2.208 -14.625 -50.687
Y 5.96 -14.683 -51.394
I 8.449 -16.765 -49.43
G 12.102 -17.385 -50.143
Q 14.047 -20.612 -50.555
G 15.406 -20.187 -47.012
T 18.753 -20.421 -45.25
Q 19.822 -23.261 -42.956
V 20.766 -22.506 -39.338
T 22.299 -25.272 -37.221
V 23.204 -24.74 -33.559
S 25.332 -27.402 -31.894
A 25.102 -27.936 -28.138
