tag x y z
Q 226.539 267.257 178.988
V 226.674 269.561 182.018
K 229.321 272.065 180.945
L 229.004 274.393 183.956
E 228.97 273.282 187.573
E 229.343 275.059 190.897
S 230.503 273.672 194.234
G 232.62 274.396 197.298
G 230.068 276.688 198.951
G 228.672 276.864 202.452
S 228.133 279.293 205.321
V 230.517 282.045 206.476
Q 230.479 284.701 209.187
A 230.303 288.403 208.496
G 233.895 289.601 208.454
G 235.085 286.115 207.496
S 236.59 284.681 204.332
L 235.332 282.187 201.747
R 236.315 280.742 198.371
L 234.106 279.645 195.457
I 234.796 276.777 193.031
C 233.145 276.863 189.602
T 234.024 274.247 186.986
A 233.933 275.107 183.297
P 235.574 272.127 181.534
G 234.903 273.637 178.118
L 235.509 277.344 178.746
T 238.849 277.686 176.919
H 237.578 276.717 173.458
N 234.442 278.856 173.759
N 236.311 282.201 173.78
C 233.024 283.541 175.188
G 233.504 284.544 178.778
L 232.381 283.072 182.101
D 230.007 284.814 184.505
W 228.64 284.542 188.024
Y 224.971 285.313 188.609
R 222.891 284.792 191.725
R 219.18 284.248 192.219
A 217.205 284.88 195.397
P 213.703 283.759 196.425
G 211.534 286.352 194.732
K 214.429 287.877 192.769
E 215.69 287.496 189.209
R 219.211 286.263 188.481
E 221.521 289.273 188.788
F 225.175 289.051 187.821
V 227.749 288.539 190.578
S 230.89 288.767 188.449
S 231.997 288.527 184.84
I 235.386 287.365 183.6
S 235.946 287.325 179.853
A 238.448 285.431 177.721
D 240.964 288.277 178.18
G 240.846 288.42 181.984
T 239.099 291.766 182.497
T 236.755 291.566 185.472
S 233.435 293.156 186.341
Y 231.467 292.461 189.505
A 228.105 292.891 191.167
D 227.822 296.372 192.637
S 227.479 294.896 196.137
V 230.567 292.679 195.778
K 233.137 294.709 193.822
G 236.187 295.789 195.789
R 236.174 292.522 197.73
F 235.017 289.893 195.224
T 237.932 288.991 192.937
I 237.18 286.692 189.999
S 240.356 284.924 188.921
K 241.427 282.107 186.611
D 243.933 279.433 187.525
K 247.173 279.822 185.613
V 246.962 276.153 184.592
E 243.817 274.003 184.598
D 241.484 276.996 184.516
T 239.356 276.935 187.675
V 237.799 280.37 187.909
Y 237.574 281.108 191.63
L 235.96 284.119 193.312
Q 238.17 285.21 196.217
M 236.208 287.266 198.759
N 236.542 288.391 202.374
S 234.101 289.89 204.879
L 230.988 288.528 203.196
K 227.8 290.392 204.064
P 224.503 288.692 204.96
E 222.886 289.962 201.746
D 225.244 288.051 199.416
T 223.542 284.761 200.363
A 221.895 283.309 197.248
I 221.914 280.593 194.574
Y 224.957 281.673 192.593
S 225.622 280.23 189.155
C 227.997 280.395 186.226
K 226.925 281.129 182.666
T 228.884 280.448 179.509
A 228.127 280.393 175.814
F 229.137 277.231 173.968
P 229.709 276.294 170.329
Y 227.169 276.784 167.544
F 227.619 275.51 163.983
G 230.042 278.421 163.575
N 229.811 280.498 166.749
S 231.668 279.506 169.919
C 229.62 282.097 171.819
V 226.27 283.648 172.616
L 224.462 280.342 172.113
D 224.516 279.745 175.833
Y 224.267 277.33 178.78
W 223.791 278.144 182.47
G 225.298 276.512 185.536
Q 223.382 274.916 188.386
G 224.895 277.27 190.96
T 226.529 277.379 194.381
S 224.303 277.978 197.388
V 226.075 280.596 199.506
T 224.948 281.485 203.056
V 226.449 284.443 204.912
S 225.292 284.458 208.534
