tag x y z
M 14.061 4.728 -21.687
A 10.966 2.643 -20.995
E 11.529 -0.697 -19.276
V 9.733 -2.715 -21.991
Q 9.906 -2.138 -25.748
L 7.32 -3.586 -28.143
Q 7.931 -4.085 -31.873
A 4.917 -4.683 -34.131
S 4.797 -5.957 -37.715
G 2.639 -7.891 -40.161
G 0.212 -5.2 -41.315
G -0.878 -4.87 -44.906
L -3.675 -4.389 -47.423
V -5.934 -7.352 -48.218
Q -9.279 -8.018 -49.851
A -12.415 -8.907 -47.943
G -12.082 -12.492 -46.763
G -8.278 -12.34 -46.79
S -5.878 -13.068 -43.947
L -3.02 -11.366 -42.103
R -0.81 -12.149 -39.105
L 0.249 -9.373 -36.736
S 3.238 -9.937 -34.451
C 4.358 -8.089 -31.306
A 7.884 -8.843 -30.062
A 8.548 -7.746 -26.475
S 12.003 -6.739 -25.24
G 13.331 -5.422 -21.945
R 11.748 -6.319 -18.6
T 9.495 -8.968 -20.143
D 9.542 -10.922 -16.865
S 7.118 -8.434 -15.291
T 4.56 -8.724 -18.121
Q 1.084 -9.901 -17.09
H -1.039 -9.237 -20.194
M -0.389 -8.4 -23.833
A -3.272 -6.893 -25.787
W -4.107 -5.484 -29.2
F -6.128 -2.293 -29.585
R -7.293 -0.782 -32.854
Q -8.477 2.65 -33.964
A -10.813 2.671 -36.953
P -11.606 5.86 -38.915
G -13.588 8.221 -36.697
K -13.466 5.867 -33.701
E -11.559 5.51 -30.43
R -8.869 2.965 -29.649
E -10.964 -0.168 -29.054
F -10.043 -3.481 -27.454
V -9.513 -6.36 -29.889
T -7.834 -9.278 -28.124
A -5.485 -10.104 -25.261
I -3.558 -13.029 -23.779
Q -2.254 -13.804 -20.299
W 1.541 -13.77 -20.244
R 1.42 -16.658 -17.737
G -1.644 -18.853 -18.04
G -2.111 -18.323 -21.763
G -5.8 -17.539 -21.45
T -7.119 -15.509 -24.364
S -9.871 -12.918 -24.74
Y -11.568 -11.424 -27.786
T -14.098 -8.743 -28.576
D -17.336 -10.15 -29.983
S -16.814 -8.782 -33.506
V -13.614 -10.836 -33.98
K -14.497 -14.061 -32.142
G -13.815 -17.037 -34.393
R -11.954 -14.975 -37.005
F -8.986 -13.793 -34.888
T -6.66 -16.029 -32.847
I -3.941 -14.74 -30.483
S -1.12 -17.078 -29.433
R 2.327 -17.158 -27.825
D 5.033 -19.777 -27.509
N 5.827 -19.664 -23.773
A 9.569 -19.896 -24.424
K 9.74 -16.815 -26.684
N 8.647 -13.21 -26.12
T 6.723 -12.8 -29.408
V 2.919 -12.953 -29.617
Y 1.082 -13.58 -32.896
L -2.39 -12.423 -33.969
E -3.806 -14.52 -36.819
M -6.589 -12.602 -38.598
N -8.75 -14.649 -40.984
S -11.969 -13.729 -42.819
L -11.119 -10.031 -42.64
K -13.956 -7.516 -43.059
P -13.918 -3.809 -44.003
E -14.781 -3.041 -40.364
D -11.32 -4.404 -39.469
T -9.581 -1.587 -41.371
A -7.746 0.31 -38.629
V -4.418 1.15 -37.022
Y -3.554 -1.679 -34.624
Y -1.553 -1.113 -31.421
C -0.069 -3.821 -29.207
A 0.345 -3.102 -25.498
T 1.595 -4.774 -22.322
N 0.944 -4.221 -18.616
T 2.341 -5.404 -15.267
R -0.564 -5.396 -12.78
W -1.642 -8.924 -11.922
T -5.228 -9.748 -12.844
Y -6.709 -12.985 -14.096
F -8.896 -11.319 -16.738
S -7.137 -9.161 -19.318
P -8.145 -5.483 -18.986
T -9.957 -3.935 -21.951
V -9.301 -0.188 -21.495
P -6.089 1.558 -22.67
D -5.225 3.205 -19.326
R -4.626 -0.257 -17.8
Y -1.631 -0.877 -20.111
D 1.859 0.527 -19.551
Y 3.832 -0.041 -22.781
W 2.751 0.526 -26.381
G 4.175 -0.374 -29.768
Q 3.981 1.715 -32.905
G 0.712 1.433 -34.783
T 0.44 -1.121 -37.573
Q -1.955 -0.182 -40.356
V -4.378 -2.842 -41.609
T -6.551 -2.053 -44.637
V -9.336 -4.317 -45.906
S -10.463 -3.139 -49.345
S -13.351 -4.491 -51.4
A -11.488 -5.387 -54.614
A -9.904 -1.916 -54.755
A -6.219 -2.873 -54.745
