tag x y z
M -24.294 9.578 -21.486
A -27.1 7.066 -20.915
E -26.25 3.776 -19.228
V -28.176 1.741 -21.856
Q -28.042 2.301 -25.633
L -30.669 0.934 -28.045
Q -30.019 0.284 -31.754
A -33.035 -0.202 -34.035
S -33.174 -1.514 -37.606
G -35.374 -3.364 -40.092
G -37.64 -0.561 -41.289
G -38.622 -0.204 -44.908
L -41.352 0.34 -47.486
V -43.736 -2.515 -48.322
Q -47.145 -2.925 -49.886
A -50.247 -3.987 -47.982
G -49.97 -7.611 -46.901
G -46.166 -7.489 -46.881
S -43.799 -8.234 -44.02
L -40.938 -6.567 -42.144
R -38.803 -7.431 -39.116
L -37.678 -4.743 -36.68
S -34.733 -5.381 -34.365
C -33.682 -3.557 -31.183
A -30.155 -4.321 -29.922
A -29.429 -3.243 -26.337
S -25.954 -2.377 -25.056
G -24.665 -1.146 -21.724
R -26.445 -1.855 -18.42
T -28.706 -4.498 -19.943
D -28.88 -6.467 -16.666
S -31.34 -4.055 -15.029
T -33.721 -4.24 -18.006
Q -37.222 -5.393 -17.064
H -39.29 -4.661 -20.187
M -38.532 -3.802 -23.804
A -41.361 -2.251 -25.799
W -42.114 -0.826 -29.221
F -44.017 2.43 -29.634
R -45.084 3.985 -32.923
Q -46.109 7.467 -34.045
A -48.333 7.683 -37.111
P -48.96 10.936 -39.02
G -50.962 13.333 -36.872
K -51.116 10.927 -33.935
E -49.271 10.539 -30.636
R -46.856 7.721 -29.815
E -48.934 4.58 -29.27
F -47.948 1.333 -27.566
V -47.467 -1.562 -30.011
T -45.902 -4.553 -28.25
A -43.649 -5.42 -25.333
I -41.831 -8.393 -23.815
Q -40.636 -9.188 -20.306
W -36.85 -9.217 -20.217
R -37.116 -12.104 -17.738
G -40.325 -14.103 -17.993
G -40.66 -13.703 -21.748
G -44.327 -12.796 -21.541
T -45.523 -10.733 -24.483
S -48.162 -8.036 -24.873
Y -49.767 -6.488 -27.944
T -52.226 -3.747 -28.76
D -55.492 -5.057 -30.203
S -54.921 -3.701 -33.725
V -51.737 -5.783 -34.195
K -52.615 -9.028 -32.385
G -51.931 -12.012 -34.635
R -50.002 -9.977 -37.217
F -47.078 -8.892 -35.006
T -44.851 -11.223 -32.976
I -42.181 -9.985 -30.557
S -39.475 -12.418 -29.467
R -36.089 -12.54 -27.764
D -33.427 -15.197 -27.539
N -32.681 -14.921 -23.818
A -28.954 -15.488 -24.467
K -28.511 -12.384 -26.667
N -29.639 -8.8 -26.013
T -31.504 -8.321 -29.325
V -35.313 -8.395 -29.56
Y -37.18 -8.958 -32.834
L -40.562 -7.659 -33.998
E -41.969 -9.72 -36.874
M -44.63 -7.711 -38.726
N -46.843 -9.754 -41.061
S -49.991 -8.786 -42.98
L -48.997 -5.13 -42.787
K -51.774 -2.574 -43.255
P -51.567 1.092 -44.347
E -52.447 2.144 -40.78
D -49.162 0.585 -39.588
T -47.232 3.356 -41.374
A -45.405 5.2 -38.59
V -42.047 5.955 -36.999
Y -41.272 3.102 -34.609
Y -39.305 3.608 -31.384
C -38.021 0.793 -29.175
A -37.631 1.471 -25.461
T -36.552 -0.27 -22.258
N -37.243 0.315 -18.564
T -35.898 -0.902 -15.216
R -38.808 -0.842 -12.736
W -39.966 -4.371 -11.988
T -43.569 -5.113 -12.92
Y -45.187 -8.269 -14.217
F -47.247 -6.461 -16.865
S -45.342 -4.333 -19.368
P -46.296 -0.639 -19.034
T -47.969 0.974 -22.042
V -47.149 4.685 -21.546
P -43.879 6.339 -22.697
D -42.922 7.941 -19.369
R -42.61 4.461 -17.817
Y -39.656 3.708 -20.127
D -36.187 5.086 -19.48
Y -34.145 4.491 -22.644
W -35.206 5.113 -26.233
G -33.798 4.234 -29.621
Q -33.834 6.32 -32.759
G -37.046 6.105 -34.737
T -37.311 3.564 -37.542
Q -39.645 4.526 -40.366
V -42.134 1.914 -41.57
T -44.262 2.702 -44.621
V -47.014 0.406 -45.876
S -48.223 1.719 -49.215
S -51.377 0.48 -50.884
A -50.14 -0.221 -54.413
A -47.678 2.672 -54.692
