tag x y z
M 2.362 -56.465 0.892
A 0.604 -53.254 1.945
E -2.89 -51.969 2.663
V -4.895 -51.136 -0.452
Q -4.566 -47.474 -1.435
L -6.639 -47.404 -4.666
Q -10.167 -48.824 -4.914
A -11.987 -49.435 -8.206
S -15.78 -49.336 -8.373
G -18.717 -49.002 -10.732
G -18.34 -52.44 -12.323
G -21.282 -54.75 -12.867
L -22.846 -57.074 -15.384
V -24.026 -55.348 -18.578
Q -25.225 -56.418 -22.013
A -23.258 -56.033 -25.223
G -23.223 -52.579 -26.78
D -23.944 -50.881 -23.452
S -21.719 -48.281 -21.799
L -20.371 -48.467 -18.245
R -18.369 -46.007 -16.161
L -15.663 -47.072 -13.71
S -14.081 -44.998 -10.945
C -10.889 -45.686 -8.977
V -10.439 -43.696 -5.772
A -7.15 -43.014 -4.0
V -7.551 -43.435 -0.239
S -5.771 -43.196 3.122
G -4.044 -39.917 2.24
R -2.862 -40.979 -1.207
T -2.976 -38.265 -3.858
I -3.123 -38.94 -7.596
S -2.186 -35.314 -8.304
T 1.041 -34.625 -10.205
F 1.187 -38.366 -10.973
A 0.153 -40.278 -14.104
M -2.557 -42.93 -13.776
G -3.474 -46.01 -15.788
W -6.206 -48.607 -16.09
F -5.411 -52.316 -16.396
R -7.745 -55.28 -16.78
Q -7.407 -59.001 -16.096
A -9.716 -61.166 -18.174
P -10.656 -64.494 -16.542
G -7.713 -66.814 -17.094
K -5.564 -64.291 -18.97
E -2.641 -62.015 -18.223
R -2.795 -58.418 -17.051
E -3.545 -56.066 -19.945
F -2.923 -52.346 -20.448
V -6.195 -50.503 -21.105
A -5.192 -46.858 -20.853
T -2.849 -44.315 -19.304
I -3.482 -40.607 -18.67
N -0.57 -38.244 -18.102
W -0.222 -36.239 -14.905
S -2.085 -33.253 -16.371
G -4.827 -35.132 -18.229
S -3.679 -33.527 -21.479
S -2.775 -36.775 -23.258
A -3.979 -40.363 -23.13
R -2.922 -43.69 -24.651
Y -5.226 -46.668 -25.236
A -4.771 -50.318 -26.144
D -5.686 -51.538 -29.619
P -8.893 -53.359 -28.507
V -9.928 -50.392 -26.38
E -9.077 -47.653 -28.881
G -12.118 -45.624 -29.874
R -14.461 -47.21 -27.319
F -12.954 -46.345 -23.894
T -12.248 -42.897 -22.421
I -9.948 -42.175 -19.464
S -10.163 -39.107 -17.237
R -8.966 -37.8 -13.883
D -10.291 -35.614 -11.047
D -7.271 -34.62 -8.949
A -9.451 -32.783 -6.418
K -11.401 -35.964 -5.653
N -8.302 -38.134 -6.263
T -10.211 -40.441 -8.598
V -9.619 -41.763 -12.1
Y -12.376 -42.829 -14.485
L -12.821 -45.378 -17.273
E -15.854 -44.645 -19.447
M -16.472 -47.804 -21.489
S -18.906 -47.608 -24.42
S -20.205 -50.146 -26.947
L -19.01 -52.896 -24.632
K -18.066 -56.257 -26.122
P -18.317 -59.615 -24.326
G -14.535 -59.921 -24.574
D -14.11 -56.66 -22.667
S -15.413 -58.676 -19.714
A -12.62 -58.668 -17.134
V -11.633 -57.292 -13.725
Y -10.671 -53.611 -14.014
Y -8.333 -51.689 -11.717
C -6.258 -48.497 -11.784
A -2.644 -47.889 -10.84
S -0.586 -44.906 -9.762
G 1.989 -43.978 -12.364
R 5.228 -42.047 -12.54
Y 5.744 -38.482 -11.36
L 5.187 -35.932 -14.135
G 5.133 -38.555 -16.876
G 2.719 -39.819 -19.476
I 2.081 -41.773 -22.662
T 5.65 -42.971 -23.133
S 5.186 -44.882 -19.884
Y 2.554 -47.573 -20.46
S 4.503 -50.627 -19.244
Q 3.515 -52.415 -16.041
G 6.819 -51.456 -14.424
D 5.742 -47.829 -14.885
F 2.789 -48.059 -12.449
A 2.896 -48.577 -8.667
P 1.024 -49.15 -6.445
W -1.938 -51.116 -7.803
G -5.613 -50.892 -6.948
Q -8.337 -53.311 -5.951
G -10.386 -54.369 -8.936
T -14.016 -54.155 -9.989
Q -15.591 -56.927 -12.056
V -17.171 -56.093 -15.42
T -19.05 -58.931 -17.138
V -20.496 -58.271 -20.603
S -22.927 -60.711 -22.224
S -23.866 -60.869 -25.906
A -27.332 -59.435 -26.474
