tag x y z
M 21.417 -48.785 1.238
A 25.112 -48.329 2.009
E 27.688 -45.556 2.081
V 29.38 -44.795 -1.21
Q 32.525 -46.852 -1.739
L 33.457 -45.027 -4.988
Q 34.029 -41.272 -5.301
A 34.415 -39.313 -8.539
S 36.358 -36.063 -8.688
G 38.055 -33.622 -11.009
G 34.907 -32.121 -12.487
G 34.814 -28.38 -12.903
L 33.62 -25.766 -15.33
V 35.266 -25.671 -18.756
Q 34.721 -24.113 -22.167
A 34.116 -25.976 -25.411
G 37.161 -27.674 -26.884
D 38.872 -27.803 -23.48
S 40.181 -30.987 -21.858
L 39.386 -32.35 -18.395
R 40.488 -35.406 -16.434
L 38.223 -37.296 -14.037
S 39.2 -39.821 -11.368
C 37.003 -42.293 -9.476
V 38.577 -43.597 -6.273
A 37.637 -46.798 -4.479
V 37.661 -46.153 -0.729
S 37.021 -47.922 2.574
G 38.799 -51.112 1.475
R 37.246 -51.407 -1.977
T 39.544 -52.625 -4.741
I 39.052 -52.053 -8.472
S 41.597 -54.735 -9.39
T 40.529 -57.835 -11.329
F 37.165 -56.075 -11.888
A 36.004 -54.214 -14.987
M 34.915 -50.586 -14.569
G 32.675 -48.034 -16.243
W 31.945 -44.335 -16.434
F 28.318 -43.188 -16.707
R 26.801 -39.719 -16.996
Q 23.477 -38.052 -16.212
A 22.791 -34.971 -18.309
P 20.445 -32.484 -16.594
G 16.923 -33.792 -17.042
K 18.161 -36.884 -18.875
E 18.58 -40.567 -18.188
R 21.763 -42.318 -17.106
E 24.047 -42.935 -20.083
F 26.97 -45.281 -20.762
V 30.136 -43.299 -21.43
A 32.816 -45.975 -21.303
T 33.876 -49.364 -19.938
I 37.355 -50.845 -19.431
N 37.994 -54.553 -19.027
W 39.745 -55.936 -15.971
S 43.141 -56.059 -17.658
G 42.807 -52.618 -19.245
S 43.793 -53.993 -22.654
S 40.355 -53.342 -24.184
A 38.036 -50.36 -23.783
R 34.631 -49.434 -25.215
Y 33.089 -45.991 -25.673
A 29.681 -44.537 -26.424
D 29.069 -43.207 -29.924
P 29.121 -39.471 -29.026
V 32.062 -39.984 -26.671
E 34.068 -42.097 -29.126
G 37.254 -40.455 -30.36
R 37.336 -37.793 -27.635
F 37.249 -39.589 -24.263
T 39.781 -42.183 -23.09
I 39.332 -44.467 -20.071
S 42.181 -45.76 -17.919
R 42.912 -47.552 -14.655
D 45.653 -47.678 -12.007
D 44.892 -50.757 -9.903
A 47.598 -49.983 -7.331
K 45.903 -46.693 -6.41
N 42.385 -48.111 -7.045
T 41.596 -45.188 -9.357
V 39.755 -45.121 -12.689
Y 40.22 -42.134 -15.018
L 38.163 -40.485 -17.786
E 40.317 -38.233 -19.993
M 37.956 -35.833 -21.788
S 39.249 -33.786 -24.731
S 37.636 -31.269 -27.118
L 34.496 -31.202 -24.992
K 31.087 -30.057 -26.234
P 28.179 -28.322 -24.46
G 26.081 -31.491 -24.704
D 28.789 -33.404 -22.85
S 27.991 -31.449 -19.681
A 26.58 -33.854 -17.112
V 27.171 -35.49 -13.74
Y 29.94 -38.059 -14.304
Y 30.238 -41.074 -11.988
C 31.929 -44.482 -12.115
A 30.807 -47.979 -11.206
S 32.464 -51.281 -10.396
G 31.984 -53.843 -13.131
R 31.842 -57.592 -13.575
Y 34.774 -59.739 -12.449
L 37.165 -60.57 -15.294
G 34.88 -59.118 -17.959
G 34.842 -56.312 -20.466
I 33.481 -54.744 -23.631
T 30.49 -57.05 -23.931
S 29.147 -55.859 -20.573
Y 28.273 -52.202 -21.144
S 24.719 -52.355 -19.761
Q 23.712 -50.556 -16.562
G 22.806 -53.785 -14.767
D 26.322 -55.041 -15.397
F 27.834 -52.47 -12.984
A 27.566 -52.331 -9.18
P 28.105 -50.484 -6.884
W 27.889 -46.864 -8.05
G 29.858 -43.761 -7.14
Q 29.08 -40.182 -6.202
G 29.293 -38.111 -9.347
T 31.279 -34.996 -10.144
Q 29.61 -32.186 -12.088
V 31.242 -31.287 -15.413
T 29.814 -28.168 -17.074
V 30.894 -27.189 -20.599
S 30.084 -23.759 -22.053
S 30.036 -22.963 -25.782
