tag x y z
V 23.635 21.442 -12.598
Q 24.307 24.127 -9.986
L 23.661 24.076 -6.241
Q 24.448 27.063 -4.009
E 23.78 27.095 -0.331
S 23.372 30.144 1.85
G 22.046 31.227 5.26
G 24.697 29.893 7.559
G 26.181 31.967 10.334
L 27.588 32.16 13.811
V 24.942 31.723 16.545
Q 24.701 31.072 20.257
P 23.49 27.797 21.624
G 19.704 27.622 21.48
G 19.874 29.814 18.384
S 18.406 29.352 14.939
S 18.331 29.392 14.938
L 19.203 29.674 11.256
R 17.37 29.113 7.983
L 19.535 27.575 5.345
S 18.655 27.863 1.649
S 18.576 27.717 1.694
C 19.938 26.17 -1.481
A 19.367 27.61 -4.934
A 19.259 25.074 -7.735
S 19.561 25.387 -11.504
G 20.352 23.267 -14.578
F 17.952 20.424 -13.928
T 14.276 19.897 -13.162
F 14.249 20.716 -9.444
S 10.611 19.738 -9.078
S 11.484 16.118 -9.973
S 11.49 16.12 -9.941
A 14.643 15.807 -7.764
I 15.091 14.137 -4.422
M 17.068 16.639 -2.307
T 19.336 16.0 0.658
W 21.221 18.027 3.275
V 24.537 16.694 4.553
V 24.444 16.657 4.683
R 26.98 18.183 7.031
Q 30.741 17.908 7.467
A 32.901 19.3 10.285
P 36.699 19.223 10.239
G 38.052 15.979 11.666
K 34.66 14.283 11.72
G 32.784 11.927 9.491
R 30.285 13.138 6.899
E 26.77 13.136 8.426
W 23.447 12.892 6.667
V 20.971 15.463 7.999
S 17.697 15.124 6.106
T 16.187 14.155 2.778
I 13.023 15.388 1.034
G 11.171 13.79 -1.855
S 10.505 15.796 -5.013
D 6.911 16.825 -4.136
G 7.893 17.688 -0.504
S 5.518 15.264 1.22
I 8.082 12.65 2.23
T 10.78 13.838 4.642
T 13.329 11.913 6.638
Y 15.759 13.032 9.304
A 18.832 11.901 11.146
D 18.106 11.01 14.754
S 20.68 13.69 15.775
V 18.431 16.483 14.408
K 14.884 15.081 14.81
G 12.502 17.644 16.333
R 14.977 20.517 15.888
F 15.517 20.826 12.109
T 12.878 20.896 9.401
I 13.505 20.318 5.718
S 11.277 21.938 3.079
R 11.296 23.041 -0.549
D 9.65 25.52 -2.903
N 9.543 23.875 -6.271
A 8.284 27.032 -7.998
R 11.358 28.913 -6.771
N 13.925 26.082 -7.255
N 13.923 26.078 -7.251
T 14.865 26.372 -3.583
L 15.507 23.838 -0.808
Y 15.423 24.952 2.859
L 16.593 23.762 6.263
Q 15.048 25.5 9.262
M 17.415 24.91 12.184
N 16.213 25.485 15.774
S 17.665 24.732 19.224
L 21.2 24.773 17.823
K 24.015 23.107 19.804
K 24.031 23.057 19.773
P 27.87 23.384 19.49
E 27.856 19.836 18.056
D 25.811 21.125 15.05
T 28.811 23.154 13.919
A 29.678 22.099 10.353
V 29.575 22.976 6.721
Y 26.044 22.144 5.549
Y 25.621 21.224 1.987
C 22.933 20.091 -0.456
C 23.04 19.929 -0.481
T 23.332 17.077 -2.642
T 23.359 16.879 -2.596
S 21.383 15.543 -5.537
A 22.284 12.819 -8.06
G 25.912 12.717 -6.998
R 26.458 16.47 -7.21
R 26.851 18.814 -4.262
G 27.009 22.521 -3.592
P 29.967 24.194 -1.921
G 28.087 24.552 1.34
T 27.373 27.058 4.092
Q 29.086 27.281 7.449
V 27.111 26.932 10.623
T 29.012 27.692 13.828
V 27.375 27.461 17.252
S 29.501 28.926 20.042
S 28.913 30.486 23.473
H 32.053 32.662 22.91
