tag x y z
Q 231.821 208.557 136.078
V 234.195 211.429 135.315
Q 237.102 210.959 132.886
L 239.482 213.689 131.745
V 241.444 214.153 128.515
E 244.628 216.23 128.619
S 245.805 218.196 125.598
G 248.384 220.856 124.914
G 251.505 218.731 125.342
G 254.568 219.295 123.202
L 258.162 220.411 123.128
V 258.945 224.131 123.426
Q 262.09 226.242 123.551
A 263.724 227.604 126.718
G 261.555 230.188 128.441
G 258.513 229.365 126.362
S 255.008 229.099 127.712
L 252.911 226.166 126.553
R 249.251 226.556 127.502
L 247.915 223.298 128.974
S 244.148 223.134 128.529
C 242.43 219.95 129.697
A 238.904 219.004 128.633
V 236.851 217.78 131.584
S 233.603 215.773 131.662
G 231.299 215.946 134.66
L 233.171 218.819 136.344
G 231.703 221.438 138.664
A 231.732 220.043 142.183
H 234.988 218.098 142.064
R 238.293 219.833 142.703
V 240.951 219.532 139.992
G 244.681 219.07 140.447
W 247.811 219.234 138.298
F 250.675 216.805 138.96
R 253.904 215.952 137.168
R 256.314 213.012 136.94
A 259.94 214.059 136.831
P 262.209 211.682 134.883
G 263.287 209.745 137.948
K 261.029 211.339 140.537
E 257.643 210.429 141.927
R 254.847 212.955 141.513
E 254.654 216.027 143.665
F 251.841 218.519 143.649
V 251.996 221.342 141.093
A 248.655 223.132 141.346
A 244.98 222.57 142.078
I 241.96 224.86 142.082
G 238.592 224.359 143.697
A 235.55 225.118 141.597
N 234.66 228.823 141.444
G 237.493 229.515 143.84
G 240.691 231.476 144.21
N 242.068 228.894 146.677
T 245.407 227.978 145.108
N 248.235 226.047 146.737
Y 251.475 225.817 144.762
L 254.819 224.181 145.349
D 257.609 226.577 146.211
S 259.371 225.315 143.074
V 256.573 226.536 140.801
K 255.581 229.501 143.002
G 255.081 232.807 141.226
R 255.135 231.645 137.609
F 252.28 229.111 137.161
T 248.64 230.11 137.56
I 245.312 228.424 136.907
S 241.897 229.572 135.712
R 238.526 227.828 135.65
D 236.023 228.403 132.855
N 233.127 226.514 134.537
A 231.513 226.715 131.061
K 233.582 224.598 128.675
N 234.507 222.27 131.557
T 238.242 222.88 131.211
I 241.137 223.79 133.494
Y 243.979 225.856 132.089
L 247.571 226.009 133.35
Q 249.81 228.814 132.087
M 253.435 227.691 132.431
N 255.477 230.9 132.297
S 259.253 231.053 131.748
L 259.823 227.368 132.407
K 263.291 226.594 133.73
P 264.735 223.664 131.724
Q 264.774 220.947 134.386
D 260.999 221.285 134.903
T 260.275 218.793 132.098
A 257.573 216.391 133.228
V 254.29 214.737 132.246
Y 251.327 216.682 133.64
Y 248.122 214.875 134.651
C 244.683 216.232 135.489
A 243.071 214.673 138.551
A 239.798 214.936 140.456
R 238.785 214.334 144.075
D 235.603 213.048 145.718
I 235.771 212.571 149.496
E 239.55 212.453 149.577
T 240.914 209.322 151.245
A 244.325 207.934 150.304
E 244.591 210.258 147.26
Y 242.596 211.793 144.413
T 240.249 209.148 143.019
Y 240.339 209.895 139.262
W 243.504 210.048 137.116
G 243.532 211.152 133.506
Q 246.304 209.868 131.239
G 247.85 213.338 130.713
T 250.263 214.682 128.104
Q 253.988 215.31 127.507
V 255.522 218.801 127.67
T 259.316 219.122 127.421
V 261.334 222.323 127.192
S 264.458 222.566 125.029
S 267.478 224.546 126.182
