tag x y z
V 229.761 220.596 271.959
Q 231.784 222.289 274.744
L 231.298 225.808 276.207
V 233.06 227.442 279.167
E 232.66 231.192 279.669
S 235.332 233.504 281.093
G 235.119 236.914 282.859
G 232.587 238.555 285.222
G 232.951 239.895 288.803
L 232.023 242.708 291.24
V 231.551 245.795 289.066
Q 230.703 249.381 290.049
A 228.915 252.025 287.925
G 230.885 253.01 284.776
G 232.989 249.785 284.982
S 234.03 247.25 282.317
L 234.219 243.432 282.052
R 235.167 240.992 279.256
L 233.299 237.686 278.661
S 234.688 235.034 276.268
C 233.666 231.482 275.241
A 234.942 228.932 272.681
A 232.893 226.498 270.602
S 234.156 222.989 269.784
G 232.427 220.095 267.991
F 231.88 222.52 265.091
T 234.198 225.188 263.574
F 231.993 228.058 264.998
S 232.646 230.391 262.062
N 229.161 229.633 260.606
Y 227.037 229.769 263.793
V 225.799 232.987 265.499
M 226.173 233.506 269.271
Y 223.793 235.7 271.315
W 224.236 237.144 274.82
G 221.51 236.168 277.327
R 220.991 237.22 280.979
Q 218.455 236.012 283.574
A 218.041 238.11 286.734
P 217.744 235.54 289.561
G 214.123 234.295 289.948
K 213.009 236.308 286.868
G 212.693 235.731 283.083
R 215.603 235.275 280.634
E 216.357 238.164 278.269
W 218.164 238.746 274.982
V 221.041 241.228 275.516
S 222.741 241.461 272.12
G 223.308 239.636 268.843
I 226.235 239.333 266.431
D 226.094 238.458 262.74
S 227.913 235.353 261.523
D 230.493 237.565 259.71
G 230.765 240.111 262.578
S 229.687 243.107 260.46
D 226.096 243.188 261.743
T 225.569 243.747 265.464
A 222.243 244.099 267.262
Y 221.551 244.98 270.883
A 218.591 245.019 273.228
S 217.003 248.492 273.448
S 218.166 248.486 277.133
V 221.891 248.274 276.229
K 221.829 250.373 273.005
G 224.579 253.05 272.803
R 226.35 251.76 275.978
F 227.755 248.307 275.261
T 230.408 247.147 272.825
I 230.061 243.705 271.219
S 232.988 241.996 269.485
R 234.005 238.409 268.66
D 237.019 236.809 266.934
N 236.278 234.016 264.453
A 239.864 232.681 264.265
K 240.333 231.353 267.899
N 236.547 230.999 268.218
T 236.107 233.704 270.915
L 233.049 235.979 271.528
Y 233.617 239.067 273.684
L 231.378 241.612 275.374
Q 232.745 244.997 276.554
M 230.26 246.748 278.851
N 230.23 250.523 279.601
N 228.044 252.567 281.982
L 227.616 249.274 283.944
K 225.128 249.486 286.835
P 223.384 247.354 289.514
E 220.49 247.305 286.959
D 222.535 244.84 284.839
T 222.987 242.249 287.574
A 222.198 238.81 286.075
L 223.712 235.454 285.11
Y 225.069 235.963 281.567
Y 224.978 233.213 278.941
C 226.791 232.891 275.624
V 224.687 230.552 273.506
K 225.046 228.535 270.321
S 222.207 229.308 267.901
K 221.247 225.971 266.293
S 221.082 228.031 261.719
P 224.267 229.479 260.109
W 224.31 232.627 257.951
T 220.945 233.777 259.423
R 219.944 236.726 261.653
S 216.94 235.307 263.612
E 217.654 235.645 267.352
F 217.091 232.695 269.737
D 219.292 229.866 271.085
D 218.853 226.081 271.035
Y 221.755 225.69 273.523
W 222.72 227.47 276.746
G 226.317 227.914 277.927
Q 227.728 227.522 281.459
G 226.849 231.159 282.24
T 228.738 233.524 284.537
Q 227.878 234.727 288.073
V 228.019 238.516 287.788
T 227.584 240.431 291.056
V 227.044 244.202 290.749
S 227.411 246.289 293.936
S 228.864 249.607 295.163
