tag x y z
H 129.562 164.777 265.439
V 130.22 164.006 261.762
Q 130.011 160.414 260.494
L 132.393 159.882 257.571
V 131.556 156.179 257.166
E 130.304 155.42 253.65
S 130.175 151.633 253.216
G 131.516 148.477 254.806
G 133.715 147.589 251.849
G 133.879 145.197 248.942
L 136.017 142.828 246.937
V 139.297 144.17 245.546
Q 141.08 142.662 242.547
A 144.821 142.49 241.937
G 146.224 145.8 240.73
G 142.89 147.552 241.156
S 142.121 151.257 241.326
L 139.181 152.507 243.403
R 138.443 156.201 244.017
L 135.798 156.412 246.733
S 133.765 159.621 246.966
C 132.742 160.981 250.358
A 129.015 161.475 250.88
A 129.565 164.989 252.284
S 126.007 164.96 253.657
G 124.909 166.126 257.092
S 125.099 169.352 259.089
I 126.908 172.553 258.098
F 130.643 172.013 257.628
S 133.467 174.274 258.792
S 137.035 175.208 257.863
N 138.723 172.877 260.342
A 142.136 171.296 259.851
M 142.184 167.53 259.329
S 144.81 164.975 260.333
W 145.161 161.409 259.041
Y 146.973 158.821 261.168
R 147.934 155.18 260.666
Q 147.898 152.573 263.43
A 149.161 148.995 263.519
P 150.324 146.497 266.161
G 153.649 147.359 267.755
K 153.488 151.03 266.717
Q 151.996 154.077 268.426
R 150.202 156.995 266.769
E 152.198 158.861 264.117
L 151.507 162.076 262.194
V 150.968 160.508 258.781
A 149.254 163.384 256.967
S 147.852 166.834 257.733
I 145.561 168.819 255.418
T 144.577 172.408 256.197
S 141.484 174.342 255.054
G 142.582 174.358 251.425
G 145.937 176.024 252.086
N 148.338 173.102 251.742
A 148.642 169.423 252.634
D 151.648 167.592 254.08
Y 152.145 163.843 253.642
A 154.876 161.44 254.689
D 157.352 160.198 252.097
S 156.198 156.587 252.459
V 152.532 157.533 251.947
K 153.293 160.329 249.467
G 151.137 160.188 246.337
R 149.831 156.618 246.516
F 147.737 157.46 249.603
T 146.449 161.029 249.685
I 143.547 163.189 250.85
S 142.382 166.383 249.132
R 140.069 169.142 250.371
D 137.88 171.016 247.89
K 134.664 173.004 248.425
N 134.129 171.509 251.892
T 134.532 168.008 250.443
V 137.134 165.325 251.172
Y 138.407 163.246 248.247
P 140.677 160.284 249.106
E 143.066 158.946 246.468
M 144.012 155.29 246.971
S 146.871 153.52 245.194
S 149.683 151.014 245.74
L 147.639 148.377 247.56
K 149.839 145.742 249.204
P 149.337 143.067 251.896
A 151.487 145.078 254.323
D 149.02 147.992 254.067
T 146.673 146.258 256.539
A 146.283 148.913 259.243
V 143.768 151.242 260.911
Y 143.013 154.779 259.731
Y 142.292 157.524 262.266
C 140.841 160.957 261.494
H 141.341 163.961 263.784
A 139.507 167.281 263.433
V 139.247 170.575 265.33
G 136.044 171.582 267.098
Q 135.454 174.898 268.874
E 131.654 175.139 269.258
A 131.406 171.805 271.067
S 131.614 172.788 274.762
A 127.825 173.016 275.228
Y 127.498 169.399 276.412
A 130.801 167.621 275.603
P 133.893 169.859 275.59
R 135.996 167.112 273.996
A 137.564 166.649 270.58
Y 135.525 164.667 268.048
W 137.782 161.639 267.557
G 136.274 159.439 264.868
Q 136.339 155.691 265.328
G 139.349 154.079 263.681
T 138.516 152.268 260.437
Q 140.366 148.98 259.961
V 141.519 148.048 256.447
T 142.949 144.643 255.523
V 144.258 143.26 252.23
S 143.933 139.554 251.433
S 143.211 137.628 248.237
