tag x y z
D -25.72 -49.843 43.572
V -28.165 -52.244 45.264
Q -27.48 -55.924 45.998
L -29.857 -58.207 47.928
Q -29.334 -61.837 49.117
E -31.701 -64.391 50.726
S -30.812 -66.758 53.575
G -32.374 -69.143 56.047
G -33.042 -71.946 53.59
G -32.635 -75.635 54.151
L -34.361 -79.002 54.446
V -37.494 -79.279 56.571
Q -40.011 -82.002 57.231
A -43.521 -82.122 55.849
G -45.715 -80.368 58.338
G -43.058 -77.9 59.49
S -42.128 -74.233 59.675
L -39.165 -72.094 58.608
R -38.295 -68.39 58.588
L -36.584 -67.0 55.484
S -34.844 -63.646 55.503
C -33.957 -61.286 52.665
A -31.04 -58.941 53.442
A -30.847 -55.535 51.695
S -27.948 -53.137 51.214
G -28.59 -49.714 52.471
S -31.79 -48.836 54.294
I -34.913 -50.87 53.585
S -37.217 -47.849 53.828
R -35.774 -46.552 50.545
F -37.227 -49.398 48.473
N -40.69 -48.617 47.111
A -41.774 -52.264 46.966
M -40.34 -55.642 47.929
G -41.549 -59.202 47.74
W -40.973 -62.911 47.209
W -41.271 -65.32 44.293
R -40.623 -69.045 44.044
Q -40.126 -71.538 41.238
A -40.211 -75.214 41.506
P -38.008 -77.268 39.148
G -39.777 -77.692 35.81
K -42.708 -75.432 36.894
E -43.503 -71.878 35.834
R -42.355 -69.047 38.066
E -44.975 -68.72 40.808
F -45.861 -65.544 42.706
V -45.549 -65.614 46.493
A -45.691 -62.188 48.233
R -45.41 -58.384 47.74
I -45.142 -55.355 50.072
V -45.312 -51.838 48.583
K -44.111 -48.754 50.494
G -46.974 -47.529 52.614
G -48.932 -50.68 51.92
Y -50.386 -53.72 53.557
A -48.846 -56.965 52.444
V -50.787 -59.106 50.01
L -50.225 -62.858 49.873
A -50.846 -65.588 47.321
D -53.826 -67.927 47.708
S -51.74 -71.163 47.966
V -50.095 -69.676 51.107
K -52.753 -67.149 52.232
G -53.607 -68.861 55.492
R -50.007 -69.416 56.583
F -46.806 -67.611 55.606
T -46.158 -64.086 56.922
I -43.944 -61.303 55.578
S -42.264 -58.833 57.865
I -40.0 -55.835 57.689
D -37.305 -54.918 60.173
S -36.282 -51.345 59.45
A -33.803 -51.542 62.337
E -31.938 -54.565 60.9
N -32.713 -53.58 57.265
T -34.164 -56.98 56.43
L -37.423 -58.282 54.986
A -38.459 -61.584 56.595
L -40.813 -64.279 55.328
Q -41.842 -66.73 58.058
M -43.075 -69.983 56.616
N -45.372 -72.184 58.648
R -47.419 -75.35 58.043
L -45.128 -76.365 55.186
K -46.34 -79.037 52.778
P -44.219 -81.341 50.614
E -45.306 -79.379 47.502
D -43.605 -76.287 48.948
T -40.219 -77.704 47.947
A -39.07 -75.173 45.355
V -36.452 -72.55 44.612
Y -37.204 -69.245 46.387
Y -36.237 -65.751 45.124
C -36.594 -62.307 46.773
F -37.205 -59.081 44.77
A -36.857 -55.32 45.481
A -38.076 -52.252 43.516
L -36.06 -49.007 43.129
D -34.871 -47.562 39.785
T -35.503 -51.049 38.386
A -36.301 -54.429 39.913
Y -33.435 -56.227 41.676
W -33.386 -59.922 42.596
G -31.28 -62.131 44.801
Q -29.972 -65.42 43.499
G -32.334 -67.377 45.743
T -32.292 -69.898 48.58
Q -33.421 -73.515 48.306
V -36.331 -74.782 50.445
T -36.918 -78.558 50.495
V -39.882 -80.288 52.181
S -39.762 -84.092 52.453
