tag x y z
G 18.031 -1.917 -11.668
P 17.432 -3.02 -8.033
L 14.703 -5.358 -6.705
G 11.667 -3.122 -6.222
S 11.782 -4.255 -2.579
Q 15.334 -2.72 -2.169
V 14.046 0.791 -2.937
Q 13.03 2.776 0.138
L 11.447 6.192 0.555
V 11.438 7.284 4.203
E 9.258 10.185 5.235
S 9.999 12.069 8.45
G 9.085 15.319 10.17
G 5.466 14.515 11.039
G 4.008 15.274 14.41
L 1.323 17.088 16.331
V 0.872 20.84 15.894
Q -1.649 23.428 16.981
T -3.855 25.129 14.413
G -1.847 27.789 12.581
G 1.466 26.025 13.136
S 4.028 24.638 10.703
L 5.872 21.398 9.968
R 8.495 20.489 7.456
L 8.244 16.957 6.108
S 11.182 15.384 4.358
C 11.593 12.188 2.326
A 14.951 10.406 1.869
A 15.228 7.951 -1.035
S 17.632 5.04 -1.186
G 18.224 1.964 -3.342
R 18.26 3.963 -6.58
T 18.462 7.599 -7.687
F 15.444 9.692 -8.595
R 17.491 12.624 -9.97
R 15.604 12.512 -13.311
N 12.209 11.642 -11.838
T 9.082 13.494 -10.702
M 8.409 13.24 -6.967
G 5.171 13.97 -5.119
W 3.496 14.218 -1.747
F 0.068 12.728 -1.074
R -1.995 12.461 2.075
Q -4.581 9.983 3.332
A -7.187 10.634 5.993
P -9.032 7.825 7.743
G -11.553 6.259 5.389
K -10.451 8.176 2.302
V -8.417 7.748 -0.884
R -4.784 8.952 -1.134
E -5.159 12.634 -2.101
F -2.708 14.676 -4.124
V -0.821 17.42 -2.251
A 2.12 18.585 -4.378
A 4.613 17.432 -7.027
I 7.928 18.624 -8.399
S 9.826 17.96 -11.606
W 13.333 16.504 -11.504
S 14.972 19.927 -11.907
G 12.576 21.744 -9.559
D 11.629 24.07 -12.431
R 8.006 22.73 -12.528
T 5.902 22.33 -9.331
Y 2.153 21.676 -8.911
C -0.027 21.576 -5.856
C -0.022 21.785 -5.792
A -3.603 21.022 -4.805
D -5.811 24.132 -4.713
S -6.506 23.622 -0.997
V -2.811 23.897 -0.062
K -1.591 26.484 -2.602
G 0.179 29.406 -0.887
R 0.662 27.487 2.407
F 2.613 24.377 1.315
T 5.892 24.496 -0.579
I 7.529 21.413 -2.185
S 11.273 21.432 -2.88
R 13.952 18.851 -3.541
D 17.693 18.334 -3.159
N 18.876 15.782 -5.726
A 22.385 15.717 -4.277
K 20.996 14.551 -0.92
N 18.239 12.352 -2.416
T 15.54 14.29 -0.548
V 12.167 15.876 -1.251
D 10.637 18.248 1.3
L 7.168 19.646 1.964
L 7.055 22.797 4.056
M 3.589 23.134 5.537
N 2.577 26.521 6.94
S -0.767 27.659 8.357
L -1.807 24.109 9.214
K -5.514 23.513 9.857
P -7.293 20.522 11.451
E -8.442 19.515 7.936
D -4.8 18.85 7.069
T -4.627 15.943 9.565
A -3.586 12.78 7.635
I -0.779 10.308 6.93
Y 1.476 12.058 4.449
Y 3.259 9.971 1.835
C 6.11 10.762 -0.511
A 6.008 9.014 -3.867
A 8.372 8.684 -6.824
D 7.621 8.142 -10.491
G 10.358 5.603 -11.221
T 10.049 6.206 -14.954
A 12.069 9.227 -16.059
S 9.472 11.01 -18.147
V 8.495 14.606 -18.817
F 6.713 16.288 -15.915
N 3.024 16.762 -16.608
S 1.025 18.722 -14.075
Y -2.149 16.612 -14.571
A -0.283 13.288 -14.452
S 1.623 14.44 -11.393
A -1.622 14.595 -9.436
D -2.475 10.967 -10.225
R -1.358 8.409 -7.593
N -1.166 5.748 -10.34
K 1.763 7.588 -11.946
Y 3.943 6.778 -8.93
N 5.318 3.303 -8.31
Y 7.478 3.875 -5.199
W 5.873 5.009 -1.943
G 7.102 5.585 1.603
Q 5.293 4.142 4.669
G 4.035 7.602 5.555
T 4.405 10.063 8.419
Q 1.439 11.031 10.594
V 0.488 14.725 10.795
T -2.084 15.796 13.364
V -3.36 19.369 13.718
S -5.453 20.112 16.796
S -7.427 23.198 17.729
