tag x y z
Q 27.256 -3.542 24.271
V 24.171 -3.553 26.51
Q 21.486 -5.199 24.401
L 17.787 -5.739 25.101
Q 15.519 -7.621 22.674
E 11.785 -8.07 23.291
S 9.809 -11.083 22.034
G 6.259 -12.37 22.203
G 3.871 -9.629 21.133
G 1.051 -10.08 18.679
L -2.582 -9.501 17.731
V -5.004 -11.085 20.197
Q -8.567 -10.835 21.437
P -9.824 -9.441 24.733
G -9.575 -12.002 27.502
G -6.59 -13.617 25.843
S -3.081 -13.946 27.213
L 0.434 -13.344 25.977
R 3.903 -13.85 27.454
L 6.583 -11.313 26.601
S 10.271 -12.162 26.83
C 13.297 -9.894 26.924
A 16.757 -11.456 26.477
A 19.518 -9.329 27.977
S 23.234 -9.357 27.161
G 26.212 -7.083 27.582
F 25.874 -6.655 31.35
T 25.594 -8.795 34.476
F 21.83 -9.287 34.37
K 21.618 -10.724 37.896
M 22.806 -7.429 39.412
M 22.777 -7.437 39.453
Y 20.153 -5.078 38.011
A 16.527 -4.368 38.68
M 14.589 -4.577 35.401
S 11.34 -3.042 34.137
W 8.691 -3.17 31.449
V 7.437 0.128 30.013
R 4.99 0.693 27.186
Q 3.935 3.246 24.608
A 0.188 3.042 23.912
P -1.399 4.772 20.897
G -1.426 8.516 21.325
K 0.671 8.475 24.493
G 4.192 8.633 25.891
L 6.285 5.963 27.614
E 4.377 4.643 30.635
W 5.862 2.33 33.235
V 4.186 -1.074 33.584
S 6.148 -3.19 36.096
S 9.482 -3.473 37.871
I 11.301 -6.388 39.513
N 14.393 -6.311 41.697
S 17.692 -8.107 41.094
A 16.875 -11.322 42.954
G 13.344 -11.511 41.59
G 11.596 -11.413 44.934
S 9.986 -8.003 44.991
T 7.744 -6.628 42.247
S 5.785 -3.456 41.483
Y 2.954 -2.778 39.018
V 0.996 0.137 37.621
D -2.559 -0.041 38.939
S -4.075 -0.652 35.525
V -2.271 -4.007 35.173
K -2.197 -5.073 38.816
G -3.814 -8.471 39.251
R -3.608 -9.209 35.516
F 0.11 -9.023 34.638
T 2.983 -10.821 36.376
I 6.624 -9.807 35.966
S 9.297 -12.44 36.537
R 12.909 -13.136 35.602
D 15.204 -16.109 35.026
N 18.641 -14.946 36.112
A 20.257 -18.197 34.948
K 18.987 -17.486 31.416
N 19.388 -13.663 31.383
T 15.71 -13.279 30.585
L 12.911 -11.019 31.755
Y 9.266 -12.0 31.328
L 5.874 -10.326 31.391
Q 2.885 -12.653 31.624
M -0.121 -10.673 30.396
N -3.473 -12.256 31.326
S -7.034 -11.0 30.952
L -5.938 -8.69 28.164
K -7.969 -5.551 27.512
P -8.1 -3.277 24.463
D -6.375 -0.59 26.484
D -3.33 -2.876 26.87
T -2.59 -2.18 23.206
A 0.908 -0.726 23.0
V 4.513 -1.278 22.077
Y 6.092 -2.99 25.097
Y 9.748 -2.313 25.922
C 12.326 -3.88 28.246
V 14.531 -1.429 30.178
Q 17.453 -1.696 32.598
G 16.803 -0.525 36.131
R 13.652 0.964 37.635
N 14.33 4.729 37.517
W 13.572 7.089 34.711
P 15.136 8.257 32.379
Y 16.06 4.808 31.026
D 19.451 4.775 29.298
Y 18.972 1.266 27.868
R 15.746 0.164 26.124
G 15.052 -2.623 23.639
Q 13.421 -2.224 20.261
G 9.949 -3.139 21.57
T 7.375 -5.822 20.786
Q 3.956 -4.731 19.518
V 0.834 -5.857 21.37
T -2.624 -5.213 19.916
V -5.788 -6.36 21.711
S -8.837 -6.067 19.482
