tag x y z
Q 147.128 116.582 101.965
V 147.382 118.361 98.578
Q 149.629 116.585 96.067
L 150.343 118.217 92.714
Q 151.557 116.831 89.384
E 152.651 119.068 86.516
S 152.288 118.044 82.837
G 152.864 119.72 79.431
G 156.541 120.764 79.542
G 159.236 119.894 76.978
L 161.531 121.166 74.216
V 160.076 123.952 72.053
Q 160.975 126.44 69.337
P 161.162 130.166 70.193
G 157.905 131.88 69.251
G 156.246 128.512 69.917
S 153.49 127.719 72.373
L 153.103 125.38 75.32
R 150.228 124.396 77.641
L 151.29 123.478 81.139
S 148.757 121.786 83.368
C 148.855 120.878 87.031
A 146.531 118.297 88.48
A 145.814 118.508 92.202
S 144.477 116.109 94.918
Y 142.283 127.352 97.218
A 144.195 129.826 95.04
M 146.771 128.384 92.605
G 149.583 129.511 90.413
W 152.81 128.95 88.631
Y 156.396 129.792 89.578
R 159.575 128.902 87.691
Q 163.201 128.062 88.474
V 166.043 128.638 85.987
P 169.173 126.366 86.587
G 171.187 129.325 88.0
K 168.621 130.886 90.369
E 165.89 130.546 93.007
R 162.106 130.901 92.528
E 160.518 133.401 90.076
L 156.793 134.346 90.176
V 155.015 133.599 86.857
A 151.279 133.661 87.506
T 148.588 133.362 90.246
I 144.795 132.829 90.209
T 144.64 136.72 87.89
N 148.113 138.241 88.05
F 151.201 137.816 85.866
A 154.798 138.995 86.249
D 156.284 141.66 83.914
S 158.587 139.22 82.022
A 155.661 136.955 81.005
R 152.609 139.298 80.788
G 150.54 139.208 77.555
R 152.42 136.102 76.427
F 151.078 133.767 79.137
T 147.564 132.993 80.496
I 146.595 131.185 83.73
S 143.255 129.392 84.034
R 141.656 126.716 86.178
G 138.92 124.102 86.035
N 137.601 123.614 89.555
A 135.535 120.621 88.352
K 138.667 118.89 86.973
N 140.815 120.111 89.901
T 143.404 121.455 87.437
V 145.254 124.76 86.95
Y 146.614 125.511 83.454
L 149.32 127.843 82.16
Q 149.019 128.647 78.462
M 152.376 129.91 77.251
N 152.688 131.573 73.799
N 155.464 133.332 71.805
L 158.124 131.657 73.952
K 161.633 133.025 74.473
P 164.941 131.212 75.331
E 164.679 133.098 78.672
D 161.56 131.124 79.613
T 163.779 127.953 79.934
A 163.136 126.748 83.457
V 161.51 124.105 85.624
Y 157.907 125.311 86.02
Y 156.434 124.475 89.407
C 152.799 124.479 90.352
W 151.673 125.282 93.875
S 148.741 125.475 96.267
R 148.163 127.688 99.312
E 152.655 125.557 101.407
T 152.11 122.822 98.785
W 154.474 122.63 95.84
G 154.688 120.303 92.849
Q 157.879 118.664 91.67
G 157.962 120.861 88.555
T 157.909 120.244 84.797
Q 160.91 121.074 82.588
V 160.369 123.683 79.85
T 163.242 124.306 77.431
V 162.966 126.981 74.743
S 165.632 127.304 72.068
