tag x y z
V 129.661 164.2 100.455
Q 129.374 164.779 96.687
L 132.62 165.464 94.858
Q 133.373 166.966 91.44
E 136.81 166.95 89.827
S 138.109 169.666 87.487
G 141.376 170.423 85.645
G 142.043 167.284 83.572
G 142.747 167.104 79.846
L 145.256 166.494 77.076
V 148.778 167.667 77.878
Q 152.295 167.483 76.596
A 154.953 165.274 78.159
G 156.936 167.373 80.697
D 153.915 169.711 81.015
S 151.86 170.64 84.075
L 148.326 170.284 85.304
R 146.319 171.367 88.324
L 143.498 169.047 89.267
S 140.941 170.377 91.736
C 138.129 168.6 93.535
T 135.183 170.553 94.949
T 133.224 168.971 97.767
S 129.807 169.292 99.382
Y 137.842 165.062 106.766
G 141.026 163.778 105.141
V 141.03 163.62 101.328
G 142.886 161.523 98.736
W 143.716 161.588 95.054
F 143.664 158.185 93.339
R 144.042 157.259 89.667
Q 142.739 154.571 87.316
A 144.529 153.588 84.129
P 142.35 151.932 81.355
G 143.918 148.467 81.92
E 143.852 148.442 85.744
E 142.213 149.029 89.141
R 142.887 151.942 91.552
E 146.346 153.368 92.185
F 147.155 155.604 95.186
G 148.496 159.053 94.172
A 148.322 161.391 97.134
S 146.569 161.992 100.478
I 146.351 164.784 103.006
Y 151.888 161.485 101.587
Y 152.537 160.683 97.825
A 153.272 157.348 95.993
D 156.782 156.373 94.642
S 155.753 156.814 90.954
V 154.564 160.466 91.485
K 156.745 161.825 94.367
G 158.514 165.176 93.74
R 156.513 165.694 90.555
F 153.109 166.153 92.239
T 151.782 168.217 95.187
I 148.49 167.872 97.11
S 146.938 170.813 98.935
R 143.577 171.885 100.261
D 141.645 175.006 100.997
N 139.221 174.166 103.835
A 137.527 177.586 103.384
K 136.83 176.892 99.683
N 136.057 173.25 100.449
T 138.496 172.054 97.723
V 141.478 169.676 97.397
Y 144.051 170.387 94.653
L 146.632 168.15 92.966
Q 149.388 170.095 91.208
M 151.0 167.769 88.696
N 154.244 168.87 86.98
S 156.785 167.248 84.621
L 154.161 164.818 83.419
K 154.864 161.505 81.769
A 152.839 159.381 79.35
E 152.481 156.913 82.309
D 150.365 159.442 84.275
T 147.541 158.863 81.692
A 144.541 157.91 83.802
V 141.189 158.974 85.192
Y 142.092 160.881 88.387
Y 139.467 160.37 91.092
C 139.095 162.356 94.28
A 138.056 160.638 97.475
A 136.925 161.574 100.967
R 137.044 159.37 104.037
W 134.413 158.973 95.607
G 134.29 161.426 92.731
Q 133.42 160.378 89.186
G 136.959 161.23 88.091
T 138.592 163.572 85.632
Q 140.415 162.312 82.54
V 144.122 163.219 82.214
T 145.986 162.163 79.093
V 149.716 162.744 78.709
S 151.49 162.276 75.422
