tag x y z
Q 144.307 155.77 78.862
V 146.405 153.277 76.899
Q 144.41 151.136 74.465
L 144.739 147.814 72.667
Q 144.024 146.76 69.095
E 143.401 143.079 68.356
S 144.283 141.826 64.854
G 143.809 138.374 63.3
G 140.676 136.214 63.621
G 138.132 135.168 60.975
L 136.802 131.83 59.736
V 139.157 128.835 59.987
Q 138.97 125.041 59.413
A 138.898 122.271 62.052
G 142.52 121.231 62.848
D 143.814 124.414 61.178
S 145.785 127.353 62.648
L 145.438 131.087 63.3
R 147.645 133.979 64.336
L 146.204 136.68 66.585
S 148.085 139.833 67.528
C 147.479 142.625 70.042
A 149.157 146.035 69.683
A 149.358 148.439 72.656
S 149.555 152.114 71.58
I 151.55 141.684 82.562
M 149.725 141.121 79.215
A 147.121 138.645 77.962
W 144.61 136.783 75.869
F 141.033 135.906 76.881
R 137.948 134.619 75.011
Q 134.129 134.612 75.335
T 131.241 132.558 73.82
P 127.432 132.603 74.193
G 126.153 130.097 76.806
K 129.087 130.512 79.204
E 131.482 133.124 80.606
R 134.649 135.152 80.06
E 137.181 132.303 79.531
L 140.913 132.31 80.373
V 143.386 131.57 77.573
A 146.888 132.861 78.397
R 149.14 135.247 80.395
L 152.671 136.613 80.028
Q 154.084 132.039 80.069
Y 150.929 130.781 81.876
Y 147.932 129.028 80.188
R 144.592 127.337 81.044
D 144.539 123.476 80.977
S 142.042 123.091 78.074
V 144.366 125.131 75.838
K 147.851 123.742 76.764
G 150.2 122.728 73.882
R 147.724 123.942 71.25
F 148.147 127.707 71.732
T 151.471 129.551 72.147
L 151.347 133.107 73.461
S 154.481 135.258 72.924
R 155.493 138.951 72.865
D 157.582 141.578 71.25
N 158.48 144.534 73.485
A 160.176 146.503 70.644
K 157.048 147.185 68.532
N 154.62 146.888 71.424
T 152.835 143.788 70.098
L 151.779 140.428 71.547
Y 150.968 137.319 69.543
L 148.761 134.274 70.046
Q 149.664 131.309 67.851
M 146.688 128.943 67.814
N 147.358 125.488 66.325
S 144.973 122.497 65.983
L 141.784 124.561 66.336
K 138.516 122.902 67.293
P 134.749 123.854 67.024
E 134.665 124.576 70.797
D 137.239 127.38 70.236
T 134.629 129.483 68.3
A 134.65 132.746 70.27
V 135.438 136.461 70.48
Y 139.116 136.733 71.543
Y 140.263 139.759 73.578
C 143.599 141.048 74.899
A 144.169 142.94 78.176
F 146.893 144.344 80.5
T 147.726 145.252 84.151
D 142.988 147.609 84.045
Y 142.516 147.818 80.252
W 141.145 145.6 77.473
G 140.831 145.668 73.655
Q 137.664 145.561 71.536
G 138.193 141.892 70.549
T 138.208 139.937 67.289
Q 136.056 136.913 66.378
V 137.57 133.478 65.722
T 135.131 131.023 64.115
V 136.324 127.427 63.895
