tag x y z
Q 131.939 148.082 200.627
V 131.848 144.614 198.895
Q 130.103 142.004 201.086
L 130.017 138.492 199.682
Q 127.864 135.464 200.538
E 128.59 131.947 199.273
S 125.874 129.336 198.565
G 125.754 125.78 197.122
G 128.133 123.795 199.381
G 127.364 120.569 201.236
L 127.945 116.825 201.525
V 128.347 115.061 198.179
Q 129.35 111.662 196.856
A 132.705 111.082 195.066
G 132.275 111.649 191.261
E 129.276 113.991 191.922
S 128.71 117.604 191.017
L 128.182 120.845 192.856
R 127.447 124.434 191.842
L 128.828 127.031 194.221
S 127.541 130.581 193.828
C 128.742 133.797 195.4
A 126.425 136.814 195.566
A 128.119 140.202 195.854
G 137.696 140.517 188.818
M 136.771 137.698 191.132
G 138.273 134.462 192.47
W 137.321 131.225 194.112
F 139.741 129.946 196.726
R 139.599 126.976 199.09
Q 140.836 126.101 202.591
A 141.213 122.489 203.752
P 141.169 121.954 207.614
G 144.958 121.324 207.854
K 146.177 124.191 205.634
E 146.127 127.844 204.466
R 144.389 129.046 201.29
E 144.641 127.345 197.881
F 143.838 128.976 194.485
V 140.91 127.287 192.66
A 139.75 129.611 189.893
S 139.675 133.271 188.803
Y 142.169 130.497 184.97
A 142.052 127.278 187.098
M 144.698 125.427 189.242
D 146.272 122.061 188.078
F 144.416 120.034 190.797
V 140.935 121.264 189.61
K 141.381 121.927 185.819
G 138.83 120.278 183.443
R 136.686 119.256 186.397
F 135.638 122.784 187.471
T 134.279 125.839 185.609
I 134.054 129.458 186.79
S 131.331 131.784 185.3
R 129.747 135.123 186.258
D 126.528 136.939 185.72
N 127.344 140.654 186.008
S 123.586 141.497 185.782
K 122.871 139.248 188.793
N 126.15 140.327 190.476
T 127.062 136.661 191.084
L 130.028 134.416 190.462
Y 129.493 130.652 190.077
L 131.861 127.7 190.389
Q 130.518 124.55 188.711
M 132.338 121.595 190.237
N 131.971 118.146 188.582
S 133.583 114.686 189.076
L 134.437 115.546 192.677
K 137.154 113.866 194.713
P 137.581 113.431 198.526
E 140.545 115.895 198.076
D 138.161 118.732 197.115
T 136.902 118.713 200.799
A 137.392 122.283 201.95
V 135.721 125.552 202.841
Y 135.321 127.336 199.458
Y 135.71 131.11 199.804
C 134.81 133.719 197.228
A 136.972 136.793 196.806
A 136.839 140.211 195.052
A 139.9 142.307 194.029
K 140.717 142.56 199.402
Y 137.121 141.398 199.931
W 136.634 137.833 201.068
G 133.487 135.83 201.754
Q 133.032 133.75 204.913
G 133.174 130.549 202.817
T 130.884 127.626 202.131
Q 131.686 124.119 203.388
V 132.046 121.417 200.688
T 132.684 117.862 201.817
V 133.279 115.061 199.333
