tag x y z
Q 155.487 157.91 190.529
V 152.821 158.198 193.228
Q 151.736 161.482 194.882
L 149.769 161.24 198.136
Q 147.109 163.696 199.318
E 145.714 163.452 202.864
S 142.462 164.913 204.226
G 140.046 164.879 207.221
G 142.347 165.962 210.088
G 141.5 168.451 212.871
L 140.168 168.927 216.376
V 138.009 166.389 218.202
Q 136.857 165.76 221.788
P 137.807 162.718 223.985
G 135.644 159.7 223.04
G 134.913 161.258 219.637
S 135.447 159.974 216.104
L 137.382 161.316 213.112
R 137.9 160.056 209.544
L 141.141 160.545 207.648
S 141.502 159.764 203.948
C 144.421 159.444 201.552
T 144.153 159.816 197.776
A 147.012 158.219 195.826
S 147.58 159.271 192.197
S 151.774 147.825 196.927
A 150.979 148.258 200.653
M 149.57 151.601 201.814
G 149.099 152.767 205.38
W 148.88 155.375 208.069
Y 151.614 156.375 210.487
R 151.622 159.015 213.217
Q 154.222 161.113 215.003
A 153.494 162.763 218.359
P 155.676 165.653 219.742
G 159.139 164.401 220.823
K 158.27 160.82 219.861
E 159.279 158.584 216.952
R 157.01 157.923 213.958
E 154.838 154.819 214.676
L 152.683 152.559 212.409
V 148.934 153.022 213.032
A 147.458 150.758 210.359
R 148.328 149.379 206.908
I 146.485 147.596 204.1
T 145.211 144.594 207.203
N 147.587 145.192 210.092
F 147.072 147.451 213.128
A 149.01 148.766 216.123
D 147.945 147.293 219.531
S 147.185 150.843 220.817
V 144.526 151.337 218.095
K 142.998 147.807 217.842
D 139.157 147.676 218.121
R 139.089 151.503 217.814
F 140.57 152.327 214.38
T 139.608 150.642 211.075
I 141.453 151.038 207.753
S 139.937 150.195 204.363
R 141.125 150.485 200.776
D 139.401 151.074 197.478
A 141.672 149.947 194.65
T 139.329 151.483 192.004
E 139.862 155.049 193.245
N 143.261 154.326 194.982
T 141.971 155.672 198.295
V 142.872 154.576 201.851
V 140.452 155.761 204.523
L 141.21 155.575 208.246
Q 138.212 155.574 210.565
M 139.278 156.542 214.086
N 136.767 155.955 216.908
S 137.011 156.318 220.731
L 139.767 158.945 220.425
K 142.005 159.809 223.386
A 144.563 162.557 224.236
E 147.322 159.987 223.505
D 146.147 159.84 219.865
T 147.162 163.577 219.375
A 149.745 163.555 216.579
V 150.57 164.399 212.959
Y 149.169 161.545 210.832
Y 150.952 160.619 207.589
C 149.79 158.5 204.668
N 152.329 156.161 203.061
G 152.43 154.052 199.889
L 156.354 157.563 199.455
W 154.914 159.858 202.181
G 152.134 162.484 202.341
Q 152.637 165.93 203.907
G 150.959 165.01 207.207
T 147.624 166.016 208.741
Q 147.227 167.215 212.364
V 144.89 165.333 214.742
T 144.259 167.012 218.124
V 142.121 165.29 220.756
