tag x y z
Q 142.388 124.943 153.783
V 139.263 123.43 155.314
Q 140.124 120.67 157.799
L 138.503 117.568 159.207
Q 138.545 116.181 162.688
E 137.553 112.584 163.338
S 136.057 111.578 166.689
G 134.909 108.135 167.802
G 137.005 104.982 167.727
G 138.3 102.984 170.655
L 138.444 99.311 171.482
V 135.201 97.461 170.916
Q 134.18 93.807 171.211
A 133.119 91.544 168.33
G 129.389 92.177 167.562
A 129.319 95.554 169.354
S 128.671 99.139 168.118
L 130.567 102.406 167.572
R 129.748 105.949 166.45
L 132.279 107.879 164.386
S 131.894 111.603 163.778
C 133.811 113.888 161.438
T 133.588 117.637 162.24
A 134.798 120.377 159.912
P 130.307 115.249 149.323
M 131.67 113.405 152.329
G 133.124 109.914 152.656
W 134.666 107.507 155.089
F 137.682 105.395 154.192
R 139.67 102.937 156.301
Q 143.228 101.519 156.238
G 144.923 98.591 158.037
P 148.272 96.984 157.341
G 148.653 94.182 154.736
K 146.402 95.916 152.26
E 145.497 99.443 151.326
R 143.032 102.258 151.799
E 139.48 100.877 151.487
F 136.286 102.741 150.583
V 133.628 102.443 153.286
A 130.809 104.9 152.614
A 129.984 108.169 150.801
T 124.225 107.386 150.499
Y 126.59 104.872 148.887
Y 128.549 101.984 150.58
G 131.019 99.349 149.268
D 129.455 95.854 149.292
F 131.474 94.359 152.199
V 129.854 96.804 154.665
K 126.176 97.204 153.557
G 123.39 96.957 156.225
R 126.063 96.993 158.926
F 127.172 100.631 158.66
T 125.049 103.763 158.207
I 126.623 107.013 156.985
S 124.571 110.087 157.903
R 125.136 113.826 158.055
D 124.136 116.939 159.846
N 124.773 120.085 157.76
A 123.656 122.286 160.631
K 126.784 121.769 162.682
N 129.25 120.591 160.035
T 129.367 116.898 161.035
V 129.18 113.544 159.213
Y 128.594 110.328 161.127
L 129.317 106.671 160.637
Q 127.195 104.333 162.733
M 128.991 100.985 162.818
N 126.867 98.013 163.971
S 127.631 94.247 164.227
L 131.434 94.751 164.202
K 133.891 92.009 163.244
P 137.705 91.202 163.743
E 138.329 92.304 160.136
D 136.821 95.741 160.945
T 140.057 96.81 162.754
A 141.792 99.764 161.037
V 142.26 103.546 161.022
Y 139.089 105.307 159.857
Y 139.475 108.562 157.908
C 136.901 111.026 156.681
A 137.394 112.805 153.385
R 135.771 115.534 151.312
A 135.812 117.025 147.819
D 140.64 117.194 148.041
Y 140.811 116.838 151.831
W 141.282 114.234 154.547
G 141.301 114.094 158.354
Q 144.056 112.778 160.594
G 142.325 109.557 161.731
T 141.052 107.546 164.651
Q 141.895 103.856 165.16
V 139.069 101.364 165.574
T 140.003 97.995 167.071
V 137.491 95.173 166.972
