tag x y z
Q -23.146 116.014 35.706
V -22.152 112.501 36.8
Q -19.355 110.739 34.948
L -17.776 107.363 35.674
V -14.402 106.591 34.103
E -13.036 103.077 34.527
S -9.279 102.5 34.364
G -6.806 99.687 34.981
G -8.02 97.267 32.309
G -5.804 95.584 29.765
L -4.063 92.323 28.917
V -3.226 89.804 31.653
Q -2.233 86.143 31.616
A -4.36 83.396 33.146
G -3.882 83.127 36.892
G -2.66 86.729 37.075
S -4.252 89.739 38.714
L -5.65 93.075 37.568
R -6.979 95.999 39.614
L -9.735 98.098 38.069
S -10.643 101.476 39.499
C -13.382 103.945 38.731
A -13.161 107.618 39.608
A -16.58 109.233 40.007
S -16.853 112.92 39.017
G -19.481 115.671 39.085
R -20.724 117.508 42.131
T -23.869 115.38 42.003
F -23.048 112.705 44.57
S -25.69 111.058 46.702
T -24.27 107.592 45.993
Y -25.712 104.594 47.849
A -23.943 101.773 46.004
M -21.306 101.202 43.36
G -21.151 98.083 41.243
W -19.084 96.364 38.591
F -20.652 94.669 35.579
R -19.121 93.057 32.531
Q -20.13 92.377 28.948
A -18.341 90.125 26.525
P -19.123 89.985 22.791
G -22.234 87.969 21.952
K -23.477 88.091 25.564
E -25.609 90.384 27.662
R -24.186 92.559 30.388
E -23.91 90.703 33.67
F -23.362 91.422 37.346
V -19.878 91.045 38.842
S -19.691 92.806 42.197
A -21.18 95.637 44.24
C -20.872 97.274 47.617
S -23.026 99.587 49.666
W -21.513 103.038 49.921
S -21.89 103.315 53.695
G -22.567 99.893 55.203
G -20.442 96.797 54.842
I -22.691 95.054 52.332
T -20.917 93.263 49.475
R -22.26 91.056 46.673
Y -20.413 88.966 44.074
A -21.466 86.879 41.112
D -21.041 83.202 41.955
S -18.332 82.83 39.28
V -16.015 85.45 40.87
K -16.568 84.884 44.633
G -13.262 84.606 46.514
R -11.277 85.691 43.431
F -12.568 89.27 43.163
T -12.735 91.915 45.899
I -14.56 95.243 45.64
S -13.57 98.175 47.83
R -14.113 101.908 48.009
D -12.205 105.057 48.922
N -15.077 107.412 49.744
A -12.646 110.279 50.358
K -11.594 109.964 46.7
N -15.09 108.913 45.536
T -13.34 105.912 43.994
V -14.303 102.243 43.836
Y -11.855 99.431 43.045
L -12.157 95.834 41.841
Q -9.195 93.592 42.659
M -9.386 90.671 40.199
N -7.215 87.69 41.153
S -6.712 84.242 39.591
L -8.104 85.483 36.297
K -9.461 83.056 33.688
P -10.229 83.262 29.96
E -13.932 83.329 30.943
D -13.245 86.698 32.632
T -12.442 88.436 29.331
A -14.97 91.22 28.821
V -15.554 94.94 28.919
Y -15.958 95.878 32.575
Y -18.343 98.679 33.452
C -18.692 100.511 36.722
A -22.061 101.847 37.811
S -23.499 103.946 40.617
A -26.878 103.813 42.353
A -28.499 107.106 43.389
S -31.146 105.482 45.624
S -30.986 103.158 48.634
A -31.482 99.396 48.32
A -34.693 98.454 50.141
Y -33.36 94.837 50.33
S -29.872 93.392 49.907
G -30.706 91.642 46.654
A -31.164 94.926 44.786
Y -27.396 95.171 44.214
Y -27.447 92.466 41.519
Y -29.749 94.239 39.034
T -28.532 96.451 36.192
S -31.788 98.401 36.616
Y -30.824 99.398 40.182
Y -27.915 101.546 38.936
D -28.5 105.044 37.587
Y -25.097 106.105 36.217
W -22.693 104.066 34.103
G -19.157 104.294 32.859
Q -18.184 103.63 29.27
G -16.184 100.524 30.152
T -12.638 99.235 29.966
Q -11.513 96.067 28.186
V -9.99 93.209 30.194
T -8.475 90.348 28.182
V -7.133 87.194 29.852
S -4.669 85.093 27.852
S -4.685 81.307 28.161
