tag x y z
G -22.818 -5.354 -18.808
Q -25.591 -7.58 -20.173
V -29.121 -6.983 -21.444
Q -31.768 -9.575 -22.318
L -35.054 -8.661 -24.033
V -38.233 -10.773 -24.001
E -40.73 -9.737 -26.687
S -44.274 -11.118 -26.63
G -47.867 -10.398 -27.555
G -47.563 -11.006 -31.297
G -50.081 -13.229 -33.044
L -52.761 -13.255 -35.731
A -55.621 -10.791 -36.116
K -57.964 -9.858 -38.928
P -58.541 -6.311 -40.231
G -59.875 -4.139 -37.421
G -58.569 -6.412 -34.662
S -56.32 -5.635 -31.712
L -53.065 -6.896 -30.262
R -50.741 -5.778 -27.472
L -46.992 -6.087 -27.911
S -44.766 -6.2 -24.854
C -41.009 -6.154 -24.355
V -39.349 -6.702 -20.975
A -35.677 -5.894 -20.433
T -33.525 -7.508 -17.751
G -29.78 -7.42 -17.211
T -27.259 -5.184 -15.459
F -28.188 -1.72 -16.681
R -28.859 1.502 -14.772
S -32.03 2.492 -16.678
M -33.792 2.41 -20.027
E -33.18 5.498 -22.156
D -34.799 5.832 -25.613
V -37.234 3.023 -26.386
G -39.182 2.256 -29.534
W -41.089 -0.305 -31.569
Y -40.077 -1.103 -35.145
R -41.227 -3.531 -37.847
Q -39.773 -5.37 -40.844
A -41.849 -7.02 -43.56
P -40.231 -9.186 -46.27
G -38.628 -7.152 -49.04
K -38.827 -3.905 -47.04
D -36.514 -1.931 -44.794
R -37.105 -2.049 -41.043
E -39.128 1.018 -40.122
L -39.822 2.963 -36.947
V -43.353 2.446 -35.644
A -43.309 4.442 -32.384
E -40.734 5.815 -29.958
I -40.489 7.527 -26.556
T -37.153 9.178 -25.927
T -35.561 9.245 -22.478
L -36.711 12.891 -22.384
G -40.367 11.961 -23.02
K -40.79 12.947 -26.676
V -43.252 10.64 -28.436
T -43.175 9.958 -32.187
Y -45.42 7.842 -34.409
A -45.059 6.834 -38.026
D -47.737 8.62 -40.02
S -49.205 5.267 -41.1
V -50.0 4.171 -37.515
K -50.63 7.52 -35.784
G -53.969 7.382 -33.972
R -54.041 3.557 -34.218
F -50.987 2.449 -32.221
T -50.062 3.692 -28.748
I -46.6 3.179 -27.258
S -46.036 3.312 -23.502
R -43.178 2.482 -21.152
D -42.844 1.378 -17.527
D -39.525 2.478 -16.049
A -40.052 0.767 -12.71
K -40.484 -2.628 -14.385
N -38.3 -1.838 -17.436
A -40.949 -2.833 -19.972
V -42.223 -1.278 -23.216
Y -45.64 -1.85 -24.739
L -47.391 -1.278 -28.051
Q -51.177 -1.325 -28.099
M -52.105 -1.992 -31.742
S -55.74 -1.311 -32.596
D -57.606 -1.006 -35.908
L -55.142 -3.393 -37.546
K -54.728 -3.217 -41.326
S -53.238 -5.878 -43.573
E -50.188 -3.692 -44.29
D -49.347 -3.966 -40.559
T -48.037 -7.502 -41.19
A -44.366 -7.766 -40.204
V -42.012 -8.916 -37.504
Y -42.05 -6.275 -34.784
Y -38.874 -5.37 -32.885
C -38.52 -3.381 -29.694
N -35.344 -1.335 -29.44
I -34.219 -0.492 -25.905
E -31.339 1.841 -25.17
A -29.724 0.672 -21.925
D -27.751 3.017 -19.668
Q -24.772 0.761 -18.844
T -22.783 3.353 -16.892
K -20.818 1.849 -14.008
G -19.549 5.069 -12.433
I -20.654 8.584 -13.355
G -21.302 9.211 -17.034
Y -23.691 8.273 -19.817
V -22.698 4.975 -21.42
V -25.705 3.994 -23.536
Y -25.933 1.141 -26.048
P -29.028 0.081 -28.019
Y -30.331 -3.475 -27.869
W -32.65 -5.473 -30.136
G -34.694 -8.578 -29.47
Q -35.587 -11.504 -31.702
G -38.931 -9.819 -32.319
T -42.561 -10.83 -32.301
R -44.572 -11.657 -35.414
V -47.832 -9.925 -36.331
T -49.991 -11.284 -39.162
V -53.029 -9.255 -40.257
S -54.85 -11.524 -42.698
S -57.87 -10.834 -44.941
