tag x y z
Q 312.325 280.394 295.104
V 314.529 278.013 293.109
Q 314.718 274.319 293.998
L 317.03 271.762 292.391
V 316.555 268.042 293.04
E 319.186 265.478 292.059
S 318.172 261.944 291.09
G 320.322 258.964 290.219
G 323.811 258.11 291.333
G 325.091 255.297 293.489
L 327.605 252.541 292.938
V 328.202 251.525 289.312
Q 330.625 249.228 287.526
P 333.602 250.636 285.598
G 332.417 251.624 282.152
G 328.833 251.79 283.383
S 326.229 254.2 282.068
L 324.383 256.331 284.621
R 322.009 259.27 284.164
L 321.541 262.077 286.696
S 318.341 264.129 286.49
C 318.113 267.65 287.925
A 314.529 268.705 288.632
A 313.799 272.428 288.381
S 310.959 274.203 290.192
G 310.052 277.882 290.172
F 312.196 278.935 287.209
T 312.372 278.364 283.472
L 315.044 275.917 282.349
D 315.653 277.688 279.025
D 316.575 281.077 280.411
Y 318.999 279.986 283.106
A 322.411 278.491 282.474
I 322.707 274.88 283.618
G 325.998 273.497 284.866
W 326.716 270.022 286.189
F 329.548 270.186 288.713
R 331.571 267.376 290.273
Q 332.956 267.658 293.807
A 335.592 265.191 294.908
P 335.969 264.537 298.65
G 338.33 267.111 300.102
K 338.346 269.093 296.84
E 336.409 272.059 295.509
R 333.578 271.243 293.119
E 334.273 271.639 289.395
G 331.826 271.784 286.501
V 332.004 268.784 284.174
S 329.497 270.115 281.63
F 327.474 273.232 280.896
I 324.582 274.44 278.764
T 326.397 277.457 277.35
S 323.443 279.045 275.533
S 319.667 279.228 275.791
D 319.171 277.541 272.414
G 320.92 274.446 273.779
S 324.562 274.695 272.732
T 326.673 272.678 275.159
Y 330.316 272.577 276.226
Y 332.086 269.593 277.785
V 335.229 269.569 279.922
D 338.237 267.733 278.476
S 338.047 265.054 281.178
V 334.385 264.297 280.414
K 334.494 264.946 276.649
G 332.405 262.344 274.867
R 331.877 260.367 278.076
F 329.446 262.932 279.516
T 326.467 264.34 277.609
I 324.089 266.921 279.094
S 320.538 267.269 277.763
R 317.814 269.719 278.795
D 314.124 268.745 278.661
N 311.898 271.819 278.841
A 308.55 270.031 279.03
K 309.335 268.405 282.383
N 311.839 271.121 283.453
T 314.644 268.603 283.992
V 318.275 268.447 282.855
Y 319.756 264.971 282.418
L 323.5 264.331 282.478
Q 324.464 260.917 281.05
M 327.616 259.207 282.363
N 329.504 256.763 280.162
S 332.8 254.916 280.663
L 332.619 255.758 284.371
T 335.814 255.314 286.378
P 336.911 255.351 290.041
E 338.57 258.725 289.435
D 335.197 259.939 288.159
T 333.672 258.893 291.502
A 332.48 262.019 293.326
I 329.26 263.812 294.217
Y 327.636 265.674 291.324
Y 325.775 268.952 291.846
C 323.298 270.563 289.473
A 323.883 274.316 289.358
V 321.748 277.134 287.963
G 323.643 279.939 286.29
P 322.334 283.437 285.724
S 319.394 283.596 283.344
F 320.413 284.268 279.747
S 317.637 286.794 279.053
Y 318.237 288.943 282.132
T 322.026 288.955 281.813
G 322.065 289.302 278.04
S 324.74 286.591 277.94
T 324.385 284.457 274.827
Y 327.277 282.184 275.853
Y 327.972 281.329 279.502
R 330.278 278.577 280.778
S 332.024 278.675 284.155
E 333.768 275.846 285.986
L 334.124 278.047 289.07
P 331.32 277.279 291.565
W 330.835 280.864 292.767
D 329.685 282.055 289.331
Y 326.433 280.054 289.548
D 323.982 281.618 292.02
Y 321.851 278.551 292.739
W 323.128 275.131 293.745
G 321.4 271.783 293.968
Q 321.961 269.435 296.883
G 323.725 266.909 294.664
T 323.905 263.128 294.569
Q 326.934 260.918 295.148
V 328.065 258.848 292.171
T 330.46 256.01 292.981
V 332.355 253.871 290.47
S 334.191 250.797 291.724
S 335.389 247.473 290.356
G 333.29 245.662 292.954
G 330.25 247.706 291.965
