tag x y z
Q 155.397 179.955 157.124
V 154.415 181.65 153.845
Q 150.645 181.476 153.271
L 149.729 181.791 149.592
V 146.274 182.683 148.236
E 144.986 182.475 144.667
S 142.107 184.446 143.163
G 138.988 184.77 125.481
S 140.635 186.704 128.321
L 140.879 186.187 132.12
R 142.943 187.391 135.087
L 144.195 185.228 137.953
S 146.092 186.621 140.961
C 148.31 185.108 143.655
G 149.259 186.901 146.875
A 151.683 185.926 149.632
S 151.69 186.633 153.361
G 153.297 185.352 156.534
T 156.905 185.269 157.735
F 159.473 186.621 155.259
F 161.427 189.754 154.383
R 161.533 189.561 150.567
I 159.76 187.748 147.737
N 162.56 187.415 145.198
D 160.49 186.073 142.295
M 156.865 185.188 141.617
G 155.934 182.675 138.948
W 152.835 181.082 137.473
Y 152.8 177.324 136.847
R 150.276 175.019 135.162
Q 149.282 171.466 136.081
K 150.752 166.502 132.66
Q 154.052 167.356 134.284
R 154.353 170.777 135.915
E 155.722 173.732 133.943
L 156.008 177.503 134.564
V 153.515 179.656 132.642
A 155.687 182.726 133.327
S 157.706 184.378 136.083
I 158.776 187.899 137.046
T 161.65 189.13 139.216
R 161.714 191.999 141.709
G 163.402 194.22 139.126
G 160.325 193.613 137.002
T 162.279 191.419 134.576
T 159.811 188.797 133.36
D 160.705 185.745 131.281
Y 157.863 183.993 129.474
A 157.688 180.383 128.304
D 157.997 178.936 124.823
S 154.673 177.247 124.038
V 152.834 180.483 124.947
K 154.361 183.963 124.814
G 153.782 187.57 123.766
R 150.097 187.68 124.793
F 150.939 187.771 128.527
T 150.335 190.696 130.948
I 151.721 189.411 134.25
S 152.175 192.337 136.654
R 153.71 192.372 140.137
D 152.53 194.516 143.062
N 155.475 194.931 145.44
A 153.449 197.08 147.869
K 151.669 193.886 148.952
N 154.023 191.29 147.404
T 151.258 189.971 145.128
V 151.062 189.138 141.422
Y 148.402 189.378 138.69
L 148.312 187.28 135.503
Q 146.293 188.622 132.538
M 145.747 185.915 129.9
N 143.984 186.459 126.564
S 143.686 184.199 123.494
L 141.915 181.496 125.483
K 141.916 177.901 124.178
P 140.808 174.454 125.39
E 144.479 173.51 126.0
D 144.824 176.362 128.504
T 142.363 174.39 130.687
A 144.394 172.985 133.601
V 145.36 173.765 137.216
Y 147.361 176.991 137.609
Y 149.936 177.03 140.428
C 151.884 180.049 141.659
K 155.413 179.915 143.057
A 157.102 182.497 145.27
N 160.806 182.528 146.13
R 161.234 184.239 149.528
N 164.192 185.441 151.682
W 167.641 184.26 150.445
G 166.164 182.168 147.633
R 167.241 178.733 148.756
E 165.64 175.592 147.396
W 163.711 175.245 150.68
D 162.24 178.718 150.059
D 160.01 177.935 147.072
Y 156.418 178.055 148.327
W 153.578 176.635 146.234
G 149.88 177.407 146.182
Q 147.143 174.821 146.039
G 146.531 175.642 142.358
T 143.419 176.81 140.511
Q 141.65 174.49 138.078
V 139.806 176.464 135.408
