tag x y z
Q 157.107 179.385 156.18
V 156.083 180.927 152.843
Q 152.3 180.78 152.418
L 151.142 181.046 148.806
V 147.667 182.023 147.584
E 146.461 181.724 143.992
S 143.388 182.899 142.104
L 138.167 179.511 130.378
V 137.128 181.707 127.445
Q 139.097 180.705 124.344
S 142.665 186.928 128.138
L 142.964 184.94 131.371
R 144.728 186.475 134.373
L 145.866 184.265 137.26
S 147.436 185.675 140.421
C 149.81 184.334 143.06
G 150.558 186.035 146.376
A 153.095 185.131 149.047
S 153.02 185.603 152.811
G 154.712 184.292 155.931
T 158.309 184.268 157.155
F 160.88 185.627 154.689
F 162.845 188.75 153.824
R 163.094 188.485 150.015
I 161.356 186.626 147.191
N 164.236 185.966 144.82
D 162.164 184.707 141.869
M 158.48 184.141 141.136
G 157.355 181.637 138.524
W 154.199 180.194 137.014
Y 154.218 176.465 136.284
R 151.826 174.145 134.448
Q 151.317 170.399 134.918
A 149.042 168.648 132.435
S 147.578 165.307 133.476
G 150.059 162.491 132.92
K 152.755 165.013 131.986
Q 155.86 166.68 133.443
R 155.806 170.131 135.032
E 157.141 173.014 132.948
L 157.446 176.761 133.553
V 154.752 178.925 131.986
A 156.878 181.987 132.814
S 158.957 183.455 135.624
I 160.024 186.956 136.667
T 162.958 188.124 138.788
R 163.143 190.948 141.309
G 164.684 193.177 138.634
G 161.606 192.579 136.491
T 163.579 190.486 133.982
T 161.171 187.773 132.811
D 162.082 184.743 130.692
Y 159.252 182.901 128.935
A 159.099 179.331 127.624
D 159.253 178.04 124.056
S 155.876 176.384 123.418
V 154.166 179.664 124.433
K 155.864 183.051 124.081
G 155.2 186.575 122.878
R 151.661 186.582 124.317
F 152.667 186.916 127.99
T 151.79 189.762 130.365
I 153.231 188.444 133.628
S 153.497 191.322 136.101
R 154.987 191.345 139.601
D 153.786 193.594 142.428
N 156.746 193.905 144.796
A 154.76 196.075 147.228
K 152.888 192.898 148.223
N 155.234 190.27 146.7
T 152.541 188.976 144.335
V 152.427 188.266 140.604
Y 149.834 188.44 137.829
L 150.109 186.62 134.491
Q 147.772 187.779 131.719
M 147.738 185.075 129.033
N 145.743 185.387 125.811
S 145.276 183.134 122.768
L 143.859 180.395 124.971
K 143.815 176.83 123.672
P 142.608 173.407 124.863
E 146.198 172.299 125.505
D 146.554 175.169 127.997
T 143.948 173.331 130.128
A 145.902 171.969 133.097
V 146.748 172.869 136.704
Y 148.705 176.114 136.997
Y 151.301 176.07 139.768
C 153.1 179.032 141.302
K 156.72 178.978 142.431
A 158.432 181.318 144.868
N 162.193 181.53 145.292
R 162.888 182.835 148.8
N 165.659 184.628 150.795
W 169.055 183.231 149.717
G 167.782 180.916 146.987
R 168.657 177.465 148.265
E 167.094 174.285 146.937
W 164.97 174.153 150.11
D 163.625 177.658 149.395
D 161.338 176.908 146.439
Y 157.745 177.093 147.693
W 154.943 175.665 145.561
G 151.237 176.394 145.505
Q 148.404 173.892 145.378
G 147.9 174.723 141.683
T 144.884 176.167 139.865
Q 143.121 174.148 137.176
V 141.738 176.385 134.428
