tag x y z
Q 149.597 193.952 155.861
V 149.576 196.948 153.51
Q 146.565 199.233 153.112
L 146.698 201.258 149.893
V 144.529 204.309 149.199
E 144.177 206.012 145.822
A 149.843 203.573 151.171
S 150.368 202.374 154.739
G 150.872 199.284 156.859
T 153.685 197.121 158.239
F 156.198 198.643 155.836
F 159.73 199.879 156.458
R 160.289 200.855 152.822
I 158.662 201.708 149.498
N 160.818 200.572 146.581
D 158.695 201.267 143.488
M 155.323 202.93 142.926
G 153.344 202.36 139.742
W 149.875 202.533 138.224
Y 148.283 199.402 136.765
Y 145.274 199.919 140.169
C 148.236 201.345 142.101
K 151.148 198.974 142.706
A 153.77 199.431 145.424
N 156.73 197.148 146.143
R 156.994 197.385 149.92
N 160.025 195.453 151.173
W 162.865 193.739 149.335
G 160.799 192.296 146.515
R 161.436 188.588 145.953
E 158.002 188.239 144.271
W 156.708 187.44 147.778
D 155.785 191.1 148.339
D 153.285 192.392 145.744
Y 150.509 194.853 146.699
W 148.001 196.478 144.314
G 144.769 198.404 144.787
