tag x y z
V -97.235 37.458 28.123
Q -99.65 37.69 31.071
L -102.393 35.168 31.875
Q -105.188 35.041 34.445
E -107.606 32.217 35.243
S -111.093 32.431 36.728
G -114.35 30.514 36.91
G -113.316 27.955 39.504
G -115.705 26.867 42.214
L -117.231 23.966 44.118
V -119.751 21.774 42.262
Q -121.485 18.446 42.809
T -121.175 15.344 40.657
G -122.855 16.034 37.342
G -123.338 19.634 36.257
S -121.058 22.207 34.776
L -118.451 24.906 35.284
R -117.127 27.373 32.701
L -113.488 28.343 33.188
S -111.982 31.384 31.494
C -108.429 32.576 30.909
T -107.482 35.987 29.522
A -104.132 36.773 27.89
S -102.719 40.305 27.743
G -99.865 41.212 25.422
R -99.987 38.23 23.087
T -96.87 36.977 21.308
F -98.059 36.962 17.661
S -96.24 33.65 17.271
S -98.171 32.129 20.198
L -100.632 30.126 18.107
A -102.227 27.854 20.727
M -103.49 27.801 24.306
G -103.866 24.878 26.686
W -105.601 23.852 29.893
F -103.707 21.77 32.454
R -104.765 20.559 35.89
Q -102.94 19.439 39.023
A -104.82 17.377 41.586
P -103.237 17.056 45.039
G -100.402 14.549 45.085
K -100.174 14.08 41.314
E -98.302 15.685 38.442
R -99.781 18.46 36.324
E -101.504 16.856 33.353
F -102.763 17.969 29.968
V -106.503 18.566 29.573
A -107.092 20.395 26.289
A -105.622 22.754 23.713
I -106.887 25.002 20.928
S -105.587 27.159 18.097
W -106.275 30.888 18.267
S -106.976 31.218 14.544
T -108.684 27.971 13.535
G -110.166 27.052 16.907
I -109.178 23.418 16.305
T -109.041 21.539 19.601
D -107.23 18.615 21.225
Y -108.323 16.718 24.347
S -107.001 14.21 26.864
D -108.968 10.962 26.989
S -110.188 11.601 30.545
V -112.171 14.659 29.403
K -113.061 13.935 25.754
G -116.79 14.49 25.262
R -117.413 16.201 28.613
F -115.045 19.181 28.298
T -115.166 21.616 25.376
M -112.45 24.204 24.832
S -113.2 27.371 22.866
R -111.641 30.779 22.322
D -112.498 34.389 21.478
N -109.696 35.855 19.358
A -110.909 39.461 19.57
K -110.984 39.278 23.387
S -107.816 37.152 23.795
T -109.721 34.777 26.088
V -110.088 30.995 26.147
Y -112.752 28.932 27.854
L -113.234 25.427 29.198
Q -116.852 24.267 29.35
M -116.748 21.389 31.848
N -119.934 19.308 31.819
S -120.756 15.961 33.44
L -118.204 16.689 36.143
K -116.83 13.985 38.434
P -114.893 13.982 41.724
E -111.64 12.983 39.985
D -111.758 16.257 38.023
T -110.954 18.155 41.242
A -107.703 20.059 40.745
V -106.239 23.506 40.237
Y -106.741 24.252 36.54
Y -103.979 26.177 34.786
C -103.875 28.081 31.504
A -100.808 28.331 29.292
A -99.578 29.384 25.895
V -98.611 26.011 24.451
D -96.67 24.599 21.533
R -95.787 21.152 20.251
H -92.839 19.728 18.362
S -94.988 18.191 15.62
P -98.534 16.935 14.994
G -99.291 14.244 17.542
S -96.585 15.197 20.03
A -97.161 16.441 23.558
W -98.236 19.999 24.334
Y -95.889 22.049 26.493
N -95.868 25.504 28.053
R -93.929 27.64 25.575
N -93.17 30.102 28.411
F -90.954 27.68 30.322
G -91.865 27.487 34.0
S -94.201 30.486 33.653
W -97.511 29.542 35.275
G -100.275 31.618 36.831
Q -102.193 31.018 40.038
G -104.72 28.766 38.3
T -108.353 28.429 39.375
Q -109.578 25.86 41.892
V -112.195 23.278 40.899
T -113.753 20.971 43.499
V -116.301 18.252 42.738
