tag x y z
M 20.311 87.416 37.231
A 19.094 88.033 33.691
Q 21.767 90.221 32.034
V 24.113 92.67 33.749
Q 22.453 95.973 34.721
L 24.092 99.075 36.173
Q 22.486 101.876 38.166
E 24.245 105.12 38.974
S 23.336 107.424 41.819
G 24.661 110.422 43.668
G 24.883 113.077 40.994
G 23.862 116.584 41.853
S 24.913 120.237 41.889
V 28.007 121.587 43.654
Q 30.121 124.726 43.468
A 33.631 124.661 42.005
G 36.177 123.289 44.451
G 33.537 121.066 46.062
S 33.264 117.285 46.293
L 30.853 114.572 45.178
R 30.624 110.808 45.472
L 28.912 108.702 42.815
A 27.948 105.062 43.167
C 27.295 102.397 40.561
V 25.414 99.269 41.618
A 25.588 96.153 39.451
S 22.798 93.562 39.438
G 22.038 90.443 37.485
G 24.16 88.632 34.93
D 26.364 85.615 35.486
T 26.847 85.72 39.245
R 29.592 83.094 39.5
P 32.374 84.726 41.558
Y 35.188 84.334 39.007
I 33.324 86.552 36.455
T 35.508 89.685 36.483
Y 34.912 93.122 34.958
W 36.713 96.343 34.291
M 34.103 98.555 35.877
G 34.092 101.203 35.821
W 33.238 105.678 35.079
Y 32.666 107.689 31.871
R 31.592 111.268 31.017
Q 29.706 112.987 28.244
A 29.822 116.794 28.262
P 27.692 118.947 25.93
G 28.901 118.604 22.351
K 31.84 116.3 23.101
E 32.486 112.599 22.779
R 31.996 110.154 25.628
E 35.27 109.789 27.553
G 36.586 107.453 30.24
V 37.432 108.815 33.681
A 38.43 105.906 35.923
T 38.281 102.137 35.887
I 38.767 99.382 38.443
Y 39.203 95.618 38.213
T 36.403 93.902 40.13
G 38.511 90.733 40.36
G 41.364 92.516 42.164
S 42.45 96.076 42.913
G 44.111 97.773 39.924
T 42.808 101.248 39.076
Y 43.472 103.612 36.165
Y 42.457 107.223 35.556
S 42.289 109.677 32.69
D 44.885 112.454 32.69
S 42.193 115.107 33.137
V 41.136 113.625 36.508
E 44.299 112.022 37.934
G 44.919 113.28 41.458
R 41.362 114.586 41.958
F 39.12 111.54 41.439
T 39.423 108.169 43.127
I 37.632 104.939 42.236
S 36.95 102.145 44.724
Q 34.594 99.22 45.175
D 32.671 97.218 47.744
K 32.868 93.897 45.931
A 30.38 92.156 48.228
Q 27.75 94.747 47.259
R 28.803 95.074 43.576
T 29.102 98.829 44.01
V 31.843 100.971 42.479
Y 32.329 104.47 43.913
L 33.759 107.577 42.252
Q 35.013 110.05 44.86
M 35.311 113.355 42.957
N 37.284 116.126 44.689
D 38.429 119.613 43.696
L 35.624 119.792 41.114
K 36.053 122.177 38.16
P 33.245 123.596 36.001
E 34.408 121.458 33.048
D 33.73 118.29 35.042
T 30.054 119.056 34.291
A 28.598 116.149 32.288
M 26.294 113.18 32.424
Y 28.336 110.474 34.192
Y 27.924 106.825 33.129
C 28.843 103.496 34.641
A 30.046 100.825 32.243
A 31.22 97.229 32.48
G 33.832 95.665 30.218
N 35.258 92.17 29.87
G 37.662 91.264 32.664
A 40.27 90.128 30.153
L 40.346 93.564 28.508
P 43.941 94.473 27.708
P 45.774 97.641 28.812
G 44.476 100.514 26.75
R 41.029 99.062 26.08
R 39.983 98.92 29.751
L 38.891 102.557 29.769
S 37.646 102.896 26.18
P 33.895 103.286 25.614
Q 33.889 101.161 22.484
N 34.975 98.092 24.472
M 32.248 98.486 27.097
D 29.484 95.866 27.055
T 26.929 97.361 29.455
W 26.005 100.976 30.218
G 23.988 102.541 32.993
P 21.36 105.244 32.475
G 23.49 108.084 33.853
T 23.541 110.566 36.755
Q 24.032 114.273 36.024
V 26.829 116.275 37.675
T 26.691 120.093 37.44
V 29.537 122.242 38.846
S 29.044 126.012 39.341
S 31.699 128.6 38.618
H 32.507 130.974 41.46
H 31.667 133.543 38.772
H 27.974 132.432 38.923
H 26.687 134.978 41.456
