tag x y z
Q -26.282 5.398 -22.907
V -25.828 5.616 -26.662
Q -29.479 4.477 -26.991
L -29.948 4.075 -30.754
Q -33.429 5.008 -32.003
E -34.559 3.929 -35.493
S -37.445 5.097 -37.667
G -38.756 5.206 -41.22
G -39.976 1.655 -41.894
G -43.378 0.168 -42.662
L -45.252 -1.111 -45.712
V -44.371 0.196 -49.174
Q -45.283 -0.572 -52.778
A -42.653 -2.148 -54.997
G -40.768 0.596 -56.809
G -41.293 3.071 -53.969
S -38.77 4.635 -51.616
L -38.067 4.89 -47.896
N -35.507 6.821 -45.844
L -34.528 4.931 -42.696
S -32.918 6.884 -39.895
C -31.198 6.065 -36.625
V -30.115 8.655 -34.046
V -30.119 8.657 -34.043
A -27.937 8.484 -30.907
S -26.988 10.786 -28.044
G -25.321 14.02 -29.074
S -22.151 13.132 -27.186
S -21.656 10.05 -29.406
H -19.153 10.233 -32.284
F -18.865 6.886 -33.985
N -15.867 5.248 -35.623
S -18.05 3.04 -37.863
M -21.751 2.79 -38.71
G -23.904 0.48 -40.773
W -27.301 -0.882 -41.657
Y -28.147 -4.599 -41.609
R -31.282 -6.619 -42.326
Q -32.655 -9.975 -41.182
A -34.965 -11.388 -43.869
P -37.396 -14.282 -43.356
G -35.463 -17.532 -43.15
K -32.109 -15.709 -43.178
Q -29.745 -14.505 -40.482
R -28.847 -10.821 -40.151
D -26.909 -9.558 -43.165
L -24.984 -6.434 -44.159
V -26.757 -3.716 -46.163
A -24.266 -0.814 -46.057
D -21.309 0.466 -44.01
I -20.124 4.044 -43.555
S -16.966 5.231 -41.791
N -16.437 8.373 -39.699
N -16.502 8.374 -39.724
D -14.822 10.108 -42.682
G -17.718 9.282 -45.026
V -16.442 6.278 -47.012
T -19.202 3.795 -47.849
N -19.591 0.115 -48.695
Y -22.671 -1.716 -50.0
A -23.952 -5.247 -50.397
D -24.041 -5.988 -54.131
S -27.826 -6.458 -54.05
V -28.442 -2.834 -52.955
K -25.588 -1.017 -54.659
K -25.428 -0.85 -54.198
D -27.002 1.692 -56.95
D -27.262 0.668 -57.2
R -30.394 1.588 -55.22
F -29.505 2.514 -51.615
T -27.461 5.371 -50.158
I -26.055 5.34 -46.617
S -25.086 8.645 -45.022
T -24.195 10.138 -41.649
N -24.415 13.619 -40.165
N -21.677 16.091 -39.311
A -21.368 14.937 -35.692
K -21.299 11.226 -36.685
N -24.114 10.241 -34.335
A -26.891 9.57 -36.849
V -27.116 7.126 -39.758
Y -29.503 7.364 -42.718
L -30.431 4.846 -45.406
Q -32.164 6.132 -48.534
M -33.773 3.151 -50.276
N -34.973 3.514 -53.869
N -36.743 1.118 -56.247
L -37.744 -1.24 -53.46
K -38.3 -4.915 -54.316
P -40.218 -7.652 -52.456
E -36.881 -9.288 -51.612
D -35.967 -6.153 -49.616
T -38.579 -7.252 -47.033
A -36.819 -7.714 -43.682
V -36.301 -6.314 -40.219
Y -33.62 -3.656 -40.651
Y -31.148 -2.805 -37.884
C -28.703 0.051 -37.492
N -25.307 -0.542 -35.905
A -22.826 1.983 -34.545
V -19.36 1.294 -33.114
A -16.994 3.413 -31.014
V -13.421 2.267 -30.325
A -11.132 2.803 -27.327
G -8.905 -0.233 -27.625
R -11.978 -2.353 -27.092
A -14.815 -1.964 -29.597
F -18.169 -0.767 -28.204
S -20.978 -1.884 -30.517
Y -24.543 -0.553 -30.301
W -27.731 -1.522 -32.138
G -31.097 0.049 -32.781
Q -34.301 -1.756 -31.907
G -35.246 -2.974 -35.384
T -37.193 -1.458 -38.269
Q -39.729 -3.593 -40.12
V -39.799 -3.045 -43.903
T -42.383 -4.867 -46.041
V -42.421 -4.355 -49.821
S -45.63 -5.566 -51.482
S -45.619 -5.578 -51.484
S -46.565 -6.568 -55.047
