tag x y z
S 1.721 -15.295 -11.139
M -1.419 -13.287 -10.33
G -4.1 -15.851 -9.488
Q -3.799 -18.989 -7.379
V -2.98 -22.151 -9.327
Q -6.067 -24.347 -9.738
L -6.16 -28.114 -10.266
Q -8.911 -29.258 -12.648
E -9.788 -32.955 -12.371
S -11.74 -35.18 -14.749
G -12.28 -38.802 -15.703
G -14.15 -40.297 -12.762
G -16.913 -42.69 -13.667
L -19.035 -45.713 -12.859
V -17.604 -49.148 -13.626
Q -18.158 -52.828 -12.871
A -15.601 -54.836 -10.908
G -12.751 -55.676 -13.281
G -13.212 -52.69 -15.574
S -10.83 -49.801 -16.026
L -10.988 -46.038 -15.598
N -8.712 -43.041 -16.127
L -8.241 -39.906 -14.054
S -6.576 -36.75 -15.313
C -5.738 -33.471 -13.611
V -4.535 -30.283 -15.318
A -2.907 -27.471 -13.33
S -3.534 -23.878 -14.34
G -0.457 -21.775 -15.016
S 3.061 -22.955 -15.735
S 4.037 -23.766 -12.16
H 6.633 -26.454 -11.457
F 5.63 -28.788 -8.629
N 8.0 -30.856 -6.506
S 5.45 -33.681 -6.29
M 2.056 -34.598 -7.707
G -0.114 -37.308 -6.218
W -3.527 -38.921 -6.133
Y -5.357 -39.304 -2.835
R -8.669 -41.061 -2.315
Q -11.256 -40.817 0.453
A -13.721 -43.682 0.773
P -17.17 -42.848 2.197
G -16.93 -42.275 5.937
K -13.158 -42.909 6.069
Q -9.899 -40.953 5.977
R -8.119 -39.533 2.948
D -5.391 -41.921 1.833
L -2.53 -41.786 -0.647
V -3.015 -43.861 -3.803
A 0.05 -42.873 -5.839
D 2.494 -39.993 -6.068
I 5.237 -39.06 -8.515
S 8.246 -36.789 -8.174
N 9.333 -34.331 -10.873
N 9.374 -34.285 -10.857
D 11.856 -36.857 -12.266
G 9.57 -39.904 -12.495
V 10.091 -41.641 -9.155
T 6.737 -43.203 -8.246
N 5.297 -44.679 -5.052
Y 2.092 -46.691 -4.857
A -0.032 -47.796 -1.951
D 0.38 -51.558 -1.653
S -3.362 -51.982 -2.257
V -3.204 -50.563 -5.805
K 0.314 -51.571 -6.863
D 0.55 -53.251 -10.294
R -3.058 -52.219 -11.006
F -2.662 -48.423 -10.975
T -0.145 -46.335 -12.906
I 0.567 -42.664 -12.288
S 2.251 -40.5 -14.908
T 2.708 -36.835 -15.755
N 3.237 -34.467 -18.657
N 5.029 -31.405 -17.274
A 4.776 -29.625 -20.642
K 0.97 -29.684 -20.269
N 0.992 -29.346 -16.444
N 0.953 -29.314 -16.449
A -0.988 -32.582 -16.241
V -0.99 -35.715 -14.098
Y -2.774 -38.949 -14.945
L -3.887 -42.15 -13.239
Q -4.67 -45.411 -15.033
M -6.65 -47.914 -12.971
N -7.085 -51.468 -14.237
N -8.799 -54.467 -12.657
L -10.828 -52.145 -10.459
K -12.188 -53.659 -7.247
P -15.172 -52.457 -5.173
E -12.672 -51.427 -2.464
D -11.484 -48.714 -4.885
T -14.792 -46.821 -4.787
A -13.946 -43.377 -3.42
V -13.637 -39.699 -4.189
Y -10.229 -39.223 -5.807
Y -8.286 -36.006 -5.254
C -5.193 -34.783 -7.068
N -2.59 -32.989 -4.954
A 0.245 -30.822 -6.293
V 2.954 -29.657 -3.887
A 5.609 -27.008 -4.454
V 8.179 -25.919 -1.887
A 9.574 -22.388 -1.483
G 10.775 -22.557 2.104
R 7.124 -23.067 2.976
A 5.274 -25.96 1.331
F 2.455 -24.873 -1.009
S -0.081 -27.671 -1.52
Y -2.998 -27.522 -3.963
W -5.942 -29.851 -4.472
G -8.282 -30.662 -7.304
Q -12.009 -30.396 -6.714
G -12.392 -34.181 -6.49
T -13.946 -36.809 -8.749
Q -15.633 -40.06 -7.792
V -14.813 -43.591 -8.908
T -17.695 -46.001 -8.281
V -16.911 -49.71 -8.632
S -19.896 -52.029 -8.329
S -19.736 -55.773 -7.823
A -20.521 -58.294 -10.569
