tag x y z
E 45.651 -10.456 36.549
V 49.036 -8.945 37.393
Q 48.578 -6.002 39.757
L 51.002 -3.733 41.627
L 49.614 -1.656 44.507
E 51.864 1.084 45.908
S 51.96 2.83 49.288
G 54.175 5.038 51.419
G 54.434 8.364 49.594
G 54.019 11.674 51.344
L 55.528 14.98 52.421
V 58.869 14.991 54.243
Q 61.567 17.505 55.187
P 65.131 17.278 53.821
G 67.092 14.578 55.6
G 63.889 12.671 56.315
S 63.083 9.137 55.275
L 60.286 7.083 53.746
R 59.651 3.441 52.889
L 57.779 2.948 49.63
S 55.936 -0.371 49.42
C 54.541 -2.173 46.373
A 52.505 -5.353 46.821
A 52.186 -7.655 43.812
S 49.219 -9.911 43.078
G 49.059 -12.562 40.36
F 52.742 -13.571 40.369
R 55.827 -13.921 42.631
R 55.821 -13.925 42.641
I 58.149 -10.944 43.188
I 58.142 -10.947 43.163
S 60.949 -13.5 43.587
D 60.86 -14.25 39.832
E 60.685 -10.863 38.064
D 63.087 -7.958 37.571
M 61.443 -5.167 39.571
G 62.37 -1.53 39.953
W 61.332 2.01 40.786
V 60.916 4.843 38.274
R 60.731 8.527 39.161
R 60.808 8.56 39.15
Q 58.694 11.095 37.255
A 58.964 14.871 37.59
P 57.828 17.654 35.242
G 60.601 18.708 32.899
K 62.582 15.59 33.844
G 60.887 12.729 31.98
L 61.433 9.342 33.599
E 64.462 7.831 35.306
W 65.195 4.457 36.897
V 65.823 5.082 40.595
S 66.663 1.537 41.685
S 66.066 -2.005 40.514
I 66.377 -5.565 41.788
Y 67.006 -8.143 39.09
G 68.115 -11.68 38.388
P 66.681 -13.433 41.464
S 70.211 -14.148 42.522
G 69.088 -10.758 43.829
S 71.385 -8.123 42.368
T 70.589 -4.433 42.768
Y 71.179 -1.429 40.521
Y 71.03 2.14 41.824
A 71.174 5.522 40.151
D 74.235 7.602 40.994
S 71.997 10.299 42.504
V 70.517 7.884 45.073
K 73.445 5.525 45.697
G 74.093 5.071 49.41
R 70.776 6.704 50.359
F 68.179 4.402 48.763
T 67.775 0.663 49.302
I 65.596 -1.73 47.308
S 64.308 -4.834 49.083
R 62.098 -7.875 48.549
D 59.82 -9.76 50.943
N 58.822 -13.033 49.297
S 56.592 -14.013 52.228
K 54.448 -10.9 51.757
N 55.275 -10.723 48.011
T 56.241 -7.063 48.319
L 58.888 -4.741 46.89
Y 60.303 -2.127 49.267
L 62.259 1.091 48.727
Q 63.965 2.629 51.75
M 64.654 6.319 51.048
N 66.871 7.933 53.685
S 68.553 11.352 53.57
L 65.96 12.704 51.155
R 66.693 15.836 49.129
A 64.554 18.345 47.264
E 65.739 16.723 44.017
D 64.077 13.455 45.103
T 60.614 15.055 44.858
A 58.704 13.119 42.187
V 56.046 10.48 41.574
Y 57.521 7.009 42.067
Y 56.224 3.935 40.241
C 57.011 0.332 41.039
A 57.402 -1.355 37.675
S 58.689 -4.449 35.932
A 61.407 -4.561 33.3
L 60.841 -3.768 29.635
E 60.853 -7.546 29.012
P 58.897 -9.246 31.823
L 59.174 -12.941 32.575
S 55.478 -13.443 33.367
E 53.603 -11.071 31.036
P 54.476 -10.317 27.396
L 54.233 -6.565 28.094
G 55.445 -4.581 31.076
F 53.165 -3.416 33.869
W 53.219 -0.367 36.133
G 51.935 0.718 39.512
Q 49.586 3.629 40.051
G 52.251 6.001 41.38
T 53.017 7.553 44.765
L 53.934 11.208 45.214
V 57.035 11.745 47.369
T 57.814 15.395 48.192
V 60.809 16.765 50.098
S 60.511 20.45 51.023
S 62.3 22.602 53.59
L 60.874 25.173 55.994
E 62.156 27.967 53.74
A 60.648 26.446 50.585
L 57.25 26.036 52.274
S 57.258 29.631 53.571
