tag x y z
Q -92.375 35.048 -14.095
V -95.123 33.115 -15.842
Q -98.679 34.38 -16.224
L -101.552 32.096 -17.208
V -104.754 33.249 -18.925
E -107.76 31.022 -18.388
S -110.585 30.914 -20.922
G -113.759 28.861 -21.208
G -116.325 27.374 -18.91
G -119.599 28.479 -17.42
L -122.775 26.449 -17.122
V -123.179 23.242 -19.182
Q -126.299 21.047 -19.022
A -125.077 17.68 -17.725
G -122.468 18.432 -22.722
S -119.052 19.932 -23.365
L -116.725 22.859 -22.601
R -113.394 23.764 -24.104
L -110.988 25.287 -21.601
S -107.869 27.099 -22.844
C -104.825 28.236 -20.796
A -102.271 30.671 -22.308
A -98.832 30.628 -20.665
S -96.981 33.913 -21.043
G -93.81 35.323 -19.581
S -90.375 33.716 -19.86
I -91.05 29.992 -20.145
R -88.542 27.133 -20.374
S -88.726 24.799 -23.4
L -89.095 21.815 -21.068
N -92.326 22.408 -19.144
A -95.787 21.109 -18.438
M -99.263 22.746 -18.204
G -102.782 21.524 -17.433
W -105.768 21.92 -15.123
Y -106.254 20.892 -11.523
R -109.782 21.299 -10.109
Q -111.072 22.226 -6.622
A -114.611 21.084 -5.802
P -116.207 23.197 -3.049
G -115.412 21.212 0.109
K -113.219 18.673 -1.73
Q -109.424 18.907 -2.241
R -107.331 20.004 -5.28
E -107.426 17.215 -7.889
L -105.493 16.827 -11.127
V -107.758 16.999 -14.147
A -105.399 17.049 -17.127
A -101.654 17.395 -17.743
I -99.36 17.71 -20.784
T -95.62 18.378 -21.324
S -93.667 20.271 -23.929
R -92.902 17.015 -25.709
G -96.504 15.769 -25.855
S -96.801 13.419 -22.859
T -100.217 13.585 -21.189
R -101.966 12.37 -18.034
Y -105.506 12.588 -16.722
G -107.013 12.07 -13.289
D -108.83 8.815 -12.726
F -112.274 10.421 -12.679
V -111.802 11.675 -16.25
K -112.082 8.197 -17.768
G -111.054 9.365 -21.214
R -113.851 11.876 -21.5
F -111.42 14.781 -21.896
T -108.516 15.629 -24.152
I -105.73 18.156 -23.586
S -103.572 19.495 -26.406
R -101.073 22.09 -27.656
G -102.722 24.511 -30.089
N -101.317 26.567 -32.953
A -99.594 29.165 -30.77
K -96.99 27.764 -28.431
N -97.386 27.753 -24.622
T -101.12 27.365 -25.07
V -103.191 24.384 -23.935
Y -106.737 23.202 -24.493
L -108.992 20.845 -22.552
Q -112.097 19.387 -24.188
M -114.584 18.116 -21.624
N -117.143 15.719 -23.085
S -119.839 13.765 -21.247
L -119.681 16.267 -18.358
S -121.454 15.303 -15.102
V -122.628 17.182 -11.974
E -119.587 15.697 -10.202
D -117.371 17.524 -12.741
T -118.729 20.713 -11.19
A -115.869 22.596 -9.507
V -113.35 25.418 -10.061
Y -110.769 24.658 -12.769
Y -107.355 26.294 -12.184
C -104.8 26.092 -14.999
K -101.396 25.017 -13.705
Q -97.942 25.349 -15.211
T -94.563 23.982 -14.091
Q -90.952 24.459 -15.091
L -87.703 23.778 -13.222
G -89.746 22.593 -10.24
Y -91.87 25.719 -9.689
D -95.648 26.103 -9.964
Y -97.622 28.94 -11.516
W -101.343 28.947 -11.019
G -104.503 30.371 -12.49
Q -107.113 32.844 -11.315
G -109.711 30.054 -11.29
T -112.518 29.255 -13.721
Q -115.969 28.175 -12.587
V -117.542 25.073 -14.114
T -121.1 24.415 -12.899
V -122.721 21.361 -14.527
S -126.44 21.801 -13.855
S -129.333 19.359 -14.169
