tag x y z
Q -13.936 -12.865 -18.397
V -12.668 -9.876 -16.422
Q -13.896 -6.361 -17.146
L -13.004 -3.215 -15.215
V -14.847 0.0 -16.05
E -14.025 3.332 -14.411
S -16.325 6.338 -14.18
G -16.782 9.546 -12.228
G -13.956 11.582 -13.688
G -14.507 15.2 -14.487
L -13.349 18.779 -14.192
V -13.159 20.436 -10.774
Q -11.547 23.461 -9.24
P -8.559 23.174 -6.888
G -9.585 22.082 -3.414
G -12.679 20.294 -4.772
S -13.735 16.639 -4.607
L -14.717 13.772 -6.901
R -15.63 10.131 -6.392
L -14.429 7.602 -8.954
S -16.0 4.181 -9.377
C -14.476 1.015 -10.805
A -17.111 -1.593 -11.699
A -15.556 -5.051 -11.916
S -16.989 -8.217 -13.401
S -16.995 -8.207 -13.461
G -15.462 -11.646 -13.631
I -13.546 -11.519 -10.334
T -12.993 -15.201 -9.541
L -9.638 -15.236 -7.725
D -9.891 -15.748 -3.964
Y -6.751 -13.722 -3.113
Y -6.303 -10.532 -5.142
A -5.383 -6.86 -5.048
I -7.308 -3.984 -6.605
G -5.331 -0.808 -7.217
W -6.01 2.723 -8.354
F -3.204 4.119 -10.533
R -2.848 7.354 -12.448
Q -1.024 8.487 -15.552
Q -1.058 8.449 -15.604
A -0.572 11.946 -16.978
P 1.143 12.758 -20.29
G 4.851 13.28 -19.716
K 4.82 11.762 -16.219
E 5.492 8.251 -15.024
R 2.491 6.169 -14.014
E 1.973 6.317 -10.249
G 0.271 4.009 -7.844
V -2.418 5.898 -5.929
S -4.031 3.343 -3.607
S -4.008 3.342 -3.606
R -4.577 -0.368 -3.237
I -6.709 -2.856 -1.269
R -6.563 -6.651 -0.998
S -8.929 -9.525 -0.307
S -6.678 -11.298 2.211
D -6.599 -8.882 5.15
G -8.423 -5.879 3.674
S -5.583 -3.548 4.298
T -5.128 -0.434 2.18
T -5.106 -0.445 2.165
N -2.0 1.477 1.174
Y -1.809 4.987 -0.286
A 0.913 6.908 -2.074
D 2.574 9.543 0.111
S 1.306 12.26 -2.234
V -2.36 11.375 -1.527
K -2.367 10.133 2.107
G -5.126 11.809 4.074
R -6.834 13.215 0.969
F -7.906 10.069 -0.912
T -9.823 7.057 0.39
M -10.319 3.728 -1.373
S -13.23 1.511 -0.453
R -15.342 -1.45 -1.524
D -19.09 -1.288 -2.083
N -20.805 -3.732 0.222
A -23.564 -4.722 -2.251
K -21.965 -4.823 -5.738
N -18.543 -5.4 -7.265
T -17.514 -1.748 -7.32
V -14.577 -0.029 -5.663
Y -14.361 3.7 -5.097
L -11.755 6.411 -4.852
Q -13.025 9.375 -2.855
M -10.694 12.287 -3.782
N -10.879 15.307 -1.499
S -8.851 18.535 -1.585
L -7.843 18.014 -5.201
K -4.763 19.765 -6.561
K -4.716 19.725 -6.544
P -3.753 20.573 -10.153
E -0.964 17.991 -9.879
D -3.645 15.269 -9.372
T -4.699 15.837 -13.002
A -4.41 12.509 -14.822
V -6.223 9.517 -16.255
Y -7.117 7.234 -13.33
Y -7.162 3.481 -13.896
C -8.197 0.592 -11.778
C -8.334 0.563 -11.826
A -6.397 -2.711 -11.941
Y -6.824 -6.237 -10.593
G -4.549 -9.203 -10.09
P -3.482 -12.06 -7.817
L -1.705 -11.617 -4.506
T 1.594 -13.416 -3.975
K 1.543 -16.448 -1.69
Y 4.922 -17.194 -0.154
G 4.657 -19.959 2.386
S 1.942 -18.844 4.765
S 2.442 -15.126 3.995
W 0.711 -12.917 1.426
Y 2.468 -10.106 -0.46
W 1.347 -7.271 -2.712
P 1.944 -7.687 -6.462
Y 3.669 -5.156 -8.71
E 2.107 -6.456 -11.946
Y -1.683 -6.574 -12.334
D -3.408 -8.838 -14.866
Y -6.308 -6.582 -15.847
W -6.55 -2.799 -16.304
G -9.617 -0.723 -17.056
Q -9.913 1.958 -19.676
G -9.31 4.984 -17.47
T -11.361 8.002 -16.459
Q -10.025 11.537 -16.842
V -9.636 13.811 -13.8
T -8.778 17.454 -14.474
V -8.136 19.939 -11.663
S -8.06 23.485 -13.014
S -9.077 27.057 -12.306
S -9.061 27.067 -12.313
T -10.321 27.226 -15.945
S -10.699 24.187 -18.244
