tag x y z
Q -2.968 -150.136 33.76
V -5.931 -151.216 35.9
Q -6.649 -154.374 37.865
L -9.323 -157.025 37.32
Q -11.295 -159.606 39.282
E -13.463 -162.604 38.4
S -16.662 -163.985 39.937
G -18.916 -167.022 39.524
G -16.403 -169.874 39.58
G -17.848 -173.008 41.125
S -19.437 -176.417 40.644
V -22.368 -177.375 38.418
Q -24.108 -180.452 37.023
A -22.971 -181.757 33.634
G -25.138 -180.061 31.024
G -26.199 -177.209 33.313
S -26.092 -173.448 32.856
L -23.902 -170.799 34.479
K -23.059 -167.097 34.327
L -19.515 -165.828 34.932
S -18.457 -162.204 35.388
C -15.27 -160.113 35.259
A -15.207 -156.709 36.988
A -12.553 -154.108 36.131
S -10.823 -152.434 39.106
G -9.952 -148.966 37.799
R -11.034 -146.541 35.09
S -11.337 -146.337 31.292
F -12.999 -149.777 31.195
S -14.629 -148.962 27.841
T -11.13 -148.592 26.357
Y -10.041 -152.139 27.297
A -10.79 -155.242 25.263
M -11.744 -158.178 27.505
G -10.688 -161.807 27.133
W -11.387 -165.095 28.924
F -8.809 -167.895 29.264
R -8.948 -171.342 30.871
Q -6.445 -173.942 32.07
A -7.524 -177.543 32.587
P -5.87 -178.846 35.794
G -2.513 -180.404 34.952
Q -2.559 -178.889 31.445
D -1.337 -175.634 29.901
R -3.234 -172.347 29.877
E -5.448 -171.975 26.806
F -7.654 -169.409 25.08
V -11.423 -169.195 25.597
A -12.95 -166.008 24.19
T -12.519 -162.284 23.628
I -14.332 -159.043 22.82
S -12.561 -155.974 21.455
W -12.566 -152.502 22.956
T -14.487 -151.729 19.737
D -17.222 -154.183 20.851
S -16.266 -156.965 18.421
T -16.827 -160.491 19.752
D -14.683 -163.537 18.97
Y -14.946 -167.114 20.237
A -12.755 -170.189 20.372
D -14.271 -173.086 18.453
S -14.706 -175.379 21.475
V -16.951 -172.901 23.33
K -18.443 -171.39 20.151
G -22.229 -171.638 20.181
R -22.272 -172.748 23.831
F -20.79 -169.568 25.358
T -21.788 -165.898 25.084
I -19.212 -163.348 26.241
S -20.441 -159.777 26.735
R -19.471 -156.461 28.313
D -21.233 -153.61 30.139
N -19.384 -150.281 29.896
A -21.665 -148.439 32.345
K -21.028 -150.884 35.201
N -17.424 -151.661 34.16
T -18.136 -155.379 34.016
G -18.158 -158.328 31.663
Y -20.235 -161.479 31.522
L -20.143 -164.981 30.068
Q -23.316 -167.038 29.689
M -22.416 -170.742 29.531
N -24.964 -173.381 28.507
S -24.886 -177.096 27.657
L -21.84 -177.464 29.887
K -19.429 -180.37 29.424
P -17.202 -182.159 31.976
E -14.382 -180.992 29.685
D -15.033 -177.401 30.842
T -13.601 -177.97 34.355
A -10.628 -175.611 34.58
V -9.156 -172.511 36.206
Y -10.599 -169.461 34.43
Y -8.944 -166.041 34.153
C -9.963 -162.786 32.479
A -7.397 -160.44 30.905
A -7.751 -157.047 29.25
D -5.857 -154.658 26.995
R -6.453 -151.288 25.336
W -4.297 -151.558 22.208
A -5.145 -155.082 21.017
S -7.985 -157.571 20.64
S -5.968 -160.666 19.757
R -6.147 -164.296 20.899
R -2.526 -164.744 22.031
N -2.051 -165.036 25.798
V 1.105 -162.91 25.469
D -0.645 -159.813 24.053
Y -2.715 -159.233 27.224
D -0.43 -157.92 29.977
Y -3.023 -156.911 32.603
W -4.585 -159.914 34.307
G -7.367 -160.934 36.634
Q -6.699 -163.451 39.37
G -9.126 -166.189 38.317
T -11.446 -168.784 39.802
Q -12.059 -172.537 39.713
V -14.939 -173.75 37.515
T -16.068 -177.379 37.751
V -18.584 -179.482 35.813
S -19.715 -182.755 37.395
S -18.614 -186.134 36.034
H -20.572 -188.11 33.431
G -22.002 -190.325 36.191
S -24.36 -187.718 37.626
G -25.506 -186.287 34.293
L -25.849 -187.33 30.645
V -23.489 -187.808 27.703
P -23.043 -184.381 26.043
R -24.515 -183.919 22.574
