tag x y z
E -51.402 4.132 24.863
V -50.647 5.7 21.485
Q -53.74 5.182 19.317
L -54.938 6.42 15.928
V -58.66 5.787 15.426
E -60.043 6.498 11.968
S -63.555 7.299 10.793
G -65.402 8.858 7.866
G -65.13 6.438 4.95
G -67.915 5.123 2.8
L -69.307 4.541 -0.673
V -70.171 7.578 -2.816
Q -70.595 8.59 -6.453
P -67.852 10.148 -8.61
G -67.451 13.866 -8.039
R -68.652 13.733 -4.449
S -66.591 14.226 -1.31
L -65.663 12.546 1.961
R -63.711 13.627 5.023
L -61.605 11.03 6.779
S -60.83 11.634 10.466
C -57.888 10.351 12.502
A -58.43 10.797 16.253
A -55.09 10.67 18.068
S -54.549 9.424 21.626
G -51.419 9.363 23.756
F -49.531 12.252 22.126
D -50.002 15.89 21.154
I -50.836 15.997 17.451
A -49.365 19.495 17.05
Y -45.857 18.021 17.534
Y -46.094 14.95 15.274
S -46.247 14.386 11.545
I -49.464 12.688 10.375
G -50.076 11.21 6.938
W -52.408 8.994 4.941
V -51.46 5.846 2.995
R -53.742 3.84 0.701
R -53.77 0.335 -0.797
A -56.078 -1.611 -3.117
P -56.195 -4.979 -4.941
G -54.156 -5.07 -8.128
K -52.471 -1.781 -7.214
G -49.489 -1.114 -5.107
E -49.48 1.003 -1.993
E -48.954 4.724 -1.96
L -48.389 7.666 0.365
V -51.278 10.08 -0.261
A -50.694 13.145 1.906
R -48.562 14.255 4.827
I -48.526 17.21 7.233
Y -45.28 18.31 8.933
P -45.12 19.869 12.417
S -42.276 22.342 11.684
S -44.391 24.769 9.626
S -47.685 22.831 9.254
S -46.851 22.534 5.562
T -48.305 19.674 3.556
S -47.321 17.425 0.66
Y -49.45 15.285 -1.649
A -49.194 12.514 -4.208
D -49.447 13.803 -7.785
S -52.702 11.928 -8.375
V -54.569 13.691 -5.537
K -53.053 17.191 -5.39
G -55.662 19.919 -5.64
R -58.431 17.453 -4.715
F -57.302 16.159 -1.29
T -56.374 18.349 1.681
I -54.741 17.149 4.881
S -55.121 19.229 8.033
A -55.159 18.944 11.812
D -57.291 20.394 14.61
T -55.042 20.701 17.652
S -58.058 21.46 19.858
K -59.543 18.053 18.985
N -56.196 16.199 18.618
T -57.506 14.979 15.253
A -56.197 15.022 11.69
Y -58.406 15.077 8.601
L -58.164 14.12 4.952
Q -60.715 16.145 2.974
M -61.305 14.198 -0.259
N -63.016 16.339 -2.899
S -63.874 15.475 -6.517
L -63.6 11.754 -5.858
R -62.651 9.519 -8.803
A -63.122 5.8 -9.407
E -59.382 5.223 -9.06
D -59.503 6.62 -5.482
T -61.218 3.406 -4.283
A -58.88 1.965 -1.632
V -58.383 1.229 2.028
Y -56.902 4.366 3.613
Y -54.709 4.364 6.736
C -53.751 7.192 9.052
A -50.087 7.09 10.081
R -47.788 8.842 12.551
W -44.055 9.344 12.15
H -41.463 8.942 14.876
Y -40.147 12.223 16.286
D -36.756 11.549 14.665
Y -38.368 11.795 11.197
A -41.144 14.311 11.914
D -39.926 16.771 9.255
W -38.032 14.288 7.059
P -39.977 13.673 3.82
G -40.819 10.172 2.658
G -42.414 6.991 3.905
Y -39.428 6.157 6.102
G -39.942 6.701 9.826
M -43.611 5.786 10.36
D -44.245 4.311 13.802
Y -48.045 4.03 14.281
W -51.0 3.276 11.989
G -54.782 3.374 12.18
Q -57.063 0.4 11.511
G -57.88 1.23 7.888
T -60.919 2.92 6.353
L -62.472 1.818 3.078
V -63.383 4.552 0.609
T -65.222 3.452 -2.519
V -66.25 5.509 -5.533
S -69.058 3.804 -7.422
