tag x y z
M 18.795 -81.43 -9.056
Q 17.942 -85.084 -9.83
V 20.626 -87.771 -9.39
Q 19.854 -91.512 -9.269
L 22.329 -94.183 -8.102
V 22.382 -97.868 -9.119
E 24.793 -100.467 -7.694
T 26.304 -103.052 -10.071
G 28.53 -105.884 -8.878
G 27.179 -107.402 -5.677
G 26.778 -111.093 -5.032
L 28.126 -114.144 -3.241
V 31.901 -114.533 -2.915
Q 34.21 -117.017 -1.188
A 36.569 -115.921 1.584
G 39.964 -115.026 0.176
G 38.32 -114.177 -3.148
S 37.644 -110.819 -4.732
L 34.777 -108.71 -6.047
R 34.458 -105.385 -7.866
L 31.522 -103.067 -7.235
S 30.511 -100.412 -9.746
C 27.848 -97.726 -9.94
A 26.656 -95.215 -12.525
A 25.01 -91.931 -11.579
S 21.893 -91.057 -13.591
G 22.338 -87.331 -14.016
N 24.626 -84.411 -14.736
I 28.27 -84.949 -13.739
N 28.342 -81.23 -12.881
S 25.516 -81.785 -10.345
F 27.521 -84.025 -7.966
N 31.165 -84.105 -6.884
A 32.268 -86.403 -4.048
M 31.504 -90.122 -4.067
G 31.913 -92.85 -1.485
W 30.987 -96.389 -0.505
F 29.207 -97.306 2.707
R 28.466 -100.771 4.055
Q 25.861 -101.944 6.587
A 26.611 -105.236 8.342
P 23.808 -107.011 10.288
G 22.92 -105.201 13.508
K 25.045 -102.208 12.507
Q 24.648 -98.761 10.976
R 26.079 -97.59 7.657
E 29.885 -97.394 7.829
L 31.946 -95.325 5.406
V 34.771 -97.6 4.258
A 36.058 -95.714 1.186
A 35.442 -92.237 -0.202
I 36.952 -90.357 -3.13
T 36.975 -86.726 -4.208
F 36.339 -85.737 -7.818
G 40.072 -85.196 -8.384
G 40.968 -88.591 -6.944
R 41.991 -88.005 -3.326
T 40.995 -91.047 -1.285
N 40.333 -91.948 2.333
Y 39.893 -95.487 3.646
A 38.601 -96.954 6.873
D 41.281 -98.819 8.832
S 39.302 -102.075 8.593
V 39.696 -102.161 4.778
K 43.144 -100.599 4.201
G 45.462 -102.672 2.035
R 42.522 -104.743 0.759
F 39.989 -102.376 -0.837
T 40.675 -99.833 -3.578
I 38.293 -97.04 -4.592
S 38.634 -95.546 -8.075
R 36.531 -93.471 -10.444
D 36.122 -92.647 -14.135
N 34.549 -89.211 -14.569
T 34.13 -89.74 -18.326
K 31.622 -92.506 -17.503
G 30.15 -90.901 -14.366
S 31.233 -93.947 -12.378
V 33.108 -94.891 -9.217
Y 34.441 -98.379 -8.502
L 35.342 -100.469 -5.454
Q 37.825 -103.313 -5.974
M 37.567 -105.547 -2.903
N 40.463 -107.976 -2.509
S 41.204 -110.562 0.21
L 37.569 -110.724 1.307
K 36.663 -111.943 4.801
P 33.326 -113.075 6.314
E 33.367 -109.868 8.399
D 33.011 -107.944 5.102
T 29.477 -109.339 4.648
A 27.159 -106.322 4.417
V 24.822 -104.47 2.107
Y 27.113 -101.985 0.391
Y 25.775 -98.584 -0.632
C 27.264 -95.997 -2.903
A 26.709 -92.392 -1.902
A 27.356 -89.13 -3.704
S 27.338 -85.512 -2.584
E 26.589 -82.291 -4.403
N 29.668 -80.947 -2.614
N 33.284 -82.14 -2.644
L 33.853 -83.073 1.006
L 34.765 -86.587 2.146
T 32.773 -86.429 5.397
G 29.785 -84.221 4.608
V 26.205 -84.184 3.255
W 25.769 -87.595 1.604
H 22.215 -86.948 0.41
Y 22.313 -89.077 -2.731
W 22.216 -92.783 -1.882
G 21.939 -95.949 -3.884
R 19.524 -98.651 -2.839
G 22.446 -100.947 -2.033
T 23.615 -104.364 -3.145
Q 24.214 -107.451 -1.019
V 27.739 -108.825 -0.648
T 27.906 -112.083 1.317
V 31.304 -113.628 2.046
S 31.198 -117.307 3.009
S 33.836 -118.92 5.231
