tag x y z
Q 233.623 185.156 176.618
V 234.773 181.769 177.918
Q 238.382 181.163 178.944
L 240.099 177.943 179.982
V 243.147 177.404 182.198
E 244.868 174.01 182.435
S 247.842 172.419 184.183
G 249.118 169.136 185.569
G 251.23 167.741 182.726
G 254.904 167.809 181.769
S 257.655 165.199 181.536
V 256.898 161.662 182.727
Q 258.25 158.182 182.026
A 256.429 155.339 180.343
G 255.113 153.681 183.467
G 254.728 156.95 185.371
S 251.491 158.725 186.199
L 249.95 162.151 185.66
R 246.885 164.074 186.839
L 245.852 166.532 184.139
S 243.376 169.272 184.986
C 241.689 172.392 183.66
A 239.523 175.07 185.261
A 236.874 177.113 183.467
S 236.155 180.831 183.842
G 233.556 183.113 182.283
Y 230.263 181.562 181.198
I 230.351 178.219 182.998
Y 226.69 177.292 182.481
Q 226.409 177.624 178.694
I 229.05 174.933 178.059
E 227.374 171.687 176.964
Y 230.138 169.364 175.741
L 233.535 168.963 177.389
G 236.552 166.911 176.392
W 240.315 166.808 175.965
F 242.263 167.354 172.74
R 245.904 166.321 172.382
Q 248.283 167.351 169.601
A 251.329 165.368 168.527
P 254.324 167.455 167.386
G 253.436 168.649 163.897
K 250.442 166.286 163.714
E 246.714 166.942 163.755
R 244.969 167.32 167.104
E 243.106 164.33 168.523
G 239.919 164.394 170.574
V 240.881 162.562 173.744
A 237.623 162.489 175.716
A 234.019 163.698 175.739
L 231.358 164.2 178.4
A 227.736 165.322 178.541
T 227.204 168.26 180.889
W 224.17 166.951 182.786
N 223.17 163.896 180.778
G 226.493 162.724 182.202
Q 227.538 160.311 179.449
T 231.323 160.001 179.159
Y 233.307 159.34 175.994
Y 236.967 158.681 175.244
A 239.323 158.067 172.346
D 240.361 154.486 171.611
S 244.078 155.306 171.86
V 243.59 156.456 175.473
K 240.676 154.2 176.443
G 241.243 152.253 179.642
R 244.27 154.436 180.463
F 242.959 158.014 180.488
T 240.112 158.899 182.856
V 238.178 162.169 182.668
S 237.216 164.002 185.849
L 234.98 167.022 186.396
D 234.467 169.055 189.581
N 231.14 170.869 189.319
A 231.823 172.615 192.633
K 234.917 174.412 191.325
N 234.051 174.365 187.584
T 237.06 172.183 186.874
V 237.821 169.404 184.403
Y 240.55 166.908 185.26
L 242.177 164.005 183.445
Q 243.713 161.214 185.533
M 245.943 158.71 183.726
N 248.539 156.112 184.748
S 250.881 153.601 183.08
L 251.455 156.108 180.286
K 253.196 155.39 176.983
P 255.49 157.486 174.754
E 252.528 157.776 172.386
D 250.944 160.071 175.004
T 253.597 162.747 174.425
A 251.477 165.501 172.883
L 250.071 168.993 173.391
Y 246.772 168.867 175.284
Y 244.212 171.681 175.082
C 241.192 172.261 177.287
A 238.089 171.843 175.137
A 234.579 173.176 175.732
A 231.526 173.225 173.474
Y 228.179 174.945 173.964
E 224.787 173.434 173.159
G 223.567 172.033 169.857
D 226.776 170.174 168.985
T 227.39 166.436 169.33
S 231.1 166.324 168.531
P 232.703 163.823 170.935
L 236.307 164.015 169.743
Y 236.103 166.46 166.811
Y 237.526 169.996 167.111
E 235.313 171.048 164.241
E 232.656 172.765 166.357
Y 234.246 173.384 169.76
G 234.403 177.128 170.237
Y 236.822 177.591 173.133
W 240.345 176.292 173.729
G 242.823 176.591 176.576
Q 246.466 177.61 176.641
G 247.874 174.125 176.033
T 249.996 171.957 178.332
Q 252.874 169.899 176.95
V 252.824 166.278 178.106
T 256.086 164.356 177.72
V 256.252 160.577 178.126
S 259.633 159.014 177.371
