tag x y z
Q 156.002 227.325 179.873
V 159.038 225.082 180.328
Q 158.288 222.548 183.074
L 160.915 220.291 184.659
V 159.868 216.83 185.862
E 161.99 214.232 187.648
S 161.847 210.455 188.009
G 164.177 207.517 188.619
G 163.842 207.274 192.392
G 164.104 204.042 194.317
L 165.809 202.143 197.109
V 169.394 200.92 196.685
Q 172.534 200.878 198.825
A 176.046 201.918 197.794
G 177.435 200.58 194.537
G 174.194 201.205 192.641
S 173.346 203.488 189.746
L 170.418 205.733 188.798
R 169.647 208.322 186.11
L 167.363 211.188 187.164
S 165.694 212.606 184.042
C 165.315 216.406 183.957
A 162.707 216.402 181.203
A 161.62 219.786 179.835
S 158.433 220.662 177.958
G 156.893 223.45 175.892
F 159.429 223.396 173.063
P 162.947 222.019 172.494
V 165.168 224.428 174.431
A 167.481 221.893 176.082
Q 170.602 223.894 175.18
E 170.936 226.012 178.341
I 172.609 225.608 181.741
M 171.011 222.936 183.95
T 172.07 223.606 187.551
W 171.276 220.628 189.779
Y 170.407 221.26 193.432
R 170.251 218.684 196.224
Q 168.089 219.06 199.331
A 168.296 216.58 202.175
P 165.359 217.042 204.589
G 166.502 219.615 207.135
K 169.008 221.649 205.109
E 169.109 224.287 202.362
R 170.199 224.625 198.733
E 173.411 222.929 197.608
W 174.48 222.934 193.959
V 175.298 219.53 192.443
A 176.419 219.94 188.817
A 175.84 222.329 185.914
I 176.19 221.903 182.143
S 177.485 224.56 179.763
S 175.191 226.116 177.175
I 177.456 224.462 174.604
G 176.845 221.169 176.412
D 180.328 219.752 175.776
T 181.868 220.937 179.077
T 180.7 220.544 182.672
A 181.972 220.562 186.246
Y 180.562 219.03 189.432
A 181.31 219.3 193.139
D 184.536 217.74 194.402
S 182.533 215.663 196.905
V 181.21 213.539 194.013
K 184.384 213.871 191.949
G 184.905 210.984 189.538
R 181.52 209.337 190.182
F 178.754 211.83 189.386
T 178.075 212.638 185.738
I 175.498 214.533 183.692
S 174.408 214.229 180.073
R 171.602 215.375 177.801
D 169.713 214.305 174.688
N 167.848 216.804 172.51
A 165.658 214.037 171.046
K 163.116 214.216 173.89
N 164.353 217.41 175.629
T 165.676 215.893 178.848
V 168.84 215.874 180.956
Y 169.889 212.625 182.64
L 171.558 212.828 186.064
Q 173.976 209.898 185.896
M 174.969 208.347 189.224
N 177.312 205.511 190.168
S 178.958 204.29 193.385
L 176.897 206.584 195.592
K 177.653 207.099 199.27
P 174.889 206.296 201.797
E 174.709 210.043 202.584
D 173.306 211.03 199.162
T 169.746 209.853 199.915
A 167.871 213.084 199.212
V 165.343 214.675 196.876
Y 167.202 216.451 194.079
Y 166.229 219.368 191.853
C 167.395 220.549 188.437
A 167.27 224.226 187.514
V 167.615 226.139 184.242
N 167.829 229.93 184.534
V 165.339 231.23 181.96
G 163.661 234.143 183.734
F 163.446 232.044 186.909
T 165.67 229.424 188.534
Y 162.939 226.838 188.046
K 163.113 223.939 190.499
G 161.215 220.843 189.427
Q 158.88 218.657 191.438
G 161.777 216.724 192.969
T 162.177 212.949 193.206
Q 163.163 211.323 196.49
V 166.058 208.855 196.332
T 166.343 206.276 199.117
V 169.8 204.908 199.962
S 170.597 202.673 202.935
