tag x y z
Q 213.93 187.327 280.806
V 214.928 183.663 280.617
Q 216.755 182.497 283.742
L 217.82 178.998 284.798
V 219.07 178.132 288.303
E 220.1 174.753 289.738
S 219.639 173.437 293.29
G 219.545 170.224 295.3
G 223.234 169.353 295.134
G 225.221 167.495 297.74
L 227.881 164.906 298.49
V 227.042 161.237 297.928
Q 229.055 158.017 298.072
A 229.413 155.286 295.453
G 226.044 153.729 294.647
G 223.912 156.488 296.168
S 220.948 158.405 294.808
L 220.178 162.089 294.306
R 217.665 164.259 292.437
L 218.433 167.759 291.163
S 216.165 170.461 289.755
C 216.422 173.256 287.193
A 213.829 175.964 287.835
A 212.916 177.748 284.603
S 211.418 181.188 284.01
G 210.483 183.342 281.037
F 209.348 180.437 278.834
P 207.043 177.407 279.028
V 208.633 173.968 278.794
K 205.833 172.643 276.549
N 207.28 174.436 273.502
F 211.09 174.397 273.813
E 213.568 171.535 273.955
M 216.081 171.34 276.796
E 219.357 169.468 277.277
W 221.465 168.987 280.385
Y 225.271 169.173 280.395
R 227.992 168.472 282.954
K 231.592 169.602 283.489
A 234.053 167.194 285.137
P 237.386 168.433 286.554
G 239.992 168.128 283.819
K 237.449 167.041 281.187
E 235.409 168.835 278.546
R 231.687 169.547 278.757
E 229.49 166.611 277.744
W 225.756 166.061 277.321
V 223.853 163.927 279.844
A 220.113 163.801 279.138
A 217.357 165.61 277.254
I 213.577 165.788 276.863
Q 211.9 166.886 273.633
S 209.474 169.814 273.558
G 206.524 167.516 272.868
G 207.276 165.56 276.037
V 207.258 162.126 274.376
E 210.85 160.923 273.907
T 213.715 161.01 276.403
Y 217.347 160.287 275.571
Y 220.531 159.691 277.56
A 224.243 159.486 276.792
D 226.1 156.223 276.168
S 227.627 155.825 279.63
V 224.433 156.722 281.54
K 221.841 154.499 279.845
G 219.687 152.461 282.22
R 220.726 154.354 285.351
F 219.542 157.962 284.883
T 215.887 158.983 284.509
I 214.906 162.495 283.412
S 211.453 163.964 284.055
R 209.595 167.23 283.589
D 207.005 169.193 285.552
N 205.155 171.604 283.273
A 203.085 173.128 286.09
K 206.052 174.076 288.306
N 208.296 174.906 285.263
T 211.056 172.685 286.651
V 213.024 169.818 285.061
Y 214.192 166.882 287.195
L 216.681 164.021 286.828
Q 216.806 160.997 289.137
M 220.302 159.552 289.595
N 220.699 155.867 290.426
S 223.845 153.697 290.832
L 226.246 156.647 290.956
K 229.927 156.123 290.105
P 232.983 158.319 290.854
E 233.36 158.964 287.096
D 230.208 161.145 287.321
T 231.875 163.709 289.61
A 230.967 166.894 287.745
V 229.307 170.321 287.912
Y 225.828 169.989 286.419
Y 224.307 172.726 284.245
C 220.88 172.978 282.651
F 220.578 174.281 279.095
V 217.767 175.595 276.895
Y 217.586 177.471 273.575
V 214.784 180.062 273.766
G 215.894 182.718 271.282
R 219.382 182.872 272.777
S 221.219 180.36 274.931
Y 221.017 180.691 278.71
I 223.434 178.878 281.014
G 222.759 178.23 284.685
Q 225.241 178.854 287.475
G 225.606 175.141 288.233
T 225.711 173.064 291.404
Q 228.62 170.892 292.529
V 227.88 167.156 292.648
T 230.663 164.957 294.048
V 230.624 161.151 294.161
S 233.31 159.807 296.496
