tag x y z
Q 196.317 179.01 243.372
V 196.002 175.561 244.968
Q 192.679 174.576 246.557
L 192.178 171.332 248.488
V 188.79 169.705 249.117
E 188.938 166.672 251.406
S 186.401 164.04 252.451
G 186.165 160.477 253.722
G 185.828 161.089 257.459
G 183.215 159.791 259.846
S 182.652 157.565 262.858
V 184.024 154.035 263.157
Q 184.635 151.428 265.873
A 187.948 150.151 267.209
G 189.862 148.033 264.717
G 187.831 149.294 261.757
S 189.044 150.637 258.439
L 188.506 153.915 256.596
R 190.01 155.924 253.739
L 190.652 159.661 253.524
S 190.918 161.52 250.229
C 192.11 165.036 249.401
A 191.57 166.317 245.855
A 193.757 169.092 244.447
S 192.536 171.786 242.062
G 194.464 174.557 240.317
S 198.219 174.408 239.7
I 198.609 170.631 239.843
S 202.068 170.497 238.228
S 203.614 172.901 240.762
I 202.706 170.609 243.687
T 205.797 168.699 244.823
Y 204.842 167.559 248.336
L 201.611 166.529 250.07
G 201.494 166.209 253.855
W 198.727 164.99 256.155
F 198.204 166.849 259.439
R 196.345 165.779 262.567
Q 195.162 167.831 265.554
A 194.105 165.859 268.634
P 191.787 167.419 271.236
G 194.004 168.943 273.899
K 197.123 168.645 271.723
E 199.011 170.7 269.163
R 198.608 169.798 265.479
E 201.393 167.383 264.507
G 202.657 165.631 261.385
V 201.634 162.089 260.504
A 202.09 161.254 256.824
A 204.154 162.5 253.899
L 204.585 161.716 250.206
I 206.695 163.17 247.398
T 204.798 163.549 244.121
V 207.984 163.49 242.023
N 209.711 160.523 243.701
G 206.921 158.486 245.308
H 208.784 158.083 248.608
T 206.668 157.948 251.766
Y 207.393 159.069 255.323
Y 205.542 157.99 258.464
A 205.826 158.936 262.126
D 206.769 156.509 264.898
S 203.239 156.398 266.349
V 201.574 155.576 262.996
K 204.244 153.254 261.606
G 203.02 149.924 260.257
R 199.344 150.958 260.277
F 199.052 154.098 258.116
T 199.432 154.178 254.33
V 199.532 157.18 251.976
S 199.149 156.797 248.203
L 199.04 159.028 245.13
D 196.626 159.117 242.182
N 197.678 161.476 239.388
A 194.665 160.615 237.206
K 192.08 162.174 239.546
N 194.686 164.547 241.145
T 193.74 163.164 244.56
V 196.026 161.948 247.356
Y 194.718 159.085 249.514
L 195.283 158.09 253.146
Q 194.422 154.513 254.134
M 193.534 153.53 257.726
N 194.342 150.03 258.981
S 194.149 148.843 262.635
L 192.573 151.895 264.255
K 192.733 152.841 267.95
P 190.775 155.471 269.95
E 193.927 157.622 270.357
D 193.631 158.546 266.646
T 190.314 160.364 267.223
A 191.232 163.791 265.853
L 190.685 166.359 263.121
Y 192.571 165.415 259.948
Y 193.99 167.989 257.528
C 195.653 167.73 254.12
A 198.268 170.207 252.907
A 200.113 170.844 249.644
A 203.59 172.261 249.035
A 205.324 173.748 246.0
W 208.831 174.393 247.403
G 210.174 170.878 247.974
Y 209.714 168.254 250.678
A 210.357 168.512 254.407
W 210.173 165.764 257.037
P 208.875 166.077 259.774
L 205.871 168.318 259.103
H 205.801 171.744 260.752
Q 202.822 174.086 261.115
D 204.831 177.289 260.62
D 205.772 176.585 256.99
Y 203.839 177.724 253.92
W 200.999 175.332 253.063
Y 197.745 175.275 251.149
W 195.32 174.234 253.876
G 192.06 172.322 253.678
Q 188.845 172.668 255.641
G 189.444 169.678 257.933
T 187.41 166.5 258.457
Q 186.231 164.649 261.556
V 187.485 161.146 262.369
T 185.947 159.427 265.404
V 187.309 156.08 266.611
S 185.712 154.515 269.685
