tag x y z
Q 187.518 235.355 161.393
V 187.43 239.157 161.118
Q 184.205 240.672 159.768
L 183.751 244.33 158.799
V 180.438 246.141 158.26
E 180.635 249.506 156.479
S 177.977 252.207 156.802
G 177.664 255.986 156.749
G 177.641 256.612 152.999
G 175.329 258.762 150.943
S 175.143 261.699 148.563
V 176.366 265.199 149.389
Q 176.981 268.503 147.591
A 180.392 269.938 146.748
G 182.005 271.275 149.906
G 180.006 269.183 152.374
S 181.111 266.681 154.987
L 180.514 262.99 155.663
R 181.472 260.554 158.42
L 181.887 256.911 157.404
S 181.908 254.076 159.94
C 183.345 250.552 159.822
A 182.242 248.183 162.599
A 184.355 245.128 163.43
S 183.428 241.735 164.873
G 185.484 238.62 165.601
S 189.2 238.634 166.443
I 189.374 242.241 167.623
S 192.636 241.924 169.584
S 194.583 240.557 166.597
I 193.805 243.66 164.493
T 196.883 245.895 164.299
Y 196.186 248.144 161.292
L 193.098 249.649 159.64
G 193.267 251.181 156.164
W 190.749 252.977 153.956
F 190.618 252.042 150.267
R 189.034 253.921 147.379
Q 188.109 252.65 143.908
A 187.438 255.468 141.439
P 185.413 254.894 138.258
G 187.994 254.435 135.525
K 190.897 253.904 137.947
E 192.437 251.18 140.081
R 191.745 250.83 143.798
E 194.094 253.128 145.731
G 194.946 253.934 149.341
V 193.69 257.002 151.184
A 193.888 256.689 154.969
A 195.825 254.717 157.564
L 195.586 254.054 161.303
I 197.691 251.911 163.639
T 195.567 250.526 166.478
V 198.51 250.006 168.859
N 200.09 253.46 168.481
G 197.389 255.792 167.19
H 199.725 256.817 164.363
T 198.023 258.056 161.196
Y 199.177 258.313 157.588
Y 197.455 260.189 154.767
A 197.863 260.397 151.005
D 198.739 263.643 149.235
S 195.369 263.902 147.447
V 193.44 263.902 150.757
K 196.022 265.798 152.804
G 194.58 268.579 154.948
R 190.957 267.561 154.275
F 190.606 263.977 155.559
T 190.64 262.773 159.171
V 190.637 259.208 160.532
S 189.648 258.4 164.122
L 189.452 255.225 166.202
D 186.835 254.272 168.8
N 187.936 251.148 170.68
A 184.828 251.103 172.899
K 182.467 250.397 169.982
N 185.236 248.688 167.89
T 184.37 251.103 165.083
V 186.858 253.159 163.065
Y 185.685 256.411 161.465
L 186.662 258.366 158.35
Q 185.816 262.068 158.682
M 185.802 263.406 155.108
N 185.405 267.191 155.239
S 185.443 269.749 152.37
L 184.494 267.247 149.681
K 184.951 267.715 145.923
P 183.359 265.785 143.005
E 186.694 264.073 142.197
D 186.197 262.019 145.397
T 183.064 260.315 144.015
A 184.097 256.678 144.488
L 183.358 253.493 146.402
Y 185.046 253.631 149.815
Y 186.186 250.417 151.505
C 187.45 249.735 155.019
A 190.055 247.033 155.598
A 191.612 245.258 158.576
A 195.157 243.948 158.996
A 196.535 241.542 161.584
W 200.155 240.993 160.461
G 201.362 244.587 160.849
Y 201.109 247.94 159.081
A 202.136 248.861 155.548
W 202.156 252.325 153.971
P 201.029 253.016 151.218
L 198.069 250.646 150.852
H 198.284 247.796 148.342
Q 195.593 245.338 147.239
D 197.869 242.287 147.024
D 198.374 241.832 150.776
Y 196.207 239.796 153.151
W 193.17 241.876 154.13
Y 189.777 241.451 155.734
W 187.498 243.249 153.289
G 184.311 245.177 153.959
Q 181.24 245.369 151.765
G 181.677 249.008 150.7
T 179.292 251.975 150.588
Q 178.528 254.571 147.923
V 179.709 258.157 148.405
T 178.672 260.658 145.723
V 179.833 264.287 145.641
S 178.387 266.628 143.018
