tag x y z
Q 239.353 182.761 121.691
V 241.595 180.622 123.899
Q 242.779 177.941 121.493
L 245.374 175.22 122.127
V 246.731 173.091 119.268
E 249.202 170.193 119.529
S 251.794 169.549 116.799
G 254.933 167.576 116.046
G 253.932 163.945 116.593
G 255.572 160.954 114.976
L 256.788 157.381 115.345
V 260.281 156.577 116.627
Q 262.044 153.407 117.783
A 263.206 152.387 121.257
G 265.99 154.657 122.478
G 265.044 157.493 120.129
S 264.053 161.095 120.724
L 261.131 163.359 119.862
R 259.982 166.924 120.542
L 256.402 168.162 120.319
S 254.838 171.615 120.423
C 251.621 172.91 121.987
A 250.757 176.255 120.381
A 249.019 178.636 122.782
S 246.623 181.493 122.078
G 244.217 183.678 124.026
F 246.372 183.781 127.174
P 249.958 184.477 128.268
V 251.95 181.597 129.723
K 253.655 183.845 132.316
N 250.701 183.85 134.749
F 249.103 180.374 134.589
E 250.33 176.837 135.147
M 251.101 174.927 131.942
E 251.099 171.142 132.043
W 250.663 167.952 130.027
Y 248.391 164.931 130.195
R 248.454 161.695 128.227
K 246.048 158.905 127.286
A 247.273 155.465 126.5
P 244.724 153.268 124.704
G 243.213 151.049 127.378
K 244.498 153.139 130.304
E 243.297 156.191 132.2
R 244.382 159.775 131.601
E 247.553 160.549 133.549
W 249.8 163.538 134.24
V 253.178 163.876 132.484
A 255.047 167.104 133.315
A 254.56 170.753 134.247
I 256.119 174.207 134.37
Q 254.975 176.783 136.917
S 253.908 180.261 135.814
G 257.125 181.808 137.124
G 259.369 179.545 135.06
V 261.752 178.57 137.885
E 260.584 175.111 139.024
T 259.891 172.152 136.738
Y 258.144 168.917 137.694
Y 257.815 165.473 136.115
A 256.02 162.224 136.876
D 257.573 159.278 138.716
S 258.302 157.088 135.689
V 259.743 159.912 133.56
K 262.154 161.76 135.856
G 265.709 161.829 134.52
R 264.59 161.287 130.926
F 262.008 163.97 130.045
T 262.911 167.645 129.626
I 260.281 170.399 129.575
S 260.82 173.959 128.322
R 258.83 176.995 127.241
D 259.26 179.845 124.765
N 257.395 182.939 125.956
A 258.157 184.903 122.775
K 256.447 182.559 120.287
N 253.893 181.385 122.941
T 254.836 177.714 122.582
V 255.686 175.31 125.412
Y 257.833 172.333 124.457
L 258.787 168.896 125.772
Q 261.97 166.951 124.979
M 262.015 163.133 124.988
N 265.006 160.935 125.83
S 265.435 157.15 126.357
L 262.005 156.327 124.946
K 260.288 153.088 125.994
P 257.272 151.34 124.383
E 255.204 152.187 127.507
D 254.846 155.805 126.251
T 252.613 154.834 123.31
A 249.89 157.422 123.873
V 247.96 160.461 122.629
Y 249.404 163.558 124.288
Y 247.172 166.397 125.53
C 248.284 169.76 126.855
F 246.079 171.485 129.427
V 245.829 174.94 130.945
Y 243.292 176.342 133.421
V 242.486 179.891 132.26
G 238.877 180.321 133.372
R 237.727 177.117 131.691
S 239.949 174.169 130.862
Y 240.429 173.837 127.113
I 241.311 170.397 125.769
G 243.375 170.07 122.61
Q 242.715 167.603 119.824
G 245.786 165.542 120.716
T 248.742 164.254 118.725
Q 250.1 160.749 118.317
V 253.336 159.518 119.883
T 254.099 155.857 119.125
V 257.2 153.947 120.256
S 257.878 150.503 118.774
