tag x y z
Q 189.303 218.895 155.011
V 187.662 222.1 153.75
Q 184.176 221.998 152.213
L 183.1 224.922 150.025
V 179.383 225.661 149.625
E 178.442 228.222 146.972
S 175.079 229.781 146.134
G 173.515 232.852 144.556
G 173.525 231.807 140.9
G 170.763 231.897 138.337
S 169.704 233.92 135.317
V 169.947 237.681 134.822
Q 169.623 240.156 131.946
A 172.538 242.088 130.461
G 173.56 245.089 132.529
G 171.989 243.623 135.667
S 173.574 242.656 138.956
L 174.315 239.494 140.927
R 176.073 238.651 144.19
L 177.589 235.187 144.627
S 178.801 233.601 147.856
C 181.172 230.767 148.766
A 180.841 229.449 152.321
A 183.883 227.79 153.887
S 183.577 225.289 156.727
G 186.08 223.233 158.712
S 189.694 224.42 158.592
I 189.136 228.169 158.416
S 192.56 228.766 160.011
S 194.519 227.044 157.224
I 192.889 229.062 154.417
T 195.08 231.951 153.265
Y 193.635 232.57 149.783
L 190.252 232.252 148.056
G 190.0 232.448 144.266
W 187.019 232.623 141.917
F 187.241 230.516 138.751
R 185.197 230.778 135.562
Q 184.638 228.128 132.881
A 183.064 229.618 129.759
P 181.256 227.337 127.289
G 183.854 226.405 124.701
K 186.735 227.716 126.834
E 189.088 226.447 129.521
R 188.401 227.434 133.139
E 190.34 230.644 133.812
G 190.714 233.2 136.594
V 188.59 236.268 137.301
A 189.235 237.632 140.786
A 191.103 237.077 144.027
L 191.435 237.989 147.706
I 194.238 237.446 150.214
T 192.52 236.649 153.513
V 195.667 237.506 155.488
N 196.236 240.944 153.932
G 192.995 242.074 152.303
H 194.823 242.57 149.0
T 192.913 241.603 145.861
Y 193.509 240.857 142.185
Y 191.238 241.096 139.147
A 191.434 239.94 135.555
D 191.426 242.582 132.83
S 188.13 241.292 131.393
V 186.368 242.029 134.71
K 188.461 245.051 135.698
G 186.396 248.098 136.604
R 183.256 245.962 137.037
F 183.862 243.221 139.626
T 184.641 243.335 143.343
V 185.366 240.6 145.905
S 184.935 241.021 149.658
L 185.42 238.667 152.598
D 183.056 238.241 155.551
N 185.022 236.571 158.358
A 181.964 236.711 160.632
K 180.286 234.258 158.231
N 183.592 232.74 156.907
T 182.236 233.439 153.426
V 183.856 235.231 150.479
Y 181.627 237.298 148.175
L 181.618 238.185 144.481
Q 179.445 241.172 143.565
M 178.794 241.299 139.812
N 178.209 244.805 138.462
S 177.446 245.737 134.808
L 177.107 242.2 133.47
K 177.491 241.185 129.816
P 176.615 237.94 127.957
E 180.327 237.027 127.678
D 180.201 236.352 131.448
T 177.599 233.601 130.909
A 179.53 230.685 132.401
L 179.893 228.192 135.215
Y 181.525 229.808 138.247
Y 183.723 228.038 140.792
C 185.331 229.088 144.065
A 188.578 227.528 145.266
A 190.304 227.482 148.652
A 194.087 227.713 148.95
A 196.011 226.672 152.048
W 199.513 227.007 150.554
G 199.928 230.728 149.826
Y 198.723 233.075 147.096
A 199.284 232.606 143.375
W 198.442 235.105 140.618
P 197.305 234.384 137.837
L 194.836 231.663 138.841
H 196.022 228.155 137.999
Q 193.847 225.059 137.642
D 196.924 222.907 138.295
D 197.658 224.206 141.809
Y 196.544 222.673 145.102
W 193.008 223.852 145.887
Y 189.89 222.839 147.74
W 187.161 222.782 145.1
G 183.479 223.637 145.362
Q 180.443 222.253 143.584
G 180.037 225.119 141.1
T 177.106 227.454 140.423
Q 175.413 228.562 137.208
V 175.343 232.245 136.254
T 173.546 233.092 133.001
V 173.625 236.592 131.502
S 171.485 237.157 128.411
