tag x y z
Q -19.071 40.251 -21.817
V -16.592 41.479 -19.216
Q -15.24 44.921 -20.036
L -12.482 46.94 -18.39
V -12.209 50.521 -19.592
E -8.931 52.28 -18.825
S -8.542 56.051 -18.73
G -6.411 58.829 -17.29
G -3.427 58.401 -19.59
G -1.741 61.395 -21.139
M 1.484 63.264 -21.766
V 3.331 64.751 -18.792
Q 6.75 66.119 -17.906
P 9.045 64.094 -15.613
G 8.303 64.497 -11.916
G 4.599 65.223 -12.425
S 1.614 63.105 -11.391
L -1.095 61.097 -13.135
R -4.145 59.16 -11.886
R -4.109 59.122 -11.855
L -5.26 56.21 -14.008
S -8.817 54.933 -13.67
C -10.193 51.561 -14.752
A -13.976 51.212 -14.908
A -15.288 47.648 -14.913
S -18.564 46.11 -16.018
G -20.045 42.719 -16.764
F -18.867 40.911 -13.628
T -18.758 41.081 -9.828
F -15.82 43.477 -9.626
S -15.602 43.249 -5.833
N -14.947 39.483 -5.866
Y -11.636 39.561 -7.759
D -8.141 40.912 -7.198
M -7.195 43.527 -9.783
S -3.839 44.273 -11.395
W -2.317 47.112 -13.371
V -0.009 45.869 -16.146
R 1.987 47.916 -18.64
R 3.624 47.383 -22.024
A 6.591 49.506 -23.089
P 7.444 50.447 -26.695
G 8.748 47.383 -28.501
K 9.213 45.541 -25.21
G 6.911 42.903 -23.768
P 4.361 43.192 -20.984
E 5.366 43.939 -17.412
W 3.414 43.712 -14.161
V 2.937 47.002 -12.289
S 0.697 46.462 -9.272
T -2.007 44.342 -7.662
I -4.754 44.968 -5.107
N -6.835 42.319 -3.357
T -10.63 42.11 -3.175
G -11.373 44.14 -0.044
G -8.67 46.6 -1.101
G -6.785 46.131 2.172
S -3.866 44.418 0.416
T -1.619 46.219 -2.073
S 1.488 44.984 -3.86
Y 3.862 46.784 -6.218
A 6.775 45.969 -8.49
D 10.208 47.212 -7.457
S 10.347 49.734 -10.302
V 7.373 51.662 -8.876
K 7.307 50.796 -5.162
G 6.947 54.009 -3.176
R 5.897 56.169 -6.136
F 2.594 54.545 -7.142
T -0.506 53.819 -5.071
I -3.107 51.335 -6.285
S -6.608 51.464 -4.826
R -10.176 50.505 -5.619
D -13.781 51.593 -5.086
N -15.971 48.487 -5.134
A -19.099 50.613 -4.69
K -18.501 52.343 -8.036
N -16.669 49.274 -9.414
T -13.524 51.23 -10.224
L -9.81 50.523 -9.889
Y -7.366 53.421 -9.529
L -3.606 53.873 -9.841
Q -2.066 57.106 -8.577
M 1.334 57.676 -10.208
N 3.708 60.167 -8.587
S 7.221 61.292 -9.519
L 7.056 59.709 -12.948
K 10.12 58.922 -15.053
P 10.649 58.462 -18.799
E 11.061 54.788 -17.873
D 7.322 54.636 -17.113
T 6.258 55.643 -20.646
A 4.066 52.755 -21.795
L 0.509 51.545 -22.329
Y -1.418 50.663 -19.17
Y -4.141 48.046 -18.745
C -6.148 46.823 -15.795
T -7.2 43.199 -15.521
I -8.069 40.445 -13.079
D -4.956 39.361 -11.224
R -2.978 36.501 -12.753
G 0.126 37.068 -10.615
L 3.319 38.25 -12.315
H 3.674 36.706 -15.777
Y 1.58 38.038 -18.663
S 3.285 36.69 -21.798
D 1.608 34.912 -24.733
L -1.811 36.58 -24.493
Y -5.763 35.418 -27.269
D -8.563 37.988 -27.178
Y -7.875 39.491 -23.772
W -6.328 42.934 -23.363
G -8.606 45.947 -23.413
Q -7.477 49.086 -25.238
G -5.587 50.441 -22.22
T -4.448 54.036 -22.03
Q -1.034 55.465 -22.866
V 1.229 57.323 -20.447
T 4.158 59.313 -21.84
V 6.81 61.042 -19.729
S 9.494 63.088 -21.488
S 10.679 66.642 -22.169
H 10.26 66.723 -25.959
