tag x y z
Q 181.902 158.393 193.575
V 184.913 157.874 195.858
Q 185.064 158.806 199.54
L 188.415 160.105 200.786
V 189.559 160.034 204.419
E 192.723 161.699 205.722
S 194.696 160.865 208.856
G 197.882 161.879 210.649
G 197.29 165.6 211.136
G 198.471 167.436 214.205
S 201.118 169.752 215.606
V 204.793 169.234 214.748
Q 207.883 171.201 215.739
A 209.735 172.852 212.865
G 212.809 170.963 211.693
G 211.35 167.457 212.047
S 209.23 165.291 209.775
L 205.697 163.956 209.498
R 203.619 161.41 207.592
L 200.054 161.889 206.338
S 197.763 159.108 205.113
C 194.873 159.1 202.642
A 192.46 156.193 202.193
A 190.017 156.003 199.281
S 186.815 153.951 199.283
G 184.433 153.102 196.461
T 184.954 152.782 192.702
I 188.744 152.983 192.833
H 189.536 151.125 189.591
A 189.581 153.945 187.01
I 191.21 156.753 189.029
G 194.404 157.749 187.235
Y 196.063 160.485 189.29
L 196.201 160.605 193.067
G 196.898 163.927 194.73
W 197.803 165.773 197.906
F 196.979 169.473 198.321
R 197.022 171.977 201.175
R 194.085 174.763 196.988
E 197.689 174.504 195.823
G 199.283 171.456 194.237
V 201.819 169.849 196.554
A 201.932 166.269 195.311
A 200.441 164.114 192.569
L 201.311 160.513 191.72
T 200.408 158.462 188.671
T 199.145 154.984 189.511
Y 200.299 152.881 186.551
D 203.591 154.518 185.562
G 204.606 155.481 189.095
W 205.874 159.039 188.592
T 205.344 161.75 191.2
Y 205.057 165.472 190.486
Y 205.682 167.983 193.271
A 205.663 171.73 193.862
D 208.904 173.615 193.252
S 208.634 175.087 196.756
V 208.811 171.589 198.283
K 210.367 169.538 195.464
G 213.027 167.386 197.104
R 211.69 167.864 200.647
F 208.328 166.066 200.442
T 207.862 162.572 199.037
V 204.907 160.481 197.898
S 204.22 156.761 198.177
L 201.372 154.412 197.264
V 198.626 157.306 199.715
Y 201.402 158.439 202.057
L 202.852 161.958 202.076
Q 206.142 162.144 203.982
M 206.994 165.798 204.624
N 210.516 166.624 205.812
S 212.149 169.885 206.916
L 208.952 171.435 208.228
K 208.53 175.213 208.375
P 205.828 177.364 210.016
E 204.508 178.233 206.538
D 203.192 174.655 206.21
T 200.265 175.132 208.627
A 197.25 174.165 206.521
L 194.419 171.712 205.983
Y 195.701 168.993 203.656
Y 193.219 167.471 201.213
C 193.238 164.275 199.175
A 192.116 164.096 195.566
A 191.735 161.725 192.63
A 191.408 162.106 188.868
D 189.283 160.048 186.489
D 191.697 160.573 183.594
G 195.178 162.057 183.583
W 198.41 162.115 181.576
M 200.529 165.213 182.286
F 198.511 167.951 184.103
P 198.734 167.416 187.87
L 198.664 169.835 190.827
Y 195.517 171.69 189.671
H 192.495 171.702 191.979
N 190.097 171.76 189.013
H 191.202 168.526 187.321
Y 190.552 166.413 190.417
E 186.84 165.729 190.912
Y 186.986 163.464 193.991
W 187.699 165.546 197.092
G 188.256 164.715 200.748
Q 187.757 166.649 203.965
G 191.405 167.304 204.817
T 193.29 167.229 208.104
Q 195.052 170.09 209.857
V 198.856 170.206 210.083
T 200.396 172.954 212.229
V 204.154 173.56 212.281
S 205.539 175.361 215.327
