tag x y z
Q 188.209 138.196 158.705
V 185.413 135.75 159.562
Q 185.963 132.183 160.785
L 183.103 129.725 160.244
Q 182.354 126.322 161.771
E 179.439 123.972 161.064
S 177.808 121.482 163.446
G 175.663 118.814 161.796
L 166.863 117.19 161.952
R 168.889 120.256 162.948
L 172.139 121.885 161.825
S 173.999 125.041 162.833
C 176.827 127.344 161.767
A 178.871 129.44 164.195
A 180.775 132.531 163.054
S 183.468 134.595 164.743
G 185.667 137.587 163.971
H 184.583 140.656 161.984
T 180.936 139.631 161.977
F 179.778 143.234 161.511
N 181.456 143.641 158.115
Y 179.619 140.532 156.813
P 176.069 140.671 158.213
I 174.441 138.185 155.815
M 174.933 134.458 156.394
G 174.05 132.29 153.397
W 173.287 128.576 153.279
F 174.117 126.799 150.014
R 173.721 123.209 148.824
Q 175.675 121.094 146.343
A 174.97 117.605 145.022
P 177.574 115.498 143.185
G 176.06 116.479 139.829
K 174.722 120.011 140.197
E 176.731 123.095 141.135
R 176.323 125.145 144.314
E 172.724 126.323 144.723
F 171.088 128.783 147.105
V 169.233 127.371 150.123
G 168.714 130.369 152.383
A 169.983 133.617 153.829
I 169.734 135.357 157.205
S 170.791 138.8 158.401
W 173.006 138.929 161.478
S 171.026 142.015 162.566
G 167.232 141.893 162.569
G 166.926 138.181 161.796
S 165.307 138.695 158.386
T 165.211 135.463 156.383
S 165.112 134.695 152.658
Y 164.436 131.249 151.212
A 164.758 129.316 147.991
D 161.537 128.264 146.281
S 162.134 124.529 146.741
V 162.789 124.84 150.5
K 160.476 127.776 151.206
D 158.523 125.884 153.898
R 160.461 122.639 154.423
F 163.611 124.343 155.766
T 163.957 127.283 158.146
I 166.905 129.523 159.061
S 167.008 131.336 162.413
R 169.479 133.55 164.263
D 171.061 133.466 167.733
N 173.374 136.45 168.195
A 174.377 135.673 171.796
K 176.442 132.705 170.579
N 176.823 134.217 167.062
T 175.172 131.272 165.315
V 172.666 130.576 162.548
Y 170.448 127.497 162.889
L 169.134 125.628 159.842
E 166.172 123.444 160.837
M 165.167 120.762 158.319
N 161.734 119.143 158.03
N 160.026 116.825 155.537
L 163.263 115.306 154.274
K 163.497 113.876 150.745
P 166.324 111.818 149.197
E 166.962 114.726 146.811
D 168.173 116.713 149.843
T 171.203 114.377 149.995
A 174.042 116.839 149.397
V 176.826 118.855 151.037
Y 175.784 122.091 152.754
Y 177.965 125.208 152.905
C 177.842 128.16 155.298
A 179.11 131.434 153.822
A 179.185 135.138 154.672
K 178.453 138.092 152.381
G 179.592 141.687 152.612
R 177.296 144.656 153.025
Y 177.581 145.74 149.357
S 177.921 142.551 147.302
G 174.739 142.268 145.229
G 172.145 139.532 145.35
L 171.858 136.64 147.766
Y 171.376 133.852 145.224
Y 174.864 133.907 143.652
P 177.732 131.994 145.359
T 180.337 134.272 143.762
N 179.231 137.235 145.889
Y 180.027 135.363 149.124
D 183.592 135.854 150.348
Y 184.221 133.436 153.23
W 183.17 129.808 152.735
G 182.89 127.341 155.592
Q 183.646 123.645 155.499
G 181.023 121.479 153.852
T 178.69 119.195 155.789
Q 177.466 116.084 153.976
V 173.914 114.916 154.719
T 171.763 112.158 153.236
