tag x y z
Q 190.18 137.12 159.512
V 187.579 134.585 160.651
Q 189.05 131.124 161.286
L 186.196 128.676 160.863
Q 186.221 125.272 162.55
E 183.775 122.374 162.27
S 182.681 119.759 164.809
G 180.745 116.489 164.661
L 173.411 113.491 162.37
R 174.738 116.743 163.879
L 177.429 119.082 162.55
S 178.301 122.429 164.14
C 180.67 125.172 162.994
A 182.266 127.714 165.327
A 183.808 130.974 164.104
S 186.264 133.533 165.468
G 188.07 136.699 164.445
H 186.137 139.544 162.822
T 182.815 137.724 162.64
F 180.847 140.953 162.167
N 182.62 141.609 158.86
Y 181.312 138.228 157.596
P 177.729 138.025 158.884
I 176.516 135.357 156.452
M 177.359 131.676 156.98
G 177.081 129.015 154.287
W 177.151 125.217 154.329
F 178.435 123.63 151.114
R 178.471 120.001 149.962
Q 181.349 118.84 147.737
A 180.434 115.699 145.809
P 183.092 113.414 144.28
G 181.917 114.309 140.774
K 180.387 117.79 140.856
E 181.81 120.751 142.752
R 180.479 122.566 145.836
E 176.847 122.271 144.929
F 174.133 123.499 147.356
V 174.011 126.063 150.144
G 172.577 125.965 153.636
A 172.555 129.649 154.57
I 172.187 131.311 157.964
S 172.752 134.855 159.191
W 174.712 135.371 162.398
S 172.288 138.097 163.535
G 168.594 137.243 163.675
G 169.093 133.61 162.684
S 167.431 134.139 159.305
T 167.899 130.942 157.299
S 167.698 129.887 153.66
Y 168.008 126.356 152.275
A 168.313 124.7 148.904
D 165.2 122.994 147.566
S 166.554 119.46 148.001
V 167.4 120.025 151.696
K 164.146 121.647 152.835
D 162.461 120.199 155.963
R 165.231 117.561 156.368
F 168.415 119.544 157.116
T 167.904 122.459 159.514
I 170.148 125.2 160.887
S 170.266 126.988 164.237
R 172.76 129.393 165.791
D 174.105 130.366 169.203
N 176.286 133.434 169.753
A 177.207 132.527 173.344
K 180.048 130.545 171.734
N 179.588 131.869 168.147
T 178.54 128.555 166.623
V 176.025 127.515 163.988
Y 174.475 124.039 164.133
L 173.382 122.198 160.98
E 171.502 118.986 161.809
M 170.836 116.222 159.275
N 167.512 114.362 159.465
N 166.346 111.4 157.366
L 169.622 110.67 155.605
K 169.599 108.941 152.221
P 172.586 106.924 150.922
E 173.382 109.402 148.129
D 174.157 112.097 150.735
T 177.556 110.505 151.488
A 179.959 113.381 150.803
V 182.202 116.014 152.405
Y 180.863 119.273 153.851
Y 182.412 122.743 154.155
C 181.53 125.678 156.405
A 182.238 129.082 154.846
A 181.756 132.763 155.679
K 180.453 135.568 153.467
G 180.498 139.344 153.749
R 177.784 141.958 153.486
Y 178.467 142.834 149.812
S 179.671 139.537 148.332
G 176.64 139.109 146.055
G 174.603 135.959 145.62
L 174.456 133.27 148.275
Y 174.351 130.152 146.082
Y 177.815 130.587 144.487
P 180.951 129.345 146.309
T 183.258 131.965 144.78
N 181.52 134.711 146.774
Y 182.629 133.007 150.012
D 186.017 134.015 151.404
Y 187.104 131.833 154.341
W 186.754 128.073 153.865
G 186.971 125.348 156.493
Q 188.155 121.761 156.573
G 186.109 119.093 154.834
T 184.002 116.941 157.163
Q 183.256 113.595 155.515
V 179.866 112.065 156.366
T 178.209 108.886 155.095
