tag x y z
Q 157.403 162.958 161.191
R 155.352 161.062 163.774
Q 154.505 157.903 161.823
L 157.994 157.38 160.363
V 161.394 158.024 161.959
E 164.862 157.254 160.578
S 168.103 156.707 162.457
G 171.623 155.419 161.906
G 173.34 158.04 159.727
G 176.751 159.511 160.456
L 180.135 160.285 158.976
V 181.995 157.375 157.377
Q 185.174 157.14 155.316
P 185.038 156.118 151.641
G 184.891 152.36 151.315
G 182.868 151.948 154.51
S 179.437 150.591 155.326
L 176.35 151.796 157.179
R 172.909 150.524 158.147
L 169.9 152.837 158.118
S 166.653 151.751 159.778
C 163.153 153.25 159.509
A 160.6 152.427 162.222
A 156.906 152.931 161.483
S 154.091 153.533 163.967
G 150.427 154.217 163.356
I 150.555 152.23 160.101
I 149.431 148.662 159.377
F 152.791 147.79 157.744
K 151.472 144.403 156.652
I 149.868 145.867 153.517
N 152.251 148.784 152.882
D 154.944 149.461 150.321
M 158.216 151.051 151.418
G 161.187 152.868 149.965
W 164.192 155.1 150.624
F 164.877 158.452 148.963
R 167.869 160.796 148.883
Q 168.35 164.503 148.238
A 171.722 166.183 147.851
P 172.156 169.978 147.676
G 171.73 171.296 144.159
K 170.097 168.014 143.099
E 166.5 166.832 143.518
R 164.864 164.013 145.439
E 165.294 160.677 143.691
G 164.497 157.08 144.521
V 167.194 154.698 145.705
A 165.413 151.42 146.65
G 162.009 149.911 147.33
I 160.219 146.8 148.613
T 156.526 145.96 148.102
S 154.769 144.037 150.865
G 156.082 140.633 149.819
G 159.537 141.284 148.442
R 160.327 142.229 144.824
T 163.021 144.773 145.634
N 163.376 147.665 143.188
Y 166.921 149.092 143.322
A 168.016 152.044 141.207
D 170.353 151.662 138.244
S 173.363 153.453 139.772
V 172.783 151.567 143.045
K 172.649 147.839 142.22
G 175.225 145.599 143.868
R 175.839 147.843 146.887
F 172.501 148.576 148.618
I 170.373 145.745 150.018
I 166.903 146.709 151.245
S 165.092 144.405 153.661
R 162.021 144.536 155.874
D 161.033 142.933 159.165
N 157.376 142.463 160.053
V 157.338 141.204 163.659
K 158.697 144.551 164.862
N 157.756 146.832 162.015
T 160.951 148.346 160.574
V 162.734 148.711 157.227
Y 166.511 148.427 156.859
L 169.042 149.428 154.204
Q 172.609 148.104 154.187
M 175.117 150.395 152.486
N 178.281 148.846 151.083
S 181.343 150.277 149.339
L 180.321 153.909 149.785
E 181.765 156.638 147.563
P 181.968 160.447 147.835
E 178.868 160.707 145.611
D 176.614 158.99 148.192
T 176.527 162.033 150.488
A 172.976 163.33 150.973
V 170.088 163.203 153.434
Y 168.07 159.979 153.245
Y 164.282 159.839 153.606
C 161.753 157.074 154.267
K 158.383 156.769 152.553
S 155.368 154.509 153.008
D 152.096 154.213 151.117
G 149.099 151.92 151.556
L 145.487 151.737 152.667
I 144.709 153.7 155.826
S 142.067 151.19 156.973
Y 140.478 147.977 155.736
A 137.428 149.945 154.53
A 139.036 152.463 152.137
S 139.936 152.332 148.451
Q 142.605 155.032 147.926
L 146.237 155.056 149.037
S 147.725 157.286 151.738
T 151.341 158.492 151.599
Y 153.557 159.44 154.553
W 157.067 160.9 154.539
G 159.95 161.192 156.971
K 162.215 163.938 158.245
G 165.429 162.375 156.989
T 168.819 161.379 158.363
P 172.019 162.911 156.934
V 174.913 160.806 155.68
T 178.291 162.369 154.895
V 181.153 160.386 153.348
S 184.599 161.989 153.308
S 188.15 161.39 154.478
