tag x y z
Q 179.19 178.486 140.911
R 177.925 176.954 137.651
Q 175.961 173.923 136.387
L 172.677 175.744 136.903
V 171.006 177.479 133.999
E 168.155 179.913 134.338
S 166.225 180.898 131.251
G 163.212 182.884 130.203
G 163.955 186.548 130.659
G 163.019 188.972 127.934
L 161.573 192.376 127.216
V 158.0 192.843 128.416
Q 155.59 195.771 128.432
P 154.305 197.037 131.796
G 151.73 194.657 133.19
G 152.79 191.647 131.145
S 153.862 188.38 132.672
L 156.418 185.645 132.213
R 157.813 182.504 133.815
L 161.472 182.052 134.652
S 162.719 178.549 135.329
C 165.776 177.601 137.328
A 167.04 174.236 136.193
A 169.812 171.703 136.582
S 172.641 170.73 134.298
R 172.364 166.931 134.233
S 170.258 164.337 136.063
I 169.95 165.838 139.507
F 168.134 163.895 142.187
S 166.401 166.657 144.099
I 166.207 170.368 144.843
D 165.853 170.87 148.579
T 165.371 174.636 148.889
A 165.316 177.202 146.112
G 165.328 180.999 146.175
W 165.26 183.782 143.584
F 167.418 186.85 144.041
R 167.363 190.205 142.279
Q 170.313 192.527 141.677
A 168.97 195.683 139.994
P 171.748 197.922 138.718
G 172.019 200.372 141.581
K 171.168 198.344 144.652
E 172.09 195.182 146.541
R 171.11 191.58 145.992
E 167.696 191.59 147.63
G 165.936 188.244 147.552
V 162.396 187.644 146.354
A 161.082 184.205 147.256
T 161.793 180.958 149.056
I 160.36 177.475 148.658
T 161.37 174.821 151.174
R 161.773 171.048 151.241
D 158.036 170.339 151.166
G 156.482 173.74 150.602
N 156.565 177.177 152.179
A 156.484 179.697 149.289
N 157.626 182.474 151.612
Y 157.781 185.762 149.728
A 159.115 189.266 150.16
D 156.894 192.044 151.511
S 156.686 194.005 148.263
V 155.783 191.212 145.868
K 152.949 189.168 147.378
G 150.231 189.309 144.774
R 152.351 189.039 141.66
F 154.964 186.314 142.19
T 154.014 182.654 142.463
I 156.931 180.343 143.127
S 156.408 176.629 142.577
R 158.264 173.384 142.01
D 158.202 170.577 139.452
R 159.112 167.419 141.299
A 159.021 165.49 138.023
R 161.804 167.223 136.095
N 163.735 168.998 138.797
T 163.043 172.633 137.975
V 162.012 175.464 140.215
Y 159.645 177.917 138.581
L 158.798 181.558 139.099
Q 155.847 183.166 137.347
M 155.653 186.931 137.595
N 152.321 188.469 136.711
S 151.304 192.07 135.984
L 154.849 193.37 135.866
E 155.891 196.906 136.753
P 158.714 199.266 135.741
E 160.335 198.805 139.163
D 160.985 195.085 138.721
T 163.736 195.486 136.145
A 166.8 193.53 137.247
V 168.707 190.331 136.674
Y 167.057 187.463 138.537
Y 169.578 185.029 140.01
C 168.709 181.53 141.214
N 169.897 179.723 144.322
A 169.659 176.019 145.047
A 170.472 173.25 147.497
I 171.272 170.462 145.053
R 171.832 166.916 146.28
T 173.345 164.684 143.619
T 172.54 161.144 144.75
V 170.195 159.682 147.309
R 172.822 159.526 150.049
T 175.425 162.216 149.371
S 175.043 165.238 151.618
A 173.662 168.499 150.294
Q 175.736 171.175 148.592
E 175.107 174.752 147.544
Y 174.932 176.154 144.019
W 174.501 179.608 142.53
G 173.31 180.485 139.076
K 174.227 183.007 136.43
G 170.865 184.661 136.181
T 168.952 186.295 133.365
P 167.885 189.861 132.612
V 164.345 191.192 132.609
T 163.429 194.603 131.199
V 160.075 196.357 131.567
S 159.283 199.427 129.492
S 157.243 200.748 126.611
