tag x y z
Q 182.53 172.938 141.012
R 180.891 171.565 137.849
Q 178.683 168.66 136.698
L 175.548 170.596 137.583
V 173.683 172.491 134.906
E 170.988 175.028 135.589
S 168.815 176.191 132.734
G 165.805 178.332 132.041
G 166.749 181.946 132.525
G 165.663 184.493 129.974
L 164.306 187.974 129.496
V 160.889 188.549 131.051
Q 158.623 191.572 131.384
P 157.725 192.78 134.892
G 155.194 190.464 136.463
G 155.918 187.481 134.241
S 156.987 184.125 135.563
L 159.365 181.303 134.781
R 160.768 178.058 136.15
L 164.467 177.429 136.613
S 165.618 173.858 137.067
C 168.808 172.721 138.731
A 169.807 169.345 137.384
A 172.49 166.689 137.429
S 175.04 165.675 134.854
R 174.591 161.894 134.71
S 172.559 159.332 136.663
I 172.65 160.732 140.161
F 171.017 158.78 142.95
S 169.599 161.548 145.098
I 169.641 165.238 145.962
D 169.671 165.633 149.727
T 169.387 169.404 150.188
A 169.178 172.058 147.503
G 169.363 175.847 147.671
W 169.169 178.713 145.178
F 171.494 181.673 145.509
R 171.417 185.083 143.856
Q 174.395 187.3 143.034
A 173.037 190.561 141.58
P 175.775 192.724 140.102
G 176.428 195.067 142.993
K 175.788 192.978 146.074
E 176.747 189.721 147.775
R 175.561 186.182 147.223
E 172.324 186.28 149.186
G 170.419 183.013 149.186
V 166.758 182.598 148.322
A 165.386 179.189 149.251
T 166.124 175.859 150.881
I 164.507 172.452 150.527
T 165.636 169.679 152.857
R 165.877 165.893 152.778
D 162.123 165.341 153.048
G 160.673 168.819 152.734
N 161.059 172.197 154.391
A 160.811 174.81 151.595
N 162.293 177.462 153.873
Y 162.41 180.8 152.076
A 163.933 184.23 152.474
D 161.976 187.052 154.112
S 161.543 189.124 150.957
V 160.292 186.449 148.584
K 157.529 184.475 150.305
G 154.582 184.812 147.983
R 156.379 184.555 144.671
F 158.908 181.71 144.867
T 157.829 178.085 145.128
I 160.691 175.636 145.439
S 159.955 171.966 144.839
R 161.603 168.667 144.003
D 161.172 165.949 141.385
R 162.115 162.699 143.045
A 161.624 160.882 139.741
R 164.283 162.56 137.6
N 166.541 164.166 140.149
T 165.934 167.851 139.501
V 165.249 170.648 141.91
Y 162.846 173.248 140.584
L 162.214 176.902 141.284
Q 159.182 178.686 139.874
M 159.178 182.446 140.246
N 155.848 184.147 139.734
S 154.925 187.808 139.211
L 158.496 188.965 138.785
E 159.773 192.424 139.665
P 162.587 194.698 138.449
E 164.508 194.06 141.683
D 164.948 190.333 141.075
T 167.453 190.703 138.255
A 170.52 188.589 138.998
V 172.22 185.334 138.152
Y 170.632 182.478 140.086
Y 173.174 179.896 141.237
C 172.271 176.399 142.421
N 173.672 174.445 145.347
A 173.342 170.733 145.987
A 174.264 167.855 148.267
I 174.702 165.117 145.679
R 175.221 161.513 146.746
T 176.371 159.308 143.888
T 175.523 155.769 144.993
V 173.373 154.323 147.726
R 176.242 153.971 150.191
T 178.884 156.572 149.338
S 178.853 159.533 151.696
A 177.496 162.889 150.605
Q 179.513 165.531 148.785
E 178.944 169.163 147.904
Y 178.493 170.684 144.454
W 178.073 174.199 143.112
G 176.595 175.235 139.816
K 177.363 177.801 137.165
G 174.069 179.599 137.292
T 171.968 181.4 134.723
P 170.991 185.029 134.178
V 167.529 186.504 134.558
T 166.633 189.994 133.34
V 163.41 191.871 134.082
S 162.559 195.037 132.182
S 160.311 196.532 129.552
