tag x y z
Q 111.778 121.72 67.654
V 112.291 124.998 69.668
Q 112.379 127.902 67.112
L 112.423 131.709 67.83
Q 112.293 134.252 64.907
Q 112.294 134.253 64.908
E 112.94 138.04 65.401
S 111.45 140.646 62.951
G 110.893 144.464 63.131
G 114.531 145.736 62.948
G 116.036 148.221 60.421
L 117.578 151.739 60.037
V 115.8 154.379 62.259
Q 116.637 158.13 62.784
P 118.0 159.067 66.275
G 114.989 159.881 68.548
G 112.805 157.518 66.424
S 110.912 154.293 67.395
L 110.822 150.571 66.335
R 108.711 147.51 67.432
L 110.552 144.103 67.585
S 108.304 140.952 67.395
C 109.466 137.365 68.299
A 107.486 134.363 66.855
A 107.843 131.263 69.15
S 107.011 127.581 68.262
G 107.925 124.049 69.518
F 107.166 124.812 73.235
T 104.241 126.032 75.451
F 104.996 129.83 75.347
S 102.914 130.472 78.551
N 105.092 128.072 80.693
Y 108.386 130.018 80.095
K 109.833 133.41 81.201
M 111.026 135.424 78.106
N 114.082 137.768 77.712
W 115.494 140.316 75.196
V 119.352 140.438 74.793
R 121.493 142.559 72.369
Q 125.119 142.317 71.059
A 126.538 145.727 69.913
P 129.286 145.769 67.211
G 132.612 144.84 68.946
K 131.02 144.062 72.384
G 129.666 141.059 74.398
L 125.995 139.937 74.802
E 124.229 142.127 77.466
W 120.719 141.438 78.955
V 118.057 144.138 78.123
S 114.682 143.081 79.689
D 112.688 139.992 80.873
I 108.912 139.322 81.407
S 107.332 136.635 83.706
Q 105.086 133.716 82.498
S 101.786 135.637 83.157
G 103.286 139.096 82.318
A 103.276 140.674 85.839
S 106.983 140.68 86.976
I 108.939 142.929 84.49
S 112.555 144.305 84.726
Y 114.927 146.345 82.439
T 118.586 147.56 82.369
G 119.136 151.205 83.494
S 120.13 152.225 79.901
V 116.675 151.306 78.393
K 114.499 152.177 81.494
G 111.566 154.496 80.516
R 112.332 154.071 76.745
F 111.71 150.259 76.291
T 108.47 148.28 77.081
I 108.383 144.403 76.973
S 104.895 142.841 76.343
R 103.902 139.201 75.489
D 100.746 137.573 73.981
N 99.959 133.929 75.028
A 97.018 133.224 72.602
K 99.579 134.158 69.868
N 103.05 132.844 70.976
T 104.83 136.221 70.306
L 107.109 138.51 72.437
Y 107.182 142.316 71.716
L 109.708 145.102 72.569
Q 108.497 148.723 71.918
M 111.656 150.937 71.593
N 111.066 154.75 71.981
S 113.502 157.738 71.536
L 116.516 155.623 70.342
K 120.159 156.931 70.531
P 123.161 155.697 68.451
E 124.536 153.513 71.361
D 121.387 151.27 71.002
T 122.676 149.996 67.568
A 123.003 146.182 68.142
V 121.639 142.746 66.999
Y 118.63 142.133 69.368
Y 118.016 138.403 70.206
C 114.813 136.796 71.668
A 115.824 134.24 74.391
R 113.607 132.154 76.779
C 114.812 130.761 80.187
P 115.987 127.114 79.889
A 113.41 125.379 82.211
P 109.646 126.089 82.642
F 107.995 127.498 85.865
T 111.48 128.154 87.459
R 112.219 131.606 89.057
R 112.216 131.608 89.052
D 115.985 131.607 88.152
C 117.048 132.333 84.498
F 120.569 131.032 83.563
D 122.953 131.359 80.569
V 120.649 133.66 78.452
T 123.804 135.717 77.479
S 126.123 132.615 77.423
T 127.328 133.091 73.748
T 126.401 129.423 72.84
Y 122.83 129.401 74.375
A 120.471 127.048 72.417
Y 117.002 128.605 73.184
R 117.907 131.969 71.501
G 116.712 133.308 68.084
Q 118.849 134.295 65.024
G 118.575 138.019 66.021
T 117.37 141.195 64.175
Q 119.612 144.216 63.252
V 118.707 147.721 64.646
T 120.807 150.722 63.363
V 120.424 154.302 64.814
S 122.296 156.669 62.377
S 121.812 160.013 60.473
