tag x y z
V 48.97 83.525 17.063
Q 45.94 84.018 19.451
L 42.743 81.947 19.004
V 39.563 83.371 20.618
E 36.345 81.336 20.886
S 32.718 82.513 20.976
G 29.271 80.974 21.021
G 28.401 77.898 22.994
G 26.485 78.0 26.286
L 23.427 76.129 27.492
V 20.914 74.401 25.243
Q 18.022 71.955 25.546
A 18.567 68.423 24.253
G 17.882 68.176 20.523
G 18.685 71.859 20.031
S 21.61 73.392 18.181
L 24.548 75.757 18.8
R 27.291 77.4 16.753
L 30.802 77.862 18.047
S 33.32 80.072 16.336
C 37.025 80.644 16.727
A 38.763 83.718 15.338
A 42.552 83.84 14.839
S 44.804 86.846 15.061
G 47.408 87.593 12.449
R 47.562 87.206 8.71
A 48.51 83.492 8.334
F 45.018 81.952 8.78
S 44.754 80.435 5.278
R 47.868 78.437 6.203
Y 46.16 76.573 9.031
F 44.479 73.23 9.333
M 41.814 73.928 12.034
G 40.406 71.49 14.609
W 37.738 71.367 17.324
F 38.223 69.273 20.471
R 35.985 68.672 23.519
Q 36.855 67.891 27.127
A 34.125 66.39 29.161
P 34.03 66.01 32.96
G 36.643 63.371 33.913
K 38.056 62.563 30.436
E 41.018 63.932 28.486
R 40.579 66.252 25.519
E 39.317 64.43 22.387
F 39.005 65.319 18.72
V 35.622 66.408 17.318
A 36.19 67.813 13.789
G 38.91 69.104 11.462
I 39.036 71.155 8.27
S 41.771 71.735 5.697
R 43.141 75.204 5.02
S 40.953 75.691 1.877
G 37.896 73.973 3.345
G 38.175 71.234 0.707
S 38.474 68.347 3.216
T 36.567 67.824 6.503
D 37.079 65.14 9.147
Y 34.698 64.079 11.959
A 35.025 61.922 15.067
N 32.953 58.732 15.144
F 30.413 60.255 17.609
V 29.445 63.145 15.296
K 27.194 60.92 13.181
G 26.492 63.657 10.656
R 25.184 66.076 13.321
F 27.936 68.736 13.254
T 29.362 70.823 10.432
I 32.801 72.4 10.498
S 33.311 75.302 8.089
R 35.648 78.247 7.695
D 35.78 81.761 6.302
N 39.387 82.669 5.595
A 38.467 86.276 4.859
K 37.256 86.6 8.493
N 40.074 84.431 10.018
T 37.317 82.232 11.542
V 36.474 78.554 11.792
Y 33.004 77.393 12.858
L 31.362 74.329 14.389
Q 27.608 74.087 13.806
M 26.25 71.539 16.279
N 22.738 70.139 15.624
S 20.619 67.537 17.464
L 22.584 67.963 20.662
K 22.533 65.23 23.344
P 23.562 65.595 27.019
E 26.417 63.246 26.126
D 27.788 66.299 24.213
T 28.239 68.468 27.333
A 31.905 69.47 27.502
V 34.427 72.294 27.249
Y 35.009 72.867 23.506
Y 38.413 74.014 22.188
C 39.549 75.535 18.864
A 43.069 74.533 17.64
A 45.402 75.417 14.725
T 48.393 73.726 13.073
V 50.332 75.005 10.029
D 49.845 72.973 6.869
Y 53.513 73.323 5.804
S 53.362 70.732 3.012
G 50.03 72.04 1.726
T 48.615 68.481 1.787
L 47.304 68.036 5.345
T 43.843 66.467 5.203
A 43.374 65.343 8.833
A 44.854 66.108 12.242
R 43.263 64.456 15.261
G 45.912 64.113 17.97
R 46.17 66.446 20.952
E 49.88 66.76 20.168
D 49.247 67.633 16.489
Y 48.292 71.246 17.25
D 50.426 74.034 18.609
D 47.887 76.878 19.272
W 44.621 76.605 21.26
G 41.552 78.609 21.935
Q 40.527 79.255 25.534
G 37.691 76.69 25.665
I 33.947 77.34 25.838
Q 31.534 75.41 28.046
V 28.689 73.757 26.145
T 25.873 72.318 28.305
V 23.024 70.203 26.897
S 20.27 69.723 29.479
S 17.955 66.698 29.608
