tag x y z
V -32.303 34.996 36.158
Q -31.981 33.075 32.886
L -28.992 31.776 30.909
V -28.631 32.579 27.193
E -26.305 30.289 25.223
S -24.948 30.569 21.673
G -22.366 29.076 19.324
G -24.043 25.834 18.279
G -24.58 24.572 14.767
L -23.211 22.01 12.388
V -19.478 21.532 12.008
Q -17.123 18.8 10.644
A -14.627 16.849 12.763
G -11.472 18.718 13.859
E -13.28 22.076 13.691
S -13.289 24.537 16.617
L -16.472 26.189 18.002
R -17.059 28.576 20.9
L -20.075 28.086 23.157
S -20.881 31.391 24.878
C -23.328 31.836 27.769
A -24.272 35.193 29.318
A -26.021 35.138 32.695
S -28.77 37.663 33.43
G -27.286 37.799 36.93
R -24.239 36.402 38.796
T -24.082 32.85 40.245
F -21.315 31.201 42.264
A -20.141 29.631 39.073
M -21.471 28.403 35.788
A -21.003 25.099 33.961
W -21.594 23.267 30.694
F -23.638 20.06 30.465
R -23.908 17.651 27.502
Q -26.936 15.432 27.087
A -26.042 12.966 24.369
P -29.094 11.623 22.608
G -30.149 8.412 24.397
K -27.75 9.308 27.193
E -27.776 11.017 30.589
R -26.741 14.545 31.62
E -22.952 14.869 31.573
F -20.577 17.435 33.056
V -18.548 19.022 30.276
A -16.691 21.274 32.675
V -17.02 23.591 35.678
R -15.021 26.708 36.505
G -16.105 28.501 39.617
W -14.28 31.594 38.345
L -14.378 32.675 41.954
G -10.829 31.587 41.065
V -8.593 29.517 38.675
T -10.483 26.401 39.708
T -11.155 24.056 36.79
Y -13.077 20.771 36.844
Y -13.232 19.484 33.201
A -14.366 15.931 32.351
D -11.696 13.549 31.097
S -13.138 12.788 27.662
V -12.57 16.442 26.702
K -9.488 17.429 28.7
G -6.733 18.338 26.277
R -9.039 20.107 23.826
F -12.134 21.672 25.413
T -11.177 24.689 27.521
I -13.498 26.93 29.537
S -12.805 30.574 30.441
R -14.97 33.45 31.618
D -15.296 37.168 32.262
N -16.713 37.67 35.725
A -18.061 41.202 35.192
K -20.177 40.048 32.274
N -20.682 36.772 34.15
T -20.23 34.91 30.927
L -18.751 31.493 30.147
D -16.903 30.614 26.931
L -16.278 26.905 26.331
Q -13.64 26.961 23.58
M -14.068 23.505 22.027
N -11.287 22.404 19.644
S -10.349 19.06 18.0
L -14.064 18.264 17.902
K -14.704 14.55 17.43
P -18.069 12.999 16.496
E -18.518 11.909 20.136
D -19.165 15.5 21.279
T -22.339 15.527 19.226
A -24.997 16.43 21.805
V -26.85 19.128 23.703
Y -24.863 21.775 25.593
Y -26.659 23.444 28.51
C -25.332 26.17 30.819
Y -18.672 24.898 43.736
D -16.884 22.408 46.028
R -16.802 18.654 45.582
E -20.179 19.023 43.946
T -20.946 18.875 40.211
E -24.812 18.352 40.376
Y -27.547 21.004 41.349
N -27.641 24.588 39.871
Y -30.0 26.878 37.782
W -29.818 25.939 34.009
G -30.292 27.0 30.338
Q -32.274 25.678 27.406
G -29.384 24.059 25.531
T -27.379 24.72 22.365
R -27.228 22.157 19.56
V -23.751 21.033 18.444
T -23.606 18.337 15.752
V -20.231 16.97 14.646
S -20.588 15.41 11.205
S -17.884 13.708 9.132
H -18.961 14.503 5.56
H -16.477 12.637 3.363
