tag x y z
L -28.753 -0.764 -61.252
V -31.307 -3.171 -59.763
E -33.701 -3.913 -62.671
S -32.656 -4.019 -66.331
G -33.545 -5.703 -69.595
G -36.87 -4.092 -70.517
G -37.81 -2.588 -73.841
L -40.289 -2.306 -76.703
V -40.981 -5.437 -78.744
Q -43.37 -7.093 -81.186
P -45.938 -9.639 -79.949
G -44.27 -13.033 -79.767
G -40.886 -11.43 -79.172
S -38.698 -12.157 -76.183
L -36.828 -10.264 -73.463
R -34.585 -11.201 -70.519
L -34.911 -9.182 -67.326
S -32.089 -9.029 -64.773
C -32.285 -7.958 -61.138
A -28.966 -7.379 -59.336
A -29.27 -7.246 -55.534
S -26.476 -5.54 -53.623
G -27.113 -7.347 -50.343
S -25.488 -10.223 -48.472
T -28.774 -11.906 -47.553
F -29.964 -12.54 -51.125
S -29.536 -16.291 -50.637
S -31.774 -16.157 -47.572
Y -34.797 -14.977 -49.578
A -37.245 -16.269 -52.082
M -37.429 -13.652 -54.827
G -40.181 -12.544 -57.138
W -40.668 -10.602 -60.318
Y -43.668 -8.303 -59.974
R -45.404 -6.013 -62.449
Q -47.651 -2.936 -62.477
Q -47.668 -2.957 -62.449
A -49.511 -2.68 -65.798
P -50.595 0.796 -67.009
G -53.5 1.606 -64.735
K -53.553 -1.733 -62.86
E -52.399 -2.96 -59.447
C -49.256 -4.79 -58.318
E -49.089 -8.399 -59.473
L -46.606 -11.163 -58.762
V -45.51 -12.669 -62.089
A -43.046 -15.354 -60.996
A -41.295 -16.36 -57.775
I -38.407 -18.689 -56.951
S -37.24 -20.484 -53.786
R -34.07 -19.456 -51.962
A -32.163 -22.27 -53.682
G -33.988 -22.442 -57.017
G -35.71 -25.754 -56.405
S -39.312 -24.559 -56.46
T -40.981 -21.936 -58.632
N -44.407 -20.319 -58.858
Y -45.996 -18.533 -61.844
A -49.148 -16.536 -62.439
D -51.48 -18.492 -64.721
S -51.293 -15.746 -67.388
V -47.611 -16.444 -67.881
K -46.969 -20.141 -67.336
G -45.286 -21.764 -70.313
R -43.95 -18.418 -71.565
F -41.86 -16.933 -68.723
T -39.126 -18.681 -66.721
I -37.672 -17.317 -63.493
S -34.151 -18.345 -62.5
R -31.516 -17.131 -60.047
D -27.74 -17.098 -59.59
N -26.895 -16.811 -55.886
A -23.206 -16.493 -56.761
K -23.886 -13.204 -58.551
N -26.857 -12.152 -56.388
T -29.151 -11.982 -59.412
V -32.664 -13.06 -60.392
Y -33.625 -13.461 -64.057
L -36.95 -13.459 -65.905
Q -36.862 -15.008 -69.392
M -39.945 -13.662 -71.186
N -40.793 -15.583 -74.369
S -43.782 -15.254 -76.695
L -44.642 -11.84 -75.311
K -48.233 -10.596 -75.549
P -49.622 -7.038 -75.434
E -51.147 -7.847 -72.043
D -47.605 -8.283 -70.65
T -47.003 -4.528 -71.053
A -46.037 -3.141 -67.658
V -43.175 -1.931 -65.494
Y -41.463 -4.979 -63.933
Y -40.007 -4.879 -60.411
C -37.745 -7.262 -58.487
N -38.436 -7.855 -54.781
A -38.603 -10.524 -52.093
A -41.311 -13.182 -52.075
A -42.579 -15.642 -49.471
E -41.997 -19.36 -50.052
G -45.232 -21.304 -49.607
E -46.421 -24.749 -50.356
T -48.988 -24.006 -53.082
N -44.4 -19.086 -53.18
W -46.541 -16.019 -52.693
W -46.538 -16.012 -52.535
S -46.664 -12.302 -53.245
L -45.547 -9.634 -50.839
C -47.276 -6.923 -52.933
E -49.195 -5.715 -49.892
E -46.183 -5.583 -47.511
Y -44.011 -3.205 -49.508
D -44.535 0.512 -49.984
Y -41.153 1.121 -51.635
W -40.176 -0.397 -54.971
G -37.138 0.406 -57.029
K -37.227 2.029 -60.448
G -38.227 -1.182 -62.211
T -37.805 -1.774 -65.942
R -40.454 -0.973 -68.541
V -41.703 -3.673 -70.94
T -43.987 -2.778 -73.843
V -45.437 -5.284 -76.295
S -47.375 -3.728 -79.137
S -48.325 -4.654 -82.686
H -48.014 -0.992 -83.727
H -44.253 -1.133 -83.14
H -42.101 -1.507 -86.264
