tag x y z
Q 1.839 49.6 -13.425
V 2.612 51.212 -10.05
Q 5.663 51.418 -7.755
L 5.929 52.599 -4.148
V 8.302 54.678 -1.999
E 8.564 54.199 1.783
T 9.504 57.102 4.068
G 9.151 57.945 7.748
G 11.735 55.454 9.017
G 14.844 56.022 11.076
L 16.258 55.36 14.536
V 13.968 55.478 17.586
Q 14.149 54.469 21.233
A 12.66 51.369 22.848
G 9.382 52.687 24.204
G 8.731 55.464 21.685
S 6.721 55.733 18.487
L 6.94 56.71 14.802
R 4.707 56.483 11.729
L 5.763 55.348 8.253
S 4.354 57.013 5.136
C 3.983 55.124 1.848
A 3.801 57.131 -1.384
A 2.13 55.675 -4.478
S 3.037 56.263 -8.124
G -0.413 56.109 -9.718
S -3.883 56.522 -8.274
I -4.276 54.222 -5.264
F -8.055 54.181 -5.774
S -9.69 50.906 -6.945
I -6.769 48.95 -5.366
N -8.466 46.64 -2.867
A -5.56 45.658 -0.599
M -2.853 47.902 0.834
G -0.479 46.038 3.126
W 2.618 46.553 5.262
F 5.264 43.841 5.619
R 8.478 43.631 7.612
Q 11.612 41.482 7.593
A 13.776 41.319 10.715
P 17.503 40.529 10.364
G 17.905 36.757 10.398
K 14.143 36.166 10.071
E 11.664 35.857 7.209
R 9.339 38.483 5.781
E 6.21 38.465 7.94
F 2.769 40.043 7.734
V 2.02 43.26 9.656
A -1.204 44.989 8.587
T -3.649 45.327 5.684
I -6.332 47.952 5.119
N -9.512 47.839 2.998
R -9.959 49.785 -0.237
S -12.205 52.255 1.616
G -10.44 51.806 4.96
G -13.343 50.191 6.83
R -11.717 46.76 7.25
T -8.253 45.954 8.614
Y -6.268 42.909 9.706
Y -3.246 42.793 12.01
A -0.71 40.167 13.01
D -0.961 38.839 16.568
S 2.465 40.194 17.558
V 1.477 43.803 16.791
K -2.265 43.4 17.251
G -3.09 46.159 19.742
R -0.024 48.307 19.017
F -0.085 49.281 15.31
T -2.759 51.163 13.35
I -2.876 51.185 9.549
S -4.623 54.026 7.701
R -4.849 55.233 4.117
D -5.813 58.346 2.152
N -7.177 57.473 -1.281
G -7.267 61.125 -2.331
K -3.59 61.66 -1.483
N -2.381 58.224 -2.758
M -0.873 57.503 0.668
V -0.705 54.596 3.136
Y 0.38 55.041 6.754
L 1.371 52.69 9.579
Q 1.31 54.346 13.0
M 3.597 52.302 15.268
H 2.917 52.769 18.993
S 4.467 51.13 22.087
L 7.512 49.767 20.3
K 9.48 46.651 21.248
P 13.069 45.612 20.412
E 11.657 42.63 18.457
D 10.135 45.078 15.932
T 13.469 46.084 14.335
A 12.946 45.267 10.654
I 12.915 46.637 7.117
Y 9.303 47.715 6.571
Y 7.898 47.162 3.073
C 4.79 48.772 1.589
A 3.01 46.646 -1.001
A 0.076 46.875 -3.422
G -2.343 43.949 -3.487
T -5.403 42.568 -5.218
G -7.674 42.096 -2.197
W -7.595 38.304 -2.281
S -6.042 36.73 0.874
P -4.759 40.054 2.25
Q -2.775 38.506 5.144
T -0.336 36.654 2.83
D 2.311 38.041 0.472
N 1.317 35.779 -2.449
E -1.293 38.259 -3.734
Y 0.934 41.361 -3.76
N 2.479 42.069 -7.16
Y 3.806 45.621 -6.61
W 6.332 46.134 -3.801
G 8.38 49.088 -2.606
Q 11.989 49.802 -1.717
G 11.515 49.45 2.041
T 12.636 51.526 5.004
Q 14.75 50.69 8.045
V 13.072 51.088 11.446
T 15.597 50.375 14.213
V 14.168 50.097 17.735
S 17.195 49.857 20.01
S 16.953 48.433 23.516
H 19.079 51.365 24.737
