tag x y z
Q 153.179 158.099 120.394
V 156.573 156.603 121.26
Q 159.919 158.322 121.848
L 163.173 156.385 121.438
V 166.602 157.58 122.585
E 169.609 155.354 121.884
S 173.122 155.656 123.298
G 176.351 153.722 123.722
G 177.708 153.668 120.186
G 181.037 155.339 119.506
L 184.206 154.028 117.897
V 186.148 150.93 118.98
Q 188.6 148.49 117.408
G 185.491 144.065 120.719
S 182.219 143.944 122.649
L 179.739 146.83 122.625
R 176.286 147.401 124.148
L 173.909 149.719 122.342
S 170.852 150.613 124.427
C 167.405 151.869 123.397
A 165.136 153.527 125.968
A 161.426 153.768 125.141
S 158.746 155.983 126.66
G 155.058 156.537 125.975
H 152.383 154.25 124.509
T 154.555 151.154 124.267
F 151.516 148.87 124.631
N 150.298 149.63 121.1
Y 153.826 148.963 119.77
P 154.813 145.599 121.278
I 157.847 145.017 119.016
M 161.15 146.895 118.978
G 163.476 146.514 115.998
W 167.152 147.278 115.468
F 168.162 148.533 112.026
R 171.494 149.756 110.681
Q 172.23 151.942 107.648
A 175.714 151.829 106.164
P 176.744 154.867 104.073
G 175.226 154.362 100.638
K 173.576 151.049 101.425
E 169.913 150.528 102.238
R 168.616 150.445 105.803
E 169.079 146.892 106.998
F 167.351 144.687 109.552
V 169.427 143.505 112.521
G 166.937 142.015 114.973
A 163.728 142.453 116.91
I 162.335 141.617 120.346
S 158.833 141.393 121.747
W 158.484 143.394 124.962
S 156.291 140.628 126.417
G 157.957 137.214 126.167
G 161.252 138.284 124.614
S 160.613 136.342 121.412
T 163.717 137.206 119.417
S 164.797 137.097 115.779
Y 168.066 137.961 114.048
A 169.399 138.587 110.582
D 171.815 135.905 109.39
S 174.799 138.292 109.351
V 174.534 138.851 113.122
K 173.092 135.462 114.112
D 175.223 134.058 116.961
R 177.108 137.349 117.35
F 174.67 140.045 118.453
T 172.165 139.418 121.237
I 169.061 141.492 121.979
S 167.062 141.542 125.177
R 165.108 144.017 127.276
D 163.882 144.935 130.739
N 160.275 146.088 131.022
A 160.999 147.995 134.25
K 163.145 150.62 132.506
N 161.48 150.186 129.076
T 164.893 149.57 127.54
V 166.179 147.349 124.729
Y 169.86 146.572 124.151
L 171.829 145.28 121.171
E 174.869 143.476 122.63
M 177.296 143.729 119.699
N 179.942 141.095 120.426
N 182.64 139.884 118.02
L 182.559 143.045 115.922
K 183.731 143.252 112.312
P 184.455 146.055 109.819
E 181.203 145.137 108.056
D 179.394 146.266 111.247
T 179.972 149.967 110.491
A 176.689 151.853 110.2
V 174.225 154.23 111.829
Y 172.324 151.824 114.097
Y 168.69 152.9 114.537
C 165.995 151.734 116.946
A 162.355 151.524 115.891
A 158.921 150.453 117.124
K 156.454 148.285 115.188
G 152.694 148.209 115.562
R 150.895 145.0 116.453
Y 149.397 144.502 112.973
S 152.056 146.344 110.97
G 153.492 143.475 108.928
G 156.768 141.626 108.677
L 159.626 142.228 111.096
Y 162.221 142.756 108.37
Y 160.831 145.775 106.539
P 161.723 149.238 107.922
T 158.72 150.884 106.25
N 156.488 148.866 108.599
Y 158.005 150.716 111.58
D 156.658 154.063 112.768
Y 158.82 155.58 115.525
W 162.531 155.816 114.688
G 165.298 156.607 117.152
Q 167.951 159.179 116.317
G 170.602 156.676 115.205
T 174.044 156.083 116.725
Q 176.918 156.066 114.244
V 179.326 153.194 114.972
T 182.657 152.762 113.173
V 185.339 150.148 113.852
