tag x y z
Q 153.322 158.06 120.346
V 156.717 156.56 121.205
Q 160.067 158.275 121.788
L 163.322 156.342 121.361
V 166.757 157.519 122.51
E 169.754 155.289 121.78
S 173.269 155.557 123.192
G 176.49 153.604 123.588
G 177.828 153.603 120.044
G 181.149 155.295 119.381
L 184.319 154.033 117.735
V 186.289 150.932 118.759
Q 188.753 148.537 117.139
G 185.646 143.976 120.599
S 182.385 143.867 122.545
L 179.901 146.748 122.496
R 176.453 147.336 124.021
L 174.077 149.636 122.193
S 171.024 150.537 124.281
C 167.573 151.783 123.255
A 165.317 153.439 125.839
A 161.598 153.67 125.047
S 158.928 155.879 126.594
G 155.23 156.421 125.949
H 152.541 154.135 124.504
T 154.699 151.03 124.247
F 151.655 148.755 124.623
N 150.43 149.508 121.092
Y 153.964 148.867 119.762
P 154.987 145.517 121.272
I 158.018 144.965 118.999
M 161.312 146.857 118.93
G 163.61 146.452 115.933
W 167.284 147.199 115.365
F 168.255 148.43 111.902
R 171.572 149.621 110.497
Q 172.266 151.787 107.44
A 175.719 151.647 105.888
P 176.724 154.679 103.776
G 175.137 154.191 100.37
K 173.485 150.884 101.177
E 169.836 150.371 102.055
R 168.597 150.288 105.64
E 169.085 146.741 106.846
F 167.402 144.546 109.439
V 169.52 143.389 112.389
G 167.066 141.917 114.889
A 163.878 142.38 116.856
I 162.505 141.573 120.308
S 158.993 141.36 121.699
W 158.591 143.385 124.891
S 156.395 140.618 126.336
G 158.096 137.214 126.178
G 161.399 138.293 124.642
S 160.819 136.25 121.491
T 163.899 137.122 119.458
S 164.949 136.942 115.812
Y 168.186 137.813 114.024
A 169.47 138.4 110.531
D 171.906 135.736 109.34
S 174.862 138.157 109.245
V 174.626 138.744 113.013
K 173.216 135.349 114.032
D 175.376 133.963 116.869
R 177.253 137.26 117.24
F 174.826 139.957 118.367
T 172.348 139.334 121.176
I 169.246 141.408 121.934
S 167.263 141.482 125.143
R 165.33 143.983 127.233
D 164.128 144.925 130.7
N 160.523 146.078 131.014
A 161.27 147.99 134.235
K 163.396 150.618 132.471
N 161.703 150.164 129.06
T 165.108 149.539 127.511
V 166.381 147.295 124.711
Y 170.063 146.529 124.119
L 172.006 145.215 121.131
E 175.073 143.453 122.579
M 177.445 143.686 119.603
N 180.109 141.066 120.312
N 182.765 139.825 117.873
L 182.664 142.967 115.743
K 183.805 143.144 112.121
P 184.522 145.927 109.603
E 181.262 145.017 107.853
D 179.463 146.161 111.043
T 180.059 149.856 110.275
A 176.781 151.745 109.97
V 174.326 154.131 111.601
Y 172.438 151.735 113.889
Y 168.814 152.831 114.362
C 166.143 151.673 116.799
A 162.495 151.476 115.774
A 159.071 150.413 117.043
K 156.576 148.236 115.153
G 152.82 148.166 115.562
R 151.038 144.951 116.469
Y 149.538 144.455 112.99
S 152.183 146.322 110.996
G 153.621 143.442 108.969
G 156.885 141.575 108.717
L 159.767 142.175 111.104
Y 162.32 142.637 108.329
Y 160.907 145.636 106.486
P 161.845 149.111 107.804
T 158.829 150.739 106.137
N 156.61 148.766 108.535
Y 158.14 150.662 111.479
D 156.802 154.022 112.64
Y 158.977 155.546 115.382
W 162.683 155.761 114.52
G 165.455 156.546 116.975
Q 168.111 159.108 116.128
G 170.741 156.589 115.006
T 174.18 155.986 116.522
Q 177.045 155.965 114.034
V 179.442 153.084 114.76
T 182.775 152.645 112.966
V 185.448 150.02 113.644
