tag x y z
Q 165.486 113.069 124.377
V 164.981 109.529 125.694
Q 167.735 107.07 126.633
L 167.009 103.335 126.498
V 169.033 100.567 128.157
E 167.984 96.919 127.899
S 169.259 93.86 129.747
G 168.342 90.292 130.609
G 169.37 88.307 127.55
G 171.979 85.564 127.562
L 171.899 82.093 126.045
V 169.48 79.352 127.117
Q 168.452 75.946 125.798
G 162.515 77.881 129.043
S 161.357 81.247 130.384
L 163.28 84.506 129.976
R 162.456 88.089 130.971
L 164.012 90.964 129.047
S 163.836 94.487 130.457
C 164.244 98.029 129.147
A 164.828 101.12 131.292
A 163.921 104.576 129.981
S 165.01 108.05 131.056
G 164.366 111.572 129.788
H 161.307 113.194 128.216
T 159.184 110.059 128.374
F 155.958 112.094 128.295
N 156.454 113.044 124.638
Y 157.061 109.344 123.828
P 154.289 107.404 125.597
I 154.666 104.236 123.479
M 157.438 101.662 123.91
G 158.016 98.964 121.304
W 160.037 95.757 121.119
F 161.811 94.687 117.932
R 164.003 91.762 116.918
Q 166.25 91.422 113.869
A 167.278 88.01 112.583
P 170.595 87.812 110.683
G 169.855 88.865 107.117
K 166.143 89.358 107.785
E 164.549 92.769 108.211
R 163.833 94.036 111.718
E 160.592 92.526 113.013
F 158.0 94.054 115.323
V 157.43 92.037 118.512
G 155.135 94.045 120.776
A 154.271 97.528 121.953
I 152.843 99.01 125.145
S 151.847 102.471 126.335
W 153.404 104.024 129.424
S 149.975 105.124 130.689
G 147.034 102.724 130.699
G 149.029 99.566 130.023
S 147.437 99.013 126.614
T 149.472 96.421 124.726
S 149.707 94.847 121.28
Y 151.555 91.776 120.031
A 152.553 90.116 116.787
D 150.918 86.87 115.698
S 154.141 84.86 116.012
V 154.708 85.899 119.641
K 151.011 86.057 120.559
D 150.051 84.044 123.67
R 153.764 83.366 124.302
F 155.336 86.751 125.11
T 153.92 89.174 127.678
I 154.813 92.864 127.963
S 154.224 95.067 131.003
R 155.793 98.164 132.523
D 156.182 99.914 135.87
N 156.232 103.711 135.829
A 158.097 103.946 139.148
K 161.305 102.589 137.595
N 160.454 103.794 134.056
T 161.12 100.215 132.951
V 159.416 98.126 130.262
Y 160.039 94.384 130.483
L 159.364 91.673 127.897
E 158.695 88.23 129.382
M 159.61 85.566 126.813
N 158.067 82.202 127.719
N 157.917 78.95 125.734
L 160.947 79.8 123.624
K 161.457 78.365 120.14
P 164.515 78.133 117.865
E 162.836 80.706 115.606
D 163.253 83.245 118.443
T 166.961 83.84 117.743
A 167.515 87.524 116.97
V 168.87 90.759 118.413
Y 166.148 92.289 120.591
Y 165.937 96.093 120.58
C 163.932 98.583 122.636
A 162.372 101.647 121.021
A 160.161 104.629 121.83
K 157.604 106.295 119.568
G 156.149 109.781 119.447
R 152.508 110.599 120.04
Y 151.718 111.323 116.366
S 154.402 109.125 114.789
G 152.045 106.614 113.162
G 151.631 102.862 113.359
L 153.271 100.638 115.944
Y 154.426 97.863 113.608
Y 156.829 100.033 111.582
P 160.291 100.539 113.13
T 161.0 103.705 111.128
N 158.317 105.54 113.129
Y 160.329 105.101 116.344
D 162.918 107.759 117.18
Y 165.071 106.442 120.048
W 166.476 102.909 120.122
G 168.41 100.777 122.579
Q 171.699 98.977 122.074
G 170.178 95.565 121.357
T 170.613 92.21 123.102
Q 171.49 89.013 121.235
V 169.444 85.962 122.252
T 170.182 82.464 120.939
V 168.466 79.222 121.93
