tag x y z
Q 151.779 158.338 121.139
V 155.147 156.731 121.914
Q 158.42 158.55 122.617
L 161.657 156.608 122.13
V 165.114 157.574 123.399
E 168.135 155.302 122.961
S 171.398 155.56 124.878
G 174.54 153.603 125.666
G 176.289 153.813 122.297
G 179.858 155.089 122.328
L 183.012 154.943 120.199
V 185.188 151.856 120.741
Q 187.337 149.519 118.658
G 184.267 144.796 122.698
S 180.875 144.421 124.376
L 178.259 147.186 124.283
R 174.735 147.448 125.694
L 172.323 149.879 124.026
S 169.159 150.728 125.964
C 166.004 152.196 124.411
A 163.591 153.865 126.834
A 159.91 154.133 125.926
S 157.042 156.249 127.224
G 153.38 156.644 126.357
H 150.941 154.113 124.884
T 153.568 151.398 124.569
F 150.919 148.655 124.678
N 149.569 149.656 121.257
Y 153.122 149.21 119.881
P 154.314 145.92 121.401
I 157.142 145.205 118.918
M 160.49 147.003 119.162
G 162.962 146.764 116.289
W 166.58 147.899 116.131
F 167.789 149.511 112.907
R 171.134 150.868 111.731
Q 171.764 153.227 108.808
A 175.291 153.177 107.415
P 176.369 156.323 105.53
G 175.348 156.161 101.889
K 173.125 153.137 102.561
E 169.488 152.514 103.389
R 168.474 151.778 106.971
E 169.209 148.137 107.792
F 167.259 145.796 110.051
V 169.086 144.295 113.028
G 166.62 142.71 115.441
A 162.951 142.936 116.431
I 161.603 141.939 119.852
S 158.178 142.073 121.481
W 157.457 143.983 124.681
S 155.35 141.075 125.948
G 156.435 137.451 125.846
G 160.053 138.063 124.905
S 160.369 136.025 121.707
T 163.298 137.271 119.644
S 164.304 137.584 115.999
Y 167.646 138.674 114.549
A 169.225 139.347 111.184
D 171.639 136.799 109.744
S 174.578 139.222 109.887
V 174.251 139.805 113.645
K 172.916 136.376 114.637
D 174.491 134.834 117.766
R 176.478 138.057 118.31
F 173.826 140.654 119.204
T 171.224 139.817 121.849
I 168.207 141.881 122.894
S 166.243 141.773 126.148
R 163.343 143.833 127.471
D 161.363 144.324 130.676
N 157.871 145.818 130.74
A 158.238 147.111 134.306
K 161.291 149.165 133.327
N 159.681 149.937 129.934
T 163.131 149.714 128.337
V 164.637 147.552 125.585
Y 168.302 146.586 125.951
L 170.419 145.618 122.932
E 173.678 143.907 123.912
M 176.293 143.953 121.143
N 179.261 141.58 121.366
N 182.227 140.852 119.086
L 182.041 144.176 117.278
K 183.194 144.331 113.656
P 184.096 147.305 111.431
E 180.924 146.793 109.371
D 178.899 147.765 112.473
T 179.608 151.496 111.958
A 176.135 152.989 111.539
V 173.571 155.176 113.282
Y 171.604 152.721 115.417
Y 167.888 153.514 115.657
C 165.128 152.291 117.964
A 161.618 151.939 116.548
A 158.173 150.84 117.714
K 155.833 148.717 115.598
G 152.07 148.385 115.665
R 150.395 145.08 116.407
Y 149.154 144.591 112.825
S 151.884 146.498 110.971
G 153.08 143.457 109.009
G 156.703 142.498 108.456
L 159.481 143.222 110.924
Y 162.258 143.779 108.371
Y 160.709 146.861 106.737
P 161.302 150.208 108.495
T 158.26 151.764 106.801
N 155.902 149.634 108.913
Y 157.3 151.291 112.062
D 155.607 154.469 113.281
Y 157.693 155.986 116.097
W 161.478 156.255 115.82
G 164.282 157.2 118.173
Q 166.884 159.894 117.678
G 169.658 157.531 116.589
T 173.03 157.06 118.273
Q 176.229 157.286 116.228
V 178.543 154.32 116.853
T 181.932 153.988 115.149
V 184.205 150.99 115.677
