tag x y z
S -3.605 -60.704 69.7
E -4.239 -56.999 69.1
V -1.137 -54.782 69.375
Q 2.063 -55.316 71.362
L 4.597 -52.816 72.686
V 7.81 -53.393 74.644
E 10.145 -50.602 75.724
S 13.92 -50.725 76.119
G 16.484 -48.181 77.266
G 15.798 -47.617 80.948
G 18.398 -47.652 83.683
L 20.512 -45.568 86.043
V 21.959 -42.429 84.455
Q 23.933 -39.654 86.115
A 22.088 -36.369 86.592
G 22.531 -33.907 83.756
G 23.016 -36.907 81.474
S 21.235 -37.996 78.315
L 19.4 -41.249 77.608
R 17.331 -42.58 74.704
L 14.372 -44.923 75.179
S 13.012 -47.347 72.587
C 9.534 -48.813 72.099
A 9.264 -51.887 69.874
A 5.908 -51.804 68.096
S 4.361 -54.897 66.537
G 1.031 -55.852 65.011
R -1.544 -53.282 63.909
T 0.314 -49.974 63.554
S -1.446 -48.622 60.439
G -4.551 -46.797 61.636
A -2.852 -45.565 64.8
L -3.718 -41.952 65.607
N -0.782 -41.105 67.882
V 1.957 -42.596 70.035
A 2.71 -41.134 73.454
W 5.301 -41.52 76.201
Y 4.027 -41.638 79.783
R 5.956 -41.884 83.041
Q 5.033 -42.625 86.653
A 6.911 -40.982 89.496
T 6.656 -42.847 92.787
G 4.287 -40.305 94.334
K 3.12 -38.074 91.506
E 0.382 -39.222 89.153
R 0.933 -40.482 85.615
E 2.506 -37.68 83.575
Y 2.46 -37.503 79.788
V 5.781 -36.202 78.47
A 5.581 -36.529 74.688
R 3.217 -37.489 71.883
L 3.532 -37.709 68.095
W 0.467 -37.541 65.833
W 1.023 -39.675 62.738
N -1.931 -38.092 60.906
D 0.144 -34.89 60.578
G 3.495 -35.523 62.264
T 3.128 -32.79 64.88
T 4.8 -33.423 68.233
Y 3.771 -32.151 71.665
Y 5.789 -32.181 74.893
S 4.786 -31.456 78.475
D 6.027 -28.142 79.837
S 8.091 -30.112 82.362
V 10.244 -31.678 79.629
K 9.802 -29.118 76.843
G 13.04 -28.405 75.008
R 14.683 -31.507 76.506
F 12.87 -34.69 75.474
T 12.22 -35.587 71.84
I 9.826 -38.147 70.347
S 10.472 -39.84 67.009
S 9.19 -42.792 64.984
D 11.172 -45.137 62.73
N 9.011 -44.486 59.646
A 7.893 -48.128 59.662
K 6.211 -47.222 62.993
K 7.763 -50.397 64.435
I 10.168 -48.313 66.555
V 9.485 -45.03 68.363
Y 12.174 -43.309 70.432
L 12.203 -40.811 73.305
Q 15.494 -38.898 73.385
M 15.967 -37.55 76.926
N 18.475 -34.73 77.437
R 19.577 -32.694 80.451
L 18.04 -35.371 82.662
K 17.29 -34.331 86.246
P 16.584 -36.34 89.417
D 12.907 -35.344 89.182
D 12.754 -37.347 85.926
T 13.163 -40.617 87.851
A 10.15 -42.73 86.881
I 9.033 -45.762 84.892
Y 8.439 -44.645 81.301
Y 5.596 -46.304 79.387
C 4.753 -46.32 75.677
A 1.133 -45.981 74.532
V -0.542 -45.88 71.118
R -3.948 -44.657 69.95
T -5.949 -46.745 67.485
P -9.522 -46.446 66.175
S -9.852 -50.18 66.922
S -9.66 -49.66 70.699
Q -11.186 -47.458 73.385
T -8.114 -47.976 75.601
L -4.543 -47.051 74.721
Y -2.383 -50.043 73.843
W 0.239 -49.924 76.603
G 3.734 -51.368 76.715
Q 5.602 -52.912 79.633
G 7.585 -49.976 81.041
T 11.265 -49.066 81.419
Q 12.565 -48.018 84.833
V 14.706 -44.875 84.557
T 16.619 -43.587 87.587
V 18.498 -40.279 87.405
S 21.185 -40.34 90.091
S 20.652 -37.671 92.744
