tag x y z
Q 243.745 180.435 125.38
V 244.181 179.625 129.08
Q 245.671 176.425 130.503
L 245.942 175.24 134.104
V 248.211 172.365 135.144
E 248.077 170.769 138.595
S 251.06 169.12 140.267
G 252.373 168.295 143.722
G 250.116 165.418 144.759
G 251.199 162.17 146.323
S 250.805 159.772 149.219
V 251.334 161.067 152.762
Q 250.707 159.91 156.307
A 247.891 161.373 158.373
G 248.992 164.751 159.683
G 251.501 165.189 156.861
S 251.791 168.122 154.499
L 251.667 168.556 150.738
R 251.94 171.64 148.571
L 249.896 171.584 145.34
S 250.642 173.826 142.356
C 248.387 175.317 139.676
A 250.588 176.642 136.864
A 248.718 178.857 134.402
S 249.657 179.585 130.796
G 248.179 181.711 128.047
Y 246.54 185.081 128.56
T 245.242 184.58 132.1
I 244.732 188.297 132.817
N 240.962 187.975 132.435
T 240.694 185.266 135.117
D 240.814 187.15 138.414
A 239.462 184.293 140.565
V 241.127 180.898 141.03
A 239.742 177.992 143.05
W 240.93 174.57 144.166
F 238.377 171.768 144.093
R 238.618 168.072 144.868
Q 236.566 164.988 144.028
A 236.707 161.565 145.625
P 235.42 158.663 143.513
G 232.119 158.165 145.306
K 231.376 161.787 146.158
G 230.691 164.942 144.179
D 232.679 168.095 143.526
E 233.68 170.414 146.376
R 235.677 173.659 146.463
V 238.388 173.527 149.12
A 239.501 177.138 148.616
V 239.311 180.124 146.272
I 241.363 183.305 145.913
Y 240.898 186.686 144.252
T 244.146 187.501 142.465
G 243.624 191.265 142.424
S 242.113 191.799 145.87
G 243.707 188.933 147.794
N 240.459 187.853 149.456
T 240.172 184.136 150.156
N 237.489 181.596 151.006
Y 237.888 178.174 152.574
A 235.761 175.124 153.181
D 234.936 174.78 156.862
S 236.755 171.434 156.991
V 239.996 172.796 155.538
K 240.141 176.04 157.539
G 243.334 176.156 159.576
R 245.065 173.348 157.7
F 244.964 174.654 154.106
T 246.407 177.934 152.82
I 246.021 179.336 149.3
S 248.675 181.638 147.872
Q 249.778 182.966 144.499
D 253.108 183.814 142.875
N 252.584 186.351 140.098
A 256.056 185.842 138.619
K 255.445 182.086 138.488
N 251.869 182.689 137.276
T 250.989 179.919 139.731
V 248.441 179.491 142.513
Y 249.523 177.283 145.383
L 247.514 175.226 147.875
Q 249.327 174.326 151.096
M 247.878 171.288 152.875
N 248.952 170.837 156.494
S 247.606 168.309 158.992
L 246.297 166.164 156.152
K 243.417 163.845 157.026
P 242.05 160.69 155.378
E 238.982 162.675 154.308
D 241.332 164.784 152.166
T 242.033 161.841 149.842
A 240.83 162.667 146.333
L 241.812 164.148 142.972
Y 242.601 167.867 143.138
Y 242.2 170.411 140.347
C 242.317 174.182 139.943
A 239.688 176.201 138.095
S 239.61 179.824 137.005
G 237.002 182.409 136.076
Y 236.444 186.085 135.379
Y 233.89 186.554 138.17
G 233.105 184.883 141.47
A 229.307 184.746 141.626
S 229.053 181.157 140.374
G 230.9 177.855 140.307
Y 230.818 177.337 136.542
D 232.602 180.377 135.173
F 235.669 178.64 136.58
N 237.064 176.394 133.862
N 240.411 175.495 132.291
W 241.251 172.91 134.949
G 243.863 170.327 134.007
Q 244.497 166.631 134.532
G 244.586 167.226 138.292
T 246.699 165.705 141.04
Q 245.994 162.701 143.245
V 246.5 163.06 146.996
T 246.068 160.036 149.253
V 246.228 160.231 153.052
S 246.81 156.909 154.801
