tag x y z
Q 170.724 187.487 115.789
V 167.708 188.387 117.938
Q 164.396 189.936 116.892
L 162.197 192.033 119.191
V 158.6 192.952 118.328
E 156.402 195.126 120.541
S 152.615 194.976 120.746
G 149.718 196.014 122.951
G 150.092 199.774 122.575
G 147.23 202.139 121.916
S 145.053 204.825 123.471
V 143.811 204.597 127.066
Q 142.044 207.084 129.317
A 143.823 208.266 132.449
G 143.495 205.76 135.275
G 143.227 202.761 132.954
S 145.651 199.891 132.499
L 147.694 198.613 129.565
R 149.902 195.56 129.07
L 152.694 195.721 126.497
S 154.108 192.534 124.98
C 157.602 191.987 123.574
A 158.107 188.707 121.706
A 161.723 187.673 121.142
S 162.548 185.684 118.009
G 165.661 184.153 116.498
Y 168.473 182.977 118.774
T 166.794 183.324 122.161
Y 169.734 181.83 124.073
S 171.789 184.968 123.353
T 169.416 187.458 125.017
C 170.466 188.568 128.495
R 168.676 191.613 129.894
K 165.181 192.604 128.892
G 163.763 195.954 129.886
W 161.381 198.656 128.777
Y 162.469 202.085 127.56
R 160.165 205.033 126.965
Q 160.732 208.278 125.062
A 158.104 210.909 125.795
P 157.724 213.671 123.186
G 160.571 216.14 123.578
K 162.443 214.038 126.159
E 165.351 211.596 126.175
R 165.166 207.814 126.31
E 164.98 206.452 129.854
L 165.018 202.989 131.42
V 161.548 202.347 132.836
A 162.022 198.756 133.999
S 164.4 195.848 133.5
I 164.188 192.222 134.591
T 166.96 189.686 135.046
A 166.898 186.077 133.904
D 166.884 185.032 137.554
G 163.83 187.285 137.868
A 165.464 190.312 139.508
T 163.727 193.544 138.529
Y 164.203 197.269 139.046
Y 162.005 200.22 138.127
L 162.28 203.979 137.869
D 160.78 205.907 140.771
S 158.129 207.415 138.485
V 156.727 204.035 137.415
K 157.474 201.959 140.529
G 154.307 200.461 142.006
R 152.189 201.203 138.938
L 154.215 199.167 136.424
T 155.357 195.54 136.593
I 157.767 193.698 134.288
S 157.571 189.914 133.944
Q 158.585 187.174 131.521
D 157.091 184.047 129.957
N 159.95 181.71 129.059
A 157.737 179.344 127.058
K 156.256 182.28 125.132
N 159.686 183.959 124.864
T 157.918 187.228 125.693
V 158.394 189.995 128.257
Y 155.425 192.028 129.473
L 155.036 195.553 130.854
Q 151.828 195.784 132.9
M 150.949 199.482 133.212
N 148.321 200.295 135.846
S 146.906 203.667 136.896
L 148.279 205.268 133.745
K 148.913 209.014 133.841
P 149.219 211.466 130.933
E 152.929 211.693 131.763
D 153.22 208.012 130.797
T 152.436 208.895 127.166
A 155.511 208.016 125.102
V 156.93 205.475 122.666
Y 157.957 202.371 124.614
Y 160.846 200.254 123.329
C 161.534 196.639 124.189
A 165.275 196.217 124.638
A 167.158 192.912 124.626
S 170.84 192.71 125.518
V 173.211 190.414 123.643
K 175.105 187.932 125.818
D 178.434 187.714 123.979
F 178.766 191.414 123.202
T 179.802 194.504 125.124
C 176.781 194.034 127.203
T 174.653 196.762 125.702
F 171.034 196.542 124.673
N 172.245 195.019 121.421
S 168.684 194.432 120.179
W 165.97 197.094 120.125
G 162.341 196.751 119.127
Q 160.442 198.959 116.725
G 158.767 200.734 119.638
T 155.068 201.018 120.474
Q 153.26 204.284 121.183
V 151.046 204.421 124.278
T 148.905 207.551 124.604
V 147.014 208.286 127.826
S 144.179 210.77 127.373
S 143.135 213.183 130.109
