tag x y z
V -39.306 -11.52 33.521
Q -36.471 -14.09 33.463
L -34.15 -11.788 35.485
Q -35.217 -9.583 38.396
E -32.848 -7.305 40.315
S -33.413 -5.905 43.772
G -31.467 -4.073 46.49
G -31.183 -0.579 45.059
G -31.387 2.417 47.317
L -30.124 5.813 48.311
V -26.871 5.63 50.233
Q -24.259 7.991 51.615
A -20.776 7.823 50.136
G -18.679 5.288 52.011
G -21.722 3.103 52.661
S -22.611 -0.323 51.289
L -25.448 -1.937 49.344
R -26.048 -5.538 48.305
L -27.778 -6.159 44.968
S -29.515 -9.437 44.222
C -30.72 -11.012 40.997
T -32.945 -14.073 40.686
V -32.713 -15.847 37.364
S -36.066 -17.421 36.526
A -34.911 -18.343 33.011
R -33.032 -21.49 32.05
T -29.478 -21.715 33.329
S -26.666 -24.067 32.377
S -23.122 -25.024 33.202
S -21.88 -22.832 30.362
H -23.551 -19.636 31.481
D -21.964 -16.421 32.584
M -23.867 -14.038 34.82
G -22.935 -10.419 35.245
W -23.706 -6.935 36.358
F -23.636 -3.852 34.172
R -24.558 -0.299 35.062
Q -25.571 2.926 33.404
A -24.872 6.23 35.079
P -27.201 9.074 34.14
G -26.257 10.474 30.744
K -23.472 7.927 30.128
E -23.443 4.636 28.248
R -23.879 1.192 29.787
E -20.676 -0.312 31.137
F -19.488 -3.652 32.476
V -19.082 -3.974 36.279
A -18.536 -7.626 37.171
A -19.173 -11.184 35.968
I -19.032 -14.781 37.207
S -18.948 -18.145 35.443
W -22.001 -20.117 36.582
S -20.239 -23.484 36.867
G -16.656 -22.54 37.682
G -17.023 -19.364 39.73
T -14.21 -17.477 37.976
T -14.788 -13.757 38.344
N -13.811 -10.51 36.612
Y -14.274 -6.856 37.566
V -14.0 -3.469 35.909
D -10.911 -1.701 37.227
S -12.828 1.076 39.004
V -14.594 -1.322 41.387
K -11.707 -3.642 42.213
G -11.277 -4.16 45.925
R -14.662 -2.605 46.611
F -17.258 -4.786 44.819
D -17.663 -8.558 45.039
I -19.789 -10.764 42.744
S -21.02 -14.095 44.095
K -23.719 -16.597 43.225
D -25.936 -19.324 44.698
N -26.745 -21.948 42.043
A -29.448 -23.703 44.063
K -31.396 -20.408 44.361
N -30.697 -19.34 40.715
A -29.238 -16.185 42.322
V -26.386 -13.758 41.676
Y -25.248 -11.058 44.056
L -23.21 -7.848 43.899
Q -21.827 -6.685 47.255
M -20.942 -2.978 46.885
N -18.688 -1.499 49.606
S -16.993 1.878 50.011
L -19.518 3.428 47.646
K -18.526 6.523 45.688
P -20.712 9.105 43.929
E -19.345 7.771 40.617
D -21.116 4.477 41.463
T -24.546 6.18 41.065
A -26.391 4.355 38.282
V -29.012 1.881 37.224
Y -27.587 -1.616 37.853
Y -28.562 -4.445 35.52
C -28.13 -8.174 35.965
A -27.498 -10.128 32.777
A -26.994 -13.686 31.522
K -25.045 -15.11 28.601
W -25.128 -18.705 27.359
R -21.669 -19.713 26.06
P -22.019 -23.359 24.932
L -18.822 -23.293 22.832
R -16.595 -21.77 25.51
Y -13.275 -23.44 26.292
S -12.33 -21.203 29.233
D -13.975 -20.447 32.57
N -13.097 -16.77 32.401
P -16.429 -14.874 32.14
S -17.397 -12.52 29.354
N -17.441 -8.793 29.761
S -19.772 -8.001 26.834
D -22.685 -8.984 24.587
Y -24.981 -10.68 27.146
N -28.214 -12.495 25.961
Y -30.694 -10.79 28.269
W -31.027 -8.199 30.973
G -33.222 -7.312 33.921
Q -35.235 -4.125 34.354
G -32.513 -2.758 36.609
T -32.258 -1.556 40.194
Q -31.565 2.124 40.893
V -28.604 3.218 43.049
T -27.942 6.782 44.211
V -24.793 7.618 46.217
S -24.857 11.084 47.779
S -22.188 13.405 49.253
