tag x y z
A 54.538 -39.544 39.946
V 57.762 -38.209 38.418
Q 59.351 -34.774 38.189
L 61.894 -33.579 35.62
V 64.051 -30.511 36.308
D 65.931 -28.821 33.46
S 68.919 -26.537 33.964
G 72.127 -25.411 32.284
G 70.721 -23.038 29.683
G 72.068 -19.547 29.236
L 73.829 -17.14 26.912
V 76.88 -18.36 24.981
Q 78.733 -17.313 21.837
A 78.672 -19.078 18.476
G 81.046 -22.025 18.558
G 80.767 -22.33 22.337
S 79.604 -25.248 24.446
L 76.786 -25.871 26.918
R 75.668 -28.804 29.062
L 71.98 -29.076 29.897
S 71.0 -31.332 32.786
C 67.636 -32.99 33.407
V 67.318 -34.41 36.924
V 64.538 -36.968 37.412
S 62.874 -37.653 40.759
G 60.002 -39.718 42.114
S 58.796 -43.067 40.747
I 61.393 -42.873 37.975
F 61.839 -46.65 37.73
S 59.364 -46.95 34.831
I 61.161 -44.617 32.391
N 62.267 -46.503 29.286
A 63.261 -43.482 27.16
M 64.188 -39.835 27.727
G 64.694 -37.007 25.284
W 65.223 -33.324 24.625
Y 62.826 -31.113 22.657
R 63.356 -27.475 21.739
Q 60.875 -24.724 20.899
A 61.525 -21.142 19.892
P 58.964 -18.309 20.29
G 56.583 -18.513 17.341
K 57.81 -21.86 15.974
Q 56.825 -25.495 16.377
R 58.639 -27.769 18.805
D 61.254 -30.259 17.615
L 62.574 -33.389 19.299
V 66.313 -32.728 19.458
A 67.634 -35.939 20.991
R 66.523 -39.259 22.457
I 68.2 -41.936 24.578
S 66.498 -45.257 25.324
G 67.129 -47.71 28.135
D 69.112 -49.923 25.75
S 71.606 -47.041 25.163
S 70.372 -46.329 21.619
T 70.131 -42.666 20.658
Y 68.602 -40.399 18.038
Y 69.662 -36.907 16.961
I 68.121 -34.59 14.4
D 70.414 -34.153 11.406
S 70.872 -30.477 12.313
V 72.668 -31.462 15.544
K 74.235 -34.8 14.537
G 77.927 -34.42 15.376
R 77.55 -31.398 17.671
F 75.168 -32.738 20.345
T 75.666 -35.673 22.713
I 73.045 -37.109 25.079
S 74.189 -39.223 28.022
R 73.097 -40.542 31.412
D 74.58 -40.224 34.914
N 73.07 -43.229 36.689
A 74.629 -42.298 40.038
A 72.906 -38.887 39.937
N 69.553 -39.697 38.245
T 70.261 -37.034 35.612
V 70.517 -36.922 31.824
Y 73.023 -34.57 30.198
L 72.823 -32.939 26.769
Q 76.248 -31.6 25.777
M 75.957 -29.003 23.0
N 79.085 -28.151 21.012
S 79.75 -25.901 18.011
L 76.712 -23.876 19.022
K 75.114 -21.809 16.257
P 72.516 -18.991 16.371
E 69.97 -21.493 15.038
D 70.179 -23.309 18.405
T 68.504 -20.499 20.38
A 65.306 -21.876 21.946
V 63.762 -23.195 25.149
Y 64.823 -26.815 25.651
Y 62.644 -29.277 27.565
C 63.645 -32.691 28.836
A 61.008 -35.409 28.568
A 60.536 -39.001 29.693
R 58.28 -41.862 28.611
R 56.606 -44.198 31.102
L 54.534 -46.158 28.582
P 56.246 -48.891 26.529
I 55.679 -47.038 23.223
G 54.4 -43.728 21.897
D 55.095 -40.119 22.73
Y 56.619 -39.074 26.031
T 54.486 -38.617 29.141
D 56.403 -36.187 31.39
W 57.994 -32.803 30.708
G 60.179 -30.225 32.414
Q 59.582 -26.515 32.896
G 62.035 -25.611 30.121
T 65.402 -23.876 30.066
Q 66.415 -20.967 27.842
V 69.443 -21.471 25.576
T 70.582 -18.365 23.699
V 73.656 -17.868 21.522
S 74.947 -14.713 19.837
S 76.835 -14.535 16.553
