tag x y z
D -14.815 -10.812 -80.99
V -12.218 -9.69 -78.427
Q -13.396 -8.281 -75.048
L -11.13 -7.056 -72.188
Q -11.969 -6.228 -68.559
E -9.459 -4.261 -66.481
S -9.895 -4.855 -62.739
G -8.127 -3.475 -59.702
G -7.475 0.082 -58.618
G -8.448 2.42 -55.744
L -6.912 5.069 -53.502
V -3.481 4.027 -52.426
Q -0.917 6.084 -50.732
P 2.545 7.039 -51.582
G 5.068 4.126 -51.534
G 2.104 1.901 -51.984
S 1.074 -1.001 -54.12
L -1.99 -2.162 -56.032
R -2.253 -4.88 -58.65
L -4.284 -4.447 -61.789
S -5.81 -7.133 -64.032
C -6.997 -7.518 -67.66
A -9.594 -10.1 -68.799
A -9.213 -11.538 -72.151
S -12.006 -12.608 -74.367
G -12.106 -13.995 -77.81
L -8.479 -13.8 -78.781
T -8.218 -16.269 -81.477
L -4.919 -14.914 -82.457
D -1.719 -16.777 -82.76
Y 0.814 -14.072 -82.129
Y -0.35 -11.169 -80.069
A 0.453 -8.468 -77.572
I -1.273 -7.108 -74.515
G -0.56 -3.622 -73.314
W -1.196 -1.492 -70.221
F -1.985 2.168 -70.869
R -2.879 5.131 -68.676
Q -4.372 8.57 -69.134
A -3.807 11.02 -66.519
P -5.981 13.951 -66.103
G -5.654 16.51 -68.806
K -2.766 14.824 -70.543
E -2.4 12.353 -73.285
R -2.478 8.62 -73.315
E 0.629 6.754 -72.464
G 1.853 3.2 -72.431
V 3.105 1.409 -69.435
S 3.844 -2.125 -70.302
C 3.877 -4.669 -73.195
I 3.927 -8.518 -72.988
S 4.522 -10.878 -75.952
S 2.427 -14.045 -76.21
S 5.068 -16.357 -77.474
D 7.492 -16.281 -74.666
G 6.112 -13.718 -72.321
S 8.67 -11.129 -73.26
T 8.076 -7.789 -71.658
Y 8.884 -4.079 -71.943
Y 8.257 -1.051 -69.873
A 8.028 2.631 -69.956
D 11.036 4.291 -68.401
S 9.649 5.851 -65.204
V 7.464 2.809 -64.618
K 10.549 0.672 -64.486
G 11.624 -0.888 -61.251
R 8.147 -0.714 -59.847
F 5.536 -2.064 -62.234
T 5.747 -5.621 -63.669
T 3.596 -7.664 -66.096
S 2.697 -11.282 -65.942
R 0.217 -13.73 -67.584
D -1.816 -16.598 -66.256
N -2.693 -18.203 -69.537
A -5.664 -19.873 -68.008
K -7.936 -16.997 -66.979
N -6.602 -15.237 -70.112
T -5.701 -12.53 -67.777
V -2.756 -10.186 -67.902
Y -1.666 -8.208 -64.825
L 0.297 -5.187 -63.603
Q 2.045 -5.291 -60.276
M 2.145 -1.724 -59.33
N 4.4 -1.306 -56.48
S 5.924 1.98 -55.286
L 3.213 4.272 -56.03
K 3.553 7.907 -56.624
P 1.015 10.68 -57.17
E 1.871 11.215 -60.817
D 0.918 7.63 -61.288
T -2.601 8.753 -60.859
A -4.569 7.942 -63.98
V -7.154 5.848 -65.578
Y -5.224 2.746 -66.701
Y -5.989 0.645 -69.71
C -5.835 -2.629 -71.402
A -5.36 -3.152 -75.046
A -4.75 -5.929 -77.476
V -2.686 -5.983 -80.664
P -1.598 -8.303 -83.444
S 1.998 -8.985 -83.397
T 3.954 -8.143 -86.349
Y 5.98 -10.644 -88.403
Y 8.189 -8.894 -90.94
S 10.312 -11.482 -92.849
G 10.059 -14.08 -90.079
T 11.584 -11.619 -87.673
Y 9.077 -11.255 -84.823
Y 8.421 -7.912 -83.321
Y 5.645 -6.893 -80.891
T 4.581 -3.381 -80.629
C 2.262 -1.751 -78.164
H 1.299 1.561 -79.568
P -0.998 4.065 -77.937
G -1.782 5.307 -81.371
G -2.097 1.755 -82.624
M -3.744 -1.198 -80.958
D -6.67 -3.133 -82.279
Y -8.673 -3.809 -79.191
W -9.304 -1.767 -76.0
G -11.241 -1.766 -72.812
K -13.198 0.632 -70.67
G -10.558 1.396 -68.074
T -9.531 1.209 -64.423
Q -8.924 4.078 -62.11
V -5.824 4.361 -59.88
T -5.599 7.283 -57.469
V -2.465 8.01 -55.327
S -2.893 10.433 -52.414
S -2.681 10.748 -48.639
