tag x y z
Q 74.947 123.812 139.88
V 75.842 124.763 136.31
Q 72.255 124.897 135.029
L 71.095 126.329 131.701
Q 67.349 126.805 131.254
E 66.137 127.387 127.676
S 62.689 128.698 126.569
G 60.774 129.214 123.333
G 59.901 126.683 120.662
G 56.936 124.947 119.073
L 55.148 124.213 115.815
V 55.606 127.19 113.469
Q 54.993 127.605 109.746
P 57.936 127.991 107.331
G 59.332 131.484 106.935
G 58.039 132.554 110.348
S 60.006 133.928 113.299
L 61.033 132.751 116.757
R 63.29 133.925 119.601
L 64.553 131.035 121.717
S 66.401 132.083 124.841
C 68.616 130.87 127.67
A 68.862 131.773 131.357
A 72.072 130.431 132.884
S 72.925 130.124 136.569
G 75.957 128.438 138.073
F 78.863 130.483 136.698
T 80.036 133.987 135.845
F 78.289 134.178 132.482
S 80.841 136.721 131.23
N 83.875 134.449 131.369
Y 82.699 131.796 128.872
K 81.784 131.863 125.211
M 78.333 130.369 124.777
N 76.907 128.162 122.053
W 73.725 126.855 120.5
V 73.657 123.199 119.492
R 70.85 121.23 117.925
Q 69.725 117.676 117.275
A 67.398 117.108 114.312
P 65.283 113.916 114.565
G 67.029 110.887 113.093
K 70.362 112.772 113.165
G 73.213 113.307 115.61
L 74.008 116.826 116.813
E 75.585 119.878 115.261
W 76.773 123.311 116.375
V 74.832 126.35 115.135
S 76.292 129.501 116.691
D 79.012 131.022 118.879
I 79.344 134.261 120.835
S 82.46 135.193 122.807
Q 82.92 136.654 126.305
S 82.182 140.2 125.099
G 80.126 138.91 122.164
A 82.375 140.775 119.716
S 83.636 137.679 117.91
I 80.635 135.668 116.694
S 80.108 132.73 114.366
Y 77.43 130.623 112.688
T 77.096 127.454 110.699
G 76.935 128.122 106.969
S 73.251 127.243 106.573
V 72.064 129.836 109.157
K 74.329 132.88 108.733
G 72.429 136.114 108.189
R 69.244 134.15 108.838
F 69.76 133.375 112.545
T 71.418 135.722 115.041
I 73.05 135.077 118.431
S 73.257 137.67 121.205
R 74.114 137.615 124.901
D 73.183 139.962 127.737
N 75.959 139.307 130.249
A 74.421 141.898 132.594
K 71.2 139.841 132.667
N 73.137 136.54 132.307
T 71.237 135.323 129.251
L 71.78 134.056 125.695
Y 69.295 134.706 122.865
L 68.955 133.143 119.417
Q 66.646 134.965 116.99
M 65.614 132.483 114.277
N 63.989 134.0 111.172
S 62.779 132.728 107.786
L 62.828 129.182 109.133
K 62.687 125.984 107.077
P 61.149 122.493 107.333
E 64.647 121.1 108.009
D 65.131 123.406 111.029
T 62.882 121.243 113.229
A 65.153 120.042 116.04
V 65.879 120.234 119.758
Y 67.932 123.348 120.581
Y 70.359 123.313 123.529
C 72.075 126.295 125.111
A 75.672 125.217 125.792
R 78.711 126.841 127.36
C 82.319 126.031 126.578
P 84.115 123.888 129.171
A 86.535 126.425 130.666
P 86.739 130.215 131.078
F 89.057 132.87 129.638
T 89.785 130.631 126.617
R 89.095 130.737 122.79
D 88.754 126.886 122.969
C 85.525 124.787 122.907
F 84.608 121.063 123.017
D 80.768 120.976 123.338
V 79.031 118.786 120.733
T 79.281 115.062 121.524
S 77.418 111.766 121.058
T 74.762 113.351 123.278
T 77.25 113.082 126.176
Y 78.165 116.514 127.554
A 77.822 118.21 130.906
Y 77.376 122.0 130.522
R 74.344 122.186 128.19
G 70.732 122.765 129.182
Q 67.922 120.269 128.652
G 66.748 121.574 125.254
T 63.659 123.223 123.726
Q 61.87 121.592 120.801
V 61.38 123.752 117.707
T 59.216 122.401 114.869
V 58.731 124.086 111.478
S 55.82 122.475 109.609
S 52.135 122.798 108.673
