tag x y z
E -2.113 -25.189 25.192
V -2.787 -28.509 26.859
Q -5.851 -29.026 29.043
L -7.538 -32.072 30.583
V -11.305 -31.863 30.949
E -12.393 -34.193 33.759
S -15.973 -35.481 34.114
G -17.848 -37.921 36.332
G -17.252 -38.859 39.949
G -18.746 -37.504 43.145
L -20.844 -39.534 45.574
V -21.552 -43.25 45.171
Q -23.126 -45.804 47.435
A -20.891 -48.665 48.526
G -20.98 -51.435 45.953
G -22.007 -48.887 43.312
F -20.705 -48.035 39.841
L -19.079 -44.825 38.668
R -17.496 -43.625 35.443
L -14.728 -41.072 35.084
S -13.762 -39.523 31.777
C -11.06 -37.131 30.705
E -10.778 -35.303 27.402
L -7.316 -34.264 26.265
R -7.34 -30.921 24.395
G -4.55 -29.034 22.653
S -2.475 -32.202 22.265
I -2.432 -35.177 19.892
F -4.238 -37.966 21.761
N -2.591 -40.853 19.913
Q 0.837 -39.531 20.941
Y 0.241 -39.871 24.676
A -0.66 -42.468 27.259
M -3.242 -41.425 29.829
A -3.663 -42.446 33.457
W -5.707 -41.93 36.61
F -4.039 -41.354 39.967
R -5.819 -41.037 43.281
Q -4.888 -39.245 46.501
A -6.601 -40.149 49.779
P -6.086 -37.73 52.68
G -2.771 -38.173 54.469
K -1.437 -40.439 51.721
E 0.794 -40.275 48.677
R -0.783 -39.949 45.241
E -1.054 -43.482 43.902
F -1.501 -45.009 40.473
V -4.98 -46.333 39.707
A -5.245 -47.209 36.008
G -3.501 -46.191 32.805
M -3.461 -46.925 29.106
G -1.191 -46.333 26.168
A -0.924 -49.439 24.03
V -2.238 -51.666 26.875
P -4.137 -51.139 30.136
H -2.473 -51.202 33.557
Y -4.162 -51.29 36.96
G -3.042 -50.622 40.507
E -2.853 -53.613 42.815
F -5.955 -52.581 44.782
V -8.155 -52.611 41.629
K -8.661 -56.427 41.352
G -10.489 -56.367 38.035
R -13.139 -53.945 39.303
F -12.139 -51.067 37.012
T -11.85 -50.881 33.237
I -9.859 -48.227 31.401
S -10.298 -47.51 27.711
R -9.347 -44.976 25.031
D -11.532 -43.226 22.454
N -9.305 -41.797 19.729
A -12.146 -40.027 17.926
K -13.134 -38.153 21.099
S -9.566 -37.792 22.488
T -10.949 -39.216 25.696
V -9.986 -41.93 28.123
Y -12.553 -43.609 30.343
L -12.4 -45.287 33.77
Q -15.368 -47.518 34.626
M -15.331 -48.307 38.35
S -17.64 -50.942 39.796
S -17.886 -52.521 43.26
L -16.67 -49.346 44.914
K -15.807 -49.4 48.613
P -15.109 -46.723 51.265
E -11.415 -47.552 50.791
D -11.834 -46.14 47.26
T -12.71 -42.614 48.541
A -10.133 -40.064 47.288
I -9.445 -37.247 44.848
Y -8.958 -38.786 41.39
F -6.59 -37.01 38.98
C -6.449 -37.472 35.241
A -2.897 -37.295 33.9
R -1.243 -37.184 30.486
S 1.968 -39.146 30.102
K 5.175 -37.532 28.914
S 5.305 -40.153 26.173
T 3.373 -43.068 24.666
Y 4.147 -45.141 27.781
I 2.627 -45.717 31.198
S 4.61 -45.354 34.399
Y 3.216 -46.035 37.852
N 5.257 -43.163 39.243
S 3.6 -39.769 39.157
N 6.745 -38.232 37.626
G 6.034 -39.884 34.25
Y 3.313 -37.29 33.658
D 3.529 -33.597 32.77
Y -0.169 -32.619 32.684
W -2.763 -33.11 35.432
G -6.475 -32.554 35.775
R -7.792 -30.469 38.634
G -8.938 -33.639 40.41
T -12.47 -34.816 41.21
Q -13.562 -36.094 44.601
V -14.958 -39.626 44.687
T -16.763 -40.372 47.958
V -18.059 -43.885 48.627
S -20.791 -43.761 51.272
S -22.017 -46.782 53.237
A -25.626 -45.47 53.548
