tag x y z
Q 105.347 122.39 165.326
V 104.782 118.878 164.003
Q 104.025 116.055 166.425
L 103.622 112.284 166.118
Q 102.463 110.3 169.153
E 102.355 106.503 169.168
S 100.201 104.24 171.32
G 100.304 100.463 171.664
L 97.628 94.086 169.026
R 97.187 97.339 167.089
L 99.565 100.299 167.059
S 98.247 103.822 166.521
C 100.026 107.035 165.53
A 98.264 110.364 166.061
A 99.501 113.266 163.939
S 99.384 117.0 164.62
G 100.934 120.215 163.359
F 100.728 119.276 159.668
T 98.19 118.381 157.002
F 97.841 114.614 156.816
S 96.51 113.868 153.318
N 99.657 114.999 151.443
Y 102.39 112.851 153.042
K 103.401 109.207 152.764
M 103.375 107.427 156.124
N 105.814 104.713 157.192
W 106.221 102.241 160.054
V 109.789 101.553 161.241
R 110.959 99.229 164.014
Q 114.153 99.25 166.063
A 115.19 95.942 167.608
P 117.067 95.801 170.94
G 120.752 95.635 170.058
K 120.136 96.242 166.339
G 119.7 99.313 164.166
L 116.601 100.954 162.759
E 114.817 98.846 160.138
W 112.057 99.863 157.736
V 108.862 97.81 158.096
S 106.01 99.201 156.017
D 104.859 102.161 153.95
I 101.579 103.6 152.655
S 101.121 106.436 150.151
Q 99.107 109.669 150.365
S 95.774 108.268 149.152
G 96.352 104.785 150.57
A 96.865 103.161 147.161
S 100.459 101.875 147.153
I 101.132 99.68 150.201
S 104.473 97.959 150.782
Y 105.8 95.599 153.458
T 109.092 93.972 154.321
G 109.21 90.306 153.302
S 109.567 89.208 156.932
V 106.064 90.545 157.706
K 104.467 90.136 154.262
G 101.005 88.628 154.641
R 100.993 89.192 158.415
F 100.797 92.983 158.893
T 98.289 95.581 157.711
I 98.825 99.345 157.529
S 95.96 101.816 157.186
R 95.411 105.555 157.461
D 92.438 107.703 158.47
N 92.589 111.189 156.966
A 89.29 112.082 158.657
K 90.839 111.309 162.055
N 94.408 112.017 160.767
T 95.893 108.858 162.273
L 97.966 105.876 161.148
Y 97.083 102.326 162.223
L 99.206 99.182 162.102
Q 97.094 96.056 162.621
M 99.516 93.275 163.584
N 98.589 89.656 164.342
S 100.145 86.17 164.504
L 103.222 87.69 166.102
K 106.684 86.192 166.592
P 109.25 86.575 169.408
E 111.542 88.405 166.945
D 108.921 91.179 166.624
T 109.78 92.649 170.051
A 110.993 96.124 169.088
V 110.428 99.857 169.501
Y 108.047 101.077 166.792
Y 107.956 104.553 165.223
C 105.709 106.22 162.658
A 107.725 108.229 160.138
R 106.901 110.985 157.655
C 109.164 112.055 154.841
P 109.363 115.838 154.497
A 108.465 116.578 150.882
P 104.704 116.673 150.214
F 103.215 115.31 146.967
T 106.185 112.972 146.517
C 111.453 110.496 150.591
F 114.932 109.489 151.764
D 115.779 109.685 155.445
V 112.847 108.167 157.36
T 115.082 105.349 158.657
S 117.789 107.592 160.086
T 119.598 107.863 163.415
T 118.456 111.419 164.254
Y 115.212 112.156 162.398
A 113.003 115.088 163.37
Y 109.741 113.996 161.682
R 109.064 110.786 163.624
G 107.612 110.086 167.047
Q 109.062 108.636 170.231
G 107.744 105.138 169.48
T 106.245 102.394 171.623
Q 107.786 99.218 173.024
V 106.306 95.917 171.812
T 107.294 92.7 173.601
V 106.119 89.292 172.4
