tag x y z
Q 131.603 137.908 188.666
V 130.967 134.51 187.085
Q 130.545 131.813 189.733
L 130.334 128.027 189.357
Q 129.614 125.93 192.456
E 129.596 122.125 192.501
S 127.839 119.737 194.871
G 127.723 115.953 195.123
L 125.163 109.941 192.594
R 123.752 113.053 190.906
L 126.28 115.891 190.657
S 124.934 119.448 190.503
C 126.669 122.552 189.149
A 125.062 125.925 189.865
A 125.981 128.987 187.812
S 125.663 132.698 188.526
G 126.83 136.001 187.098
F 126.093 135.241 183.439
T 123.222 134.276 181.151
F 123.068 130.474 181.232
S 121.133 130.137 177.948
N 124.011 131.214 175.673
Y 127.018 128.969 176.418
K 127.964 125.342 175.782
M 128.771 123.484 179.004
N 131.341 120.774 179.752
W 132.115 118.236 182.475
V 135.847 117.568 182.954
R 137.458 115.085 185.359
Q 140.914 115.015 186.929
A 142.396 111.775 188.253
P 145.02 111.858 191.041
G 148.401 111.758 189.326
K 146.957 112.319 185.833
G 146.166 115.368 183.738
L 142.814 116.881 182.877
E 140.604 114.73 180.646
W 137.418 115.738 178.844
V 134.345 113.706 179.853
S 131.144 115.2 178.46
D 129.594 118.252 176.855
I 126.128 119.644 176.141
S 125.149 122.461 173.768
Q 122.991 125.533 174.411
S 119.606 123.844 173.875
G 120.564 120.285 174.829
A 119.934 118.949 171.316
S 123.608 118.007 170.871
I 125.071 115.851 173.657
S 128.449 114.119 173.438
Y 130.527 111.883 175.704
T 133.918 110.243 175.809
G 133.821 106.651 174.549
S 134.797 105.317 177.981
V 131.672 106.843 179.587
K 129.124 106.373 176.782
G 126.145 104.271 177.812
R 127.072 104.767 181.477
F 126.767 108.542 182.133
T 124.095 111.129 181.374
I 124.096 114.934 181.281
S 121.217 117.397 181.563
R 120.816 121.149 181.846
D 117.968 123.214 183.28
N 117.918 126.771 181.935
A 114.896 127.731 184.059
K 116.957 127.546 187.263
N 120.365 127.793 185.474
T 121.879 124.505 186.64
L 123.685 121.493 185.178
Y 123.157 117.901 186.352
L 125.273 114.793 185.774
Q 123.83 111.331 186.461
M 126.417 108.564 186.769
N 125.901 104.894 187.599
S 127.665 101.505 187.352
L 130.773 102.921 188.99
K 134.328 101.592 188.702
P 137.52 102.198 190.721
E 138.861 104.203 187.741
D 136.234 106.93 188.327
T 137.742 108.254 191.592
A 138.5 111.805 190.485
V 137.852 115.506 191.03
Y 135.048 116.8 188.807
Y 134.676 120.322 187.401
C 131.982 121.998 185.326
A 133.454 124.294 182.681
R 132.115 126.937 180.305
C 133.801 127.592 177.021
P 134.24 131.37 176.654
A 132.739 132.701 173.437
P 128.938 132.425 173.115
F 127.177 131.391 169.882
T 130.015 129.048 168.914
C 135.677 127.446 172.666
F 139.187 125.976 172.919
D 140.76 125.904 176.373
V 138.374 124.004 178.668
T 141.244 121.517 179.192
S 143.866 123.942 180.481
T 146.049 124.242 183.571
T 144.908 127.755 184.569
Y 141.379 128.353 183.257
A 139.303 131.25 184.557
Y 135.789 129.921 183.807
R 135.54 126.75 185.897
G 134.851 125.898 189.516
Q 136.788 124.133 192.25
G 135.228 120.702 191.685
T 134.044 117.85 193.883
Q 135.803 114.637 194.887
V 134.242 111.279 193.986
T 135.924 108.169 195.415
V 134.442 104.773 194.586
