tag x y z
Q 124.219 135.316 184.037
V 124.216 131.759 182.7
Q 124.001 128.934 185.232
L 123.619 125.172 184.765
Q 122.803 123.085 187.846
E 122.752 119.279 187.876
S 120.759 116.941 190.109
G 120.334 113.177 190.355
L 118.16 107.214 188.571
R 117.143 110.231 186.481
L 119.326 113.263 185.759
S 117.85 116.763 185.755
C 119.822 119.798 184.582
A 118.372 123.249 185.243
A 119.218 126.157 182.939
S 118.423 129.821 183.544
G 119.408 133.292 182.399
F 119.189 132.59 178.659
T 116.668 131.544 176.027
F 116.181 127.793 176.05
S 114.779 126.645 172.687
N 117.542 128.245 170.579
Y 120.544 126.171 171.71
K 121.749 122.604 171.195
M 122.591 120.978 174.534
N 124.955 118.118 175.361
W 125.68 115.664 178.165
V 129.325 114.896 179.004
R 130.941 112.726 181.675
Q 134.23 112.82 183.579
A 135.464 109.486 184.866
P 138.411 109.795 187.281
G 141.814 108.987 185.834
K 140.973 110.256 182.334
G 139.58 113.231 180.435
L 136.051 114.22 179.496
E 133.907 112.353 176.98
W 130.717 113.184 175.099
V 127.595 111.167 175.92
S 124.615 112.445 173.93
D 123.244 115.535 172.228
I 119.81 117.021 171.612
S 118.839 119.697 169.082
Q 116.298 122.519 169.366
S 113.414 120.485 167.923
G 114.474 117.29 169.7
A 114.703 115.345 166.431
S 118.45 115.086 165.731
I 119.524 112.945 168.697
S 122.826 111.061 168.828
Y 124.583 109.011 171.502
T 127.972 107.494 172.164
G 128.112 103.905 170.917
S 129.123 102.57 174.338
V 125.834 103.894 175.779
K 123.693 103.676 172.629
G 120.247 102.121 172.89
R 120.201 102.472 176.679
F 119.823 106.124 177.703
T 116.876 108.46 177.113
I 117.743 112.15 176.696
S 114.904 114.674 176.509
R 114.265 118.415 176.634
D 111.183 120.367 177.687
N 111.112 124.115 177.084
A 108.149 124.955 179.339
K 109.953 123.609 182.408
N 113.232 125.052 180.979
T 115.262 121.991 181.947
L 116.977 118.938 180.479
Y 116.317 115.32 181.462
L 118.252 112.083 181.095
Q 116.887 108.621 181.926
M 119.078 105.637 182.812
N 118.329 101.934 183.097
S 120.518 98.794 183.235
L 123.561 100.595 184.609
K 127.164 99.379 184.492
P 130.1 99.867 186.895
E 131.897 101.863 184.16
D 129.35 104.71 184.483
T 130.76 106.036 187.789
A 131.587 109.579 186.694
V 130.82 113.27 187.164
Y 127.987 114.292 184.836
Y 127.956 117.777 183.287
C 125.236 119.261 181.116
A 126.866 121.435 178.461
R 125.815 123.902 175.774
C 127.765 124.935 172.722
P 127.591 128.727 172.557
A 126.451 129.605 169.042
P 122.636 129.573 168.777
F 120.703 128.344 165.72
T 123.454 125.83 164.944
C 129.497 123.416 168.152
F 133.061 122.712 169.28
D 134.229 123.349 172.804
V 131.893 121.319 175.022
T 134.566 118.611 175.458
S 137.166 120.977 176.884
T 139.332 121.393 179.967
T 137.868 124.815 180.801
Y 134.407 125.804 179.616
A 132.115 128.714 180.407
Y 128.672 127.242 179.617
R 128.553 124.007 181.619
G 127.866 123.144 185.237
Q 129.98 121.774 188.06
G 128.507 118.282 187.705
T 127.308 115.561 190.061
Q 129.167 112.384 190.997
V 127.343 109.153 190.109
T 128.538 105.755 191.352
V 126.679 102.447 191.195
