tag x y z
Q 90.504 121.882 118.383
V 87.762 122.708 115.872
Q 84.898 124.052 117.983
L 82.839 126.071 115.461
V 80.193 126.796 118.102
E 77.002 128.551 116.974
S 75.069 130.89 119.262
G 72.544 133.713 119.327
G 69.601 131.833 117.791
G 66.224 131.462 119.464
L 62.557 130.884 118.733
V 61.05 133.922 117.01
Q 57.653 135.168 115.905
P 56.645 134.715 112.249
R 57.758 137.663 110.109
G 60.566 138.478 112.512
S 64.261 139.308 112.453
L 66.886 137.198 114.229
R 70.687 137.254 114.169
L 72.764 134.064 114.262
S 76.44 134.02 115.227
C 79.037 131.269 115.035
A 82.483 131.13 116.628
A 84.858 129.04 114.532
S 88.0 127.925 116.358
G 90.65 125.375 115.466
F 91.532 126.744 112.022
T 92.34 129.985 110.239
F 88.872 130.884 109.016
S 90.437 133.864 107.185
R 90.893 131.407 104.307
A 87.691 129.384 104.727
A 84.369 129.803 102.962
M 81.597 129.713 105.572
S 78.124 128.314 104.947
W 74.883 128.02 106.91
Y 72.7 124.907 106.799
R 69.148 123.908 107.719
Q 68.653 120.479 109.274
A 64.987 119.927 108.516
P 63.418 117.705 111.211
G 63.827 114.222 109.782
K 65.689 115.432 106.676
E 69.304 115.905 105.636
R 71.197 119.171 105.996
E 70.368 121.724 103.298
M 72.638 124.683 102.604
V 71.094 128.058 103.416
S 73.809 130.577 102.552
T 77.511 130.689 101.715
I 79.987 133.565 101.908
G 83.476 133.798 100.468
S 86.567 133.818 102.649
F 87.034 137.477 101.694
G 83.388 138.43 102.297
V 82.971 140.055 98.88
S 80.863 137.227 97.419
T 77.601 136.019 98.969
N 75.616 133.001 97.75
Y 72.028 132.225 98.772
S 69.452 129.517 98.146
D 66.111 129.742 96.32
S 64.016 130.751 99.337
V 66.9 132.63 100.976
K 67.279 135.132 98.119
G 66.56 138.679 99.261
R 65.275 137.505 102.639
F 68.5 136.632 104.48
T 71.802 138.473 104.815
I 75.132 136.728 105.415
S 77.927 138.698 107.07
R 81.457 137.531 107.833
D 83.571 139.161 110.541
N 87.321 138.789 110.072
A 89.717 138.372 113.002
K 86.635 137.918 115.196
N 85.866 134.299 114.136
T 82.211 135.273 113.738
V 79.751 134.639 110.904
Y 76.506 136.625 111.075
L 73.233 135.54 109.467
H 70.844 138.511 109.404
M 67.547 136.658 109.235
N 64.44 138.629 108.295
S 60.814 137.975 107.341
L 60.892 134.517 108.883
K 58.221 131.901 108.236
P 57.331 128.509 109.748
E 58.67 126.892 106.564
D 62.193 127.584 107.9
T 61.742 126.049 111.37
A 64.914 123.977 111.741
V 68.154 123.77 113.681
Y 70.865 125.858 112.001
Y 74.43 124.597 111.507
C 77.464 126.702 110.537
N 80.388 124.86 108.925
A 83.095 125.594 106.368
R 81.508 124.994 102.98
Y 84.437 123.615 100.958
R 86.377 122.212 103.924
S 83.603 119.781 104.916
S 85.61 117.206 106.941
Y 84.853 118.767 110.361
P 82.902 118.001 113.543
W 79.451 119.563 113.204
G 78.382 121.85 116.034
Q 75.256 121.479 118.121
G 73.299 124.065 116.17
T 70.822 126.646 117.466
Q 67.145 125.925 116.82
V 64.989 128.78 115.514
T 61.249 128.098 115.278
V 58.927 130.665 113.7
S 55.64 129.899 115.471
S 54.888 132.909 117.706
