tag x y z
Q -0.693 -30.38 -22.077
V -1.499 -26.661 -21.992
Q -2.783 -24.387 -24.766
L -1.524 -20.79 -24.792
Q -2.728 -17.832 -26.866
E -1.145 -14.38 -26.642
S -2.93 -11.066 -27.211
G -2.595 -7.338 -26.647
G 0.227 -6.564 -29.072
G 0.502 -3.674 -31.458
S 2.588 -0.79 -32.743
V 3.411 1.996 -30.288
Q 5.505 5.16 -30.316
A 8.778 5.049 -28.4
G 8.311 5.626 -24.684
G 4.746 4.322 -24.778
S 3.417 1.331 -22.891
L 1.739 -1.995 -23.609
R 0.259 -4.984 -21.788
L 0.299 -8.493 -23.251
S -2.117 -11.229 -22.184
C -1.732 -14.997 -22.589
A -4.683 -17.191 -21.604
A -3.855 -20.754 -20.583
S -6.297 -23.588 -21.23
G -6.089 -27.328 -20.673
Y -4.148 -28.919 -17.81
T -3.505 -25.573 -16.132
Y -3.152 -27.31 -12.746
R 0.315 -28.707 -13.512
D 2.161 -25.876 -15.316
Y 4.529 -24.817 -12.529
Y 6.589 -22.323 -14.587
M 5.559 -19.679 -17.116
G 7.519 -17.051 -18.995
W 7.706 -14.576 -21.857
F 10.037 -14.803 -24.848
R 10.613 -12.406 -27.729
Q 12.144 -12.754 -31.194
A 13.545 -9.661 -32.888
P 13.394 -9.516 -36.711
G 16.006 -11.865 -38.122
R 17.401 -12.702 -34.68
E 17.186 -15.676 -32.357
R 14.49 -15.939 -29.709
E 15.455 -14.86 -26.192
G 13.887 -15.116 -22.757
V 12.346 -11.955 -21.32
A 10.771 -12.922 -17.994
S 9.854 -15.981 -15.947
I 7.611 -16.669 -12.965
Y 6.834 -19.531 -10.581
T 3.064 -19.87 -10.414
R 2.618 -21.491 -6.988
G 4.904 -19.189 -4.997
S 3.831 -16.369 -2.698
R 5.319 -13.594 -4.877
E 8.571 -13.799 -2.884
G 11.389 -13.644 -5.418
S 9.279 -15.746 -7.793
T 10.072 -13.601 -10.867
R 13.205 -13.286 -13.004
Y 13.809 -10.756 -15.779
S 16.354 -10.202 -18.518
S 18.892 -7.446 -17.958
S 17.51 -5.708 -21.066
V 14.008 -5.267 -19.603
E 14.78 -5.102 -15.887
G 12.802 -2.345 -14.185
R 10.819 -1.713 -17.391
F 8.842 -4.961 -17.811
T 6.885 -6.733 -15.069
I 5.366 -10.214 -15.381
T 2.263 -11.105 -13.354
L -0.244 -13.956 -13.256
D -3.976 -14.112 -12.527
T -4.401 -17.645 -11.194
A -8.186 -17.235 -11.051
K -8.595 -16.512 -14.774
N -5.508 -18.538 -15.842
T -4.039 -15.537 -17.646
L -0.409 -14.435 -17.791
Y 0.423 -10.744 -18.19
L 3.499 -8.733 -19.159
Q 3.343 -5.0 -18.466
M 5.715 -3.134 -20.795
N 6.689 0.475 -20.089
S 9.308 2.849 -21.492
L 9.426 0.849 -24.709
K 12.446 1.465 -26.931
P 12.859 0.423 -30.594
E 14.981 -2.556 -29.487
D 11.805 -4.053 -27.983
T 10.28 -4.556 -31.441
A 9.84 -8.331 -31.551
M 7.356 -11.192 -31.718
Y 6.437 -12.013 -28.11
Y 5.616 -15.582 -27.044
C 4.394 -16.972 -23.731
A 5.514 -20.398 -22.566
A 4.555 -22.827 -19.818
D 6.355 -25.793 -18.293
D 5.285 -28.71 -16.11
R 8.695 -30.219 -15.245
T 9.291 -29.454 -11.561
W 12.568 -31.41 -11.629
L 14.192 -29.561 -14.502
P 17.317 -27.473 -13.848
R 16.82 -23.807 -14.677
V 19.091 -20.811 -15.059
Q 19.017 -18.665 -11.921
L 20.492 -15.525 -13.52
G 18.681 -13.645 -16.282
G 15.829 -14.429 -18.613
P 14.52 -17.963 -19.083
R 16.171 -20.338 -21.491
E 14.176 -21.793 -24.362
N 14.713 -25.409 -23.275
E 12.942 -24.839 -19.94
Y 9.396 -24.811 -21.347
N 7.284 -27.449 -23.079
Y 4.199 -25.518 -24.207
W 4.2 -22.358 -26.323
G 1.723 -19.878 -27.744
Q 1.424 -18.614 -31.294
G 2.862 -15.171 -30.552
T 1.895 -11.503 -30.646
Q 3.693 -8.766 -32.566
V 5.086 -5.669 -30.84
T 6.491 -2.829 -32.946
V 8.163 0.178 -31.314
S 9.1 3.164 -33.473
S 10.604 6.525 -32.571
G 7.809 8.328 -34.428
A 4.054 7.953 -34.114
P 2.895 4.834 -36.048
