tag x y z
Q 95.035 75.605 112.9
V 97.101 76.87 109.963
Q 96.881 74.106 107.346
L 98.385 74.03 103.848
Q 97.668 71.01 101.635
E 99.269 70.909 98.184
S 98.157 68.438 95.52
G 98.917 67.97 91.845
G 102.391 66.482 91.707
G 103.29 63.197 90.102
L 105.241 61.47 87.367
V 105.622 63.455 84.146
Q 107.712 63.113 81.004
P 110.475 65.644 80.264
G 108.97 68.667 78.574
G 105.587 67.859 80.113
S 103.28 70.083 82.125
L 102.061 69.842 85.719
R 99.825 72.093 87.813
L 100.378 72.371 91.568
S 97.549 73.644 93.77
C 97.665 74.63 97.437
A 94.497 74.759 99.539
A 94.91 77.048 102.549
S 92.88 77.265 105.745
G 93.166 78.652 109.251
F 94.267 82.167 108.285
T 93.198 85.148 106.202
F 94.604 84.202 102.805
S 94.564 87.687 101.265
N 96.766 89.183 104.011
Y 99.851 87.036 103.351
K 102.537 86.621 100.71
M 102.784 83.062 99.392
N 105.891 81.174 98.28
W 106.788 77.98 96.448
V 109.78 76.025 97.761
R 111.252 72.748 96.516
Q 113.727 70.194 97.867
A 115.739 68.186 95.362
P 116.76 64.664 96.437
G 119.987 64.871 98.409
K 119.956 68.689 98.505
G 118.511 71.427 100.692
L 115.443 73.603 100.348
E 115.605 76.031 97.423
W 113.269 78.973 96.905
V 111.327 78.871 93.639
S 108.724 81.634 93.428
D 106.55 83.991 95.445
I 103.46 86.135 94.898
S 102.294 89.183 96.837
Q 98.996 89.625 98.671
S 97.091 91.119 95.733
G 99.092 89.113 93.194
A 100.631 92.144 91.462
S 104.25 91.417 92.489
I 105.662 88.104 91.253
S 109.234 86.816 91.489
Y 110.882 83.635 90.219
T 114.213 81.923 90.598
G 116.412 82.019 87.521
S 116.256 78.282 86.839
V 112.478 78.319 86.273
K 111.986 81.841 84.905
G 109.874 81.732 81.761
R 108.672 78.203 82.586
F 106.73 78.383 85.866
T 103.657 80.518 86.551
I 102.579 81.198 90.137
S 99.0 82.342 90.679
R 96.71 82.894 93.649
D 92.943 83.128 94.119
N 92.086 85.077 97.265
A 88.387 84.177 97.056
K 89.087 80.426 97.004
N 92.092 80.62 99.384
T 94.129 78.691 96.809
L 97.699 79.07 95.556
Y 98.724 77.71 92.157
L 101.965 76.9 90.359
Q 101.86 76.094 86.647
M 104.725 74.021 85.238
N 105.326 74.08 81.486
S 108.729 72.671 80.43
L 109.883 70.126 82.997
K 113.47 68.887 83.202
P 115.03 65.973 85.115
E 116.658 68.553 87.404
D 113.139 69.734 88.332
T 112.473 66.496 90.243
A 111.869 67.548 93.85
V 109.304 67.736 96.628
Y 107.47 71.042 96.203
Y 106.211 72.864 99.294
C 103.553 75.568 99.561
A 105.058 77.973 102.097
R 103.538 81.093 103.641
C 105.363 84.192 104.81
P 105.518 84.429 108.621
A 103.597 87.673 109.122
P 100.784 89.519 107.337
F 101.102 92.9 105.62
T 104.91 92.603 105.541
R 107.301 92.887 102.611
D 110.149 90.82 104.055
C 109.609 87.056 104.1
F 112.023 85.395 106.523
D 112.911 81.732 107.042
V 110.549 80.529 104.299
T 113.112 77.86 103.322
S 114.219 76.828 106.82
T 114.798 73.116 107.353
T 112.183 72.982 110.141
Y 109.844 75.873 109.357
A 106.205 75.977 110.361
Y 103.618 77.471 107.931
R 104.687 75.05 105.217
G 102.76 72.186 103.684
Q 103.708 68.531 103.764
G 104.726 68.774 100.114
T 103.759 67.13 96.838
Q 106.184 64.95 94.901
V 107.095 65.93 91.337
T 109.17 63.378 89.419
V 110.511 63.981 85.908
S 111.944 60.891 84.212
S 111.385 58.441 81.357
