tag x y z
V -2.109 51.999 39.51
Q -3.166 48.368 38.912
L -4.23 47.15 35.462
V -4.525 43.443 34.652
E -5.186 42.35 31.072
S -6.766 38.989 30.276
G -8.515 37.141 27.472
G -5.567 36.632 25.128
G -4.917 33.477 23.197
L -4.175 31.837 19.872
V -6.678 31.658 17.011
Q -6.685 31.389 13.241
A -7.304 34.476 11.129
G -10.961 35.412 10.839
G -11.681 34.374 14.413
S -12.461 36.583 17.382
L -11.12 37.343 20.848
R -12.29 39.642 23.65
L -9.578 41.21 25.776
S -10.522 42.617 29.158
C -8.574 44.746 31.612
A -9.479 44.802 35.299
T -8.526 48.038 37.029
S -7.865 48.968 40.639
G -6.396 51.851 42.598
F -8.083 54.882 41.029
T -11.462 56.282 40.083
F -11.761 54.288 36.852
S -14.811 56.202 35.635
D -12.862 59.506 35.576
Y -10.107 58.426 33.14
A -9.905 57.596 29.467
M -8.366 54.169 28.812
G -6.273 52.929 25.914
W -5.231 49.655 24.334
F -1.802 49.462 22.7
R -0.065 46.5 21.101
Q 3.592 45.612 20.621
A 4.779 43.187 17.942
P 8.074 41.284 18.124
G 10.977 43.67 17.616
K 8.761 46.744 17.188
E 7.633 49.508 19.554
R 4.212 49.888 21.134
E 1.567 51.218 18.76
F -1.861 52.669 19.443
V -4.838 50.351 18.969
A -7.829 52.069 20.57
A -8.936 54.516 23.233
I -12.161 55.384 25.049
S -13.091 58.496 27.038
W -14.313 58.454 30.627
S -18.012 58.348 29.671
G -17.459 55.766 26.929
H -19.146 57.966 24.311
V -15.958 59.071 22.499
T -13.863 56.281 20.967
D -10.792 56.336 18.727
Y -9.18 53.568 16.691
A -6.032 53.042 14.668
D -6.864 52.893 10.969
S -5.637 49.304 10.649
V -8.254 47.985 13.113
K -11.202 50.342 12.586
G -14.321 48.341 11.789
R -12.859 45.084 13.127
F -12.112 46.031 16.759
T -14.456 47.659 19.272
I -13.32 49.182 22.561
S -15.814 49.48 25.408
R -15.916 49.955 29.166
D -18.007 49.112 32.22
N -17.927 51.998 34.711
V -19.617 49.905 37.403
K -17.287 46.885 37.259
N -14.443 49.294 36.353
T -13.247 47.235 33.403
V -12.046 47.939 29.864
Y -12.766 45.642 26.904
L -11.395 45.208 23.376
Q -13.598 43.015 21.16
M -11.427 41.776 18.276
N -13.232 40.413 15.212
S -11.934 39.331 11.809
L -8.512 38.802 13.332
K -5.551 38.876 10.933
P -2.042 37.413 11.373
E -0.543 40.912 11.564
D -2.651 41.492 14.7
T -0.269 39.139 16.528
A 1.303 41.052 19.406
V 1.29 41.654 23.147
Y -1.731 43.848 23.971
S -1.464 46.212 26.935
C -3.959 48.53 28.607
A -3.136 51.949 30.021
A -4.868 54.841 31.752
A -4.466 58.332 30.355
K -2.092 60.436 32.439
S -4.12 63.61 31.999
G -7.691 63.531 33.218
T -8.691 65.403 30.04
W -8.219 63.025 27.112
W -9.297 64.107 23.624
Y -8.174 61.881 20.721
Q -4.633 61.578 22.104
R -2.971 58.475 20.655
S 0.609 58.907 21.836
E 2.151 56.278 24.094
N 3.459 59.089 26.304
D -0.094 60.34 26.955
F -0.823 57.079 28.817
G 0.64 55.525 31.938
S 0.269 52.715 34.462
W 0.692 49.875 31.97
G -0.366 46.328 32.678
Q 1.859 43.367 31.966
G -0.047 42.648 28.748
T -1.619 39.571 27.222
Q -0.419 37.648 24.181
V -2.591 37.495 21.063
T -1.452 35.175 18.267
V -3.269 34.847 14.948
S -2.555 32.256 12.256
