tag x y z
Q -52.198 9.129 -18.616
V -50.681 7.443 -15.547
Q -48.158 4.598 -15.62
L -47.402 2.43 -12.578
V -44.161 0.443 -12.095
E -43.89 -1.917 -9.105
S -40.826 -3.407 -7.431
G -39.597 -4.892 -4.161
G -41.2 -8.343 -4.4
G -39.718 -11.802 -4.384
L -39.043 -14.641 -1.967
V -39.396 -14.183 1.792
Q -39.472 -16.656 4.653
Q -39.469 -16.656 4.654
A -42.61 -16.857 6.77
G -42.448 -14.487 9.722
G -40.181 -12.015 7.918
S -40.957 -8.704 6.253
L -40.605 -6.947 2.892
R -41.866 -3.71 1.335
L -43.382 -3.348 -2.124
S -43.119 0.005 -3.884
C -44.65 1.58 -6.967
V -43.662 4.712 -8.901
A -46.417 6.703 -10.624
S -45.521 8.723 -13.724
G -47.546 10.881 -16.075
S -50.251 13.47 -15.439
A -52.131 12.405 -12.326
P -55.71 13.537 -11.622
S -56.473 15.705 -8.633
F -57.116 13.82 -5.377
F -54.922 10.936 -6.571
A -55.622 7.682 -4.702
M -53.497 4.526 -4.754
A -54.108 0.947 -3.682
W -52.616 -2.531 -3.547
Y -54.525 -5.615 -4.726
R -53.445 -9.234 -4.865
Q -54.508 -12.444 -6.587
S -53.309 -15.996 -5.885
P -53.618 -19.221 -7.912
G -57.131 -19.942 -9.112
N -58.639 -17.178 -6.988
E -60.044 -13.711 -7.532
R -58.265 -10.4 -7.108
E -58.891 -8.693 -3.76
L -58.132 -5.287 -2.273
V -55.302 -5.356 0.272
A -54.977 -1.652 1.172
A -56.089 1.749 -0.163
L -54.742 5.258 0.519
S -56.551 8.518 -0.214
S -54.814 11.74 -1.209
L -55.586 13.208 2.236
G -54.218 10.227 4.171
S -57.225 7.974 4.854
T -56.509 4.236 4.778
N -58.579 1.068 4.453
Y -57.265 -2.474 4.884
A -58.479 -6.0 4.277
D -59.267 -7.785 7.538
S -56.616 -10.435 6.855
V -53.756 -7.882 6.795
K -54.922 -5.368 9.436
G -52.127 -4.684 11.911
R -49.49 -6.339 9.69
F -49.485 -4.308 6.451
T -49.17 -0.527 6.095
I -49.806 1.554 2.954
S -48.066 4.934 2.741
M -46.839 7.486 0.217
D -43.767 9.65 -0.405
N -45.154 12.338 -2.714
A -41.731 13.88 -3.324
K -40.78 10.559 -4.957
N -44.194 9.792 -6.535
T -43.956 6.432 -4.755
V -46.482 4.369 -2.779
Y -45.324 1.626 -0.409
L -46.848 -1.546 1.023
Q -44.948 -2.506 4.185
M -45.551 -6.243 4.766
N -44.767 -7.517 8.283
N -45.016 -10.95 9.925
N -44.994 -10.966 9.917
V -45.834 -12.512 6.564
N -47.479 -15.94 6.324
A -48.192 -18.483 3.591
E -51.609 -16.945 2.868
D -49.782 -13.809 1.673
T -48.367 -15.6 -1.389
A -49.799 -13.884 -4.449
V -49.199 -11.616 -7.394
Y -49.512 -8.08 -5.993
Y -50.827 -5.222 -8.142
C -50.635 -1.481 -7.541
A -53.691 0.435 -8.775
A -54.565 4.118 -8.83
G -57.269 6.624 -9.713
D -58.97 9.444 -7.809
F -61.001 9.53 -4.612
H -64.286 8.778 -6.371
S -63.025 5.86 -8.477
C -60.213 4.203 -6.527
Y -60.508 5.022 -2.828
A -64.236 5.186 -2.032
R -65.127 2.76 -4.846
K -63.157 -0.192 -6.214
S -62.999 0.953 -9.831
C -59.381 2.048 -10.186
D -58.412 3.51 -13.566
Y -54.693 2.597 -13.662
W -52.845 -0.669 -13.01
G -49.253 -1.809 -12.628
Q -47.72 -4.906 -14.171
G -47.97 -7.092 -11.071
T -45.175 -8.369 -8.833
Q -44.908 -11.843 -7.321
V -44.479 -12.377 -3.577
T -43.839 -15.975 -2.464
V -43.827 -16.81 1.245
S -42.094 -20.005 2.34
