tag x y z
Q -49.406 -36.62 38.181
V -51.529 -35.1 35.427
Q -50.593 -32.226 33.126
L -53.177 -29.993 31.436
V -52.499 -27.922 28.299
E -55.218 -25.565 27.046
S -55.826 -24.227 23.539
G -58.429 -22.438 21.455
G -58.825 -19.014 23.059
G -58.283 -15.522 21.728
L -60.492 -12.837 20.219
V -64.145 -13.194 19.272
Q -66.979 -10.827 18.413
A -70.013 -10.625 20.679
G -72.689 -13.01 19.465
G -70.149 -15.398 17.932
S -68.716 -18.675 19.147
L -65.439 -20.406 19.964
R -64.372 -23.669 21.596
L -61.655 -24.113 24.202
S -59.873 -27.458 24.442
C -57.469 -29.077 26.887
V -55.29 -32.191 26.6
A -54.621 -34.287 29.705
S -51.416 -36.319 29.972
G -49.928 -38.409 32.754
S -51.523 -41.045 34.973
A -55.112 -40.037 35.582
P -56.884 -41.275 38.731
S -59.986 -43.405 38.683
F -63.268 -41.483 38.215
F -61.374 -38.688 36.467
A -63.297 -35.398 36.488
M -62.542 -32.229 34.525
A -63.799 -28.664 34.713
W -63.395 -25.131 33.382
Y -62.977 -22.08 35.644
R -62.59 -18.403 34.791
Q -61.389 -15.171 36.368
S -61.924 -11.612 35.148
P -59.899 -8.556 36.201
G -60.325 -7.699 39.859
N -62.632 -10.657 40.51
E -62.351 -14.09 42.089
R -62.087 -17.311 40.103
E -65.437 -19.007 39.469
L -66.535 -22.43 38.26
V -67.953 -22.4 34.726
A -68.597 -26.077 33.93
A -67.815 -29.477 35.455
L -67.923 -32.938 33.852
S -67.838 -36.216 35.784
S -66.357 -39.478 34.529
L -69.863 -40.931 34.143
G -71.132 -37.941 32.149
S -72.862 -35.736 34.721
T -72.507 -31.997 34.146
N -72.964 -28.856 36.222
Y -72.953 -25.285 34.928
A -72.801 -21.803 36.38
D -76.144 -20.047 36.077
S -74.614 -17.334 33.861
V -73.582 -19.771 31.096
K -76.424 -22.311 31.198
G -77.843 -22.899 27.736
R -74.837 -21.254 26.054
F -71.752 -23.272 27.099
T -71.238 -27.044 26.885
I -68.482 -29.156 28.489
S -67.695 -32.483 26.815
M -64.912 -35.037 26.449
D -63.25 -37.054 23.683
N -61.657 -39.838 25.723
A -59.833 -41.313 22.73
K -57.916 -38.018 22.442
N -57.676 -37.294 26.2
T -59.271 -33.928 25.384
V -62.007 -31.951 27.162
Y -63.868 -29.116 25.428
L -65.704 -25.924 26.386
Q -68.057 -24.932 23.555
M -68.892 -21.23 24.029
N -71.937 -20.016 22.06
N -73.543 -16.574 21.801
N -73.557 -16.568 21.819
V -70.687 -15.033 23.771
N -71.143 -11.641 25.462
A -68.958 -9.001 27.104
E -69.265 -10.685 30.51
D -67.502 -13.803 29.15
T -64.162 -11.951 28.845
A -61.745 -13.643 31.252
V -58.766 -15.937 31.662
Y -60.17 -19.478 31.417
Y -58.487 -22.344 33.273
C -58.988 -26.068 32.804
A -58.817 -28.098 36.02
A -59.088 -31.764 36.899
G -59.152 -34.345 39.658
D -61.511 -37.165 40.581
F -65.212 -37.166 41.435
H -64.55 -36.396 45.103
S -62.156 -33.47 44.649
C -63.163 -31.795 41.373
Y -66.753 -32.652 40.417
A -68.692 -32.763 43.707
R -66.342 -30.275 45.42
K -64.324 -27.311 44.151
S -60.95 -28.691 45.211
C -59.419 -29.773 41.912
D -55.893 -31.194 42.074
Y -54.53 -30.197 38.651
W -54.616 -26.937 36.704
G -53.895 -25.702 33.212
Q -51.932 -22.579 32.37
G -54.877 -20.263 31.678
T -56.193 -19.021 28.326
Q -57.3 -15.471 27.556
V -60.693 -15.054 25.899
T -61.635 -11.476 24.987
V -65.06 -10.607 23.571
S -65.494 -7.331 21.696
