tag x y z
Q 127.852 94.517 94.562
V 127.823 92.093 91.648
Q 131.652 91.696 91.947
L 131.989 90.12 88.509
Q 135.182 88.52 87.189
E 136.568 87.648 83.766
S 139.324 85.679 82.047
G 140.55 84.685 78.597
G 143.052 87.264 77.38
G 146.749 87.716 76.652
L 149.485 87.673 74.009
V 148.329 86.172 70.695
Q 149.458 86.268 67.081
A 148.259 89.304 65.12
G 145.493 87.842 62.951
G 144.361 84.769 64.914
S 141.337 84.239 67.154
L 140.4 84.428 70.828
R 137.375 84.067 73.104
L 137.117 86.353 76.139
S 134.955 85.066 78.985
C 133.318 87.033 81.791
A 131.286 85.6 84.659
A 128.982 87.482 87.036
S 128.64 86.592 90.715
G 126.422 88.207 93.343
N 122.788 89.209 92.952
I 122.958 90.336 89.337
S 119.691 90.496 87.406
T 119.558 88.033 84.526
R 117.616 90.322 82.161
A 120.324 92.964 82.363
G 122.005 93.663 79.039
M 125.674 92.92 79.665
G 128.247 94.575 77.429
W 131.932 94.853 76.517
Y 133.854 98.139 76.634
R 137.565 98.685 76.091
Q 140.15 101.379 76.802
A 143.087 102.025 74.498
P 146.272 103.463 76.075
G 145.886 107.23 76.23
K 142.348 107.2 74.805
E 138.734 107.284 76.003
R 136.444 104.381 76.937
E 135.775 102.897 73.51
F 132.823 101.064 71.868
V 129.86 99.15 73.278
A 128.93 95.624 72.151
S 125.63 95.214 73.976
I 123.483 92.08 74.155
N 120.194 92.314 76.06
W 117.941 89.529 77.334
G 116.377 89.245 73.873
A 119.851 88.737 72.304
I 119.557 91.905 70.185
T 123.262 92.08 69.37
N 124.92 95.455 68.754
Y 128.324 96.388 67.328
A 130.296 99.486 66.447
D 130.971 100.391 62.817
S 134.667 99.514 63.133
V 133.884 95.995 64.386
K 130.931 94.853 62.251
G 131.154 91.17 61.348
R 134.751 90.53 62.401
F 133.798 90.221 66.089
T 130.96 88.215 67.607
I 129.416 87.981 71.062
S 126.904 85.66 72.713
R 125.624 85.033 76.23
D 123.673 82.34 78.039
N 121.121 83.024 80.75
A 121.78 79.852 82.761
K 125.011 80.934 84.474
N 124.93 84.746 83.859
T 128.03 84.994 81.684
V 129.057 86.561 78.38
Y 131.537 85.375 75.732
L 133.239 87.943 73.497
Q 134.953 86.182 70.59
M 137.717 87.548 68.357
N 138.536 87.164 64.665
S 140.877 89.029 62.276
L 143.068 90.56 64.96
K 144.49 93.895 63.817
P 147.962 95.077 64.883
E 146.395 98.157 66.53
D 143.134 97.074 68.214
T 145.051 95.897 71.296
A 143.846 97.48 74.546
V 142.579 96.6 77.995
Y 139.01 95.287 78.036
Y 136.27 95.722 80.63
C 133.081 93.714 81.148
A 130.216 96.087 81.918
V 126.575 95.303 82.674
E 124.215 98.174 81.869
Y 121.501 98.565 84.484
K 118.491 100.775 83.758
Y 116.707 102.097 86.832
G 114.355 104.858 85.694
P 112.138 106.459 83.056
Q 114.625 109.017 81.696
R 117.444 108.438 79.204
S 120.452 109.59 81.25
D 120.021 107.155 84.156
T 122.202 104.065 83.59
Y 125.177 102.741 85.538
Y 127.518 100.032 84.564
Y 129.24 97.893 87.285
W 132.708 97.906 85.754
G 134.827 94.825 86.365
Q 138.572 94.41 86.351
G 140.633 94.763 83.208
T 142.269 92.204 80.952
Q 145.141 93.04 78.611
V 145.334 91.441 75.164
T 148.365 92.099 72.95
V 149.385 91.251 69.39
S 152.762 90.345 67.867
S 152.955 91.646 64.288
