tag x y z
Q 122.419 134.739 92.863
V 124.658 137.514 91.514
Q 124.865 138.871 87.964
L 128.374 139.611 86.684
V 128.99 142.17 83.929
E 132.397 143.254 82.632
S 133.581 146.431 80.92
G 136.783 147.534 79.229
G 139.415 145.778 77.179
G 140.858 146.898 73.861
L 143.881 147.065 71.606
V 147.055 148.326 73.286
Q 150.767 148.146 72.536
A 153.116 145.814 74.386
G 154.287 147.068 77.767
G 151.233 149.266 78.309
S 148.767 149.326 81.185
L 145.248 147.918 80.817
K 142.418 147.66 83.344
V 139.376 145.369 83.34
S 136.44 145.822 85.723
C 133.764 143.244 86.551
A 130.566 144.507 88.188
A 128.512 142.216 90.431
S 124.937 142.959 91.516
G 123.477 141.06 94.44
R 122.214 141.123 97.998
A 125.716 141.53 99.464
F 128.878 141.812 97.373
K 131.166 142.1 100.416
T 130.528 138.465 101.423
Y 131.377 137.039 97.978
R 134.783 135.907 96.722
M 135.82 137.068 93.251
A 138.261 135.465 90.825
W 139.545 136.036 87.296
F 140.056 133.439 84.56
R 141.521 133.677 81.058
Q 140.812 131.309 78.158
A 143.453 131.121 75.444
P 142.251 130.475 71.869
G 144.157 127.183 71.727
K 144.525 126.381 75.429
E 142.113 125.633 78.251
R 141.185 128.265 80.818
E 143.452 128.773 83.825
F 143.439 130.707 87.084
V 144.794 134.26 87.035
S 143.935 136.024 90.294
G 141.359 136.056 93.059
I 140.382 138.112 96.089
S 138.545 136.821 99.154
A 135.946 138.579 101.297
L 138.639 139.525 103.847
E 140.727 141.415 101.239
T 143.114 138.486 100.769
T 144.863 138.557 97.389
Y 145.98 135.43 95.521
Y 148.173 135.431 92.411
A 148.936 132.687 89.903
D 152.367 131.825 88.504
S 154.343 134.438 86.533
V 151.745 137.105 87.427
K 152.821 137.728 91.022
G 153.807 141.353 90.438
R 152.651 142.123 86.905
F 148.937 141.919 87.768
T 147.322 143.865 90.616
I 143.768 143.182 91.793
S 141.514 145.202 94.083
R 137.863 145.518 95.065
D 135.67 148.431 96.145
N 132.536 147.844 98.216
T 131.076 151.33 97.662
K 130.266 150.704 93.985
N 130.251 146.889 94.422
T 132.768 146.309 91.622
V 136.075 144.463 91.263
S 138.863 145.562 88.921
L 142.108 143.987 87.716
Q 145.165 146.053 86.767
M 147.724 144.746 84.265
D 151.287 146.069 84.06
S 154.245 145.012 81.898
L 151.873 142.925 79.788
K 153.371 140.542 77.226
P 151.804 139.503 73.889
E 151.605 135.894 75.126
D 148.999 136.969 77.715
T 146.237 137.82 75.222
A 143.008 135.869 75.824
V 139.369 136.319 76.815
Y 138.984 137.112 80.52
Y 136.066 135.97 82.689
C 135.172 137.058 86.223
A 133.701 134.547 88.671
A 132.021 134.737 92.072
R 131.741 132.26 94.934
R 130.319 132.316 98.465
Y 130.669 128.751 99.803
G 133.651 126.578 98.938
G 136.386 124.315 100.211
T 140.166 124.456 100.137
D 140.143 124.237 96.324
Y 139.921 127.605 94.571
T 141.885 127.201 91.301
T 139.303 124.952 89.6
T 136.353 125.937 87.415
G 133.89 123.784 89.366
S 134.44 125.731 92.59
Y 133.139 128.994 91.082
D 129.456 128.553 90.245
Y 128.881 132.079 88.903
W 130.464 133.241 85.649
G 130.295 136.25 83.354
Q 130.097 136.91 79.636
G 133.795 137.751 79.384
T 135.812 140.287 77.402
Q 138.451 139.555 74.762
V 141.657 141.615 74.743
T 144.108 141.769 71.836
V 147.674 143.097 71.998
S 150.231 143.475 69.203
S 154.009 143.735 69.518
