tag x y z
Q 126.983 124.229 179.909
V 130.44 123.042 180.991
Q 131.466 120.358 183.491
L 134.895 120.224 185.153
V 136.286 116.872 186.328
E 139.545 116.674 188.279
S 142.067 113.825 188.166
G 145.196 112.977 190.131
G 145.974 113.352 193.817
G 146.823 111.005 196.662
L 149.111 111.144 199.669
V 152.581 112.503 198.871
Q 155.419 113.008 201.347
A 157.226 116.326 201.788
G 159.723 115.286 199.113
G 158.263 114.552 195.698
S 155.892 115.877 193.063
L 152.449 115.259 191.601
R 150.319 116.355 188.65
L 146.728 117.617 188.809
A 144.543 117.431 185.695
C 141.176 119.126 185.149
A 138.943 117.778 182.38
A 136.182 119.548 180.466
S 133.647 118.398 177.869
G 132.187 121.099 175.642
R 133.02 124.454 174.087
I 134.664 127.156 176.209
F 135.104 129.679 173.335
S 138.876 129.942 174.07
S 138.29 133.223 175.945
D 137.129 132.184 179.426
T 139.382 132.648 182.458
L 140.625 129.474 184.163
A 141.992 129.482 187.714
W 142.928 127.136 190.555
F 142.232 127.27 194.29
R 144.054 125.493 197.113
R 142.08 125.495 200.38
A 138.405 124.637 200.827
G 138.933 125.62 207.492
K 140.068 128.61 205.438
E 138.462 130.487 202.566
R 139.589 129.64 199.039
E 142.728 131.506 197.962
F 143.986 132.31 194.479
V 146.746 130.055 193.148
A 147.239 130.623 189.416
A 145.176 131.684 186.406
S 145.659 132.024 182.66
R 143.533 132.613 179.584
W 142.895 129.761 177.163
S 144.451 131.706 174.278
G 147.642 132.443 176.202
G 149.306 134.175 179.113
G 149.938 133.13 182.681
T 149.812 134.602 186.19
D 151.234 133.171 189.411
Y 150.633 134.032 193.087
K 155.866 131.441 192.427
G 158.837 130.05 190.523
R 157.801 126.443 191.22
F 154.284 125.985 189.761
T 153.685 126.376 186.023
F 150.473 126.427 183.99
S 150.102 124.189 180.932
R 147.214 123.462 178.564
D 146.542 121.391 175.449
N 144.031 123.483 173.412
T 143.065 120.429 171.315
R 141.961 117.796 173.847
N 140.138 120.227 176.189
T 142.453 118.953 178.934
M 144.687 120.926 181.288
C 147.426 120.16 183.798
L 149.245 121.997 186.594
E 152.203 120.03 187.945
M 153.789 121.064 191.247
N 157.535 120.833 191.879
S 158.5 119.981 195.486
L 156.074 119.899 198.428
K 155.72 121.51 201.845
P 153.343 120.451 204.646
E 151.026 123.47 204.321
D 150.308 122.982 200.597
T 148.192 119.878 201.33
A 144.539 120.783 200.737
V 141.548 120.083 198.485
Y 142.358 121.773 195.177
Y 139.504 123.097 193.039
C 139.169 123.685 189.297
A 137.109 126.768 188.442
L 135.973 128.569 185.291
R 135.06 132.235 184.793
T 132.783 133.311 181.948
A 133.54 136.395 179.857
R 129.897 137.077 178.95
D 129.358 139.523 181.821
S 132.686 141.339 181.444
Y 136.215 140.914 180.109
Y 137.862 142.071 183.348
Y 140.303 139.723 185.08
T 139.57 139.222 188.785
R 141.019 136.881 191.4
N 137.847 136.943 193.512
P 136.356 133.414 193.669
T 132.835 134.883 193.789
G 133.196 135.768 190.104
Y 133.744 132.098 189.203
D 130.166 130.871 188.833
Y 131.119 127.308 187.839
W 133.147 125.009 190.087
G 134.335 121.419 190.173
Q 134.591 118.812 192.893
G 137.975 118.412 194.549
T 140.156 115.321 194.772
Q 142.734 115.878 197.53
