tag x y z
Q 123.177 134.637 93.369
V 125.482 137.03 91.501
Q 125.571 137.73 87.759
L 129.007 138.464 86.297
V 129.599 140.742 83.302
E 132.832 141.729 81.565
S 133.993 145.026 80.073
G 137.501 145.712 78.803
G 140.147 144.246 76.543
G 141.451 145.6 73.267
L 144.074 145.155 70.568
V 147.461 146.295 71.897
Q 150.935 145.325 70.716
A 153.459 143.373 72.774
G 154.505 145.003 76.034
G 151.259 146.947 76.418
S 149.001 147.249 79.445
L 145.284 146.539 79.835
K 142.72 147.053 82.596
V 139.856 144.541 82.778
S 136.99 144.89 85.252
C 134.066 142.671 86.232
A 130.737 143.93 87.581
A 128.518 141.728 89.753
S 124.842 142.222 90.608
G 123.654 140.684 93.849
R 122.813 141.162 97.507
A 126.133 140.911 99.404
F 129.18 141.155 97.137
K 131.454 142.01 100.091
T 131.577 138.325 101.129
Y 132.231 136.651 97.757
R 135.542 135.227 96.556
M 136.597 136.453 93.113
A 138.843 134.713 90.594
W 140.035 135.122 87.011
F 140.306 132.438 84.332
R 141.479 132.612 80.721
Q 140.653 130.197 77.891
A 143.058 130.028 74.967
P 141.742 128.632 71.66
G 144.17 125.705 71.962
K 143.707 124.765 75.632
E 141.264 124.937 78.549
R 140.65 127.506 81.279
E 143.313 127.852 83.969
F 143.562 129.852 87.181
V 145.778 132.932 86.829
S 144.799 135.292 89.663
G 142.152 135.472 92.367
I 141.207 137.551 95.395
S 139.224 136.462 98.447
A 136.923 138.467 100.71
L 139.83 139.146 103.098
E 141.888 140.785 100.298
T 144.185 137.755 99.983
T 146.028 137.727 96.649
Y 146.938 134.518 94.809
Y 149.096 134.319 91.682
A 150.859 131.56 89.769
D 153.037 131.121 86.672
S 154.92 134.453 86.798
V 151.698 136.384 87.531
K 153.145 137.312 90.947
G 155.379 139.954 89.36
R 153.277 140.565 86.23
F 149.595 141.117 87.093
T 147.86 142.822 90.013
I 144.356 142.091 91.317
S 142.151 144.355 93.427
R 138.486 144.709 94.348
D 136.275 147.684 95.214
N 133.385 146.823 97.528
T 131.828 150.298 97.3
K 131.497 150.107 93.502
N 130.654 146.362 93.613
T 133.3 145.459 91.046
V 136.604 143.606 90.73
S 139.483 144.425 88.384
L 142.745 142.755 87.362
Q 145.644 145.0 86.369
M 147.66 143.667 83.43
D 151.223 144.752 82.653
S 153.976 143.568 80.294
L 151.651 141.614 78.03
K 152.94 138.884 75.718
P 151.549 137.373 72.497
E 151.018 133.988 74.179
D 148.663 135.655 76.692
T 145.969 136.137 74.017
A 142.852 134.46 75.434
V 139.281 135.204 76.467
Y 139.126 136.03 80.18
Y 136.404 134.578 82.417
C 135.656 135.79 85.941
A 134.321 133.508 88.671
A 132.561 134.027 91.997
R 132.13 131.708 94.969
R 130.528 131.89 98.417
Y 131.279 128.46 99.931
G 134.325 126.396 99.018
G 137.238 124.35 100.251
T 140.978 124.114 99.646
D 140.548 123.728 95.876
Y 140.497 127.167 94.234
T 141.988 126.298 90.811
T 139.551 123.822 89.245
T 136.636 125.257 87.284
G 134.12 123.139 89.206
S 135.033 124.744 92.536
Y 133.4 128.043 91.53
D 129.623 127.922 91.069
Y 129.367 131.302 89.291
W 130.795 132.37 85.934
G 130.612 135.212 83.436
Q 130.165 135.614 79.701
G 133.824 136.562 79.229
T 135.619 139.279 77.262
Q 138.1 138.683 74.448
V 141.667 139.927 74.962
T 144.184 139.872 72.105
V 147.885 140.758 71.948
S 149.62 141.809 68.734
