tag x y z
V 21.954 44.351 2.527
Q 19.535 46.612 4.47
L 15.913 46.121 5.563
V 13.276 48.553 6.807
E 9.939 47.515 8.354
S 6.574 49.384 8.263
G 3.033 48.684 9.505
G 2.525 49.318 13.193
G -0.572 48.141 14.959
L -3.111 48.826 17.665
V -5.709 46.545 16.102
Q -8.745 45.103 17.836
S -8.538 41.51 18.918
G -9.513 39.542 15.821
G -8.502 42.456 13.541
S -5.809 42.68 10.82
L -2.398 44.086 9.865
R 0.021 43.982 6.944
L 3.692 44.485 7.688
S 6.164 45.532 5.058
C 9.884 44.808 4.744
A 11.832 46.814 2.179
A 15.246 45.55 1.043
S 18.189 47.495 -0.352
G 18.479 44.978 -3.175
S 17.105 42.042 -5.122
I 15.114 39.596 -2.984
D 14.242 36.814 -5.474
S 17.407 34.757 -4.885
L 18.163 35.232 -1.167
Y 18.976 32.105 0.795
H 16.626 33.326 3.57
M 13.977 36.01 4.261
G 11.992 35.832 7.489
W 9.677 37.53 9.977
Y 10.663 37.523 13.674
R 8.977 38.82 16.857
Q 10.35 39.675 20.289
A 7.704 39.641 23.016
G 10.908 40.48 28.102
K 11.41 37.417 25.896
E 13.663 36.146 23.088
R 12.903 36.462 19.387
E 10.953 33.767 17.601
L 10.843 32.863 13.949
V 7.274 33.504 12.771
A 7.541 32.833 9.036
R 10.378 32.122 6.566
V 10.969 31.91 2.805
Q 13.746 29.861 1.22
D 15.728 30.17 -2.033
G 12.965 28.586 -4.119
G 10.071 30.247 -2.311
S 9.271 27.485 0.15
T 7.452 29.037 3.084
A 7.017 27.8 6.644
Y 5.02 29.14 9.581
K 5.017 28.873 13.378
D 2.253 26.654 14.674
S 0.517 29.465 16.647
V 0.188 31.725 13.565
K -0.62 29.068 10.974
G -3.651 29.955 8.843
R -3.68 33.563 10.009
F -0.341 34.932 8.713
T 0.676 34.637 5.068
I 3.941 35.809 3.455
S 3.758 37.825 0.259
R 6.486 39.061 -2.083
D 6.849 41.897 -4.625
F 10.178 41.562 -6.495
S 9.831 44.719 -8.579
R 9.618 46.558 -5.234
S 12.087 44.218 -3.466
T 9.584 43.985 -0.608
M 8.378 41.216 1.638
Y 4.964 41.425 3.239
L 3.51 39.664 6.232
Q -0.322 39.707 6.118
M -1.667 39.021 9.599
N -5.362 38.341 10.118
S -7.222 37.477 13.348
L -4.536 38.88 15.644
K -4.788 37.827 19.275
P -3.172 39.444 22.355
E -0.455 36.779 22.078
D 0.803 38.378 18.874
T 1.949 41.569 20.598
A 5.679 42.173 19.92
I 8.267 44.053 17.89
Y 8.183 42.322 14.522
Y 11.524 42.057 12.783
C 12.613 41.01 9.318
A 15.969 39.345 8.589
A 17.661 38.235 5.411
K 20.543 35.973 4.432
S 22.208 36.208 1.033
T 23.821 32.712 1.315
I 23.886 29.887 3.86
S 27.029 31.428 5.341
T 26.272 35.196 5.224
P 25.004 36.307 8.628
L 21.571 37.737 9.274
S 21.135 41.428 8.482
W 18.176 42.708 10.477
G 15.696 45.582 10.291
Q 15.041 48.029 13.175
G 11.654 46.408 13.775
T 8.051 47.553 13.892
Q 5.888 47.334 16.978
V 2.546 45.583 17.058
T 0.167 45.745 20.008
V -2.892 43.515 19.594
S -5.372 44.477 22.315
