tag x y z
S -17.77 -66.328 40.902
E -21.171 -65.251 42.212
V -22.656 -63.501 45.232
Q -25.206 -65.115 47.52
L -27.749 -63.29 49.651
Q -29.312 -65.062 52.623
A -32.4 -63.173 53.738
S -34.49 -63.596 56.88
G -37.736 -62.07 58.135
G -41.263 -61.429 56.98
G -44.673 -62.037 58.473
F -48.235 -60.862 59.026
V -48.86 -57.871 61.312
Q -51.533 -55.293 61.958
P -51.255 -51.596 61.106
G -48.75 -50.058 63.478
G -46.947 -53.386 63.727
S -43.203 -53.832 63.399
L -40.926 -56.295 61.58
R -37.187 -56.607 60.967
L -35.662 -58.015 57.811
S -32.057 -59.099 57.545
C -29.726 -59.939 54.719
A -26.248 -61.472 54.719
A -24.035 -61.239 51.635
S -21.465 -63.933 50.913
G -19.39 -65.267 48.06
T -17.029 -63.25 45.925
T -18.259 -59.826 46.898
Y -14.813 -58.176 46.668
G -15.508 -56.301 49.906
Q -18.373 -54.271 48.433
T -21.073 -53.253 50.91
N -23.662 -51.517 48.697
M -26.848 -53.013 50.141
G -30.518 -52.201 50.268
W -34.094 -53.357 49.956
F -36.669 -52.909 47.271
R -40.281 -53.954 47.537
Q -42.877 -55.001 44.974
A -46.425 -54.141 45.923
P -49.198 -55.832 43.916
G -49.924 -53.781 40.824
K -47.226 -51.135 41.413
E -43.781 -50.511 40.001
R -40.991 -51.736 42.224
E -40.084 -49.231 44.928
F -36.553 -49.078 46.278
V -37.083 -48.756 50.003
S -33.64 -48.106 51.411
A -29.969 -48.279 50.505
I -26.701 -48.044 52.422
S -23.041 -48.303 51.379
G -19.689 -48.769 53.095
L -18.795 -50.008 56.561
Q -19.636 -46.478 57.765
G -23.09 -46.109 56.195
R -22.624 -43.408 53.573
D -25.066 -42.708 50.724
L -27.993 -43.495 53.007
Y -31.255 -43.526 51.049
Y -34.911 -43.902 52.034
A -37.979 -43.774 49.853
D -40.21 -40.869 50.85
S -42.997 -43.333 51.7
V -40.973 -44.96 54.515
K -39.036 -42.005 55.96
G -39.216 -41.875 59.739
R -40.588 -45.432 59.957
F -37.943 -47.676 58.334
T -34.287 -47.816 59.315
I -31.499 -49.62 57.521
S -28.395 -50.551 59.486
R -25.294 -52.733 59.453
D -23.691 -54.927 62.031
N -20.198 -55.361 60.647
S -19.523 -58.413 62.912
K -21.696 -60.366 60.395
N -21.689 -58.452 57.063
T -25.425 -58.448 57.788
V -27.671 -55.487 57.054
Y -31.064 -54.996 58.685
L -34.236 -53.159 57.774
Q -36.239 -52.229 60.85
M -39.81 -51.592 59.681
N -41.733 -49.707 62.378
S -45.28 -48.318 62.312
L -46.168 -50.516 59.372
R -49.07 -49.426 57.189
A -51.484 -51.335 54.967
E -49.808 -49.984 51.829
D -46.474 -51.417 53.012
T -47.892 -54.833 52.012
A -45.464 -56.176 49.429
T -42.821 -58.706 48.612
Y -39.534 -57.354 49.984
Y -36.175 -58.162 48.382
C -32.71 -57.666 49.784
A -30.395 -56.252 47.107
F -26.622 -56.22 46.692
H -25.293 -53.596 44.278
D -22.13 -54.903 42.591
F -20.276 -51.954 41.068
L -17.527 -54.168 39.644
R -19.876 -56.519 37.799
M -22.574 -53.795 37.399
W -24.984 -56.344 38.808
E -27.892 -56.229 41.284
Y -28.181 -59.508 43.176
W -31.548 -60.192 44.816
G -32.329 -62.125 47.929
Q -35.309 -64.413 48.024
G -38.406 -62.252 48.292
T -40.277 -62.272 51.589
Q -43.913 -61.34 52.066
V -44.889 -58.666 54.547
T -48.624 -58.351 55.038
V -50.126 -55.487 57.013
S -53.89 -55.692 57.349
S -56.653 -55.152 59.86
