tag x y z
E -30.988 -55.384 23.459
V -30.594 -51.972 25.199
Q -28.24 -49.341 23.843
L -27.198 -46.136 25.59
Q -26.012 -42.897 24.038
A -24.533 -40.236 26.271
S -23.884 -36.596 25.601
G -22.337 -33.633 27.327
G -19.091 -33.453 29.246
G -15.718 -31.83 28.772
F -13.754 -29.082 30.539
V -15.025 -26.535 33.12
Q -13.519 -23.94 35.442
P -14.168 -24.514 39.176
G -17.613 -23.468 40.322
G -18.807 -24.056 36.753
S -21.687 -26.196 35.507
L -22.13 -29.104 33.109
R -25.115 -31.049 31.781
L -24.833 -34.732 30.948
S -27.579 -36.607 29.181
C -28.153 -40.271 28.499
A -30.813 -41.79 26.246
A -31.72 -45.465 26.42
S -33.089 -47.172 23.308
G -34.348 -50.623 22.473
S -35.624 -53.419 24.698
T -35.971 -50.976 27.599
S -39.324 -51.719 29.257
R -41.098 -48.819 30.82
Q -39.906 -49.818 34.337
Y -36.25 -49.081 34.909
D -33.64 -47.095 36.793
M -31.05 -44.888 35.13
G -28.255 -42.858 36.583
W -24.608 -41.922 36.619
F -21.39 -43.404 37.906
R -17.996 -41.733 37.896
Q -14.488 -43.144 37.903
A -11.452 -41.028 38.742
P -7.925 -42.217 37.882
G -7.029 -45.321 39.855
K -10.448 -45.501 41.531
E -13.463 -47.755 41.211
R -16.75 -46.813 39.621
E -18.493 -44.638 42.228
F -22.269 -44.096 42.374
V -23.304 -40.527 41.562
S -27.078 -40.36 41.094
A -30.027 -42.477 40.002
I -33.691 -42.003 39.154
S -36.522 -44.515 38.712
S -39.419 -44.626 36.31
N -41.466 -45.001 39.518
Q -42.457 -41.488 40.223
D -43.454 -42.273 43.795
Q -39.679 -42.643 44.194
P -37.424 -39.635 44.922
P -34.073 -39.559 43.091
Y -30.988 -40.93 44.84
Y -27.811 -38.833 45.171
A -24.454 -39.867 46.599
D -23.42 -37.805 49.624
S -20.529 -36.351 47.609
V -22.876 -34.617 45.122
K -26.059 -33.91 47.08
G -27.129 -30.291 46.753
R -25.027 -29.742 43.623
F -26.233 -32.336 41.113
T -29.809 -32.723 39.94
I -31.0 -35.732 37.997
S -34.203 -35.546 36.012
R -36.016 -37.673 33.476
D -37.713 -37.109 30.144
N -39.978 -40.192 30.131
S -41.053 -39.066 26.641
K -37.54 -39.762 25.384
N -36.271 -42.45 27.818
T -33.568 -39.903 28.542
V -32.174 -38.753 31.86
Y -30.238 -35.561 32.562
L -27.626 -34.759 35.207
Q -27.315 -31.046 35.975
M -23.899 -30.735 37.631
N -23.572 -27.363 39.361
S -20.79 -25.911 41.552
L -18.273 -28.319 40.098
R -15.016 -28.74 42.028
A -11.656 -30.189 41.037
E -12.622 -33.339 42.977
D -15.46 -34.004 40.492
T -12.944 -34.689 37.716
A -13.557 -38.216 36.44
T -14.903 -40.28 33.59
Y -18.687 -40.22 34.027
Y -20.731 -43.191 32.852
C -24.432 -43.564 32.262
A -26.063 -46.736 33.543
F -29.417 -48.39 32.839
K -31.187 -51.327 34.444
Q -34.784 -52.426 33.913
H -36.584 -53.062 37.18
H -36.853 -56.774 36.295
A -33.162 -57.356 35.483
N -30.135 -58.145 37.639
G -27.585 -56.993 35.044
A -27.141 -53.293 34.342
Y -26.181 -51.792 31.014
W -22.969 -49.776 31.177
G -22.675 -46.647 29.03
Q -19.765 -45.079 27.288
G -17.598 -42.912 29.446
T -17.542 -39.139 29.241
Q -14.584 -37.121 30.474
V -15.425 -34.349 32.962
T -12.405 -32.22 33.94
V -12.713 -29.332 36.365
S -9.502 -27.4 36.848
S -8.028 -24.075 37.984
