tag x y z
L 25.662 -26.908 36.341
V 22.44 -26.32 38.332
E 23.386 -25.911 41.985
T 20.377 -27.364 43.889
L 14.998 -28.441 49.939
V 12.661 -26.134 51.89
Q 9.58 -26.709 54.102
P 6.333 -24.904 53.111
G 6.38 -21.457 54.664
G 10.189 -21.62 54.757
S 12.832 -19.153 53.607
L 15.605 -19.088 51.054
R 17.959 -16.352 49.873
L 19.653 -16.433 46.479
S 22.752 -14.437 45.557
C 23.654 -12.722 42.293
A 27.382 -12.003 42.087
A 30.175 -12.307 39.509
S 33.76 -11.272 40.027
G 33.908 -9.13 36.903
L 30.646 -7.173 37.275
T 30.098 -3.907 39.171
L 26.473 -4.844 39.842
D 25.589 -1.44 41.329
Y 25.564 -0.212 37.702
Y 23.6 -3.127 36.185
N 19.92 -3.88 35.998
I 19.335 -7.197 37.786
G 16.461 -9.606 37.26
W 15.369 -13.0 38.549
F 13.619 -15.782 36.622
R 12.389 -19.264 37.431
Q 11.649 -22.312 35.317
A 9.341 -25.224 36.099
P 10.254 -28.554 34.43
G 7.775 -28.387 31.536
K 7.43 -24.595 31.237
E 9.225 -21.48 30.055
R 11.319 -19.143 32.209
E 9.029 -16.844 34.184
W 10.12 -13.372 35.228
V 10.042 -12.932 39.023
S 11.589 -9.592 39.917
S 13.968 -6.876 38.744
I 15.966 -4.01 40.253
S 16.993 -1.073 38.118
S 20.516 0.253 37.748
S 19.74 3.981 37.441
D 17.46 4.06 40.513
G 16.875 1.764 43.401
R 13.571 0.84 41.783
K 12.302 -2.697 42.448
Y 9.719 -4.659 40.412
Y 7.759 -7.815 41.31
V 5.358 -10.237 39.687
N 2.036 -10.066 41.509
S 2.284 -13.688 42.731
V 5.424 -12.972 44.838
K 4.529 -9.513 46.167
G 4.875 -9.371 49.942
R 6.806 -12.662 49.915
F 9.977 -12.013 47.886
T 12.343 -9.062 48.404
I 15.107 -8.01 46.001
S 17.985 -5.904 47.337
R 21.533 -4.762 46.606
D 24.397 -5.027 49.059
N 26.848 -2.532 47.572
A 29.391 -3.464 50.255
K 29.727 -7.008 48.857
N 28.803 -6.051 45.25
T 25.888 -8.487 45.402
V 22.162 -8.648 44.703
Y 19.918 -10.832 46.855
L 16.486 -12.356 46.374
Q 15.062 -13.106 49.814
M 12.185 -15.587 49.606
N 9.773 -16.004 52.49
S 6.465 -17.859 52.932
L 7.481 -20.301 50.231
K 4.792 -22.531 48.68
P 5.054 -25.813 46.713
E 4.053 -23.743 43.675
D 7.406 -21.868 43.936
T 9.393 -25.034 43.138
A 11.565 -24.263 40.097
V 15.119 -23.624 38.951
Y 15.885 -19.969 39.724
Y 18.2 -17.805 37.618
C 19.467 -14.243 37.964
A 20.276 -12.044 34.943
A 22.124 -8.744 34.619
D 22.517 -6.124 31.897
R 23.828 -2.571 31.72
D 21.298 -1.52 29.039
R 18.177 -3.639 29.45
L 15.912 -3.958 32.458
P 15.046 -7.674 32.792
S 11.415 -8.479 32.066
A 9.166 -11.261 30.786
I 9.475 -10.082 27.184
T 13.065 -11.258 26.55
Y 15.894 -13.521 27.697
E 18.703 -11.704 25.802
Y 20.833 -10.354 28.644
N 24.59 -9.821 28.911
Y 24.892 -12.058 31.994
W 22.941 -15.111 33.2
G 23.796 -16.563 36.593
Q 24.011 -20.233 37.445
G 20.663 -21.864 38.176
T 19.584 -23.002 41.624
Q 17.038 -25.759 42.119
V 14.568 -24.629 44.786
T 12.286 -27.385 46.076
V 9.433 -26.589 48.482
S 7.784 -29.701 49.936
