tag x y z
Q -14.788 6.501 84.899
L -11.427 6.299 83.043
A -8.162 4.979 84.477
E -4.816 4.892 82.647
S -1.917 2.608 83.335
G 1.352 1.543 81.729
G 3.48 4.658 82.07
G 7.018 4.34 83.261
L 10.679 5.185 82.86
V 12.49 3.847 79.762
Q 15.618 4.561 77.741
P 15.359 6.035 74.218
G 14.247 3.349 71.749
G 12.285 1.583 74.465
S 8.561 0.852 74.33
L 5.541 1.362 76.582
R 1.951 0.137 76.21
L -0.513 2.48 77.842
S -3.942 1.23 78.895
C -7.179 3.237 79.169
V -9.856 1.238 81.04
A -13.425 2.511 81.151
S -15.812 1.619 83.974
P -18.364 0.126 84.027
S -17.947 -0.238 80.259
L -16.265 1.351 77.24
D -19.785 1.53 75.796
Y -18.716 2.505 72.225
Y -17.153 5.792 73.35
G -14.457 7.299 71.204
I -11.15 7.631 73.031
G -8.473 10.264 72.618
W -4.99 10.24 74.08
F -3.447 13.562 75.158
R -0.128 14.467 76.768
Q 1.051 17.369 78.848
A 4.512 18.57 79.869
P 5.034 20.85 82.92
G 5.479 24.106 80.992
K 3.179 23.294 78.051
E -0.53 22.884 77.338
R -1.986 19.475 76.516
E -1.748 18.244 72.96
G -3.696 15.481 71.298
V -1.642 12.444 70.31
S -4.048 9.856 68.904
C -7.756 8.995 68.739
C -7.746 8.973 68.806
I -9.922 6.008 67.886
T -13.643 5.794 67.113
G -16.057 3.702 69.124
S -17.442 1.126 66.68
E -15.138 0.967 63.631
G -11.716 1.512 65.237
S -10.868 4.371 62.855
T -7.705 6.149 63.934
Y -5.998 9.534 63.857
Y -2.398 10.365 64.792
A -0.51 13.566 65.391
D 2.358 13.95 62.922
S 4.974 13.674 65.7
V 3.938 10.1 66.67
K 2.94 8.525 63.339
G 4.247 4.993 62.77
R 5.891 4.775 66.191
F 2.562 4.923 68.082
T -0.416 2.616 67.496
I -3.835 3.054 69.089
S -6.213 0.069 69.277
R -9.461 -0.948 70.937
D -10.209 -4.244 72.661
N -13.947 -4.236 73.412
A -13.653 -7.536 75.31
K -11.078 -5.888 77.591
N -13.046 -2.586 77.932
T -9.657 -1.099 77.096
V -8.062 1.227 74.549
F -4.313 0.764 74.155
L -1.593 3.147 73.012
Q 1.498 1.184 71.97
M 4.477 3.546 71.941
D 7.579 2.236 70.167
S 10.914 3.91 69.467
L 10.353 6.384 72.263
K 12.301 9.663 72.316
P 13.167 12.073 75.145
E 10.664 14.492 73.58
D 7.872 11.994 74.346
T 8.274 12.608 78.123
A 4.923 13.826 79.518
V 1.872 12.85 81.559
Y -0.458 10.977 79.193
Y -4.24 11.174 79.593
C -7.084 9.339 77.932
A -10.396 11.054 77.3
A -13.83 9.872 76.131
A -16.478 11.378 73.864
D -19.344 9.95 71.802
P -18.8 10.954 69.011
L -15.255 12.188 68.926
P -15.018 15.915 68.216
L -14.768 16.624 64.491
V -11.081 17.401 65.1
C -10.284 14.883 67.772
C -10.307 14.901 67.819
T -7.449 16.964 69.25
W -10.108 19.466 70.485
G -9.678 18.413 74.102
D -12.228 20.922 75.387
E -15.044 18.978 73.72
Y -14.404 15.629 75.423
D -16.769 14.653 78.242
Y -14.64 12.419 80.518
W -10.948 12.396 81.467
G -8.617 9.898 83.114
Q -6.069 10.365 85.915
G -2.906 10.565 83.849
T 0.066 8.191 83.672
Q 3.644 9.404 83.865
V 5.963 8.692 80.907
T 9.682 9.486 81.208
V 12.152 8.748 78.403
S 15.718 9.405 79.498
S 19.25 8.25 78.701
