tag x y z
V 52.869 -19.371 -0.86
Q 54.951 -19.079 -4.038
L 55.615 -16.0 -6.173
V 57.425 -16.572 -9.48
E 58.589 -13.649 -11.622
T 59.964 -13.119 -15.105
G 60.53 -10.322 -17.604
G 63.733 -8.532 -16.548
G 66.658 -7.628 -18.745
S 68.734 -4.769 -20.121
V 67.14 -2.07 -22.28
Q 67.962 1.464 -23.341
A 66.399 4.605 -21.923
G 62.946 5.282 -23.325
D 62.218 1.601 -23.979
S 59.749 -0.589 -22.098
L 59.553 -3.898 -20.239
T 56.721 -5.994 -18.825
L 57.182 -8.022 -15.649
S 54.979 -10.993 -14.818
C 54.309 -12.691 -11.482
A 52.638 -16.102 -11.32
A 50.974 -16.419 -7.894
S 49.546 -19.338 -5.946
E 45.766 -19.683 -5.816
R 45.466 -18.863 -2.108
I 47.548 -15.677 -2.498
F 45.506 -14.49 -5.443
S 42.06 -14.436 -3.865
H 42.95 -13.181 -0.378
Y 45.968 -10.884 -0.811
A 46.816 -7.481 -2.137
M 49.807 -7.553 -4.453
G 52.381 -5.147 -5.798
W 55.846 -4.466 -7.141
Y 58.876 -3.214 -5.188
R 62.396 -2.392 -6.328
Q 65.82 -2.273 -4.693
V 69.313 -1.128 -5.714
P 72.223 -2.729 -3.787
G 72.887 -0.609 -0.714
K 69.496 1.105 -0.466
E 66.072 0.344 0.943
R 63.274 -1.533 -0.762
E 60.764 0.93 -2.128
P 57.224 0.089 -3.254
V 56.536 0.844 -6.92
A 52.985 -0.313 -7.662
A 50.131 -1.928 -5.764
L 46.849 -3.675 -6.574
R 44.341 -3.629 -3.687
L 40.638 -4.191 -2.974
T 39.799 -2.54 -7.353
E 42.444 0.03 -6.411
T 45.836 0.985 -7.843
N 48.646 2.807 -6.039
Y 51.738 4.086 -7.854
A 54.862 5.755 -6.536
D 55.267 9.357 -7.667
S 58.438 8.445 -9.58
V 56.612 5.986 -11.861
E 53.088 7.396 -12.226
G 52.157 7.821 -15.881
R 54.9 5.446 -17.055
F 54.131 2.264 -15.082
T 50.83 0.379 -15.129
I 50.066 -2.55 -12.826
S 47.419 -5.06 -13.865
R 46.065 -8.498 -13.086
D 44.599 -11.533 -14.85
N 42.107 -13.307 -12.584
A 41.757 -16.256 -14.965
K 45.485 -17.087 -15.099
N 46.831 -16.311 -11.592
T 49.332 -13.772 -12.929
M 49.967 -10.11 -12.102
Y 51.728 -7.762 -14.518
L 53.737 -4.539 -14.39
R 54.143 -2.672 -17.678
M 57.079 -0.244 -17.481
S 57.008 2.358 -20.256
S 59.504 5.158 -20.924
L 62.214 3.667 -18.735
K 64.834 5.976 -17.217
P 68.279 5.266 -15.724
E 66.685 5.88 -12.305
D 64.6 2.709 -12.788
T 67.626 0.371 -12.786
A 67.072 -1.993 -9.859
V 66.124 -5.485 -8.729
Y 62.332 -5.68 -8.919
Y 60.382 -7.868 -6.496
C 56.817 -9.149 -6.781
C 56.838 -9.082 -6.756
A 55.009 -8.889 -3.447
A 51.778 -9.88 -1.737
G 50.494 -8.622 1.595
S 47.464 -7.272 3.423
Y 45.39 -4.34 2.204
A 47.093 -1.942 4.611
A 50.621 -3.398 4.5
I 51.076 -3.794 0.751
L 52.384 -0.214 0.403
Y 54.888 -1.031 3.191
A 56.2 -4.248 4.762
P 54.682 -6.943 2.501
S 54.235 -10.59 3.527
Y 55.489 -12.701 0.595
W 58.222 -12.093 -1.968
G 59.505 -13.491 -5.23
Q 63.118 -14.109 -6.155
G 63.719 -10.695 -7.732
T 64.403 -9.856 -11.378
Q 67.128 -7.518 -12.624
V 66.102 -4.469 -14.672
T 68.933 -2.46 -16.249
V 68.332 0.842 -18.057
S 71.453 2.291 -19.678
