tag x y z
A 195.6 142.935 64.832
V 197.947 144.81 67.156
Q 199.932 142.464 69.391
L 202.405 142.917 72.246
V 204.137 139.658 73.188
D 205.877 139.692 76.573
S 208.802 137.49 77.542
G 211.709 137.284 79.957
G 210.11 136.042 83.171
G 211.478 133.546 85.644
S 212.347 132.895 89.258
V 215.462 134.852 90.24
Q 217.383 135.136 93.489
A 216.84 138.219 95.62
G 219.565 140.818 95.195
G 220.216 139.755 91.596
S 219.187 141.254 88.278
L 217.23 140.081 85.232
R 215.625 141.548 82.124
L 212.477 141.186 80.047
S 211.117 142.374 76.729
C 207.935 143.218 74.841
A 207.736 142.766 71.069
A 205.065 145.06 69.613
S 203.493 144.672 66.173
G 200.564 146.087 64.226
Y 201.328 149.779 64.784
T 204.171 152.23 64.295
Y 206.431 152.723 67.304
S 206.148 156.53 67.288
I 202.329 156.609 67.265
C 201.78 155.301 70.802
T 203.374 155.9 74.191
M 204.535 152.52 75.487
G 205.103 151.112 78.943
W 204.789 148.188 81.322
Y 202.83 147.329 84.466
R 203.014 145.005 87.462
Q 200.276 142.813 88.955
A 200.622 141.651 92.531
P 198.695 138.369 92.954
G 196.23 139.9 95.426
E 196.248 143.559 94.323
G 195.385 145.547 91.223
L 197.561 146.595 88.322
E 200.211 149.23 89.006
W 202.438 151.319 86.748
V 206.18 150.689 87.116
S 207.863 152.158 84.032
G 207.01 153.667 80.676
I 208.729 155.116 77.61
N 207.68 158.2 75.688
A 206.753 157.638 72.051
D 209.789 159.722 71.069
G 211.673 159.164 74.333
S 211.142 162.537 75.987
N 209.867 161.591 79.445
T 210.491 157.849 79.837
H 209.098 158.316 83.333
Y 209.273 155.62 86.005
T 207.664 154.732 89.336
D 209.33 155.55 92.651
S 208.153 152.224 94.098
V 211.06 150.558 92.268
K 213.102 153.75 92.795
G 216.279 153.873 90.696
R 216.38 150.168 89.84
F 215.458 150.472 86.17
T 216.806 150.696 82.628
I 214.029 150.893 80.024
S 215.01 151.029 76.356
R 212.942 150.784 73.169
D 214.509 149.861 69.827
N 212.696 151.218 66.777
A 214.167 148.778 64.249
K 212.548 145.85 66.08
K 209.839 148.058 67.648
T 210.667 146.225 70.873
L 210.761 147.458 74.467
Y 213.208 146.24 77.116
L 213.632 146.741 80.83
Q 215.676 145.235 83.646
M 215.542 144.815 87.417
N 218.422 145.355 89.838
S 218.831 144.511 93.528
L 215.888 142.141 93.324
K 213.669 141.846 96.396
P 210.678 139.569 97.049
E 208.235 142.486 96.858
D 209.064 142.766 93.149
T 207.487 139.326 92.659
A 204.569 139.963 90.306
I 203.254 139.64 86.754
Y 204.471 142.438 84.478
Y 202.445 143.421 81.407
C 203.142 145.555 78.339
A 200.887 148.136 76.716
A 200.851 151.237 74.527
H 198.781 154.369 75.117
G 197.495 156.979 72.666
T 193.886 155.829 72.248
Y 191.658 156.895 75.148
D 187.868 156.798 75.189
K 186.114 160.117 74.523
Y 182.79 160.198 76.39
A 180.806 163.429 76.197
P 178.378 164.402 78.987
C 175.739 161.658 78.826
G 177.184 160.661 75.458
G 178.689 157.395 74.245
F 181.015 155.341 76.427
A 182.001 153.05 73.541
G 185.261 154.245 72.013
T 188.825 153.395 71.113
Y 191.069 151.896 73.792
T 194.779 151.362 74.339
Y 196.756 148.259 73.345
W 197.859 145.72 75.96
G 200.232 142.773 75.99
Q 200.46 139.255 77.422
G 202.049 139.466 80.871
T 205.025 137.489 82.182
Q 205.514 136.414 85.791
V 208.672 137.241 87.752
T 209.483 135.616 91.099
V 212.073 136.949 93.549
S 213.092 134.704 96.44
S 216.243 133.858 98.376
S 215.527 130.109 98.203
G 216.624 127.816 95.398
Q 214.549 125.84 92.922
A 214.333 122.12 92.207
