tag x y z
Q 163.239 150.88 111.295
V 160.385 149.03 109.582
Q 159.672 147.492 106.183
L 156.592 146.155 104.408
V 157.169 143.856 101.42
E 154.396 143.207 98.888
S 154.217 140.444 96.294
G 151.839 138.229 94.349
G 150.178 140.664 91.935
G 149.832 140.605 88.175
S 147.007 140.099 85.678
V 144.245 137.528 85.216
Q 141.095 137.028 83.168
P 137.787 138.117 84.726
G 136.46 135.507 87.12
G 139.927 134.213 88.025
S 141.784 134.198 91.319
L 144.952 135.539 92.935
R 146.634 135.985 96.306
L 148.618 139.037 97.432
S 151.075 138.673 100.315
C 152.442 141.475 102.491
V 155.266 140.751 104.941
V 155.863 142.976 107.974
S 159.126 143.622 109.794
G 159.956 146.062 112.577
Y 156.999 146.232 114.981
T 156.916 145.417 118.66
S 153.311 144.603 117.67
S 150.982 144.45 120.686
S 148.13 145.815 118.538
R 149.228 145.379 114.928
Y 146.666 146.21 112.253
M 147.518 145.149 108.698
G 145.2 146.28 105.925
W 144.928 146.494 102.162
F 143.871 149.677 100.385
R 143.03 150.0 96.691
Q 144.139 152.882 94.448
V 142.135 153.259 91.238
P 144.045 155.551 88.836
G 142.402 158.957 88.761
K 140.989 158.479 92.275
G 142.211 158.218 95.86
L 142.745 155.388 98.305
E 139.883 153.058 99.203
W 139.571 150.486 101.961
V 139.871 146.856 100.904
S 140.42 144.899 104.111
G 142.041 144.889 107.535
I 142.939 142.468 110.318
K 144.597 142.597 113.742
R 147.091 140.35 115.472
D 144.388 137.769 116.341
G 141.666 140.356 117.058
T 139.474 139.373 114.102
N 136.826 142.053 113.879
T 137.811 142.212 110.214
Y 136.672 144.88 107.758
Y 135.441 144.59 104.174
A 133.989 147.389 102.07
D 130.358 147.353 100.977
S 130.924 146.352 97.341
V 133.779 143.942 98.155
K 131.885 141.353 100.221
G 132.418 137.666 99.518
R 135.012 137.887 96.767
F 137.974 138.678 99.014
T 139.34 136.786 102.012
I 141.943 137.901 104.562
S 144.403 135.624 106.345
Q 147.343 136.071 108.685
D 150.394 134.211 109.978
N 152.025 135.69 113.075
A 154.822 133.109 113.012
K 155.992 134.439 109.637
N 154.679 137.958 110.406
T 152.767 137.931 107.121
V 149.26 138.679 105.909
Y 147.574 137.485 102.723
L 144.598 138.594 100.64
Q 142.881 135.861 98.645
M 141.313 137.283 95.482
N 138.352 135.546 93.846
S 135.837 136.486 91.154
L 137.877 139.382 89.801
K 135.324 141.774 88.317
P 136.932 144.365 86.023
E 136.971 147.351 88.4
D 139.304 145.298 90.615
T 142.085 146.387 88.23
A 144.012 148.765 90.484
M 147.09 149.317 92.656
Y 146.912 147.42 95.955
Y 148.926 148.656 98.939
C 149.375 147.109 102.383
A 149.492 149.462 105.366
A 150.32 148.751 108.993
G 149.257 150.526 112.162
S 147.224 149.975 115.337
W 143.446 149.605 115.737
Y 142.626 150.213 119.385
N 139.099 149.566 120.617
Q 139.094 152.596 122.901
W 141.021 155.145 120.822
G 140.815 154.413 117.102
Y 143.184 153.553 114.281
S 146.251 155.011 112.614
M 147.933 153.806 109.418
D 151.53 154.35 110.441
Y 153.431 152.73 107.569
W 152.845 151.843 103.92
G 154.518 149.335 101.621
K 155.855 149.237 98.079
G 152.593 147.922 96.613
T 151.674 145.77 93.643
Q 149.285 146.036 90.7
V 146.35 143.824 89.693
T 144.847 143.754 86.189
V 141.414 142.264 85.503
S 141.617 142.17 81.707
S 140.86 139.817 78.835
S 144.422 140.002 77.439
G 146.529 140.257 80.594
Q 148.717 143.16 81.647
