tag x y z
Q 114.593 118.316 173.199
V 113.899 115.177 171.171
Q 112.742 112.35 173.445
L 111.763 108.833 172.345
Q 110.467 106.401 174.978
E 109.658 102.785 174.107
S 106.98 100.782 175.92
G 106.258 97.082 176.212
G 108.55 94.125 175.751
G 109.719 91.378 178.055
L 109.685 87.617 178.451
V 107.249 86.132 175.921
Q 106.617 82.511 174.993
P 107.602 81.301 171.506
G 104.732 81.625 169.062
G 102.977 84.326 171.092
S 102.345 88.006 170.462
L 103.893 91.262 171.642
R 103.38 94.98 171.077
L 105.799 97.901 171.391
S 104.675 101.513 171.823
C 107.046 104.377 170.961
A 105.992 107.677 172.531
A 107.509 110.712 170.808
S 107.972 114.27 172.043
G 109.938 117.399 171.225
F 109.127 117.421 167.499
T 106.245 117.29 165.036
F 105.348 113.647 164.404
S 103.638 114.488 161.086
N 106.878 115.632 159.408
Y 109.565 112.983 160.079
K 109.849 109.458 158.704
M 110.027 106.812 161.43
N 112.025 103.576 161.432
W 112.683 100.481 163.531
V 116.041 98.912 164.384
R 117.122 95.95 166.511
Q 120.435 94.869 168.045
A 120.963 91.123 168.368
P 123.066 89.972 171.347
G 126.73 89.979 170.396
K 125.908 91.3 166.918
G 125.554 94.648 165.197
L 122.374 96.631 164.734
E 119.775 95.36 162.262
W 117.006 97.311 160.552
V 113.492 95.974 161.1
S 110.864 98.21 159.499
D 109.968 101.774 158.571
I 106.781 103.768 158.005
S 106.153 106.768 155.747
Q 104.632 110.134 156.685
S 100.99 109.052 156.311
G 101.621 105.311 156.621
A 101.412 104.655 152.877
S 104.929 103.432 152.043
I 105.482 100.447 154.356
S 108.535 98.197 154.08
Y 109.798 95.34 156.248
T 113.023 93.375 156.349
G 113.068 89.886 154.88
S 113.355 88.173 158.261
V 110.046 89.54 159.594
K 108.291 90.59 156.373
G 104.552 90.067 156.746
R 105.009 88.752 160.276
F 105.119 92.142 162.016
T 102.741 95.099 161.747
I 103.438 98.801 162.298
S 101.201 101.851 162.624
R 101.599 105.512 163.556
D 99.281 108.217 164.892
N 100.265 111.787 164.043
A 97.631 113.302 166.345
K 98.991 111.386 169.358
N 102.729 111.321 168.476
T 102.788 107.599 169.295
L 104.234 104.754 167.225
Y 103.073 101.138 167.401
L 104.71 97.825 166.502
Q 102.748 94.563 166.479
M 104.391 91.134 166.67
N 102.838 87.759 165.851
S 104.241 84.227 166.242
L 107.472 85.232 167.956
K 110.566 83.119 167.316
P 113.554 82.297 169.559
E 115.839 83.945 166.978
D 114.2 87.379 167.396
T 115.362 87.95 170.989
A 116.991 91.397 171.021
V 116.522 94.984 172.163
Y 114.438 97.067 169.75
Y 115.117 100.788 169.302
C 112.659 103.387 167.983
A 114.745 105.262 165.41
R 113.97 108.368 163.351
C 116.14 109.558 160.483
P 116.905 113.267 160.876
A 115.691 115.363 158.041
P 111.959 115.969 157.57
F 110.126 115.487 154.274
T 113.009 113.495 152.772
R 112.787 110.177 150.945
D 116.262 109.219 152.166
C 116.681 107.832 155.68
F 120.233 107.654 157.014
D 122.212 106.495 160.05
V 119.431 104.312 161.479
T 121.731 101.277 161.765
S 124.677 103.266 163.175
T 125.649 102.389 166.741
T 125.968 106.08 167.72
Y 122.644 107.724 166.86
A 120.954 110.494 168.834
Y 117.436 110.288 167.342
R 116.571 106.945 168.917
G 115.552 105.881 172.406
Q 117.096 103.417 174.82
G 114.736 100.689 173.595
T 113.192 97.749 175.419
Q 114.737 94.304 175.814
V 112.777 91.43 174.253
T 113.739 87.914 175.36
V 112.201 84.702 174.002
S 112.765 81.561 176.079
S 110.93 79.015 178.228
