tag x y z
Q 112.921 117.998 172.996
V 113.191 115.133 170.51
Q 112.726 111.873 172.415
L 111.391 108.428 171.497
Q 110.193 105.851 174.032
E 109.044 102.327 173.186
S 106.778 99.952 175.096
G 105.75 96.3 175.033
G 108.157 93.419 174.695
G 109.229 90.85 177.244
L 109.469 87.081 177.311
V 107.101 85.664 174.68
Q 106.456 82.035 173.796
P 107.136 80.788 170.251
G 104.17 81.401 167.978
G 102.754 84.182 170.169
S 101.964 87.549 168.636
L 103.427 90.675 170.23
R 102.912 94.399 169.648
L 105.275 97.344 170.09
S 104.791 101.1 170.391
C 106.886 104.198 169.707
A 105.762 107.401 171.428
A 107.257 110.503 169.806
S 107.347 114.026 171.231
G 109.093 117.318 170.573
F 108.482 117.346 166.809
T 105.851 116.878 164.117
F 105.121 113.147 163.981
S 103.512 113.384 160.532
N 106.431 115.055 158.708
Y 109.009 112.265 159.1
K 109.593 108.734 157.809
M 109.926 106.494 160.863
N 111.842 103.213 160.762
W 112.726 100.218 162.931
V 115.999 98.388 163.563
R 116.993 95.287 165.527
Q 120.191 94.389 167.392
A 120.723 90.643 167.672
P 123.054 89.508 170.488
G 126.592 89.139 169.204
K 125.576 90.792 165.923
G 125.158 94.256 164.45
L 122.107 96.389 163.81
E 119.658 95.236 161.142
W 116.811 97.138 159.507
V 113.337 95.735 160.139
S 110.61 98.0 158.759
D 109.671 101.58 157.904
I 106.671 103.69 156.915
S 106.228 106.853 154.852
Q 104.639 110.108 156.03
S 101.042 109.28 155.107
G 101.566 105.512 155.141
A 101.484 104.654 151.446
S 105.142 103.613 151.081
I 105.591 100.693 153.491
S 108.406 98.136 153.2
Y 109.469 95.306 155.544
T 112.664 93.174 155.852
G 112.699 90.121 153.567
S 113.712 87.965 156.521
V 110.194 88.372 158.027
K 108.21 90.391 155.451
G 104.84 88.662 155.94
R 104.475 88.216 159.732
F 105.463 91.773 160.818
T 102.902 94.614 160.379
I 103.598 98.342 160.883
S 101.173 101.235 161.35
R 101.214 104.852 162.491
D 98.748 107.433 163.824
N 99.691 111.013 162.947
A 96.92 112.574 165.045
K 97.885 110.78 168.272
N 101.648 111.011 167.528
T 102.192 107.311 168.213
L 103.413 104.47 165.997
Y 102.705 100.752 166.374
L 104.636 97.701 165.154
Q 102.753 94.389 165.138
M 104.632 91.072 165.124
N 102.949 87.681 164.702
S 104.418 84.227 165.404
L 107.803 85.331 166.721
K 110.773 83.079 165.898
P 114.059 82.552 167.81
E 115.803 84.527 165.064
D 113.9 87.627 166.262
T 115.334 87.779 169.802
A 116.711 91.294 169.31
V 116.159 94.675 170.925
Y 114.087 96.933 168.667
Y 115.003 100.625 168.445
C 112.625 103.269 167.117
A 114.607 105.409 164.667
R 113.624 108.694 163.065
C 114.724 110.077 159.766
P 116.505 113.434 160.167
A 115.799 115.322 156.95
P 112.022 115.747 156.512
F 110.057 115.367 153.276
T 112.643 112.952 151.856
R 112.099 109.686 149.991
D 115.563 108.46 151.035
C 116.835 107.831 154.552
F 120.489 107.497 155.545
D 121.995 106.099 158.747
V 119.012 104.086 159.973
T 121.115 101.196 161.326
S 124.102 103.187 162.617
T 125.56 101.945 165.895
T 125.431 105.467 167.383
Y 122.36 107.512 166.43
A 120.844 110.61 168.018
Y 117.243 110.402 166.752
R 116.695 106.887 168.073
G 115.08 105.701 171.291
Q 115.985 102.865 173.619
G 115.766 99.139 172.905
T 112.708 97.086 173.815
Q 113.908 93.569 174.597
V 111.917 90.816 172.864
T 113.153 87.402 174.03
V 111.701 84.447 172.11
S 112.332 81.281 174.122
S 110.522 78.284 175.581
