tag x y z
Q 115.87 59.415 102.254
V 118.166 61.425 104.523
Q 120.718 58.957 105.895
L 123.631 59.513 108.285
Q 125.785 56.566 109.376
E 128.636 57.206 111.82
S 131.67 54.927 111.562
G 134.852 54.71 113.603
G 134.617 54.786 117.365
G 135.713 52.062 119.741
L 137.618 51.761 123.001
V 140.537 54.164 123.497
Q 142.921 54.497 126.402
P 143.195 57.957 128.009
G 145.576 60.163 126.054
G 145.034 58.357 122.751
S 143.572 59.554 119.471
L 140.572 58.586 117.361
R 138.909 59.686 114.121
L 135.135 59.669 113.647
S 133.594 59.527 110.175
C 130.061 60.408 109.072
A 128.864 59.234 105.653
A 125.91 61.235 104.326
S 123.416 60.289 101.626
G 120.053 61.48 100.361
F 120.715 65.232 100.305
T 123.082 67.847 98.896
F 125.88 67.674 101.461
S 127.398 71.009 100.396
N 124.223 73.031 101.066
Y 123.937 72.165 104.772
K 125.728 73.017 107.983
M 126.915 69.94 109.869
N 127.269 69.304 113.595
W 128.66 66.783 116.062
V 126.636 65.97 119.182
R 127.239 63.41 121.919
Q 125.314 61.891 124.827
A 127.312 60.828 127.872
P 125.88 57.912 129.899
G 123.284 59.337 132.252
K 123.317 62.792 130.641
G 121.619 64.694 127.837
L 122.668 65.424 124.278
E 125.51 67.959 124.244
W 126.685 69.956 121.237
V 130.353 69.372 120.38
S 131.253 71.168 117.144
D 129.884 72.452 113.854
I 131.198 73.47 110.44
S 129.749 75.754 107.776
Q 128.651 74.816 104.261
S 132.138 75.467 102.851
G 134.338 74.79 105.893
A 135.554 78.277 106.835
S 133.41 78.93 109.921
I 134.116 76.329 112.615
S 132.98 76.302 116.249
Y 133.829 74.004 119.153
T 132.558 73.517 122.671
G 134.945 74.689 125.367
S 135.644 71.185 126.661
V 137.038 69.934 123.332
K 138.535 73.174 121.983
G 142.163 72.627 121.024
R 141.746 68.828 121.024
F 139.0 67.993 118.51
T 139.157 68.9 114.821
I 136.082 68.853 112.576
S 136.349 68.799 108.786
R 134.087 67.998 105.845
D 134.709 66.668 102.333
N 131.902 67.977 100.128
A 133.241 65.993 97.166
K 132.912 62.768 99.187
N 129.846 63.819 101.25
T 131.522 62.901 104.536
L 132.119 64.62 107.878
Y 135.14 63.989 110.099
L 136.126 64.555 113.718
Q 139.751 64.04 114.771
M 139.677 63.463 118.541
N 143.116 63.944 120.108
S 144.218 63.638 123.751
L 141.069 61.787 124.775
K 140.196 61.676 128.477
P 137.537 59.582 130.258
E 135.129 62.549 130.302
D 134.818 62.185 126.505
T 133.138 58.767 126.797
A 129.796 59.154 125.01
V 127.821 58.177 121.923
Y 128.779 60.665 119.208
Y 126.085 61.546 116.668
C 126.346 63.237 113.274
A 123.658 65.927 113.35
R 122.519 67.955 110.352
C 120.279 70.922 111.025
P 117.208 70.934 108.833
A 117.266 73.847 106.393
P 119.965 74.644 103.821
F 121.497 78.067 103.175
T 120.63 79.104 106.747
R 123.01 80.449 109.378
D 120.748 79.363 112.234
C 121.157 75.686 113.091
F 118.169 74.51 115.126
D 117.2 71.484 117.237
V 120.365 69.417 116.621
T 120.47 68.45 120.312
S 116.778 67.542 120.623
T 115.892 64.184 122.152
T 113.774 63.068 119.165
Y 115.366 64.834 116.192
A 115.447 63.687 112.575
Y 118.428 64.276 110.261
R 120.704 62.774 112.927
G 122.554 59.482 112.71
Q 122.242 56.537 115.058
G 125.604 57.376 116.633
T 128.849 55.549 117.345
Q 130.067 54.478 120.775
V 133.302 56.107 121.963
T 134.605 54.735 125.271
V 137.755 56.124 126.894
S 138.78 53.475 129.43
S 142.055 52.139 130.803
