tag x y z
Q 82.177 94.28 155.233
V 85.598 92.685 154.802
Q 85.754 89.583 157.001
L 88.416 86.872 157.286
Q 87.678 83.767 159.367
E 90.368 81.153 160.003
S 89.537 77.551 160.889
G 91.738 74.646 161.92
G 94.419 74.791 164.565
G 94.574 72.729 167.72
L 97.18 70.903 169.752
V 99.568 68.859 167.603
Q 102.384 66.526 168.529
P 105.87 67.465 167.301
G 106.342 66.375 163.711
G 102.586 66.293 163.132
S 100.617 67.888 160.328
L 97.888 70.53 160.245
R 95.853 72.288 157.558
L 94.627 75.85 158.096
S 91.685 77.264 156.14
C 90.704 80.916 155.657
A 87.173 81.761 154.509
A 87.126 85.231 152.942
S 84.064 87.449 152.532
G 83.231 91.003 151.556
F 85.63 91.438 148.63
T 86.804 89.905 145.361
F 89.187 87.163 146.475
S 90.941 86.922 143.098
N 91.966 90.593 142.866
Y 94.04 90.595 146.074
K 97.284 88.998 147.191
M 96.83 86.857 150.297
N 99.268 86.454 153.182
W 99.83 84.301 156.249
V 101.157 85.894 159.441
R 101.601 84.611 162.978
Q 102.246 85.973 166.469
A 104.207 83.737 168.826
P 103.645 84.073 172.595
G 105.359 87.262 173.706
K 106.417 88.344 170.211
G 105.295 90.588 167.377
L 103.523 89.837 164.129
E 105.693 87.757 161.796
W 105.072 87.27 158.086
V 104.902 83.602 157.047
S 103.763 83.146 153.441
D 102.1 84.949 150.552
I 100.42 83.92 147.307
S 99.66 86.094 144.295
Q 96.28 86.888 142.75
S 96.319 83.88 140.42
G 98.481 81.586 142.545
A 101.607 81.552 140.397
S 104.036 83.486 142.611
I 104.492 81.863 146.029
S 106.884 83.076 148.725
Y 107.712 81.668 152.15
T 109.654 82.869 155.131
G 112.88 80.92 155.412
S 111.922 79.025 158.56
V 108.949 77.256 156.942
K 110.326 76.434 153.477
G 109.954 72.748 152.693
R 107.418 72.237 155.496
F 104.535 74.625 154.734
T 102.426 74.862 151.574
I 100.135 77.811 150.828
S 97.177 77.373 148.486
R 94.228 79.483 147.376
D 90.9 78.388 145.894
N 89.673 81.424 143.97
A 86.439 79.573 143.18
K 85.562 78.893 146.831
N 87.229 82.071 148.196
T 89.455 80.084 150.559
L 93.126 80.262 151.502
Y 94.966 77.168 152.714
L 98.164 76.463 154.64
Q 99.26 72.823 154.744
M 101.632 72.624 157.711
N 103.993 69.637 157.849
S 106.777 68.594 160.232
L 105.559 70.98 162.908
K 108.175 72.117 165.424
P 107.493 73.568 168.888
E 108.711 76.915 167.516
D 105.614 76.94 165.272
T 103.286 77.509 168.243
A 101.563 80.809 167.47
V 98.295 82.459 166.466
Y 98.116 82.298 162.667
Y 96.24 85.187 161.044
C 94.882 85.303 157.503
A 95.996 88.671 156.133
R 94.827 90.426 152.975
C 96.712 92.971 150.911
P 95.366 96.518 151.368
A 94.762 97.355 147.696
P 93.837 95.273 144.638
F 95.837 94.885 141.422
T 98.979 96.039 143.257
R 102.416 94.455 143.455
D 103.087 96.091 146.838
C 101.697 94.733 150.107
F 101.889 97.29 152.913
D 101.316 97.129 156.672
V 100.204 93.485 156.709
T 102.227 92.76 159.874
S 101.087 95.918 161.676
T 99.881 95.749 165.263
T 96.482 97.145 164.198
Y 95.628 96.132 160.625
A 92.049 96.11 159.379
Y 92.13 93.488 156.608
R 93.273 90.659 158.861
G 91.391 87.927 160.676
Q 91.345 87.052 164.352
G 93.562 84.0 163.919
T 93.739 80.36 164.981
Q 95.822 79.074 167.888
V 98.235 76.33 166.798
T 100.046 74.575 169.658
V 102.817 72.055 168.953
S 103.515 70.081 172.128
S 103.438 66.618 173.671
