tag x y z
Q -13.486 3.648 25.091
V -9.814 2.741 24.653
Q -8.82 2.852 20.971
L -5.594 1.493 19.479
V -5.186 1.359 15.698
E -1.982 0.337 13.907
S -0.925 1.531 10.45
G 2.042 1.213 8.135
G 2.234 -2.463 7.2
G 2.366 -3.815 3.682
L 4.212 -5.984 1.211
V 7.915 -5.224 1.47
Q 10.875 -6.626 -0.377
P 13.691 -8.298 1.589
G 16.103 -5.659 2.855
G 13.515 -2.883 2.956
S 12.563 -0.584 5.837
L 9.125 0.168 7.242
R 7.828 2.411 10.052
L 4.732 1.212 11.848
S 2.607 3.529 13.944
C -0.193 3.057 16.435
A -2.633 5.825 17.281
A -4.144 5.778 20.766
S -7.13 7.437 22.39
G -9.4 6.971 25.371
F -6.695 7.138 28.036
T -3.773 9.334 29.083
F -1.149 7.941 26.683
S 1.845 9.437 28.481
D 0.866 7.703 31.755
Y 1.427 4.235 30.252
V 4.299 2.134 29.089
M 3.533 0.687 25.645
T 4.487 -2.536 23.844
W 4.909 -3.794 20.28
V 4.098 -7.466 19.682
R 4.129 -9.573 16.56
Q 2.333 -12.83 15.897
A 2.789 -15.333 13.084
P 0.668 -18.473 12.639
G 2.186 -21.529 14.285
K 4.018 -19.514 16.969
G 3.17 -17.932 20.272
P 2.99 -14.14 20.322
E 6.44 -12.532 20.196
W 7.248 -9.598 22.447
I 9.348 -7.046 20.55
A 9.862 -4.076 22.868
T 8.259 -1.92 25.565
I 8.773 1.847 25.933
N 8.598 3.418 29.389
T 6.89 6.692 30.25
D 10.334 8.354 30.274
G 11.237 7.164 26.766
S 13.642 4.489 27.977
T 13.023 1.059 26.484
M 13.121 -2.615 27.264
R 13.656 -4.861 24.251
D 14.457 -8.314 22.95
D 18.082 -8.305 21.833
S 17.397 -10.528 18.829
T 15.397 -7.541 17.421
K 18.476 -5.451 18.367
G 19.109 -2.505 16.121
R 16.732 -3.62 13.402
F 13.557 -2.771 15.364
T 13.32 0.509 17.312
I 10.373 1.54 19.497
S 9.652 5.22 20.103
R 6.721 7.362 21.184
D 5.344 10.832 20.42
N 3.094 11.725 23.36
A 1.721 14.912 21.777
K 0.542 12.845 18.767
N -0.647 9.951 20.992
T 1.32 7.641 18.721
L 3.656 4.698 19.186
Y 6.181 3.877 16.443
L 8.171 0.817 15.422
Q 10.954 1.472 12.942
M 11.934 -1.71 11.112
T 15.14 -2.084 9.095
S 16.549 -4.807 6.802
L 13.356 -6.817 6.726
K 13.531 -10.532 5.957
P 10.879 -13.164 5.149
E 10.995 -14.5 8.722
D 9.71 -11.068 9.886
T 6.341 -11.693 8.188
A 3.667 -11.433 10.875
L 0.813 -9.342 12.171
Y 2.393 -6.52 14.206
Y 0.276 -4.94 16.92
C 0.459 -2.533 19.813
A -0.56 -3.345 23.366
R -1.062 -1.038 26.314
G 1.252 -1.653 29.24
R 4.194 -4.025 29.467
V 3.0 -7.367 28.059
I 5.629 -10.043 27.477
S 4.337 -13.455 28.563
A 1.905 -15.259 26.281
S -0.967 -14.962 28.738
A -0.301 -11.259 29.374
I -0.199 -10.613 25.628
R -3.382 -12.58 24.945
G -5.146 -10.673 27.739
A -3.801 -7.264 26.709
V -5.57 -4.128 25.594
R -4.413 -4.178 21.999
G -5.118 -3.008 18.491
P -6.17 -5.214 15.573
G -2.623 -5.094 14.15
T -1.033 -4.187 10.819
Q 0.136 -6.992 8.557
V 3.759 -6.969 7.413
T 4.644 -9.369 4.595
V 8.216 -9.849 3.343
S 8.689 -12.431 0.639
S 10.826 -13.652 -2.257
