tag x y z
L -20.767 -9.977 38.963
V -22.182 -13.286 37.67
E -22.7 -13.715 33.921
S -25.384 -16.191 32.885
G -27.475 -17.094 29.849
G -24.797 -18.143 27.369
G -24.948 -21.161 25.124
L -25.322 -22.074 21.495
V -27.383 -20.099 19.009
Q -27.904 -20.487 15.345
P -26.892 -17.726 12.909
G -29.774 -15.259 12.89
G -31.123 -16.289 16.293
S -31.516 -14.449 19.587
L -30.169 -14.862 23.131
R -30.452 -12.888 26.368
L -27.477 -12.8 28.736
S -27.823 -11.654 32.337
C -25.347 -9.863 34.604
A -26.225 -10.341 38.273
A -24.564 -8.227 40.966
L -25.223 -1.507 41.031
D -27.807 1.259 41.237
Y -25.575 4.349 40.855
S -23.002 2.828 38.46
S -22.834 2.537 34.685
I -22.711 -1.122 33.588
G -20.971 -2.484 30.509
W -20.929 -5.798 28.693
F -17.61 -6.803 27.088
R -16.553 -9.831 25.061
Q -13.388 -11.717 24.176
A -12.982 -14.168 21.291
P -10.321 -16.92 21.327
G -7.052 -15.33 20.245
K -8.547 -11.828 19.961
E -8.393 -8.81 22.238
R -11.277 -7.986 24.534
E -13.711 -5.411 23.17
G -16.639 -3.499 24.623
V -20.121 -4.52 23.45
S -22.695 -2.447 25.328
C -22.948 0.058 28.15
I -25.967 1.397 30.044
S -26.094 4.339 32.441
S -27.182 3.964 36.061
S -30.654 5.386 35.416
G -30.895 3.12 32.361
D -31.82 6.054 30.124
S -28.534 6.118 28.143
T -26.91 3.277 26.228
K -23.845 2.882 24.027
Y -22.83 0.046 21.728
A -19.871 -1.221 19.765
D -20.147 -0.481 16.05
S -20.229 -4.197 15.215
V -23.394 -4.754 17.315
K -25.21 -1.397 17.089
G -28.788 -1.919 15.917
R -28.569 -5.69 16.561
F -28.04 -5.81 20.36
T -29.713 -3.866 23.133
T -29.062 -3.599 26.843
S -31.439 -2.917 29.72
R -31.492 -2.695 33.449
D -33.936 -4.338 35.872
N -32.847 -2.501 38.985
A -35.321 -4.417 41.147
K -33.49 -7.687 40.508
N -30.091 -5.86 40.331
T -29.447 -7.196 36.876
V -28.537 -5.842 33.492
Y -29.43 -7.701 30.377
L -27.862 -8.092 27.017
Q -30.506 -8.694 24.372
M -28.579 -10.191 21.44
N -30.339 -10.624 18.066
S -29.199 -11.502 14.52
L -26.349 -13.553 15.961
K -23.373 -14.119 13.645
P -20.23 -16.27 13.8
D -18.189 -13.153 14.654
D -20.234 -12.817 17.863
T -18.673 -16.04 19.168
A -16.841 -15.096 22.363
V -16.893 -15.287 26.139
Y -19.037 -12.444 27.469
Y -18.177 -10.58 30.656
C -19.826 -7.788 32.599
A -18.406 -4.948 34.709
A -19.672 -1.947 36.674
F -18.131 1.518 36.435
R -18.018 4.608 38.607
A -17.382 6.598 35.41
T -20.231 7.848 33.246
M -20.986 5.474 30.366
C -18.19 2.993 31.177
G -15.294 5.422 30.772
V -13.206 4.724 27.642
F -15.788 2.198 26.397
P -15.6 0.302 24.069
L -11.985 0.044 25.177
S -11.034 -1.557 28.522
P -9.433 0.076 31.587
Y -5.647 -0.092 31.581
G -4.423 -3.054 33.63
K -7.868 -4.616 34.212
D -7.364 -8.318 33.61
D -10.049 -10.08 35.677
W -13.707 -9.75 34.703
G -15.217 -12.755 36.491
K -16.155 -16.124 35.077
G -18.211 -14.818 32.139
T -20.549 -16.854 29.955
L -19.662 -18.372 26.591
V -21.671 -17.723 23.415
T -21.081 -19.775 20.271
V -22.783 -19.16 16.914
S -21.818 -21.779 14.337
S -23.108 -23.628 11.272
