tag x y z
Q 140.042 120.769 170.168
V 139.607 123.16 173.076
Q 140.253 121.569 176.463
L 139.38 122.915 179.904
Q 141.462 122.316 183.023
A 143.649 127.124 182.165
A 142.92 126.381 178.514
S 145.172 124.764 175.937
G 144.811 123.195 172.532
T 144.32 125.123 169.303
I 142.729 128.503 170.011
F 142.939 131.551 167.787
R 141.36 133.709 170.512
L 139.635 133.426 173.891
Y 136.849 135.786 174.795
D 134.617 135.474 177.888
M 135.798 133.262 180.739
G 133.861 132.93 183.978
W 133.108 130.675 186.911
Y 129.766 128.865 186.615
V 128.944 133.061 189.779
A 131.229 135.52 187.976
S 132.498 136.215 184.467
I 135.518 138.031 183.071
T 136.188 139.283 179.569
S 139.131 140.01 177.362
G 140.249 143.388 178.646
G 138.954 142.661 182.16
S 135.402 144.054 182.214
T 133.692 141.978 184.885
K 130.427 141.181 186.629
Y 129.608 138.791 189.465
S 140.283 138.372 188.532
R 141.847 137.476 185.197
D 145.298 137.014 183.676
N 144.712 137.83 180.02
A 148.13 136.758 178.735
K 148.27 133.439 180.627
N 144.987 132.04 179.238
T 143.983 131.392 182.853
V 141.169 132.789 184.948
Y 132.192 124.903 186.526
C 134.421 127.043 184.296
N 133.062 128.027 180.862
A 135.081 129.752 178.139
E 134.156 131.414 174.828
Y 136.598 130.756 172.003
R 137.231 130.676 168.269
T 139.493 128.255 166.421
G 140.021 130.372 163.294
I 139.384 133.873 161.992
W 136.524 132.63 159.76
E 134.845 130.363 162.373
E 131.763 130.823 164.6
L 131.794 131.707 168.324
L 131.655 128.684 170.684
D 131.545 128.131 174.452
G 133.05 125.042 176.093
W 132.709 123.755 179.656
G 135.204 122.197 182.032
