tag x y z
Q 137.048 152.815 103.197
V 137.412 150.636 100.108
Q 138.258 151.987 96.656
L 137.058 150.475 93.376
Q 138.578 151.285 89.984
E 137.037 150.261 86.663
S 138.803 149.89 83.323
G 137.564 150.278 79.743
L 135.059 144.213 74.768
R 136.604 143.629 78.198
L 135.515 145.167 81.51
S 137.553 144.931 84.709
C 136.947 146.059 88.295
A 139.699 146.186 90.931
A 139.521 146.823 94.679
S 142.086 148.331 97.044
G 142.262 149.746 100.552
T 142.012 148.365 104.097
I 140.008 145.149 103.75
F 139.682 141.873 105.635
R 137.696 139.705 103.202
L 135.732 140.15 99.966
Y 132.353 138.489 99.417
D 130.313 138.295 96.204
M 130.986 140.955 93.569
G 128.809 142.187 90.745
W 128.211 144.349 87.695
Y 125.002 146.395 87.588
R 123.413 148.187 84.641
L 121.85 143.13 88.021
V 123.787 142.054 84.932
A 126.507 139.946 86.55
S 127.483 138.556 89.944
I 130.07 136.094 91.253
T 129.985 134.605 94.759
S 133.3 134.335 96.61
G 133.38 130.654 95.576
G 133.021 130.882 91.799
S 129.234 130.305 91.92
T 128.345 132.713 89.127
K 124.769 133.797 88.402
Y 123.824 135.741 85.266
G 120.694 137.866 85.037
F 128.288 137.539 78.49
T 130.671 135.664 80.78
I 132.113 136.788 84.114
S 135.291 135.646 85.854
R 137.037 136.506 89.101
D 140.644 136.414 90.316
N 140.812 136.495 94.114
A 144.609 136.758 94.255
K 144.363 140.43 93.241
N 140.649 141.015 94.039
T 139.602 141.592 90.433
V 136.475 140.821 88.403
Y 136.309 140.646 84.608
L 133.285 140.641 82.312
Q 133.232 139.931 78.586
T 125.211 151.704 74.912
A 124.538 152.593 78.55
V 126.251 152.99 81.925
Y 127.694 150.092 83.915
Y 128.631 150.163 87.596
C 130.655 147.84 89.813
N 129.652 146.679 93.286
A 131.508 144.819 96.026
E 130.868 143.554 99.554
Y 133.449 143.621 102.311
R 134.33 143.591 105.996
T 137.136 145.668 107.507
G 137.609 143.406 110.542
I 136.667 140.08 112.055
W 134.227 141.526 114.631
E 132.67 144.16 112.352
E 129.577 144.605 110.178
L 129.027 143.662 106.543
L 129.271 146.645 104.2
D 129.067 147.175 100.452
G 130.853 149.672 98.229
W 129.787 151.092 94.876
G 131.9 152.477 92.045
Q 131.964 155.14 89.36
G 130.428 154.792 85.894
T 131.623 153.719 82.463
Q 130.358 154.339 78.931
V 129.983 151.438 76.506
