tag x y z
Q 225.151 147.025 181.008
V 223.516 147.67 177.629
Q 225.037 145.439 174.952
L 223.892 144.528 171.439
Q 225.872 141.482 170.274
E 225.327 140.613 166.609
S 226.101 137.202 165.142
G 225.641 135.113 162.013
G 227.598 137.375 159.674
G 229.801 135.811 157.042
L 230.67 135.566 153.385
V 227.664 134.807 151.166
Q 227.023 134.237 147.475
P 224.873 136.79 145.586
G 221.259 135.689 145.738
G 221.954 133.794 148.964
S 220.551 134.082 152.469
L 222.051 134.75 155.901
R 220.016 135.103 159.093
L 221.444 137.767 161.399
S 220.742 137.678 165.127
C 221.401 140.19 167.907
A 221.569 139.125 171.559
A 220.072 142.142 173.318
S 221.056 142.413 176.978
G 221.267 144.988 179.743
F 217.847 146.533 179.068
T 214.175 145.6 178.86
F 214.059 144.552 175.214
S 210.269 144.764 174.933
N 209.903 148.487 175.679
Y 212.226 149.693 172.877
K 211.881 150.045 169.134
M 214.727 148.237 167.372
N 216.552 149.145 164.164
W 219.04 147.71 161.677
V 221.74 149.989 160.247
R 224.567 149.132 157.842
Q 227.778 150.926 156.854
A 228.936 150.043 153.355
P 232.671 150.453 152.638
G 233.575 154.058 151.937
K 230.091 155.289 152.87
G 228.216 156.607 155.873
L 225.83 154.697 158.09
E 222.49 153.876 156.439
W 219.277 153.028 158.273
V 217.76 149.759 157.013
S 214.767 148.57 159.058
D 212.774 149.122 162.237
I 210.313 147.244 164.442
S 208.176 148.557 167.291
Q 207.804 147.105 170.786
S 205.054 144.564 170.107
G 206.14 144.228 166.471
A 203.001 145.974 165.222
S 204.725 148.565 163.0
I 207.574 147.586 160.662
S 209.225 149.799 158.046
Y 212.137 149.164 155.685
T 214.431 151.274 153.573
G 213.407 151.052 149.942
S 216.457 149.042 148.898
V 215.647 146.082 151.174
K 211.846 146.101 150.797
G 210.71 142.592 149.914
R 214.203 141.2 150.602
F 214.663 141.605 154.373
T 212.192 140.631 157.095
I 212.858 142.031 160.561
S 211.372 140.17 163.517
R 211.813 140.189 167.287
D 211.245 137.586 170.005
N 210.486 139.538 173.174
A 210.906 136.475 175.403
K 214.497 135.76 174.318
N 215.518 139.428 173.803
T 216.45 138.701 170.187
L 216.173 140.619 166.916
Y 216.337 138.924 163.514
L 217.003 139.935 159.911
Q 216.308 137.018 157.56
M 218.368 138.483 154.74
N 217.264 137.076 151.374
S 218.263 137.647 147.746
L 221.567 139.298 148.592
K 223.349 141.631 146.176
P 226.938 142.92 145.964
E 225.837 146.337 147.241
D 224.491 144.699 150.414
T 228.074 144.119 151.61
A 228.599 146.123 154.798
V 229.154 145.829 158.541
Y 225.584 145.435 159.772
Y 224.873 146.84 163.229
C 221.72 146.405 165.285
A 220.58 149.838 166.494
R 218.151 150.542 169.337
C 215.782 153.456 169.77
P 217.434 155.968 172.157
A 214.56 156.028 174.68
P 211.28 154.286 175.619
F 208.335 154.323 175.009
T 209.016 156.954 172.4
R 207.888 156.829 168.779
D 210.815 158.914 167.441
C 214.098 157.304 166.362
F 216.739 160.048 166.408
D 220.474 159.535 165.876
V 220.572 155.773 165.241
T 222.663 156.453 162.108
S 225.058 158.764 163.972
T 228.808 158.267 163.688
T 229.234 157.244 167.354
Y 225.755 156.194 168.466
A 226.163 154.391 171.777
Y 223.149 152.044 171.664
R 224.456 150.048 168.72
G 226.305 146.77 168.524
Q 229.889 146.297 167.428
G 228.565 144.973 164.106
T 229.007 141.757 162.145
Q 230.798 141.708 158.804
V 228.668 140.717 155.805
T 230.213 140.121 152.375
V 228.529 139.304 149.068
