tag x y z
Q 144.662 144.631 85.28
V 145.499 141.515 87.293
Q 146.834 139.36 84.48
L 148.245 135.841 84.243
Q 149.594 134.367 81.0
E 150.868 130.783 80.897
S 153.332 129.246 78.448
G 154.446 125.71 77.688
G 154.498 123.145 74.921
G 151.201 122.027 73.445
L 152.541 118.597 72.476
V 155.097 116.233 73.991
Q 156.003 112.558 73.863
P 155.084 110.24 76.741
G 157.87 110.119 79.289
G 159.013 113.552 78.151
S 159.964 116.543 80.255
L 158.52 120.044 79.991
R 158.502 123.384 81.814
L 155.576 125.767 82.154
S 156.0 129.434 83.014
C 153.408 132.092 83.847
A 154.038 135.83 83.624
A 152.169 137.617 86.413
S 151.282 141.293 86.156
G 149.237 143.886 87.989
F 149.61 142.484 91.508
T 152.247 142.364 94.244
F 153.453 138.863 93.417
S 155.347 138.435 96.696
N 152.085 138.786 98.654
Y 150.054 135.974 97.052
K 150.418 132.216 97.079
M 150.272 130.715 93.609
N 148.508 127.535 92.521
W 148.553 125.431 89.397
V 145.256 123.951 88.214
R 144.523 121.729 85.221
Q 141.452 120.688 83.233
A 141.535 117.302 81.537
P 139.295 116.949 78.461
G 135.704 116.529 79.555
K 136.393 116.738 83.295
G 136.377 119.346 86.027
L 139.359 121.381 87.128
E 141.737 119.775 89.606
W 144.446 121.28 91.785
V 147.967 120.302 90.684
S 150.404 122.139 92.957
D 150.69 125.104 95.283
I 153.461 127.379 96.53
S 153.418 129.713 99.53
Q 154.366 133.393 99.468
S 158.094 132.752 99.928
G 158.23 129.401 98.162
A 158.568 127.625 101.504
S 155.296 125.722 101.872
I 154.813 123.521 98.8
S 152.451 120.637 98.093
Y 151.196 118.556 95.186
T 148.302 116.406 94.104
G 149.328 112.815 94.563
S 149.505 111.821 90.901
V 152.002 114.676 90.529
K 154.24 114.405 93.626
G 157.862 114.047 92.536
R 156.916 114.052 88.861
F 156.473 117.836 88.914
T 158.418 120.481 90.83
I 157.005 123.949 91.52
S 159.038 127.12 91.996
R 158.414 130.861 91.946
D 160.66 133.789 90.997
N 159.586 136.722 93.159
A 162.037 138.948 91.263
K 160.221 138.735 87.907
N 156.605 137.908 88.848
T 157.087 134.477 87.283
L 155.671 131.121 88.381
Y 157.13 127.823 87.156
L 155.914 124.226 87.087
Q 158.613 121.748 86.081
M 157.347 118.493 84.581
N 159.108 115.144 84.311
S 157.931 111.795 82.935
L 154.685 113.262 81.628
K 152.062 110.515 81.522
P 149.014 110.342 79.224
E 146.75 111.41 82.095
D 148.608 114.739 82.274
T 147.139 115.726 78.893
A 145.171 118.82 79.902
V 144.898 122.557 79.68
Y 146.942 123.854 82.616
Y 145.795 127.057 84.303
C 147.845 129.287 86.565
A 145.698 130.424 89.491
R 146.273 133.044 92.186
C 144.881 133.113 95.695
P 142.057 135.684 95.875
A 143.519 137.515 98.874
P 147.041 138.612 99.844
F 148.78 137.283 102.96
T 146.111 134.607 103.423
R 146.712 130.866 103.739
D 143.375 129.701 102.265
C 142.155 129.694 98.676
F 138.933 128.885 96.802
D 140.163 128.898 93.222
V 139.368 125.591 91.455
T 135.931 126.955 90.572
S 135.126 125.854 87.028
T 133.86 128.16 84.257
T 133.991 131.221 86.538
Y 136.994 132.638 88.304
A 138.944 135.841 87.947
Y 142.627 135.74 88.843
R 143.344 132.662 86.694
G 145.084 132.596 83.348
Q 144.056 131.473 79.887
G 146.114 128.288 80.169
T 148.624 126.404 78.04
Q 147.865 123.048 76.448
V 149.833 119.904 77.183
T 149.151 116.795 75.111
V 150.8 113.392 75.318
