tag x y z
Q 121.602 142.389 182.576
V 121.153 138.718 181.744
Q 120.3 136.343 184.605
L 119.882 132.555 184.274
Q 118.876 130.918 187.542
E 118.414 127.142 187.634
S 116.179 125.399 190.136
G 115.6 121.72 190.739
G 117.689 118.64 191.385
G 119.003 117.025 194.529
L 119.945 113.676 195.986
V 118.371 110.776 194.095
Q 119.019 107.071 193.843
P 119.633 105.657 190.32
G 116.466 105.434 188.26
G 114.539 108.435 189.518
S 113.579 111.309 187.246
L 114.52 114.883 188.074
R 113.352 118.038 186.324
L 115.85 120.834 185.751
S 114.125 124.099 184.874
C 115.797 127.484 184.479
A 113.919 130.757 184.072
A 115.668 133.529 182.167
S 115.657 137.243 182.912
G 116.873 140.204 180.895
F 116.585 139.18 177.236
T 114.213 138.026 174.516
F 114.175 134.268 175.019
S 113.181 133.303 171.48
N 116.065 134.884 169.549
Y 118.729 132.924 171.398
K 119.872 129.34 171.259
M 119.993 127.832 174.745
N 122.098 124.858 175.874
W 122.824 122.535 178.793
V 126.361 122.374 180.126
R 127.408 120.11 182.973
Q 130.577 119.886 185.036
A 131.551 116.499 186.409
P 133.994 116.424 189.38
G 137.607 116.411 188.237
K 137.087 117.529 184.631
G 136.12 120.49 182.453
L 132.755 121.745 181.324
E 130.82 119.261 179.218
W 128.038 120.179 176.836
V 124.909 118.068 177.09
S 122.037 119.318 174.982
D 120.846 122.209 172.847
I 117.641 123.573 171.347
S 117.303 126.261 168.701
Q 115.123 129.355 168.528
S 111.618 127.96 167.997
G 112.33 124.454 169.239
A 113.167 123.033 165.822
S 116.378 121.079 166.36
I 117.449 119.105 169.423
S 120.797 117.385 169.848
Y 122.622 115.509 172.583
T 125.914 113.92 173.386
G 126.303 110.174 173.103
S 125.929 109.279 176.763
V 122.526 110.98 177.172
K 121.123 110.307 173.696
G 118.371 107.909 174.714
R 117.681 109.155 178.221
F 117.261 112.921 178.491
T 114.771 115.154 176.693
I 114.495 118.946 176.571
S 112.08 121.619 175.412
R 111.767 125.377 175.653
D 108.637 127.409 176.267
N 109.144 130.879 174.832
A 105.973 132.256 176.46
K 107.25 131.745 180.015
N 111.024 132.215 179.363
T 111.939 128.716 180.567
L 114.145 125.785 179.54
Y 113.844 122.207 180.824
L 115.883 118.994 180.977
Q 113.54 116.138 181.808
M 115.923 113.574 183.245
N 115.31 109.836 182.978
S 117.21 106.736 184.215
L 120.003 108.449 186.109
K 123.366 106.831 186.648
P 126.042 107.877 189.17
E 128.171 109.002 186.242
D 125.71 111.924 185.976
T 126.658 113.359 189.369
A 127.543 116.859 188.213
V 126.599 120.551 188.336
Y 124.198 121.641 185.594
Y 124.404 125.144 184.11
C 121.851 126.452 181.661
A 123.847 128.313 179.059
R 122.941 130.914 176.471
C 124.817 131.559 173.365
P 126.281 134.949 172.67
A 124.508 136.075 169.497
P 120.911 136.078 168.404
F 119.69 134.666 165.054
T 122.838 132.586 164.635
R 123.518 128.915 164.07
D 126.926 128.946 165.76
C 127.345 128.989 169.517
F 130.978 129.608 170.397
D 132.49 129.666 173.888
V 129.513 128.153 175.725
T 131.596 125.489 177.488
S 134.503 127.763 178.371
T 135.79 128.478 181.864
T 134.675 132.099 182.306
Y 131.756 132.416 179.903
A 129.448 135.25 180.875
Y 125.879 134.228 179.959
R 126.014 130.932 181.859
G 124.037 130.209 185.017
Q 125.208 129.311 188.496
G 124.262 125.667 188.522
T 122.438 123.073 190.589
Q 124.118 120.032 192.09
V 122.471 116.875 190.762
T 123.9 113.989 192.765
V 122.865 110.434 192.007
