tag x y z
E 35.118 7.243 69.324
V 34.832 10.974 68.577
Q 35.718 13.489 71.312
L 35.192 16.795 69.425
V 31.992 17.213 67.381
E 30.961 20.266 65.382
S 27.311 20.933 64.559
G 25.392 23.832 63.034
G 26.253 24.513 59.588
G 24.596 24.167 56.234
L 23.3 26.665 53.686
V 23.594 30.425 54.233
Q 22.561 33.361 52.027
P 25.199 35.977 51.123
G 24.969 38.595 53.837
G 23.551 36.085 56.332
S 24.986 34.683 59.553
L 25.584 31.192 60.829
R 26.324 29.952 64.334
L 28.429 26.822 64.769
S 28.894 24.803 67.942
C 31.477 22.266 69.061
A 30.848 19.797 71.882
A 33.786 18.316 73.778
S 33.797 15.026 75.665
D 35.681 16.785 78.48
F 36.679 20.224 79.756
S 40.4 19.338 79.606
F 40.039 19.992 75.847
Y 39.914 23.707 76.749
D 43.352 23.335 78.383
Y 45.032 25.324 77.18
E 43.217 26.478 74.037
M 40.265 25.634 71.804
S 40.222 27.091 68.31
W 37.995 27.532 65.295
V 39.778 26.82 62.028
R 38.407 26.697 58.515
Q 39.466 25.492 55.116
A 38.08 27.106 51.947
P 38.397 25.421 48.527
G 41.626 26.414 46.821
K 42.991 27.919 50.017
A 45.277 27.155 52.944
L 44.14 26.303 56.46
E 43.005 29.527 58.145
W 42.787 29.967 61.908
I 39.741 32.076 62.82
G 40.07 32.514 66.559
S 40.692 30.815 69.859
M 39.231 30.686 73.296
Y 41.756 30.118 76.037
H 41.337 28.32 79.33
S 40.714 31.684 81.047
G 37.592 32.327 78.99
R 39.246 35.121 77.022
T 39.351 35.017 73.225
Y 41.706 36.175 70.482
I 40.397 36.556 66.934
N 42.36 36.597 63.683
P 42.98 40.363 63.362
S 41.837 40.355 59.722
L 38.432 38.826 60.671
K 37.651 40.308 64.08
S 34.86 42.579 62.786
L 32.922 39.5 61.587
V 33.526 36.844 64.283
T 32.511 36.167 67.912
I 33.502 33.119 70.0
S 31.844 32.04 73.26
R 31.672 29.043 75.579
D 29.085 27.254 77.726
N 31.155 25.533 80.393
S 28.428 23.21 81.719
K 27.861 21.749 78.225
N 31.613 21.737 77.341
T 30.587 23.575 74.173
L 32.25 26.323 72.143
Y 30.333 28.616 69.774
L 31.372 30.442 66.618
Q 29.194 33.264 65.295
M 29.976 34.935 61.954
N 28.056 37.725 60.191
S 27.923 39.216 56.696
L 29.026 35.983 55.065
R 30.278 35.971 51.477
A 31.208 33.323 48.914
E 34.759 33.319 50.368
D 33.346 31.987 53.638
T 32.284 28.664 52.059
A 34.526 26.179 53.836
M 34.906 23.187 56.097
Y 34.877 24.555 59.649
Y 36.828 22.66 62.289
C 37.215 22.763 66.049
V 40.842 22.189 67.108
S 42.183 21.727 70.633
N 45.683 23.158 71.279
W 46.048 24.463 67.721
A 48.973 26.661 68.777
S 51.034 23.547 69.641
G 51.393 22.565 65.965
S 50.228 19.508 64.035
T 51.986 17.126 66.456
G 50.37 18.456 69.614
D 46.79 19.312 68.621
Y 43.442 17.507 68.519
W 41.001 17.89 65.618
G 37.224 17.636 65.357
Q 35.506 16.087 62.361
G 34.435 19.333 60.715
T 31.167 20.789 59.477
L 30.633 22.206 55.994
V 29.244 25.728 55.548
T 28.108 26.683 52.032
V 27.253 30.239 50.947
S 25.308 31.124 47.793
S 21.912 32.25 46.437
