tag x y z
V 160.949 193.471 178.71
Q 162.989 190.42 177.714
L 165.983 192.339 176.318
V 166.763 196.067 176.556
E 169.776 198.388 176.539
S 170.917 201.387 178.567
G 173.589 204.083 178.625
G 174.718 206.336 175.798
G 173.802 209.928 175.02
L 177.05 211.751 174.235
V 180.407 209.98 174.565
Q 183.489 212.003 175.496
P 186.581 210.915 173.516
G 189.473 209.66 175.63
G 187.327 209.168 178.72
S 185.566 206.082 180.035
L 181.801 205.533 179.856
R 180.052 202.706 181.722
L 177.492 201.563 179.16
S 174.795 199.075 180.152
C 172.516 196.49 178.533
A 169.832 195.177 180.889
A 167.398 192.283 180.387
S 164.791 190.183 182.2
D 166.46 186.788 182.699
F 169.659 184.888 181.955
S 167.719 182.092 180.218
F 167.273 184.433 177.224
Y 171.06 184.866 176.898
D 171.62 182.233 174.196
Y 173.83 182.591 172.491
E 175.557 185.951 172.132
M 175.734 189.603 173.121
S 177.168 192.236 170.81
W 177.446 196.003 170.574
V 177.683 196.774 166.868
R 177.288 199.635 164.406
Q 175.472 200.016 161.082
A 177.053 203.021 159.397
P 175.468 204.48 156.236
G 177.21 202.857 153.284
K 179.726 200.944 155.396
A 179.462 197.163 155.423
L 178.705 195.082 158.502
E 181.029 196.173 161.309
W 180.694 194.65 164.775
I 182.491 196.407 167.617
G 181.728 193.836 170.324
S 180.702 190.222 170.773
M 179.981 188.834 174.254
Y 179.405 185.089 173.952
H 177.194 182.717 175.929
S 180.274 180.75 177.052
G 181.769 183.806 178.772
R 184.073 184.66 175.863
T 184.822 187.998 174.192
Y 186.601 187.66 170.832
I 187.062 191.042 169.164
N 188.951 192.413 166.168
P 192.653 192.344 167.214
S 192.88 196.092 166.576
L 189.882 196.705 168.873
K 189.969 194.267 171.814
S 192.875 196.173 173.374
L 190.82 199.384 173.128
V 187.766 197.705 174.717
T 187.267 196.689 178.341
I 184.983 193.737 179.083
S 182.755 193.096 182.099
R 179.655 190.893 182.347
D 177.037 190.98 185.112
N 174.251 188.594 186.101
S 172.154 190.518 188.65
K 170.583 192.773 186.016
N 172.375 190.779 183.27
T 174.069 193.98 182.097
L 177.308 194.339 180.139
Y 179.966 196.928 181.021
L 182.073 198.21 178.118
Q 184.272 201.306 177.878
M 185.316 203.206 174.745
N 188.224 205.66 174.602
S 189.696 207.842 171.845
L 186.396 207.928 169.993
R 186.09 208.654 166.273
A 183.38 209.707 163.829
E 183.268 206.256 162.196
D 181.208 205.045 165.178
T 178.625 207.839 164.72
A 175.466 205.779 164.266
M 172.445 204.514 166.201
Y 174.71 202.547 168.522
Y 172.844 199.306 169.239
C 173.177 196.657 171.925
V 172.279 193.577 169.871
S 172.02 190.346 171.836
N 172.845 187.467 169.467
W 173.941 189.771 166.653
A 175.248 186.871 164.55
S 171.892 185.057 164.934
G 170.277 187.358 162.411
S 167.477 189.869 162.764
T 164.848 187.539 164.29
G 166.56 186.032 167.346
D 167.862 189.403 168.529
Y 166.731 192.639 170.171
W 167.587 196.101 168.845
G 167.926 198.686 171.6
Q 166.812 202.297 171.733
G 170.155 203.542 170.401
T 172.469 206.459 171.096
L 175.067 208.568 169.286
V 178.854 208.939 169.315
T 179.936 212.436 168.253
V 183.317 214.172 168.436
S 183.304 217.939 168.949
