tag x y z
Q 122.657 126.921 87.923
V 122.487 130.51 89.184
Q 121.913 132.84 86.226
L 121.616 136.638 86.365
Q 120.48 138.133 83.047
E 120.019 141.882 82.609
S 117.438 143.419 80.28
G 117.208 146.823 78.638
G 119.806 149.45 77.874
G 120.211 151.557 74.745
L 121.778 154.74 73.423
V 119.914 157.598 75.13
Q 120.8 161.282 74.976
P 121.049 163.229 78.277
G 117.71 162.964 80.019
G 115.092 160.323 79.395
S 114.317 157.139 81.295
L 115.769 153.628 81.109
R 114.456 150.518 82.878
L 117.102 147.871 83.587
S 115.47 144.519 84.38
C 117.386 141.719 86.111
A 116.378 138.108 85.45
A 117.195 135.793 88.361
S 116.952 132.005 88.309
G 118.37 128.994 90.114
F 117.986 130.386 93.641
T 115.444 131.811 96.063
F 115.089 135.49 95.171
S 113.682 136.668 98.509
N 116.41 135.354 100.82
Y 119.396 137.001 99.131
K 120.328 140.683 99.144
M 121.095 142.144 95.713
N 122.784 145.261 94.358
W 123.891 146.997 91.162
V 127.503 147.617 90.117
R 128.89 149.759 87.289
Q 131.975 149.516 85.07
A 132.992 152.757 83.378
P 135.381 152.604 80.403
G 138.955 153.153 81.53
K 138.075 152.838 85.229
G 137.38 150.187 87.865
L 134.205 148.829 89.415
E 131.862 150.866 91.602
W 128.703 150.267 93.631
V 125.432 151.949 92.657
S 122.594 150.833 94.933
D 121.395 147.906 97.024
I 118.143 146.644 98.535
S 117.617 144.152 101.356
Q 115.255 141.166 101.417
S 112.081 143.123 102.175
G 113.042 146.16 100.095
A 112.619 148.765 102.855
S 116.367 149.164 103.481
I 117.269 150.917 100.23
S 120.59 152.762 100.039
Y 122.334 154.653 97.253
T 125.835 155.67 96.238
G 127.17 159.201 96.51
S 127.303 159.824 92.761
V 123.545 159.382 92.206
K 120.952 160.153 94.882
G 117.637 161.004 93.22
R 118.422 160.102 89.617
F 117.921 156.351 90.175
T 115.133 154.19 91.596
I 115.938 150.586 92.559
S 113.178 148.127 93.454
R 112.543 144.385 93.442
D 109.645 142.079 92.568
N 110.236 138.969 94.675
A 107.268 137.145 93.119
K 108.579 137.318 89.54
N 112.279 137.17 90.557
T 113.189 140.515 89.006
L 115.346 143.463 90.056
Y 114.863 146.92 88.548
L 116.788 150.207 88.554
Q 114.511 152.979 87.285
M 116.918 155.659 86.057
N 116.157 159.162 84.797
S 117.918 162.506 84.322
L 120.992 160.736 82.971
K 124.467 162.256 82.72
P 127.353 161.584 80.311
E 129.339 160.065 83.194
D 126.857 157.154 83.37
T 128.209 155.359 80.281
A 129.136 152.186 82.168
V 128.093 148.523 82.134
Y 125.527 147.533 84.758
Y 125.825 144.128 86.431
C 123.061 142.707 88.632
A 125.262 141.41 91.434
R 124.05 139.375 94.41
C 125.513 138.953 97.879
P 126.669 135.338 98.369
A 125.393 134.346 101.803
P 121.62 134.122 102.326
F 120.074 135.801 105.376
T 122.837 138.319 106.031
R 123.565 142.027 105.633
D 127.25 141.795 104.639
C 128.711 140.842 101.268
F 131.934 141.466 99.33
D 130.761 141.826 95.722
V 132.822 144.613 94.147
T 135.815 142.398 93.386
S 137.71 143.185 90.189
T 138.248 139.469 89.571
T 135.366 137.536 88.007
Y 132.781 137.499 90.78
A 130.796 134.293 90.407
Y 127.298 135.582 91.146
R 126.797 138.33 88.566
G 125.893 138.593 84.898
Q 127.81 139.81 81.875
G 126.066 143.183 82.054
T 124.247 145.418 79.58
Q 125.812 148.475 77.945
V 124.177 151.882 78.392
T 125.598 154.782 76.374
V 124.792 158.447 76.964
