tag x y z
Q 121.032 53.517 101.757
V 120.315 57.317 101.964
Q 123.211 58.94 103.876
L 124.109 62.658 104.385
Q 127.53 63.176 106.04
E 128.552 66.791 106.89
S 132.169 68.031 107.372
G 133.584 71.292 108.813
G 132.3 73.323 111.775
G 133.782 73.737 115.281
L 135.464 76.459 117.379
V 135.721 79.893 115.683
Q 135.882 83.589 116.752
P 132.902 85.951 116.17
G 133.016 87.44 112.621
G 135.052 84.41 111.346
S 134.532 82.509 108.038
L 133.442 78.832 108.299
R 132.468 76.379 105.508
L 130.327 73.236 105.902
S 130.353 70.473 103.225
C 127.476 67.923 103.236
A 128.594 64.771 101.326
A 125.283 63.184 100.138
S 125.088 59.521 99.016
G 122.557 56.741 98.275
F 120.296 58.934 96.089
T 120.429 61.062 92.922
F 121.552 64.469 94.338
S 120.512 66.4 91.173
N 116.78 65.44 91.587
Y 116.174 66.625 95.197
K 115.869 70.136 96.645
M 118.4 70.403 99.53
N 118.175 72.428 102.787
W 120.171 73.483 105.886
V 118.682 73.216 109.384
R 120.244 74.183 112.719
Q 119.3 73.397 116.33
A 120.539 75.977 118.88
P 121.351 74.434 122.309
G 118.102 74.082 124.354
K 115.973 75.129 121.324
G 113.809 73.666 118.517
L 115.056 72.763 115.006
E 115.204 75.86 112.729
W 115.32 76.039 108.899
V 118.324 78.082 107.618
S 118.436 77.939 103.803
D 117.43 75.835 100.763
I 118.67 75.391 97.163
S 116.779 73.983 94.13
Q 117.859 71.009 91.906
S 119.968 73.304 89.614
G 120.718 76.162 92.129
A 118.603 78.778 90.23
S 116.295 79.268 93.283
I 117.759 80.011 96.786
S 116.091 81.107 100.095
Y 117.277 82.159 103.594
T 115.711 82.493 107.049
G 116.425 86.258 107.335
S 118.777 86.098 110.356
V 121.521 84.68 107.984
K 120.589 86.675 104.812
G 123.702 88.484 103.471
R 126.085 86.386 105.7
F 125.52 82.722 104.526
T 125.999 81.413 100.951
I 124.539 78.022 99.916
S 125.937 76.327 96.8
R 125.415 72.76 95.528
D 127.731 70.746 93.26
N 125.715 68.121 91.314
A 128.999 66.782 89.805
K 130.546 65.995 93.264
N 127.123 65.351 95.034
T 128.03 67.953 97.725
L 126.127 70.723 99.535
Y 127.858 73.848 100.916
L 127.045 76.565 103.44
Q 129.672 79.361 103.366
M 129.587 81.393 106.638
N 131.131 84.909 106.335
S 130.316 87.08 109.421
L 129.501 84.716 112.322
K 127.709 85.822 115.535
P 127.571 84.184 119.016
E 123.788 83.618 118.261
D 124.81 81.281 115.33
T 126.171 78.497 117.662
A 124.144 75.302 116.916
V 124.295 71.807 115.347
Y 123.915 72.203 111.539
Y 122.096 69.337 109.781
C 122.006 69.105 105.95
A 118.376 68.119 105.172
R 116.817 66.817 101.92
C 113.321 67.156 100.458
P 111.288 63.943 100.936
A 110.221 63.662 97.23
P 112.454 63.875 94.111
F 110.767 66.449 91.741
T 108.813 68.714 94.078
R 108.808 72.425 94.979
D 107.629 71.621 98.586
C 109.844 70.531 101.539
F 107.541 68.982 104.158
D 108.762 67.903 107.631
V 112.504 68.838 107.035
T 112.745 70.453 110.52
S 110.769 67.605 112.21
T 112.05 66.032 115.466
T 112.603 62.572 113.808
Y 112.947 63.373 110.047
A 114.602 60.469 108.128
Y 116.539 62.286 105.323
R 118.665 64.562 107.577
G 122.349 64.165 108.467
Q 123.879 63.581 111.929
G 125.029 67.255 111.852
T 128.219 69.201 112.727
Q 128.491 71.333 115.915
V 129.374 74.964 114.971
T 130.482 76.527 118.309
V 131.29 80.232 117.664
S 132.765 82.173 120.636
S 135.68 84.49 121.662
