tag x y z
Q 121.388 53.893 101.409
V 120.564 57.7 101.567
Q 123.464 59.297 103.531
L 124.413 62.993 104.178
Q 127.819 63.573 105.906
E 128.378 67.311 106.606
S 131.949 68.664 106.992
G 133.386 71.991 108.238
G 132.374 73.81 111.417
G 134.407 74.778 114.494
L 135.341 77.957 116.441
V 135.63 81.156 114.356
Q 135.82 84.721 115.8
P 132.78 86.895 114.872
G 133.042 88.217 111.27
G 134.846 84.962 110.2
S 134.277 82.778 107.08
L 133.333 79.078 107.254
R 132.602 76.592 104.424
L 130.106 73.793 105.264
S 130.138 70.941 102.723
C 127.415 68.26 102.535
A 128.542 65.136 100.595
A 125.319 63.32 99.552
S 125.334 59.544 98.808
G 122.881 56.804 97.753
F 120.517 59.004 95.654
T 120.375 61.159 92.491
F 121.508 64.522 93.96
S 120.249 66.507 90.927
N 116.505 65.983 91.72
Y 115.983 67.016 95.344
K 115.558 70.623 96.586
M 118.407 70.589 99.148
N 117.981 72.744 102.359
W 120.069 73.865 105.38
V 118.652 73.77 108.936
R 120.23 74.628 112.287
Q 119.444 74.038 115.963
A 120.455 76.724 118.497
P 121.499 75.532 122.004
G 118.313 74.848 124.07
K 116.121 75.779 121.06
G 113.964 74.086 118.361
L 115.067 73.359 114.748
E 114.766 76.322 112.36
W 115.208 76.588 108.604
V 118.205 78.514 107.19
S 118.204 78.293 103.37
D 117.336 76.08 100.38
I 118.262 75.72 96.704
S 116.288 74.343 93.707
Q 117.18 71.2 91.656
S 119.5 73.044 89.19
G 120.27 75.941 91.624
A 117.801 78.358 89.942
S 115.683 79.671 92.844
I 117.402 80.317 96.198
S 115.782 81.5 99.441
Y 117.126 82.376 102.913
T 115.508 82.75 106.346
G 116.318 86.504 106.31
S 118.258 86.389 109.615
V 121.264 85.243 107.442
K 120.26 86.955 104.126
G 123.343 88.577 102.554
R 125.661 86.914 105.138
F 125.287 83.296 103.794
T 125.9 81.866 100.288
I 124.521 78.439 99.193
S 125.507 76.543 96.043
R 125.13 72.957 94.805
D 127.669 71.04 92.708
N 125.833 68.323 90.727
A 129.234 67.17 89.325
K 130.477 65.732 92.715
N 126.95 65.622 94.354
T 127.892 68.182 97.048
L 126.061 71.03 98.799
Y 127.821 74.16 100.17
L 127.046 76.976 102.623
Q 129.654 79.782 102.294
M 129.559 81.904 105.495
N 130.759 85.563 105.223
S 129.889 87.315 108.544
L 129.191 85.409 111.794
K 127.266 86.67 114.86
P 127.184 85.0 118.306
E 123.449 84.244 117.455
D 124.737 81.885 114.663
T 126.093 79.338 117.253
A 124.114 76.156 116.403
V 124.472 72.694 114.785
Y 123.896 72.807 111.0
Y 122.063 69.801 109.479
C 122.109 69.298 105.67
A 118.413 68.495 105.071
R 117.124 66.905 101.811
C 113.693 67.277 100.222
P 111.597 64.047 100.587
A 109.988 63.798 97.121
P 112.297 64.01 94.064
F 110.571 66.448 91.596
T 108.547 68.945 93.624
R 109.086 72.511 94.731
D 107.284 71.91 98.078
C 109.414 70.692 101.064
F 107.196 69.397 103.928
D 108.825 68.253 107.238
V 112.521 69.316 106.751
T 112.584 71.054 110.196
S 110.697 68.113 111.83
T 112.058 66.702 115.166
T 112.805 63.22 113.661
Y 113.167 63.837 109.878
A 114.728 60.857 108.018
Y 116.624 62.586 105.184
R 118.689 64.991 107.332
G 122.423 64.782 108.006
Q 124.209 64.009 111.308
G 125.149 67.716 111.689
T 128.327 69.745 112.457
Q 128.629 72.152 115.446
V 129.229 75.745 114.223
T 130.146 77.859 117.288
V 131.565 81.42 117.253
S 133.847 82.913 119.979
S 137.26 84.595 120.565
