tag x y z
Q 152.056 158.262 204.68
V 150.998 154.861 203.361
Q 150.337 152.487 206.255
L 149.165 148.911 206.764
Q 147.987 147.135 209.913
E 147.333 143.45 210.542
S 145.693 141.426 213.305
G 144.633 137.872 214.083
G 146.731 134.868 214.969
G 147.244 132.973 218.205
L 147.945 129.345 219.022
V 145.721 126.935 217.082
Q 145.868 123.161 216.803
P 146.723 121.709 213.37
G 143.619 121.484 211.227
G 141.971 124.268 213.233
S 140.503 127.602 212.193
L 141.766 131.184 212.069
R 141.171 134.494 210.296
L 143.452 137.385 209.314
S 142.228 140.97 208.945
C 144.007 143.794 207.118
A 143.385 147.5 207.751
A 144.589 150.217 205.381
S 144.617 154.008 205.48
G 146.14 156.938 203.628
F 145.003 155.816 200.166
T 141.968 154.671 198.213
F 141.452 150.934 198.672
S 139.708 150.211 195.351
N 142.571 151.1 193.01
Y 145.205 148.629 194.202
K 145.253 144.857 194.111
M 145.931 143.269 197.485
N 147.631 139.964 198.243
W 149.05 137.993 201.17
V 152.768 137.266 201.586
R 153.873 134.946 204.388
Q 157.455 134.4 205.535
A 158.189 131.133 207.313
P 161.085 131.191 209.81
G 164.488 131.104 208.153
K 162.918 131.254 204.684
G 162.428 133.822 201.967
L 159.183 135.644 201.324
E 156.484 133.397 199.843
W 153.368 134.433 197.912
V 149.914 133.061 198.726
S 146.835 134.694 197.215
D 145.778 137.903 195.466
I 142.557 139.803 194.852
S 142.178 142.48 192.176
Q 140.323 145.799 192.25
S 136.873 144.2 192.541
G 137.47 140.495 193.15
A 136.879 139.078 189.686
S 140.153 137.118 189.693
I 141.273 135.193 192.78
S 144.273 132.867 192.731
Y 146.127 130.822 195.326
T 149.472 129.199 195.862
G 148.949 125.483 195.377
S 150.054 124.6 198.901
V 147.311 126.89 200.237
K 144.4 126.399 197.813
G 141.661 124.063 198.973
R 141.778 125.303 202.574
F 142.143 129.107 202.642
T 140.001 131.804 201.05
I 140.329 135.553 200.546
S 137.877 138.437 200.526
R 137.934 142.129 199.681
D 135.422 144.77 200.742
N 136.119 148.33 199.61
A 133.34 149.823 201.75
K 134.88 148.536 204.988
N 138.365 149.508 203.705
T 139.741 146.133 204.827
L 141.064 142.837 203.465
Y 140.14 139.353 204.718
L 142.052 136.069 204.596
Q 140.277 133.099 206.15
M 142.842 130.696 207.59
N 141.105 127.452 208.598
S 142.111 123.81 208.026
L 145.669 124.364 209.196
K 148.865 122.423 208.548
P 151.94 122.249 210.811
E 154.162 123.411 207.918
D 152.896 126.981 207.388
T 153.611 128.724 210.701
A 154.769 132.119 209.532
V 154.619 135.906 209.716
Y 151.895 137.325 207.474
Y 152.26 140.568 205.509
C 149.165 142.041 203.859
A 151.12 143.092 200.797
R 150.049 146.029 198.63
C 151.146 146.57 195.045
P 152.226 150.134 194.271
A 150.86 150.696 190.751
P 147.256 152.064 190.689
F 144.635 151.367 188.03
T 146.566 148.392 186.651
R 146.864 144.654 187.252
D 150.622 144.586 186.56
C 153.118 145.608 189.245
F 156.417 143.988 190.207
D 157.764 144.356 193.716
V 155.704 142.348 196.223
T 158.061 139.684 197.659
S 161.302 141.389 198.639
T 163.066 142.561 201.772
T 163.503 146.097 200.406
Y 159.845 146.709 199.512
A 158.143 149.614 201.263
Y 154.358 149.138 201.069
R 154.135 146.155 203.423
G 153.056 145.837 207.029
Q 154.814 144.416 210.05
G 152.371 141.524 209.694
T 151.148 139.118 212.336
Q 152.67 135.869 213.559
V 150.611 132.702 213.066
T 151.873 129.716 215.06
V 150.527 126.185 214.565
S 151.66 123.404 216.891
S 150.412 120.291 218.657
