tag x y z
E 193.931 151.234 101.129
V 193.254 152.831 97.736
Q 192.549 156.452 96.809
L 191.724 156.46 93.064
V 191.272 160.239 93.203
E 192.683 163.368 91.537
S 192.777 162.059 87.959
G 192.875 164.873 85.411
G 194.46 168.242 84.801
G 194.516 171.159 82.414
L 196.64 173.627 80.485
V 196.84 177.416 80.177
Q 193.288 178.416 79.18
P 192.544 181.938 80.431
G 188.91 182.978 80.581
G 187.738 179.437 79.773
S 186.678 176.597 82.042
L 188.069 173.425 83.605
R 186.479 169.963 83.526
L 188.462 168.844 86.597
S 186.75 165.724 87.933
C 188.065 163.315 90.575
A 186.367 159.947 91.054
A 186.411 157.667 94.101
S 187.15 153.967 94.464
D 184.464 151.495 95.516
S 184.572 151.662 99.318
S 182.361 152.521 102.307
F 182.106 156.229 101.485
Y 178.855 157.481 103.028
D 179.563 160.719 104.948
Y 182.468 161.841 102.756
E 183.127 165.571 102.308
M 185.11 166.182 99.123
S 186.644 169.621 98.611
W 189.294 171.422 96.558
V 192.42 172.872 98.185
R 195.091 174.868 96.373
Q 198.787 174.15 96.916
V 200.46 177.301 95.595
P 203.839 177.819 97.339
G 203.147 180.478 99.97
K 199.371 179.992 100.359
T 198.706 176.433 101.546
P 195.199 176.641 103.118
E 192.334 177.053 100.649
W 188.661 176.016 100.492
I 186.546 176.025 97.33
G 183.661 173.552 97.422
S 181.637 171.366 99.754
M 180.133 167.874 99.515
Y 177.641 167.632 102.367
P 175.846 164.247 102.193
S 172.388 165.874 102.231
G 173.03 167.183 98.696
R 173.312 170.881 99.53
T 176.584 172.709 98.91
Y 178.263 175.852 100.229
I 180.406 178.16 98.092
N 183.023 180.461 99.58
P 181.975 184.109 100.068
S 184.859 185.215 97.828
L 183.787 183.391 94.648
K 180.054 183.9 95.084
S 178.0 182.772 92.07
L 181.224 181.864 90.267
V 181.635 178.116 90.874
T 178.842 175.577 90.347
I 179.097 172.005 91.651
S 176.772 169.148 90.684
R 176.546 165.604 92.04
D 176.964 162.724 89.582
N 176.558 159.03 90.418
S 176.495 157.49 86.927
E 180.145 156.363 86.91
N 180.901 157.386 90.53
M 182.778 160.541 89.546
L 182.248 164.018 90.981
Y 182.009 166.911 88.523
L 182.939 170.57 88.942
Q 182.277 173.44 86.522
M 183.704 176.926 87.067
N 183.979 180.04 84.912
S 185.792 183.392 84.765
L 189.278 181.976 85.241
R 191.714 184.537 86.645
A 195.474 184.716 86.034
E 196.7 183.921 89.572
D 195.024 180.48 89.601
T 198.423 178.769 89.195
A 198.352 176.17 91.98
M 197.993 172.427 92.642
Y 194.394 171.39 93.287
Y 193.488 168.341 95.369
C 190.363 166.326 96.179
V 190.681 165.728 99.925
S 188.208 163.317 101.518
N 189.121 164.003 105.168
W 188.663 167.774 105.297
A 188.562 169.966 108.431
S 187.154 168.39 111.617
G 189.365 165.445 110.659
S 193.152 165.034 110.305
T 193.185 161.786 112.323
G 193.18 159.343 109.405
D 193.529 161.979 106.701
Y 194.934 161.008 103.303
W 195.81 163.116 100.263
G 196.6 162.475 96.607
Q 199.233 163.51 94.064
G 197.672 166.649 92.575
T 195.991 167.955 89.419
L 198.278 170.009 87.168
V 196.225 173.16 86.525
T 197.919 176.462 85.69
V 196.995 179.596 83.736
S 199.1 182.611 82.759
S 198.23 185.462 80.397
