tag x y z
E 197.723 148.243 99.303
V 196.67 151.834 98.571
Q 198.415 152.856 95.328
L 196.097 155.514 93.89
V 197.658 156.457 90.544
E 196.83 159.863 89.06
S 196.584 160.482 85.316
G 195.706 163.374 83.015
G 198.379 165.856 84.097
G 200.067 167.75 81.281
L 200.404 171.089 79.48
V 197.117 172.832 78.646
Q 196.729 176.349 77.263
P 194.623 178.86 79.242
G 190.979 178.108 78.481
G 191.064 174.336 78.027
S 189.323 171.649 80.065
L 191.668 169.298 81.937
R 190.265 165.909 82.989
L 192.215 164.302 85.829
S 191.502 160.813 87.156
C 192.928 158.894 90.133
A 192.628 155.152 89.522
A 192.291 153.397 92.88
S 193.152 149.899 94.041
D 190.709 147.017 93.602
S 189.231 147.156 97.109
S 186.366 148.674 99.116
F 187.514 152.286 98.791
Y 183.883 153.289 98.183
D 181.413 154.189 100.968
Y 184.043 156.683 102.202
E 185.156 160.227 101.475
M 187.202 161.145 98.401
S 188.824 164.554 98.017
W 191.092 166.513 95.687
V 193.766 168.976 96.787
R 196.254 171.223 94.993
Q 199.861 171.648 96.151
V 201.1 174.934 94.654
P 204.812 175.1 95.594
G 205.368 177.378 98.563
K 201.947 177.332 100.236
T 199.632 175.235 102.372
P 197.476 172.581 100.655
E 194.128 173.811 99.34
W 190.962 171.726 99.129
I 189.432 171.367 95.655
G 186.409 169.061 95.826
S 184.773 166.167 97.673
M 183.176 162.891 96.546
Y 180.882 162.021 99.49
P 179.516 158.447 99.339
S 175.887 159.575 99.03
G 176.691 161.258 95.716
R 176.449 164.919 96.679
T 179.722 166.579 95.654
Y 180.653 169.82 97.418
I 182.965 172.254 95.631
N 185.24 174.892 97.123
P 183.369 178.239 97.211
S 186.402 180.041 95.766
L 186.643 177.727 92.736
K 182.905 177.836 92.02
S 181.576 177.272 88.484
L 185.134 176.391 87.403
V 185.762 172.757 88.43
T 183.515 169.729 88.82
I 183.804 166.2 90.211
S 182.096 163.305 88.433
R 181.89 159.613 89.282
D 179.271 158.229 86.838
N 181.289 155.068 86.237
S 180.779 153.161 89.537
E 183.576 150.633 88.855
N 186.873 152.088 90.075
M 187.284 155.622 88.713
L 186.885 159.23 89.84
Y 187.058 162.163 87.431
L 187.85 165.841 88.009
Q 187.031 168.202 85.126
M 188.502 171.694 85.44
N 187.432 174.33 82.907
S 188.731 177.828 82.124
L 192.263 177.256 83.373
R 194.128 180.294 84.703
A 197.738 181.153 85.521
E 197.546 180.123 89.194
D 196.549 176.553 88.235
T 200.201 175.425 87.955
A 200.338 173.078 90.935
M 200.766 169.484 92.074
Y 197.357 167.802 92.269
Y 196.593 164.979 94.707
C 193.556 162.744 95.208
V 193.255 161.497 98.796
S 190.651 159.274 100.438
N 190.536 160.138 104.157
W 190.306 163.922 104.16
A 188.651 166.324 106.657
S 189.301 163.76 109.426
G 192.962 162.851 108.91
S 196.319 163.969 110.327
T 196.596 160.417 111.635
G 194.675 158.347 109.059
D 194.993 160.258 105.784
Y 196.56 158.42 102.837
W 198.124 160.901 100.412
G 198.619 158.967 97.183
Q 200.536 160.019 94.077
G 200.532 163.46 92.461
T 201.103 165.041 89.05
L 201.999 168.537 87.877
V 199.533 170.826 86.097
T 200.984 173.797 84.202
V 198.88 176.353 82.312
S 200.974 178.486 79.956
