tag x y z
Q 148.566 97.901 152.63
V 148.419 101.707 152.56
Q 151.192 102.879 154.897
L 152.033 106.529 155.594
Q 154.892 107.144 158.042
E 155.536 110.648 159.381
S 158.779 111.874 160.92
G 160.634 115.057 161.804
G 158.656 116.256 164.825
G 159.795 117.061 168.356
L 160.042 120.105 170.606
V 161.567 123.368 169.363
Q 161.78 127.07 170.278
P 159.465 129.721 168.794
G 160.759 131.237 165.573
G 162.695 128.146 164.484
S 162.19 125.812 161.551
L 161.439 122.137 160.979
R 161.221 119.66 158.099
L 158.456 117.052 158.292
S 158.837 113.977 156.082
C 156.02 111.669 154.947
A 156.979 108.307 153.431
A 154.328 106.386 151.489
S 154.16 102.661 150.799
G 151.67 100.322 149.154
F 150.407 102.495 146.287
T 151.435 104.754 143.412
F 152.424 108.01 145.105
S 152.521 109.922 141.801
N 148.785 109.356 141.174
Y 147.186 110.513 144.456
K 146.705 114.039 145.777
M 148.449 114.575 149.116
N 147.654 116.873 152.021
W 148.902 117.859 155.47
V 146.306 118.194 158.242
R 146.691 119.429 161.815
Q 145.004 118.411 165.078
A 145.442 120.708 168.069
P 145.403 119.307 171.628
G 141.842 119.73 172.849
K 140.543 120.834 169.43
G 139.336 119.189 166.237
L 141.077 118.388 162.978
E 142.1 121.394 160.879
W 143.33 121.129 157.293
V 146.621 122.949 156.647
S 147.897 122.354 153.115
D 147.482 120.195 150.03
I 149.328 119.457 146.791
S 148.185 117.655 143.642
Q 149.84 114.741 141.832
S 152.162 116.603 139.454
G 153.218 119.26 141.958
A 151.213 122.303 140.889
S 147.972 123.811 142.235
I 149.419 123.821 145.748
S 147.087 125.334 148.326
Y 147.365 126.345 151.978
T 145.038 127.563 154.695
G 144.893 131.238 155.593
S 146.678 130.686 158.908
V 149.854 129.215 157.343
K 150.313 131.324 154.199
G 153.897 132.523 153.861
R 155.338 130.325 156.627
F 154.89 126.681 155.545
T 155.866 125.139 152.207
I 154.955 121.64 151.006
S 156.615 119.743 148.158
R 156.696 116.17 146.886
D 159.308 113.942 145.239
N 157.863 111.15 143.096
A 161.283 109.591 142.444
K 161.472 108.499 146.097
N 157.732 108.852 146.888
T 158.231 111.372 149.688
L 156.298 114.409 150.927
Y 158.379 117.195 152.482
L 156.993 120.078 154.552
Q 159.288 122.933 155.585
M 157.962 125.003 158.501
N 159.59 128.394 159.1
S 158.856 131.027 161.763
L 157.035 128.723 164.159
K 154.604 130.215 166.68
P 153.658 128.822 170.119
E 150.103 128.209 168.868
D 151.342 125.621 166.33
T 152.069 122.822 168.825
A 149.918 119.959 167.537
V 149.778 116.577 165.768
Y 150.42 116.706 162.018
Y 148.904 114.029 159.772
C 149.862 113.101 156.207
A 146.605 112.405 154.362
R 146.05 110.915 150.909
C 143.264 111.516 148.416
P 140.721 108.654 148.451
A 140.15 108.514 144.686
P 142.969 108.77 142.127
F 142.931 110.972 139.025
T 140.459 113.318 140.729
R 140.361 116.967 141.796
D 138.244 116.451 144.936
C 139.187 114.537 148.093
F 136.344 113.994 150.565
D 136.612 113.173 154.281
V 140.322 114.019 154.518
T 139.625 115.575 157.944
S 137.356 112.86 159.36
T 137.972 111.571 162.876
T 138.266 107.93 161.749
Y 139.667 108.31 158.231
A 141.64 105.277 157.083
Y 144.107 106.727 154.543
R 146.119 108.64 157.139
G 149.201 107.966 159.221
Q 149.709 108.173 162.961
G 150.886 111.793 162.865
T 153.874 113.503 164.45
Q 153.89 115.809 167.475
V 155.333 119.314 167.06
T 155.756 121.303 170.281
V 156.686 124.998 170.247
S 157.788 126.238 173.673
S 160.868 127.216 175.679
