tag x y z
Q 97.512 174.491 139.42
V 100.826 175.732 140.815
Q 100.5 179.325 142.025
L 102.851 181.258 144.311
Q 101.712 184.475 146.002
E 104.062 186.958 147.68
S 102.884 189.312 150.426
G 104.572 192.28 152.068
G 107.087 194.533 150.364
G 106.642 198.27 150.052
L 108.818 201.233 150.897
V 111.224 200.665 153.788
Q 113.692 202.962 155.509
P 117.335 201.809 155.376
G 118.276 199.538 158.252
G 114.681 198.41 158.773
S 113.135 194.954 158.986
L 110.935 193.21 156.412
R 109.268 189.783 156.547
L 108.112 188.631 153.118
S 105.619 185.76 153.062
C 105.244 183.397 150.103
A 101.997 181.441 149.749
A 102.181 178.056 148.019
S 99.213 176.188 146.554
G 98.633 173.344 144.126
F 101.572 171.238 145.327
T 103.06 169.704 148.453
F 105.295 172.373 149.982
S 107.364 169.805 151.891
N 108.507 168.012 148.722
Y 110.241 170.895 146.904
K 113.328 172.979 147.561
M 112.381 176.662 147.645
N 114.348 179.737 146.59
W 114.058 183.519 146.726
V 115.223 185.59 143.75
R 115.298 189.35 143.206
Q 115.456 191.339 139.97
A 117.152 194.715 140.271
P 115.947 197.441 137.876
G 117.906 197.28 134.646
K 119.53 194.03 135.802
G 118.862 190.332 135.407
L 117.447 188.046 138.06
E 119.835 186.745 140.714
W 119.512 183.998 143.305
V 119.381 185.06 146.966
S 118.847 182.037 149.22
D 117.524 178.48 149.231
I 115.951 176.1 151.748
S 116.131 172.311 151.672
Q 113.045 170.11 151.932
S 113.438 169.684 155.705
G 115.327 172.954 156.224
A 118.592 171.189 157.09
S 120.471 172.686 154.115
I 120.058 176.474 153.971
S 122.421 178.748 152.048
Y 122.516 182.448 151.198
T 124.246 184.525 148.561
G 127.321 186.541 149.494
S 125.472 189.868 149.489
V 123.029 188.888 152.265
K 125.188 186.437 154.216
G 124.128 186.778 157.857
R 121.988 189.843 157.152
F 119.073 187.774 155.823
T 117.242 185.062 157.758
I 115.077 182.576 155.869
S 112.896 179.638 156.872
R 110.031 177.478 155.655
D 106.746 176.571 157.344
N 105.564 173.148 156.2
A 102.429 173.208 158.377
K 100.503 175.711 156.223
N 102.603 175.783 153.009
T 104.255 179.147 153.623
L 107.799 180.39 152.997
Y 109.22 183.198 155.149
L 112.152 185.52 154.445
Q 113.473 188.038 156.986
M 115.461 191.02 155.71
N 117.529 193.176 158.066
S 119.844 196.172 157.604
L 118.374 197.346 154.313
K 120.621 199.103 151.792
P 119.825 201.04 148.595
E 121.301 198.221 146.493
D 118.669 195.848 147.928
T 115.908 197.79 146.13
A 114.515 195.183 143.73
V 111.479 193.012 143.011
Y 111.688 189.826 145.073
Y 110.231 186.653 143.561
C 109.377 183.385 145.298
A 110.687 180.497 143.203
R 110.401 176.722 143.466
C 112.678 174.079 142.012
P 110.756 171.945 139.482
A 111.965 168.438 140.283
P 110.799 167.041 143.648
F 113.27 165.245 145.923
T 116.163 167.074 144.239
R 118.766 169.58 145.411
D 119.347 170.952 141.887
C 117.218 173.481 140.017
F 117.479 176.326 137.504
D 115.245 179.025 139.023
V 117.701 181.757 137.935
T 115.974 181.738 134.526
S 114.764 185.212 133.564
T 111.186 186.046 132.484
T 110.403 182.437 131.414
Y 109.511 180.39 134.496
A 106.052 179.056 135.336
Y 107.056 178.087 138.893
R 107.991 181.638 139.946
G 105.441 183.923 141.554
Q 104.63 187.456 140.478
G 106.651 188.901 143.36
T 106.583 192.118 145.357
Q 108.435 195.397 144.879
V 110.796 196.456 147.675
T 112.093 200.038 147.707
V 114.791 201.307 150.082
S 114.975 205.056 150.69
