tag x y z
Q 111.44 47.441 102.765
V 113.156 50.229 104.697
Q 115.097 48.463 107.45
L 117.838 50.049 109.541
Q 120.39 47.477 110.739
E 122.779 49.24 113.105
S 126.231 47.852 113.88
G 128.706 48.477 116.677
G 128.372 48.941 120.402
G 129.177 46.328 123.022
L 131.18 46.459 126.231
V 133.74 49.186 125.484
Q 135.739 51.014 128.154
P 135.174 54.787 128.508
G 137.525 56.921 126.451
G 137.879 54.232 123.772
S 137.02 54.807 120.129
L 134.034 53.085 118.533
R 132.664 53.033 114.982
L 128.872 53.228 114.808
S 127.305 52.257 111.496
C 123.84 51.423 110.205
A 123.027 49.421 107.08
A 120.337 51.931 106.018
S 118.942 50.339 102.865
G 115.53 50.567 101.24
F 115.667 54.337 100.699
T 117.806 56.59 98.524
F 120.63 57.665 100.834
S 121.733 60.615 98.687
N 118.36 62.337 99.139
Y 117.848 61.944 102.9
K 119.148 63.943 105.816
M 120.481 61.373 108.25
N 120.477 61.282 112.042
W 121.796 59.633 115.179
V 119.579 59.384 118.272
R 120.455 57.835 121.635
Q 118.162 56.54 124.382
A 119.392 55.806 127.889
P 117.257 53.489 130.067
G 114.841 55.539 132.141
K 115.816 58.749 130.323
G 114.164 58.895 126.894
L 115.119 59.357 123.27
E 117.855 61.981 122.915
W 119.163 63.411 119.655
V 122.923 63.103 119.095
S 123.888 64.368 115.639
D 122.631 64.98 112.123
I 124.191 65.054 108.676
S 122.488 66.592 105.656
Q 122.675 65.563 102.005
S 126.358 65.268 100.958
G 127.462 66.574 104.374
A 126.442 70.201 103.854
S 124.907 70.948 107.272
I 126.415 68.929 110.131
S 125.25 69.774 113.66
Y 125.688 68.004 116.982
T 124.137 67.876 120.401
G 126.085 69.669 123.082
S 126.974 66.491 124.95
V 129.092 65.171 122.059
K 129.805 68.303 119.983
G 133.509 68.563 120.776
R 134.15 64.812 120.805
F 132.058 63.125 118.063
T 132.262 63.225 114.29
I 129.744 61.851 111.794
S 130.329 60.783 108.193
R 128.048 59.367 105.524
D 128.622 57.4 102.33
N 126.208 58.141 99.496
A 127.759 55.538 97.18
K 127.903 52.739 99.766
N 124.466 53.746 101.172
T 125.764 53.672 104.754
L 125.814 56.138 107.668
Y 128.854 56.231 109.97
L 129.506 57.74 113.406
Q 132.929 57.943 115.032
M 132.922 58.181 118.823
N 135.959 59.591 120.647
S 136.868 60.113 124.34
L 133.672 58.762 125.857
K 132.518 59.791 129.3
P 130.484 57.011 130.985
E 127.35 59.193 130.956
D 126.425 58.303 127.349
T 125.912 54.557 127.864
A 122.66 54.935 125.883
V 121.155 52.814 123.109
Y 122.205 54.598 119.93
Y 119.843 54.58 116.953
C 120.309 55.891 113.435
A 117.208 58.01 113.197
R 116.387 58.978 109.643
C 114.519 62.145 108.752
P 111.09 61.425 107.25
A 111.077 63.575 104.125
P 114.214 63.624 101.934
F 114.361 66.997 100.157
T 113.286 69.047 103.182
R 115.845 70.726 105.432
D 113.716 69.997 108.517
C 113.825 66.706 110.421
F 110.905 65.743 112.685
D 110.303 63.045 115.255
V 113.592 61.172 115.305
T 113.423 61.417 119.105
S 109.755 60.398 119.007
T 108.622 57.208 120.717
T 108.032 54.256 118.311
Y 109.411 55.998 115.235
A 109.213 54.11 111.953
Y 112.491 55.258 110.349
R 114.487 54.444 113.468
G 116.451 51.219 113.742
Q 116.317 48.466 116.321
G 119.523 49.89 117.775
T 122.782 48.574 119.196
Q 123.453 48.626 122.929
V 126.485 50.809 123.648
T 127.491 49.986 127.228
V 130.443 51.818 128.788
S 131.744 51.133 132.295
