tag x y z
Q 123.91 141.366 97.961
V 125.006 144.909 98.79
Q 124.312 147.492 96.075
L 125.34 151.162 96.087
Q 124.615 153.136 92.902
E 125.687 156.754 92.348
S 124.3 159.547 90.191
G 124.784 163.23 89.458
G 128.08 163.817 87.648
G 128.988 166.035 84.742
L 131.061 169.004 83.611
V 130.955 172.395 85.335
Q 132.7 175.765 85.05
P 134.85 177.021 87.95
G 132.509 178.28 90.64
G 129.527 176.121 89.652
S 127.403 173.649 91.569
L 125.955 170.143 91.3
R 124.429 167.453 93.508
L 125.537 163.865 94.184
S 123.064 161.128 95.101
C 123.793 157.593 96.339
A 121.046 154.96 96.404
A 121.417 151.825 98.524
S 119.891 148.361 98.412
G 120.374 145.191 100.432
F 120.598 146.165 104.105
T 118.8 147.963 106.902
F 119.867 151.476 105.962
S 119.635 153.199 109.347
N 122.075 151.069 111.363
Y 125.218 151.954 109.412
K 127.605 154.894 109.263
M 128.32 156.32 105.799
N 131.258 158.109 104.146
W 132.437 159.845 100.963
V 135.618 159.071 98.995
R 137.207 160.323 95.779
Q 140.099 159.273 93.541
A 142.039 162.106 91.939
P 143.65 161.507 88.526
G 147.152 160.547 89.612
K 146.806 159.814 93.32
G 145.423 157.333 95.848
L 142.106 157.142 97.651
E 141.223 160.188 99.756
W 138.594 161.054 102.365
V 136.057 163.882 102.236
S 133.008 163.813 104.512
D 131.323 161.754 107.214
I 127.933 161.361 108.901
S 126.552 159.222 111.721
Q 123.645 156.805 112.198
S 121.049 159.395 113.23
G 122.099 162.632 111.54
A 123.573 164.643 114.429
S 127.328 164.13 114.027
I 129.15 165.616 111.035
S 132.81 165.833 110.073
Y 134.814 167.206 107.159
T 138.298 167.223 105.742
G 140.205 170.48 105.863
S 139.723 171.798 102.355
V 135.968 171.252 101.881
K 134.971 172.803 105.21
G 133.389 175.947 103.795
R 131.767 174.649 100.627
F 130.284 171.12 100.689
T 127.293 169.884 102.694
I 126.365 166.306 103.651
S 122.97 164.844 104.534
R 121.046 161.575 104.563
D 117.412 160.549 104.223
N 116.571 157.291 105.987
A 113.079 157.125 104.468
K 114.109 157.119 100.797
N 117.448 155.298 101.324
T 119.628 158.044 99.895
L 122.845 159.851 100.786
Y 123.549 163.383 99.539
L 126.366 165.838 98.932
Q 126.083 169.426 97.696
M 128.939 171.557 96.361
N 128.867 175.3 95.791
S 132.04 177.006 94.491
L 134.228 174.536 92.626
K 137.968 174.75 91.978
P 139.779 172.746 89.267
E 141.404 170.492 91.903
D 138.058 168.74 92.511
T 137.923 166.801 89.228
A 137.763 163.164 90.272
V 135.782 159.928 90.538
Y 133.415 159.69 93.5
Y 132.314 156.68 95.572
C 130.099 156.244 98.603
A 131.215 153.891 101.343
R 129.595 151.846 104.12
C 131.092 150.378 107.304
P 131.822 146.666 107.845
A 129.734 146.301 111.008
P 126.448 147.538 112.486
F 126.144 149.392 115.801
T 129.69 150.727 115.976
R 131.755 153.91 115.829
D 135.068 152.646 114.425
C 135.512 152.742 110.644
F 138.023 150.208 109.277
D 138.921 149.573 105.65
V 137.093 152.261 103.679
T 140.055 153.607 101.707
S 141.698 150.302 100.802
T 142.534 149.135 97.292
T 139.939 146.344 97.411
Y 136.857 146.498 99.644
A 133.464 144.905 99.175
Y 130.972 147.63 100.187
R 131.651 150.508 97.81
G 129.887 151.8 94.717
Q 131.161 151.975 91.155
G 131.482 155.766 91.167
T 130.783 158.859 89.103
Q 133.071 161.286 87.274
V 133.099 165.022 88.025
T 134.985 167.47 85.796
V 135.412 171.189 86.477
S 136.855 173.523 83.843
