tag x y z
Q 84.483 103.229 140.309
V 84.668 99.826 138.614
Q 83.316 97.77 141.504
L 82.647 94.029 141.847
Q 81.192 91.964 144.704
E 80.813 88.223 144.277
S 78.817 86.368 146.915
G 77.836 82.828 147.817
G 79.788 79.724 148.647
G 80.784 77.986 151.847
L 81.18 74.608 153.508
V 79.456 72.186 151.117
Q 79.828 68.41 151.062
P 80.882 66.716 147.799
G 78.014 66.319 145.362
G 76.284 69.465 146.619
S 75.127 72.562 144.776
L 76.114 76.212 145.082
R 75.1 79.541 143.559
L 77.684 82.283 143.024
S 76.261 85.733 142.283
C 78.483 88.603 141.14
A 77.046 92.115 141.402
A 78.802 94.645 139.183
S 78.631 98.431 139.397
G 80.424 101.294 137.691
F 80.213 99.986 134.122
T 77.706 98.916 131.491
F 77.177 95.206 132.12
S 75.902 94.372 128.631
N 79.005 95.578 126.783
Y 81.538 93.361 128.562
K 82.591 89.752 128.19
M 82.785 88.163 131.634
N 84.637 85.24 133.194
W 84.614 83.118 136.323
V 88.152 82.308 137.493
R 89.165 80.166 140.463
Q 92.349 80.088 142.548
A 93.127 76.811 144.297
P 95.251 76.894 147.47
G 98.96 76.591 146.767
K 98.492 77.105 143.028
G 98.079 79.81 140.425
L 94.842 81.175 139.04
E 93.013 79.166 136.387
W 90.16 80.257 134.145
V 86.915 78.387 134.856
S 84.181 79.746 132.595
D 83.439 82.427 130.002
I 80.345 84.258 128.792
S 79.411 86.51 125.869
Q 78.081 90.046 125.605
S 74.508 88.744 125.286
G 75.05 85.179 126.526
A 75.195 83.696 123.019
S 78.728 82.281 123.339
I 79.484 80.111 126.382
S 82.585 78.058 127.193
Y 83.938 76.182 130.208
T 87.117 74.488 131.335
G 87.216 70.734 130.832
S 87.137 70.111 134.582
V 83.837 71.971 135.063
K 82.295 70.958 131.727
G 78.873 69.377 132.161
R 78.668 70.386 135.838
F 78.941 74.206 135.969
T 76.64 76.73 134.297
I 77.146 80.466 133.733
S 74.434 83.046 133.067
R 73.922 86.806 132.856
D 71.079 89.082 133.93
N 71.728 92.338 132.082
A 68.617 94.081 133.424
K 69.484 93.234 137.035
N 73.213 93.492 136.15
T 74.502 90.255 137.674
L 76.597 87.243 136.697
Y 75.474 83.822 137.945
L 77.442 80.595 138.307
Q 75.497 77.459 139.229
M 77.929 74.884 140.623
N 76.749 71.273 140.626
S 78.345 67.919 141.464
L 81.094 69.432 143.596
K 84.418 67.62 144.041
P 87.169 67.995 146.666
E 89.402 69.432 143.928
D 86.829 72.211 143.4
T 87.801 74.033 146.612
A 89.179 77.423 145.563
V 88.582 81.16 145.831
Y 86.208 82.309 143.09
Y 86.439 85.611 141.199
C 84.193 87.262 138.627
A 86.574 88.9 136.154
R 85.591 91.468 133.547
C 87.445 91.552 130.267
P 89.26 94.905 129.935
A 87.544 96.35 126.901
P 83.979 96.463 125.544
F 82.914 94.979 122.208
T 85.88 92.585 122.184
R 86.093 88.8 121.972
D 89.553 88.735 123.603
C 90.809 89.483 127.102
F 93.812 88.838 129.348
D 92.169 88.565 132.778
V 93.973 85.595 134.374
T 96.598 87.94 135.824
S 98.801 86.143 138.334
T 98.963 88.928 140.928
T 97.066 92.144 140.106
Y 94.175 92.41 137.659
A 92.334 95.681 138.184
Y 88.838 94.535 137.171
R 88.657 91.606 139.573
G 86.547 90.795 142.613
Q 87.689 90.231 146.177
G 86.813 86.537 146.27
T 84.41 84.053 147.852
Q 86.38 81.103 149.179
V 84.591 77.798 148.567
T 85.374 74.579 150.447
V 84.301 71.076 149.434
S 85.122 68.325 151.923
S 83.551 65.376 153.712
