tag x y z
Q 79.801 100.14 142.674
V 80.166 96.549 141.474
Q 78.528 94.129 143.921
L 78.393 90.323 143.871
Q 76.988 88.215 146.716
E 77.044 84.423 146.764
S 74.358 82.576 148.707
G 73.588 78.954 149.48
G 75.822 76.032 150.31
G 76.699 74.221 153.51
L 77.207 70.852 155.135
V 75.54 68.021 153.212
Q 76.065 64.292 152.84
P 77.563 63.039 149.555
G 75.001 62.593 146.799
G 72.863 65.577 147.754
S 71.745 68.257 145.313
L 72.314 71.911 146.18
R 71.855 75.232 144.383
L 74.013 78.335 144.836
S 72.689 81.747 143.802
C 74.925 84.714 142.959
A 73.163 88.078 143.161
A 74.67 90.88 141.091
S 74.274 94.647 141.171
G 76.029 97.665 139.708
F 76.13 96.544 136.068
T 73.906 95.373 133.222
F 73.914 91.61 133.792
S 73.114 90.841 130.15
N 76.446 92.182 128.873
Y 78.913 90.099 130.927
K 80.155 86.535 130.601
M 79.99 84.789 133.975
N 82.037 82.13 135.752
W 81.649 79.927 138.807
V 85.053 79.09 140.296
R 86.053 77.491 143.575
Q 88.986 77.251 145.979
A 89.404 74.062 147.972
P 91.506 74.125 151.158
G 95.168 73.478 150.469
K 94.993 74.588 146.828
G 94.461 77.675 144.701
L 91.54 78.97 142.679
E 90.29 76.786 139.834
W 87.588 77.341 137.234
V 84.488 75.132 137.454
S 81.771 76.404 135.108
D 81.381 79.123 132.484
I 78.246 80.714 131.027
S 78.098 83.149 128.118
Q 76.254 86.438 127.61
S 72.839 84.967 126.745
G 73.197 81.434 128.114
A 73.434 79.946 124.619
S 76.922 78.554 125.306
I 78.009 76.861 128.536
S 81.162 75.032 129.565
Y 82.321 72.86 132.454
T 85.553 71.296 133.624
G 86.044 67.561 133.269
S 86.117 67.04 137.034
V 82.477 68.097 137.495
K 81.17 67.287 134.009
G 77.817 65.512 133.943
R 76.731 66.717 137.404
F 77.194 70.493 137.631
T 74.881 72.872 135.769
I 75.152 76.652 135.36
S 72.163 78.864 134.549
R 71.838 82.651 134.42
D 68.811 84.947 134.382
N 69.341 88.427 132.956
A 65.829 89.582 133.86
K 66.238 89.188 137.621
N 70.013 89.728 137.428
T 71.102 86.471 139.055
L 73.423 83.522 138.386
Y 72.807 79.974 139.629
L 74.878 76.808 139.963
Q 73.242 73.428 140.618
M 75.271 70.5 141.963
N 74.041 66.901 141.927
S 75.699 63.775 143.349
L 78.325 65.636 145.351
K 81.738 64.065 145.962
P 84.145 64.353 148.921
E 86.581 66.365 146.779
D 83.951 69.054 146.058
T 84.588 70.822 149.392
A 85.564 74.363 148.424
V 84.661 78.029 148.735
Y 82.627 78.948 145.653
Y 83.131 82.33 143.969
C 80.925 83.858 141.306
A 83.103 85.938 139.004
R 82.383 88.454 136.259
C 84.507 88.414 133.133
P 86.3 91.778 133.087
A 84.884 93.489 130.036
P 81.481 93.778 128.335
F 80.836 92.406 124.848
T 83.816 90.067 124.997
R 84.5 86.328 125.183
D 87.574 86.868 127.399
C 87.939 86.045 131.08
F 90.98 86.443 133.352
D 89.201 85.916 136.664
V 91.029 82.966 138.247
T 93.438 85.364 139.981
S 94.426 83.918 143.345
T 95.373 87.099 145.197
T 92.95 89.887 144.226
Y 90.221 90.239 141.615
A 88.054 93.349 141.656
Y 84.853 91.656 140.427
R 84.348 88.512 142.51
G 82.122 87.953 145.518
Q 83.014 86.978 149.058
G 81.992 83.374 148.405
T 80.256 80.647 150.385
Q 81.555 77.496 152.054
V 80.307 74.231 150.534
T 81.374 71.143 152.488
V 80.701 67.505 151.586
S 81.457 65.047 154.384
S 80.021 61.961 156.052
