tag x y z
Q 80.35 95.263 50.436
V 83.831 94.474 51.763
Q 86.474 94.427 49.02
L 90.227 93.774 49.219
Q 91.861 94.601 45.882
E 95.569 93.861 45.471
S 98.295 95.233 43.19
G 101.601 93.385 43.377
G 104.185 92.03 40.962
G 105.124 89.12 38.723
L 108.275 87.305 37.616
V 111.293 88.543 39.59
Q 114.759 87.032 39.809
P 115.665 85.565 43.219
G 117.139 88.105 45.604
G 115.027 90.93 44.174
S 112.433 93.164 45.791
L 108.659 93.459 45.553
R 105.954 95.538 47.217
L 102.353 94.467 47.793
S 99.642 97.127 47.999
C 96.324 96.108 49.571
A 93.637 98.704 48.861
A 90.693 98.26 51.221
S 87.307 99.964 51.364
G 83.783 99.333 52.575
F 84.75 98.743 56.203
T 86.259 100.587 59.147
F 89.925 99.766 58.591
S 91.076 100.821 62.057
N 89.324 98.071 64.04
Y 90.446 94.998 62.077
K 93.582 92.86 62.44
M 94.544 92.166 58.84
N 96.714 89.176 57.953
W 98.65 87.852 54.958
V 98.204 84.317 53.633
R 99.829 82.583 50.682
Q 99.155 79.386 48.742
A 102.028 77.813 46.84
P 100.937 75.952 43.686
G 99.757 72.452 44.494
K 99.864 73.303 48.209
G 97.381 74.291 50.888
L 96.716 77.638 52.512
E 99.344 78.906 54.953
W 99.597 82.058 57.055
V 102.447 84.577 56.746
S 102.047 87.479 59.178
D 99.514 89.534 61.112
I 99.44 93.116 62.374
S 97.201 94.508 65.104
Q 94.734 97.391 64.921
S 97.275 100.178 65.477
G 100.433 98.499 64.18
A 102.021 97.735 67.538
S 101.896 93.92 67.722
I 103.462 92.282 64.654
S 104.167 88.574 64.221
Y 105.679 86.571 61.372
T 105.786 82.957 60.305
G 109.167 81.314 60.722
S 109.933 80.818 57.036
V 109.122 84.416 56.064
K 110.803 85.818 59.176
G 113.596 88.323 58.685
R 112.776 89.086 55.036
F 109.261 90.607 54.945
T 108.05 93.922 56.361
I 104.337 94.438 57.052
S 102.956 97.921 57.707
R 99.443 99.379 57.685
D 98.259 102.943 57.047
N 94.959 103.435 58.866
A 94.697 106.98 57.489
K 94.411 105.966 53.821
N 92.709 102.575 54.425
T 95.401 100.358 52.944
L 97.919 97.687 53.931
Y 101.469 97.094 52.717
L 103.851 94.134 52.583
Q 107.354 94.991 51.362
M 109.502 91.93 50.638
N 113.254 91.542 50.056
S 115.655 88.62 49.57
L 113.287 86.355 47.67
K 113.594 82.563 47.768
P 112.354 80.004 45.202
E 109.875 78.792 47.83
D 108.141 82.204 47.819
T 106.375 81.406 44.524
A 102.721 81.602 45.572
V 99.519 83.654 45.449
Y 99.042 86.291 48.156
Y 95.736 87.106 49.864
C 95.209 90.239 51.975
A 92.917 88.567 54.477
R 90.856 90.558 56.983
C 89.598 89.456 60.382
P 86.106 88.103 61.164
A 85.354 90.331 64.136
P 86.517 93.733 65.397
F 88.296 94.225 68.713
T 89.366 90.585 69.029
R 92.901 89.694 70.076
D 92.51 86.319 68.332
C 91.757 86.23 64.609
F 89.996 82.919 64.167
D 89.447 80.776 61.042
V 91.352 82.969 58.593
T 93.13 80.345 56.432
S 89.945 78.447 55.566
T 89.399 77.064 52.073
T 86.211 79.131 51.654
Y 86.396 82.531 53.361
A 84.381 85.691 52.829
Y 86.522 88.685 53.845
R 89.48 87.823 51.645
G 90.793 89.378 48.464
Q 91.004 87.851 45.014
G 94.773 87.513 45.301
T 97.76 88.294 43.1
Q 100.392 85.957 41.685
V 104.0 86.348 42.846
T 106.476 83.991 41.167
V 110.28 83.943 41.292
S 112.391 82.266 38.595
S 114.95 83.01 35.893
