tag x y z
Q 116.444 160.571 171.116
V 117.642 162.716 168.213
Q 116.495 166.306 168.744
L 117.419 169.381 166.695
Q 116.121 172.764 167.867
E 116.477 175.861 165.692
S 116.368 179.389 167.075
G 116.738 182.921 165.78
G 115.131 184.654 162.851
G 112.068 186.88 162.775
L 111.11 190.008 160.845
V 114.141 191.627 159.212
Q 114.324 194.624 156.901
P 115.739 193.872 153.43
G 119.516 194.01 153.449
G 119.61 193.199 157.163
S 121.477 190.509 159.064
L 120.287 187.401 160.885
R 121.758 184.481 162.814
L 120.21 181.012 163.015
S 121.425 178.619 165.712
C 120.708 174.881 165.712
A 121.233 173.009 168.982
A 121.563 169.238 168.671
S 121.081 166.525 171.276
G 120.948 162.744 171.283
F 123.961 162.035 169.065
T 127.662 162.754 168.665
F 127.731 166.05 166.778
S 131.23 165.712 165.318
N 130.467 162.421 163.55
Y 127.797 163.854 161.236
K 127.672 166.322 158.367
M 125.158 169.099 158.963
N 122.813 170.774 156.498
W 120.682 173.894 156.352
V 117.551 173.541 154.224
R 114.592 175.84 153.717
Q 110.969 175.748 152.598
A 109.461 178.81 150.943
P 105.69 179.38 151.207
G 104.088 176.845 148.88
K 107.332 175.722 147.236
G 108.696 172.648 149.034
L 111.97 171.918 150.777
E 115.132 173.138 149.066
W 118.773 172.673 150.009
V 120.593 175.804 151.174
S 124.017 174.799 152.483
D 125.985 172.07 154.213
I 129.14 171.61 156.269
S 131.148 168.44 156.812
Q 132.58 167.102 160.057
S 134.938 169.683 161.586
G 134.151 172.033 158.702
A 136.691 172.256 155.862
S 134.16 171.117 153.215
I 131.708 174.015 153.213
S 129.379 174.397 150.237
Y 126.385 176.598 149.451
T 123.632 176.823 146.896
G 124.236 179.372 144.169
S 121.524 181.802 145.251
V 123.065 182.44 148.688
K 126.711 181.774 147.802
G 127.99 185.304 148.371
R 125.893 186.167 151.432
F 125.156 183.204 153.712
T 127.889 181.556 155.766
I 127.614 178.308 157.734
S 129.781 177.245 160.666
R 129.72 174.592 163.364
D 131.011 174.177 166.914
N 131.587 170.495 167.652
A 132.579 171.228 171.253
K 129.411 173.29 171.733
N 127.338 170.807 169.674
T 125.893 173.71 167.688
L 125.37 174.735 164.059
Y 125.312 178.374 162.941
L 124.058 180.138 159.821
Q 124.804 183.842 159.361
M 122.701 185.708 156.784
N 124.334 189.097 156.307
S 122.445 190.497 153.27
L 118.807 189.413 153.277
K 116.596 189.69 150.196
P 112.793 189.423 150.033
E 112.594 186.142 148.104
D 114.389 184.09 150.788
T 111.426 184.325 153.177
A 111.044 180.723 154.299
V 110.991 178.245 157.154
Y 114.599 177.226 157.798
Y 115.441 173.732 159.048
C 118.609 172.265 160.529
A 119.047 168.777 159.079
R 121.41 166.03 160.214
C 122.336 163.582 157.43
P 121.344 159.932 158.147
A 124.728 158.167 158.437
P 127.885 159.074 160.43
F 131.344 158.984 158.776
T 129.841 159.375 155.303
R 130.825 161.748 152.519
D 127.348 161.291 151.008
C 124.014 161.843 152.718
F 120.488 161.376 151.461
D 116.97 162.785 151.6
V 117.485 165.888 153.738
T 115.138 167.815 151.446
S 112.654 164.936 151.352
T 109.461 165.644 153.256
T 108.732 163.672 156.433
Y 112.461 163.339 157.11
A 113.243 162.008 160.569
Y 116.493 163.78 161.491
R 115.242 167.307 160.869
G 114.297 170.115 163.218
Q 111.042 172.007 163.53
G 112.455 175.05 161.738
T 112.143 178.793 162.253
Q 110.241 181.339 160.189
V 112.459 183.97 158.566
T 110.538 186.737 156.802
V 111.989 189.702 154.91
S 109.58 192.515 154.063
S 109.16 196.27 154.377
