tag x y z
E 8.982 -19.164 -44.368
V 5.288 -20.163 -43.692
Q 3.624 -21.35 -40.393
L -0.12 -22.341 -40.395
V -2.0 -22.384 -37.02
E -5.547 -23.851 -37.006
S -8.317 -23.219 -34.443
G -12.118 -23.582 -34.189
G -12.348 -27.387 -33.75
G -14.681 -28.931 -31.143
L -17.691 -31.111 -30.268
V -21.04 -30.069 -31.903
Q -24.498 -31.749 -32.108
P -25.793 -32.993 -35.504
G -27.243 -30.004 -37.446
G -24.823 -27.629 -35.655
S -22.156 -25.309 -37.149
S -22.156 -25.309 -37.148
L -18.388 -24.717 -36.611
R -15.943 -22.183 -38.161
R -15.945 -22.197 -38.171
L -12.323 -23.326 -38.656
S -9.512 -20.742 -38.912
S -9.519 -20.738 -38.904
C -6.052 -21.196 -40.494
A -3.804 -18.199 -39.636
A -0.611 -17.987 -41.769
S 2.578 -16.233 -40.538
G 5.254 -15.797 -43.293
R 5.543 -15.512 -47.158
T 2.134 -16.478 -48.716
S 2.656 -16.851 -52.539
R -0.289 -16.129 -54.935
S 0.575 -19.345 -56.921
Y -0.026 -21.81 -53.982
G -3.067 -24.125 -53.875
M -5.046 -23.305 -50.63
G -7.186 -26.169 -49.257
W -9.016 -27.728 -46.302
Y -8.504 -31.494 -45.87
R -9.941 -33.972 -43.346
Q -8.754 -37.388 -42.092
A -10.808 -39.926 -40.1
P -8.953 -42.904 -38.541
G -8.083 -45.602 -41.154
K -9.02 -43.281 -44.056
G -6.971 -41.034 -46.342
R -6.645 -37.255 -46.183
E -9.622 -36.066 -48.301
L -9.573 -32.588 -49.933
V -12.956 -31.101 -48.86
A -12.617 -27.428 -49.983
G -10.205 -25.478 -52.201
I -9.836 -21.814 -53.185
S -7.834 -19.909 -55.854
W -5.967 -16.627 -55.155
R -8.67 -14.485 -56.917
G -11.201 -16.357 -54.686
D -13.948 -16.941 -57.33
S -12.633 -20.522 -57.95
T -13.944 -22.586 -55.003
G -14.222 -26.381 -55.071
Y -16.018 -28.662 -52.575
A -16.112 -32.462 -52.075
D -19.549 -33.87 -53.156
S -20.47 -34.781 -49.525
V -20.028 -31.132 -48.246
K -21.511 -29.176 -51.226
G -24.068 -26.599 -49.955
R -22.998 -27.056 -46.264
F -19.309 -25.872 -46.257
T -17.888 -22.494 -47.413
I -14.158 -21.76 -47.859
S -13.022 -18.103 -47.758
R -9.765 -16.12 -47.319
D -9.076 -12.765 -45.595
N -6.017 -11.34 -47.493
A -5.436 -8.621 -44.805
K -5.358 -11.155 -41.87
N -3.544 -13.84 -43.987
T -6.303 -16.227 -42.702
L -8.224 -19.066 -44.431
Y -11.681 -20.05 -43.061
L -13.976 -23.05 -43.367
Q -17.597 -22.392 -42.37
M -19.218 -25.81 -41.684
N -23.077 -25.809 -41.428
S -25.637 -28.682 -41.049
L -22.885 -30.919 -39.631
R -23.392 -34.718 -39.712
P -21.725 -37.539 -37.714
E -20.017 -38.438 -41.098
D -18.164 -35.027 -40.866
T -16.278 -36.231 -37.737
A -12.52 -36.018 -38.587
V -9.262 -34.127 -37.973
Y -9.338 -31.038 -40.289
Y -6.111 -29.64 -41.835
C -5.366 -26.504 -43.888
A -2.585 -26.675 -46.509
F -0.81 -24.22 -48.816
A 0.16 -26.229 -51.93
A 3.51 -25.518 -53.596
G 5.294 -27.675 -56.189
S 8.6 -29.54 -55.94
A 10.641 -31.748 -58.312
W 10.867 -35.567 -58.085
Y 12.696 -37.683 -60.696
G 11.236 -35.744 -63.693
T 7.734 -35.122 -62.202
T 7.731 -35.18 -62.135
L 6.076 -32.629 -59.774
Y 4.686 -33.482 -56.333
E 2.592 -31.217 -54.103
E 2.593 -31.197 -54.118
Y 4.983 -29.649 -51.563
D 2.45 -28.713 -48.819
Y 2.694 -26.319 -45.854
W 0.377 -28.113 -43.344
G -1.507 -26.782 -40.332
Q -1.313 -28.964 -37.168
G -4.927 -30.242 -37.493
T -8.076 -29.634 -35.383
T -8.073 -29.649 -35.378
L -10.466 -32.436 -34.26
V -14.175 -32.002 -35.129
T -16.635 -34.461 -33.472
T -16.634 -34.479 -33.506
V -20.347 -34.327 -34.492
S -22.039 -36.364 -31.757
S -25.137 -36.714 -29.49
A -22.503 -36.385 -26.656
