tag x y z
Q 130.311 80.607 134.919
V 130.632 84.376 135.376
Q 132.723 86.04 138.085
L 132.661 89.747 138.975
Q 135.064 90.401 141.859
E 136.098 93.705 143.428
S 138.997 95.131 145.419
G 139.889 98.477 146.979
G 137.189 99.323 149.507
G 137.44 100.05 153.201
L 137.439 103.292 155.194
V 138.855 106.698 154.253
Q 138.721 110.192 155.727
P 136.339 112.82 154.276
G 137.916 113.984 151.031
G 139.891 110.859 150.161
S 140.474 109.352 146.732
L 139.909 105.606 146.354
R 140.087 103.314 143.327
L 137.867 100.226 143.224
S 138.998 97.571 140.748
C 136.707 94.892 139.321
A 137.934 91.704 137.658
A 135.466 90.101 135.241
S 136.233 86.503 134.286
G 134.243 83.763 132.612
F 132.828 85.726 129.682
T 134.071 88.027 126.925
F 134.707 91.531 128.248
S 134.829 93.123 124.767
N 131.072 92.689 124.204
Y 129.184 93.742 127.365
K 128.437 97.199 128.715
M 129.561 97.538 132.32
N 127.878 99.43 135.156
W 128.813 100.501 138.675
V 126.019 100.697 141.251
R 125.849 101.454 144.97
Q 123.87 100.195 147.954
A 123.223 102.429 150.981
P 122.212 100.831 154.311
G 118.824 102.497 154.709
K 118.152 102.791 150.974
G 117.586 100.529 147.998
L 119.977 99.915 145.139
E 121.052 102.992 143.182
W 122.913 103.437 139.906
V 126.26 105.252 139.879
S 128.025 104.992 136.531
D 128.214 103.271 133.159
I 130.714 102.464 130.435
S 130.249 101.056 126.942
Q 131.998 98.365 124.89
S 134.73 100.789 123.775
G 134.414 103.18 126.724
A 133.237 106.129 124.621
S 129.729 106.412 126.122
I 130.51 107.311 129.725
S 127.724 108.397 132.074
Y 127.281 109.495 135.68
T 124.601 110.296 138.193
G 124.189 113.916 139.227
S 125.954 113.388 142.559
V 129.219 112.127 141.003
K 129.608 114.202 137.811
G 133.313 115.048 137.761
R 134.016 113.454 141.146
F 134.215 109.784 140.168
T 135.625 108.283 136.966
I 135.113 104.948 135.219
S 137.701 103.123 133.123
R 138.303 99.673 131.692
D 140.936 97.552 129.979
N 140.565 94.751 127.425
A 144.029 93.18 127.606
K 143.374 92.497 131.303
N 139.531 92.554 131.293
T 139.296 94.959 134.214
L 136.93 97.76 135.273
Y 138.139 100.554 137.566
L 136.236 103.295 139.372
Q 138.632 106.056 140.445
M 136.772 108.046 143.109
N 138.112 111.55 143.779
S 137.11 114.126 146.415
L 134.865 111.884 148.49
K 132.316 112.894 151.126
P 130.164 111.299 153.869
E 127.537 110.597 151.178
D 129.827 107.902 149.718
T 129.259 105.366 152.536
A 127.901 102.477 150.463
V 128.735 99.065 149.036
Y 129.716 99.336 145.369
Y 128.719 96.539 142.984
C 130.229 95.915 139.54
A 127.244 94.973 137.376
R 127.202 93.72 133.788
C 124.769 94.443 130.975
P 122.696 91.279 130.343
A 123.37 91.063 126.591
P 126.15 91.484 124.024
F 126.114 94.344 121.518
T 123.186 96.13 123.163
R 122.732 99.768 124.135
D 120.23 99.21 126.964
C 120.434 97.193 130.184
F 118.222 96.235 133.14
D 120.738 95.558 135.936
V 119.691 97.628 138.967
T 117.249 94.999 140.212
S 116.718 94.757 143.968
T 116.075 91.032 143.623
T 119.297 89.152 142.851
Y 120.568 90.158 139.425
A 122.478 87.308 137.806
Y 125.571 89.092 136.468
R 126.247 91.337 139.456
G 129.348 91.171 141.62
Q 129.479 90.746 145.374
G 130.627 94.343 145.87
T 133.161 96.194 147.984
Q 132.173 98.459 150.862
V 133.523 102.016 150.969
T 132.881 104.369 153.883
V 133.74 107.955 154.762
