tag x y z
V 160.216 208.692 146.029
Q 161.526 209.27 142.509
L 163.454 212.044 140.788
V 162.723 213.796 137.495
E 165.111 215.739 135.272
S 164.536 217.983 132.265
G 166.419 220.481 130.115
G 167.982 217.93 127.777
G 168.702 217.623 124.075
S 171.292 218.438 121.425
V 172.078 222.158 121.201
Q 174.854 224.118 119.47
A 177.805 225.489 121.421
G 177.587 228.996 122.805
G 173.831 228.692 123.304
S 171.914 228.124 126.532
L 169.831 225.55 128.392
R 168.408 225.194 131.882
L 168.738 222.035 133.97
S 165.947 221.219 136.424
C 165.755 218.314 138.883
A 162.177 217.648 139.994
A 161.272 215.659 143.114
S 158.084 213.936 144.27
G 156.786 211.61 146.975
K 156.76 211.96 150.744
F 159.559 213.804 152.533
S 160.277 216.427 155.187
H 163.356 218.484 154.227
L 164.921 217.171 150.962
V 168.376 218.582 151.644
F 170.217 218.71 148.324
L 173.687 217.358 147.743
G 173.794 219.083 144.374
W 174.429 218.425 140.705
F 177.03 215.845 139.691
R 178.885 215.864 136.368
Q 180.158 212.578 134.927
A 182.211 212.712 131.721
P 181.704 209.636 129.482
G 183.822 206.759 130.714
K 184.991 208.836 133.687
E 184.124 209.382 137.339
R 181.433 211.809 138.446
E 182.74 215.021 140.003
G 181.007 217.418 142.383
V 180.262 220.201 139.909
A 177.614 221.819 142.151
A 177.29 221.665 145.927
G 176.479 223.698 149.009
L 172.679 223.676 149.087
G 171.99 222.8 152.725
A 170.488 224.876 155.506
Y 173.475 227.215 155.803
E 175.429 227.04 152.591
S 177.66 228.668 149.996
G 178.045 228.266 146.245
Y 180.319 225.362 145.335
Y 181.32 225.27 141.672
A 184.256 223.396 140.183
D 187.061 225.283 138.473
S 186.178 223.956 135.01
V 182.827 225.797 135.044
K 183.646 228.509 137.601
G 181.872 231.763 136.844
R 179.743 230.17 134.136
F 177.05 227.961 135.707
T 174.723 228.808 138.585
V 172.367 226.866 140.851
S 169.247 228.078 142.657
L 167.318 226.73 145.64
D 163.64 226.321 144.679
N 161.62 225.249 147.731
A 158.271 225.32 145.891
E 158.471 221.666 144.801
N 161.848 221.272 146.578
T 163.634 221.495 143.23
V 166.791 223.019 141.763
Y 167.597 225.035 138.624
L 171.029 224.836 136.987
Q 171.62 227.629 134.478
M 173.608 227.03 131.289
N 175.769 229.855 129.922
S 178.134 229.704 126.911
L 177.998 226.008 126.042
K 181.302 224.246 125.402
P 181.925 220.596 124.4
E 184.151 220.057 127.457
D 180.919 220.186 129.489
T 179.389 217.302 127.508
A 178.189 214.93 130.22
L 175.311 212.814 131.479
Y 174.381 214.912 134.502
Y 172.879 213.669 137.766
C 171.111 215.387 140.652
A 171.652 214.013 144.156
A 168.794 214.274 146.64
L 168.987 213.207 150.29
V 165.392 212.381 151.123
V 164.278 212.311 154.749
L 161.083 210.844 156.216
S 161.939 211.769 159.814
R 159.254 213.907 161.396
D 160.76 213.26 164.822
N 164.059 214.585 166.131
T 165.508 211.152 166.946
E 164.442 208.489 164.427
F 166.296 209.858 161.396
I 164.883 207.61 158.678
A 166.667 209.074 155.659
H 167.636 207.073 152.586
N 169.867 208.501 149.849
Y 168.624 208.918 146.28
W 169.856 209.915 142.821
G 168.096 210.868 139.607
Q 167.835 209.433 136.093
G 170.222 211.084 133.619
T 170.309 214.125 131.316
Q 171.565 213.821 127.729
V 173.642 216.971 127.164
T 175.481 216.745 123.818
V 176.829 220.119 122.67
S 179.301 220.866 119.884
S 180.654 223.8 117.904
