tag x y z
Q 142.929 84.064 130.419
V 142.901 87.76 129.525
Q 145.024 89.887 131.858
L 145.852 93.599 131.949
Q 148.893 94.718 133.954
E 149.699 98.339 134.765
S 153.282 99.473 135.313
G 155.091 102.625 136.359
G 153.938 105.423 138.609
G 154.93 106.464 142.092
L 155.493 109.376 144.429
V 156.567 112.559 142.634
Q 156.619 116.211 143.638
P 154.232 118.616 141.876
G 155.441 119.873 138.514
G 157.279 116.651 137.649
S 156.552 113.967 135.081
L 155.605 110.292 135.238
R 155.334 107.467 132.703
L 152.571 104.857 132.963
S 152.543 101.774 130.724
C 149.772 99.188 130.345
A 150.586 95.654 129.179
A 147.966 93.663 127.268
S 147.925 89.912 126.689
G 145.526 87.102 125.868
F 143.63 89.0 123.158
T 144.065 90.932 119.916
F 145.064 94.359 121.221
S 144.483 96.022 117.84
N 140.774 95.094 117.706
Y 139.69 96.741 120.988
K 139.385 100.336 122.151
M 141.467 101.339 125.172
N 140.534 103.668 128.026
W 142.244 105.167 131.073
V 140.42 105.613 134.388
R 141.458 106.77 137.852
Q 140.011 106.491 141.363
A 141.023 109.166 143.853
P 140.884 108.202 147.548
G 137.424 108.534 149.043
K 135.962 109.03 145.554
G 134.46 106.802 142.891
L 135.877 105.833 139.527
E 136.102 108.466 136.799
W 137.068 108.388 133.129
V 140.315 110.063 132.071
S 141.032 109.416 128.39
D 140.54 106.905 125.592
I 142.213 106.047 122.287
S 140.682 104.423 119.216
Q 141.866 101.109 117.786
S 144.111 102.784 115.197
G 144.917 105.807 117.377
A 143.499 108.301 114.872
S 140.913 109.579 117.376
I 142.163 110.675 120.804
S 140.227 112.454 123.553
Y 141.048 113.7 127.046
T 139.078 114.98 130.012
G 138.891 118.737 130.454
S 140.752 118.643 133.767
V 143.711 116.923 132.049
K 143.319 118.138 128.455
G 146.572 119.603 127.163
R 148.651 118.164 130.024
F 148.623 114.379 129.574
T 149.019 112.303 126.418
I 148.193 108.719 125.451
S 149.399 106.442 122.664
R 149.326 102.787 121.653
D 151.542 100.385 119.701
N 149.779 97.255 118.457
A 153.163 95.697 117.63
K 153.782 95.378 121.391
N 150.211 95.301 122.78
T 151.148 98.206 125.054
L 149.226 101.35 126.001
Y 150.843 104.482 127.422
L 149.692 107.544 129.362
Q 152.302 110.299 129.674
M 151.75 112.587 132.673
N 153.435 115.954 133.195
S 152.915 119.028 135.375
L 151.427 117.085 138.268
K 148.95 118.764 140.615
P 147.923 117.811 144.165
E 144.51 116.626 142.927
D 146.124 114.129 140.523
T 146.774 111.624 143.33
A 144.695 108.544 142.506
V 144.941 104.877 141.547
Y 145.018 104.541 137.755
Y 143.446 101.501 136.085
C 143.929 100.351 132.487
A 140.539 99.158 131.222
R 139.547 97.717 127.848
C 136.373 98.386 125.899
P 134.025 95.395 126.341
A 133.526 94.568 122.648
P 135.634 94.809 119.476
F 134.886 96.506 116.159
T 132.665 99.035 117.921
R 132.988 102.63 119.1
D 130.637 102.184 122.083
C 131.944 101.298 125.551
F 129.38 101.128 128.359
D 130.635 99.541 131.591
V 134.22 100.815 131.684
T 133.849 102.584 135.047
S 130.861 100.885 136.713
T 132.84 99.941 139.846
T 132.863 96.24 138.89
Y 134.429 96.043 135.416
A 136.255 92.732 135.055
Y 138.165 93.755 131.903
R 140.625 96.056 133.649
G 143.999 95.651 135.308
Q 144.994 95.863 138.946
G 146.341 99.405 138.569
T 149.134 101.369 140.212
Q 149.291 103.975 142.968
V 150.084 107.571 141.981
T 150.881 110.039 144.767
V 152.009 113.669 144.858
S 153.315 115.585 147.871
S 155.51 118.555 148.734
