tag x y z
E 27.939 8.029 -46.737
V 31.677 7.82 -45.744
Q 32.438 9.022 -42.143
L 35.77 8.989 -40.167
V 35.125 9.719 -36.423
E 38.172 10.121 -34.09
S 37.594 10.015 -30.272
G 39.453 9.275 -26.984
G 41.305 12.644 -26.813
G 41.679 14.573 -23.519
L 44.074 16.046 -20.888
V 46.877 13.756 -19.516
Q 50.02 14.199 -17.333
P 53.483 13.58 -18.87
G 54.101 9.775 -18.687
G 50.293 9.22 -18.926
S 48.566 7.076 -21.616
L 45.529 7.487 -23.966
R 43.759 5.064 -26.389
L 42.337 6.896 -29.48
S 39.569 5.375 -31.69
C 38.912 5.916 -35.447
C 38.871 5.939 -35.426
A 35.4 4.529 -36.302
I 35.045 4.416 -40.152
S 31.684 4.089 -42.046
G 31.144 3.821 -45.848
F 34.274 1.792 -46.836
S 35.977 -1.356 -45.39
I 39.333 -0.642 -43.585
S 40.439 -4.115 -44.939
S 40.335 -2.615 -48.527
T 43.073 0.027 -47.805
S 45.749 1.333 -45.351
I 44.669 3.747 -42.528
D 47.02 6.508 -41.207
W 47.007 8.37 -37.876
V 48.416 11.923 -38.401
R 48.63 14.851 -35.931
Q 49.034 18.664 -35.907
A 50.753 20.32 -32.891
P 50.173 24.077 -32.29
G 52.209 26.135 -34.849
K 53.385 22.942 -36.708
G 52.388 21.302 -40.042
L 50.687 17.854 -40.285
E 52.989 15.003 -39.072
W 52.484 11.308 -40.044
V 52.311 9.167 -36.828
A 51.418 5.523 -37.765
R 50.017 3.3 -40.588
I 48.101 -0.034 -40.425
S 46.934 -2.341 -43.267
S 46.934 -2.34 -43.268
P 43.948 -4.094 -41.568
S 43.887 -6.917 -44.239
S 47.279 -8.235 -42.858
G 47.803 -6.296 -39.551
S 51.107 -4.895 -40.986
S 51.103 -4.891 -40.999
T 52.111 -1.537 -39.358
S 54.719 1.29 -39.574
Y 55.533 4.21 -37.18
A 57.232 7.647 -37.293
D 60.658 7.621 -35.486
S 59.191 10.205 -32.987
V 56.566 7.699 -31.568
K 58.451 4.336 -32.024
G 57.951 2.008 -28.983
R 55.54 4.523 -27.294
F 52.54 4.379 -29.744
T 50.848 1.168 -31.075
I 48.334 1.23 -34.024
S 45.835 -1.72 -34.253
A 42.576 -2.546 -36.156
D 39.271 -4.236 -35.19
T 37.988 -5.175 -38.722
S 34.714 -6.467 -37.073
K 33.879 -2.838 -35.93
N 35.696 -1.158 -38.928
T 37.737 0.752 -36.251
V 41.498 1.616 -35.948
V 41.502 1.611 -35.951
Y 43.09 2.306 -32.497
L 46.179 4.305 -31.411
Q 47.486 3.222 -27.954
M 49.641 6.19 -26.755
N 52.02 5.353 -23.826
S 54.809 7.559 -22.302
L 53.042 10.78 -23.502
R 55.116 14.035 -23.377
A 54.646 17.79 -24.164
E 55.694 17.266 -27.858
D 52.683 14.845 -28.316
T 50.115 17.681 -27.725
T 50.137 17.712 -27.718
A 48.191 17.933 -31.037
V 44.879 17.223 -32.809
Y 45.086 13.534 -33.91
Y 43.388 12.706 -37.263
C 42.784 9.327 -38.959
C 42.768 9.322 -38.947
G 42.811 9.357 -42.786
R 43.155 7.416 -46.071
V 45.806 8.551 -48.645
A 44.384 9.12 -52.198
K 44.912 6.015 -54.448
A 47.104 8.105 -56.859
L 49.632 8.835 -53.998
N 49.31 5.652 -51.835
S 52.507 4.052 -53.383
R 54.518 7.009 -51.878
S 55.89 6.984 -48.257
P 53.238 8.258 -45.775
S 55.767 10.801 -44.292
F 56.468 12.132 -47.866
V 52.687 12.409 -48.653
V 51.86 14.283 -45.355
N 55.012 16.54 -45.475
T 54.628 17.359 -49.243
Y 50.8 17.512 -49.787
S 49.411 18.202 -46.225
S 45.514 18.076 -46.36
I 45.613 17.249 -50.16
G 47.353 13.845 -49.543
F 44.103 12.314 -48.111
D 40.872 11.583 -50.076
Y 39.322 11.117 -46.55
R 40.313 12.49 -43.084
G 38.17 13.037 -39.928
Q 37.719 16.274 -37.888
G 40.176 14.871 -35.278
T 40.469 14.509 -31.447
L 42.555 16.909 -29.244
V 45.282 15.393 -26.979
T 46.725 17.837 -24.347
V 49.816 16.676 -22.312
S 50.68 19.013 -19.338
