tag x y z
Q 81.842 60.145 63.459
V 82.284 63.624 61.983
Q 81.552 63.156 58.274
L 80.983 66.092 55.903
Q 80.067 64.842 52.421
E 79.274 67.388 49.705
S 77.191 67.338 46.53
G 75.914 69.532 43.722
G 79.221 69.723 41.845
G 79.68 69.536 38.098
L 80.693 71.324 34.934
V 78.848 74.567 34.195
Q 78.965 76.977 31.272
P 80.123 80.574 31.83
G 77.307 82.699 33.206
G 75.473 79.648 34.548
S 74.421 78.653 38.045
L 75.32 75.812 40.393
R 74.022 74.998 43.875
L 76.134 73.102 46.403
S 75.15 71.154 49.505
C 76.958 69.373 52.34
A 75.162 67.087 54.792
A 76.498 66.992 58.349
S 76.506 64.05 60.747
G 78.265 63.02 63.93
F 78.011 66.467 65.53
T 75.353 68.983 66.5
F 74.811 71.304 63.545
S 73.394 74.359 65.316
N 76.392 75.036 67.578
Y 79.18 75.251 64.971
K 80.108 77.866 62.379
M 80.302 76.647 58.783
N 82.781 77.706 56.105
W 83.425 77.213 52.396
V 87.026 76.818 51.237
R 88.254 76.224 47.701
Q 91.512 75.112 46.083
A 92.398 76.229 42.573
P 94.509 73.8 40.506
G 98.142 74.469 41.317
K 97.35 76.968 44.082
G 96.832 76.845 47.821
L 93.55 76.77 49.686
E 91.455 79.943 49.774
W 88.479 81.211 51.763
V 85.194 81.773 49.909
S 82.372 82.421 52.393
D 81.135 81.67 55.898
I 77.941 81.71 57.952
S 77.272 82.302 61.641
Q 75.631 79.984 64.17
S 72.069 81.207 63.552
G 72.307 82.785 60.098
A 72.863 86.456 60.914
S 76.563 87.205 60.365
I 77.341 86.34 56.736
S 80.644 87.267 55.092
Y 82.218 86.613 51.703
T 85.476 87.284 49.904
G 86.026 89.989 47.326
S 86.227 87.853 44.193
V 82.793 86.248 44.717
K 80.864 88.995 46.52
G 77.581 89.772 44.803
R 77.548 86.485 42.875
F 77.479 83.823 45.612
T 74.956 83.368 48.417
I 75.247 81.12 51.468
S 72.502 79.49 53.512
R 72.056 76.931 56.272
D 69.2 74.94 57.8
N 69.731 73.806 61.39
A 66.735 71.448 61.191
K 67.809 68.951 58.516
N 71.546 69.72 58.944
T 72.482 71.039 55.504
L 74.596 73.919 54.209
Y 74.09 75.481 50.775
L 76.05 77.861 48.554
Q 74.145 79.22 45.546
M 76.527 80.301 42.779
N 75.497 82.68 39.998
S 77.259 84.162 36.955
L 80.289 81.887 37.034
K 83.659 82.834 35.55
P 86.689 80.811 34.388
E 88.531 82.01 37.519
D 86.072 79.982 39.646
T 87.215 76.544 38.428
A 88.218 74.831 41.678
V 87.302 72.105 44.157
Y 85.018 73.262 46.976
Y 85.147 71.895 50.528
C 82.558 72.196 53.311
A 84.66 73.01 56.378
R 83.627 73.384 60.011
C 85.176 75.63 62.627
P 86.964 73.527 65.246
A 85.318 74.568 68.511
P 81.692 75.205 69.53
F 80.378 78.614 70.606
T 83.421 80.432 69.226
R 84.209 83.356 66.936
D 87.776 82.587 65.814
C 88.426 79.852 63.276
F 91.527 78.199 61.744
D 90.44 76.068 58.769
V 92.936 76.571 55.911
T 95.859 74.13 55.965
S 97.553 71.94 53.369
T 95.865 68.5 53.398
T 95.748 68.649 57.195
Y 92.359 69.751 58.54
A 90.411 66.764 59.843
Y 87.047 68.564 59.622
R 86.751 68.852 55.847
G 85.159 66.845 53.059
Q 86.307 65.179 49.867
G 85.123 68.22 47.918
T 83.185 68.773 44.71
Q 84.845 69.686 41.421
V 83.294 72.776 39.819
T 84.644 73.48 36.333
V 83.86 76.319 33.928
S 84.696 75.991 30.233
