tag x y z
Q 141.122 89.952 140.274
V 141.276 93.643 139.385
Q 144.166 94.951 141.484
L 145.856 98.353 141.629
Q 149.049 98.853 143.648
E 150.237 102.428 144.12
S 153.872 102.89 145.121
G 156.051 105.81 146.143
G 155.47 108.453 148.797
G 156.685 109.334 152.266
L 158.042 112.771 153.159
V 159.667 115.359 150.893
Q 160.671 118.942 151.578
P 158.673 121.684 149.812
G 159.89 122.457 146.313
G 161.19 118.929 145.731
S 160.033 116.243 143.334
L 158.428 112.823 143.688
R 157.685 109.939 141.318
L 154.486 107.933 141.79
S 153.73 104.598 140.137
C 150.677 102.373 139.729
A 150.983 98.659 139.001
A 147.911 97.197 137.299
S 146.812 93.605 136.743
G 143.72 91.501 136.167
F 142.464 93.492 133.167
T 143.511 94.697 129.716
F 145.41 97.851 130.635
S 145.297 99.527 127.217
N 141.491 99.496 126.871
Y 140.634 101.624 129.941
K 141.026 105.322 130.651
M 142.939 106.094 133.847
N 143.297 109.111 136.114
W 144.762 110.123 139.472
V 142.691 111.306 142.438
R 143.727 112.566 145.865
Q 142.103 113.109 149.261
A 143.626 115.721 151.55
P 143.136 115.241 155.31
G 139.676 116.484 156.219
K 138.758 116.969 152.545
G 136.872 114.961 149.953
L 138.203 113.229 146.873
E 139.789 115.453 144.225
W 140.536 114.708 140.578
V 144.148 115.431 139.604
S 144.823 114.317 136.022
D 143.638 111.809 133.431
I 145.185 109.985 130.477
S 143.431 108.361 127.528
Q 143.96 104.8 126.312
S 146.793 105.681 123.92
G 147.876 108.785 125.85
A 147.118 111.194 122.998
S 144.748 113.123 125.301
I 145.957 114.351 128.695
S 144.346 116.765 131.14
Y 145.248 118.282 134.501
T 143.374 120.25 137.129
G 144.031 123.977 137.148
S 146.017 123.892 140.392
V 148.278 121.142 138.977
K 148.425 122.286 135.351
G 152.042 122.586 134.237
R 153.338 121.199 137.548
F 152.783 117.418 137.44
T 153.019 115.012 134.513
I 150.863 111.923 133.966
S 152.173 109.109 131.774
R 151.181 105.504 131.102
D 153.126 102.43 129.957
N 150.766 99.996 128.229
A 153.646 97.579 127.574
K 153.975 96.769 131.296
N 150.6 97.975 132.643
T 152.037 100.811 134.733
L 150.86 104.395 135.225
Y 153.084 107.22 136.46
L 152.62 110.697 137.924
Q 155.728 112.89 138.06
M 155.456 115.639 140.688
N 157.795 118.611 141.104
S 157.804 121.973 142.887
L 155.513 120.538 145.547
K 153.697 122.79 148.018
P 152.259 122.093 151.492
E 148.714 122.091 150.085
D 149.673 119.07 147.949
T 149.864 116.784 151.002
A 147.195 114.119 150.502
V 146.664 110.418 149.897
Y 146.852 109.821 146.144
Y 144.679 107.008 144.783
C 145.235 105.329 141.42
A 141.745 104.841 140.012
R 140.29 103.17 136.929
C 136.789 104.144 135.872
P 134.43 101.441 134.742
A 134.117 100.749 131.072
P 136.603 100.086 128.251
F 136.497 101.684 124.804
T 134.585 104.601 126.357
R 135.791 108.011 127.509
D 132.851 108.478 129.871
C 134.353 108.209 133.303
F 132.899 108.287 136.845
D 135.775 107.56 139.251
V 135.367 110.494 141.693
T 132.537 108.983 143.737
S 132.909 109.497 147.485
T 131.516 106.049 148.29
T 133.896 103.085 148.177
Y 134.855 102.634 144.525
A 135.611 99.069 143.451
Y 138.224 100.013 140.814
R 140.696 102.175 142.751
G 143.826 101.131 144.596
Q 144.75 101.458 148.245
G 146.584 104.73 147.611
T 149.867 106.174 148.842
Q 150.577 108.951 151.333
V 152.532 112.007 150.161
T 153.664 114.515 152.796
V 155.162 117.928 151.995
S 156.801 119.593 154.998
S 160.158 120.933 156.143
