tag x y z
S 169.194 96.091 171.757
Q 166.353 93.518 171.777
V 163.856 95.517 173.82
Q 161.051 93.572 175.514
L 158.154 94.301 177.871
V 156.708 91.814 180.361
E 153.157 92.325 181.64
S 151.313 90.186 184.177
G 148.657 90.306 186.877
G 145.63 89.57 184.696
G 142.825 87.421 186.045
L 139.093 87.105 186.542
V 137.739 88.585 189.775
Q 134.414 89.64 191.298
A 133.265 93.147 192.244
G 135.274 93.98 195.351
G 138.472 92.009 194.825
S 142.11 93.078 194.797
L 144.496 92.665 191.861
R 148.179 93.551 191.474
L 149.24 94.288 187.902
S 152.83 94.211 186.679
C 154.987 95.879 184.029
A 158.573 94.589 184.036
A 160.806 96.707 181.791
S 164.118 95.362 180.502
G 166.57 96.015 177.691
F 166.564 99.813 177.591
P 168.735 102.909 177.525
V 168.499 105.444 180.369
N 164.804 105.533 181.273
I 162.672 108.343 182.683
S 159.859 107.634 185.119
W 156.825 108.463 182.959
M 155.131 105.051 182.928
E 151.341 104.917 182.652
W 148.305 102.622 182.623
Y 145.016 102.979 180.757
R 141.984 101.153 179.367
Q 140.792 100.215 175.89
V 137.18 99.031 175.581
P 135.948 97.363 172.352
G 134.361 100.764 171.716
K 136.328 103.93 171.094
E 137.598 107.019 172.998
R 139.921 105.423 175.546
E 140.588 106.943 178.969
W 143.831 107.374 180.914
V 144.195 106.287 184.541
A 147.435 106.962 186.427
A 151.018 108.261 186.339
I 154.25 107.49 188.206
Q 155.999 110.654 186.963
S 159.345 112.269 187.748
T 159.446 112.952 191.497
G 156.494 110.955 192.82
S 154.92 114.203 194.028
Y 151.808 114.581 191.859
T 150.145 111.66 190.076
W 147.625 112.42 187.336
Y 144.587 110.407 188.345
A 141.166 110.686 186.749
D 138.009 111.775 188.571
S 136.461 108.44 189.557
V 139.765 106.705 190.374
K 141.257 109.3 192.735
G 142.314 108.012 196.143
R 141.579 104.362 195.354
F 144.259 103.107 192.91
T 147.734 102.798 194.432
I 150.652 103.24 192.033
S 154.197 102.4 193.09
R 157.684 102.981 191.694
D 160.491 100.401 191.904
N 163.548 101.666 190.018
A 165.678 98.742 191.23
K 163.675 96.026 189.459
N 162.455 98.57 186.823
T 158.822 97.616 187.448
V 155.852 99.858 188.262
Y 152.989 98.114 190.059
L 149.404 99.379 189.899
Q 147.399 98.18 192.899
M 143.643 98.278 192.326
N 141.205 98.533 195.234
S 137.394 98.117 195.356
L 137.287 96.839 191.8
K 134.187 98.11 189.979
P 132.615 95.74 187.402
E 133.329 98.11 184.464
D 136.944 96.934 184.17
T 136.527 94.249 181.51
A 138.798 96.13 179.079
V 142.503 95.626 178.413
Y 145.068 97.317 180.686
Y 148.71 97.863 179.723
C 151.717 100.035 180.522
R 153.14 102.877 178.446
V 156.824 103.315 179.39
K 158.264 106.45 177.763
V 161.91 106.576 176.662
G 161.174 109.531 174.397
A 158.74 107.519 172.337
Y 156.061 105.544 174.158
Y 156.538 101.769 174.137
R 153.765 99.338 175.05
G 152.517 95.758 174.93
Q 149.123 94.033 174.986
G 149.209 90.981 177.274
T 146.684 91.185 180.125
Q 143.602 89.33 181.407
V 141.832 92.077 183.378
T 138.107 91.313 183.726
V 135.986 92.138 186.785
S 132.744 90.244 187.367
