tag x y z
Q 44.739 69.652 48.275
W 44.48 66.594 50.532
Q 45.056 67.579 54.159
L 44.3 66.573 57.747
V 44.652 69.144 60.544
E 44.58 67.998 64.17
S 43.488 70.183 67.082
G 42.239 70.036 70.661
G 45.589 69.373 72.312
G 46.973 71.156 75.325
L 47.996 70.737 78.937
V 46.043 68.603 81.396
Q 46.965 67.051 84.712
A 46.788 63.35 85.527
G 43.259 61.98 85.437
G 42.087 64.815 83.185
S 40.222 64.676 79.897
L 40.823 66.062 76.406
R 38.921 65.883 73.116
R 38.919 65.909 73.115
L 41.011 65.815 69.938
S 39.559 66.536 66.505
C 40.915 65.627 63.067
T 39.335 67.532 60.185
A 39.622 65.996 56.719
S 39.384 67.79 53.384
G 39.969 66.224 49.986
I 38.545 62.822 50.963
I 35.108 61.537 51.924
L 35.264 60.263 55.502
S 32.356 57.825 55.121
I 34.327 55.626 52.678
N 37.689 55.713 54.488
S 39.185 54.269 57.631
M 40.762 56.696 60.088
G 43.218 56.075 62.896
W 44.849 58.125 65.627
Y 48.568 57.787 66.38
R 51.045 59.044 68.983
Q 54.762 59.744 68.785
T 56.474 60.111 72.16
A 60.037 59.752 70.772
G 60.939 56.415 72.363
N 59.412 55.108 69.12
E 57.739 56.245 65.901
R 54.004 56.86 65.586
E 52.11 53.951 67.134
W 48.372 53.643 66.546
V 46.092 54.025 69.566
A 42.623 54.169 68.019
F 41.1 53.063 64.735
S 37.642 53.582 63.207
T 36.643 51.707 60.014
A 34.029 53.001 57.536
G 31.458 50.482 58.861
G 31.906 51.864 62.387
S 34.136 49.176 63.952
T 36.487 50.549 66.581
T 39.675 49.057 67.982
Y 42.216 50.566 70.344
A 45.708 49.838 71.556
D 45.782 47.812 74.76
S 47.355 50.7 76.685
V 44.521 53.169 75.982
K 41.412 50.983 75.624
G 38.606 51.853 78.011
R 40.049 55.361 78.417
F 40.014 56.606 74.8
T 37.059 56.659 72.408
I 37.272 57.338 68.666
S 34.177 58.589 66.85
R 33.083 60.131 63.562
D 31.064 63.067 62.254
N 30.402 62.615 58.541
A 28.697 66.001 58.136
K 31.742 67.865 59.457
N 33.967 65.199 57.819
T 35.809 64.934 61.127
V 37.085 62.228 63.483
Y 37.337 62.7 67.25
L 39.434 61.157 70.024
Q 37.931 61.621 73.482
M 40.721 60.99 76.001
N 39.817 60.154 79.605
S 41.791 59.151 82.71
L 44.917 60.645 81.179
K 48.322 59.408 82.36
P 51.882 60.787 82.055
E 52.55 57.896 79.665
E 52.546 57.895 79.666
D 49.987 59.484 77.308
T 52.081 62.628 76.726
A 52.795 62.77 72.99
V 52.033 64.425 69.673
Y 48.846 62.958 68.208
Y 48.144 62.62 64.491
C 45.288 61.159 62.487
N 45.724 59.396 59.169
T 44.136 57.057 56.677
P 45.872 53.74 55.938
A 47.074 55.246 52.647
G 48.495 58.331 54.35
R 50.282 56.207 56.945
V 52.11 54.025 54.421
G 52.572 57.05 52.158
G 54.225 59.067 54.913
T 51.833 61.999 54.427
W 51.159 63.41 57.9
G 49.652 66.59 59.255
Q 51.379 68.655 61.904
G 49.446 66.98 64.723
T 48.384 68.292 68.109
P 50.36 68.285 71.383
V 49.038 66.549 74.495
T 50.997 67.084 77.723
V 50.15 65.348 81.012
S 51.738 67.088 84.015
S 51.098 69.545 86.861
H 50.857 73.235 85.968
