tag x y z
Q 150.998 93.05 77.503
W 150.505 96.624 78.704
Q 150.893 96.105 82.449
L 152.054 97.923 85.57
V 153.194 96.063 88.687
E 153.654 97.741 92.074
S 155.885 96.58 94.912
G 157.496 97.64 98.173
G 154.464 97.754 100.461
G 154.236 96.148 103.87
L 153.937 96.756 107.6
V 155.493 99.753 109.367
Q 154.967 101.945 112.423
A 153.69 105.509 112.498
G 156.5 107.817 111.408
G 158.396 105.182 109.419
S 159.404 105.37 105.759
L 158.747 103.363 102.597
R 159.702 103.309 98.922
R 159.694 103.311 98.922
L 156.976 102.061 96.58
S 158.103 100.92 93.131
C 156.062 100.869 89.915
T 157.444 99.087 86.853
A 155.551 99.159 83.556
S 155.895 97.042 80.417
G 154.319 97.978 77.086
I 155.014 101.742 76.97
I 157.838 104.287 77.095
L 157.918 106.197 80.371
S 159.819 109.222 79.017
I 156.829 110.175 76.839
N 154.086 109.271 79.337
S 153.096 110.82 82.645
M 152.623 108.801 85.815
G 150.504 109.053 88.94
W 150.27 107.358 92.315
Y 146.79 106.941 93.805
R 145.699 105.407 97.114
Q 142.507 103.563 98.079
T 141.275 103.2 101.654
A 137.568 102.249 101.348
G 135.78 105.364 102.594
N 136.168 106.865 99.117
E 137.124 105.744 95.627
R 140.736 105.953 94.665
E 142.316 109.398 94.941
W 145.497 110.744 93.366
V 148.287 111.624 95.798
A 151.281 112.111 93.486
F 151.864 112.919 89.829
S 154.98 113.264 87.664
T 154.835 114.582 84.101
A 157.142 114.0 81.162
G 159.655 116.811 81.655
G 160.2 116.62 85.419
S 157.266 118.602 86.815
T 155.765 117.052 89.95
T 152.649 117.675 92.019
Y 151.148 116.235 95.199
A 147.86 116.35 97.071
D 147.463 118.818 99.929
S 147.072 116.136 102.607
V 150.414 114.608 101.571
K 152.61 117.474 100.337
G 156.1 117.583 101.841
R 156.111 113.956 103.039
F 155.867 111.993 99.771
T 158.203 112.403 96.799
I 157.697 111.005 93.291
S 160.681 110.276 91.053
R 161.42 108.441 87.812
D 164.088 106.032 86.556
N 163.919 106.025 82.8
A 166.356 103.203 82.034
K 164.524 100.849 84.401
N 161.157 102.153 83.146
T 160.076 102.729 86.741
V 158.494 105.299 89.041
Y 159.332 105.495 92.744
L 157.356 106.996 95.631
Q 159.322 107.942 98.723
M 156.974 107.908 101.721
N 158.051 109.657 104.923
S 156.409 110.682 108.196
L 153.69 108.097 107.657
K 150.42 108.406 109.572
P 147.452 106.084 110.18
E 145.49 107.947 107.495
E 145.502 107.967 107.497
D 147.892 106.655 104.815
T 147.083 102.963 105.365
A 145.681 101.937 101.993
V 146.328 100.104 98.735
Y 148.511 102.194 96.426
Y 148.242 102.048 92.633
C 150.241 103.425 89.71
N 149.017 104.533 86.294
T 148.879 106.86 83.322
P 145.76 109.006 82.79
A 144.573 106.814 79.907
G 144.546 103.708 82.079
R 143.092 105.731 84.95
V 139.988 106.741 83.005
G 139.846 103.386 81.196
G 139.717 101.397 84.436
T 142.562 99.032 83.431
W 144.891 98.608 86.432
G 147.079 96.081 88.15
Q 146.679 94.655 91.627
G 148.291 97.512 93.581
T 150.455 97.267 96.686
P 149.309 97.298 100.334
V 150.66 99.756 102.903
T 149.735 99.506 106.591
V 150.578 102.037 109.316
S 150.282 100.615 112.837
S 152.311 99.332 115.782
H 153.214 95.642 115.973
