tag x y z
Q -79.549 19.78 -36.514
V -83.093 18.423 -35.92
Q -85.678 20.651 -37.731
L -89.17 21.017 -36.189
V -92.404 21.776 -38.14
E -95.597 22.876 -36.299
S -99.146 22.493 -37.827
G -102.87 22.522 -36.85
G -102.951 26.327 -36.378
G -105.845 28.45 -37.722
L -109.119 30.149 -36.642
V -111.228 28.678 -33.768
Q -114.286 29.728 -31.636
A -113.778 30.669 -27.933
G -114.686 27.489 -25.943
G -113.583 25.363 -28.959
S -110.693 22.843 -29.215
L -107.635 22.561 -31.489
R -104.719 20.07 -31.687
L -101.279 21.372 -32.743
A -98.67 18.847 -33.96
C -94.882 19.208 -34.338
I -92.811 16.687 -36.391
A -88.999 16.426 -35.778
S -86.596 15.323 -38.553
G -83.828 12.835 -37.492
R -84.107 9.359 -35.847
T -83.415 10.314 -32.152
F -86.79 11.972 -31.217
H -86.961 9.393 -28.303
S -84.027 11.231 -26.594
Y -85.503 14.792 -27.006
V -87.574 16.626 -24.359
M -90.314 18.37 -26.411
A -91.867 21.754 -25.392
W -94.47 24.218 -26.709
F -93.995 27.988 -26.243
R -96.197 30.786 -27.576
Q -95.955 34.515 -28.312
A -99.174 36.591 -28.039
P -99.288 40.09 -29.584
G -96.968 42.566 -27.696
K -95.437 39.939 -25.289
E -92.358 37.636 -24.961
R -92.197 33.936 -25.798
E -94.164 32.292 -22.936
F -93.822 28.615 -21.84
V -97.016 26.564 -22.583
A -96.055 22.887 -21.904
A -93.216 20.28 -22.006
I -92.918 16.487 -21.951
S -89.93 14.395 -20.71
W -88.609 11.372 -22.687
S -90.946 8.729 -21.109
S -93.906 11.229 -21.033
T -93.661 10.47 -17.265
P -93.216 14.091 -16.107
T -95.3 16.703 -18.108
Y -95.199 20.477 -17.42
Y -97.789 23.275 -18.106
G -97.832 27.112 -17.768
E -100.217 28.502 -15.095
S -102.716 29.933 -17.757
V -103.106 26.562 -19.594
K -103.053 23.992 -16.688
G -106.343 22.001 -16.877
R -107.186 22.984 -20.49
F -104.059 21.961 -22.476
T -102.639 18.405 -22.721
I -99.158 17.645 -24.161
S -98.41 14.104 -25.463
R -95.773 12.417 -27.699
D -95.795 9.512 -30.196
N -92.172 8.339 -30.732
A -93.221 6.078 -33.685
K -94.273 9.257 -35.661
N -91.503 11.62 -34.298
T -94.475 13.885 -33.294
V -95.366 15.91 -30.175
Y -99.027 17.022 -29.782
L -100.746 19.915 -27.882
Q -104.512 19.39 -27.326
M -106.026 22.844 -26.535
N -109.514 22.677 -24.924
R -111.869 25.453 -23.663
L -109.879 28.082 -25.685
K -109.886 31.775 -24.518
P -108.882 34.919 -26.47
E -105.662 35.037 -24.312
D -104.706 31.817 -26.246
T -104.393 33.798 -29.572
A -100.639 33.666 -30.39
V -97.943 31.929 -32.466
Y -97.185 28.459 -31.0
F -93.508 27.442 -31.302
C -92.406 23.805 -30.916
A -89.008 23.378 -29.129
A -86.665 20.41 -28.375
D -83.554 19.587 -26.281
R -81.568 16.404 -25.363
G -81.765 17.569 -21.706
E -84.68 18.124 -19.259
S -84.124 21.519 -17.522
Y -84.908 22.348 -13.877
Y -85.575 25.788 -15.513
Y -87.981 24.14 -18.007
T -89.755 27.521 -18.808
R -86.506 29.142 -20.079
P -86.368 29.422 -23.906
T -82.565 29.409 -23.539
E -82.762 25.789 -22.201
Y -83.888 24.412 -25.648
E -81.464 24.113 -28.635
F -84.093 23.498 -31.368
W -87.09 25.659 -32.42
G -89.858 25.582 -35.086
Q -90.85 28.781 -37.006
G -94.331 28.54 -35.321
T -98.011 27.994 -36.228
Q -100.556 30.909 -35.775
V -103.686 30.232 -33.658
T -106.434 32.895 -33.586
V -109.463 32.605 -31.163
S -112.631 34.692 -32.031
S -115.827 35.649 -30.007
