tag x y z
Q 17.782 -9.865 -69.703
V 16.849 -10.205 -73.448
Q 18.5 -7.434 -75.589
L 16.597 -6.004 -78.618
V 18.646 -4.26 -81.423
E 16.746 -2.217 -84.103
S 18.296 -1.601 -87.606
G 17.238 -0.347 -91.104
G 16.704 3.278 -89.997
G 17.931 6.2 -92.116
L 16.893 9.0 -94.466
V 14.144 8.31 -97.089
Q 12.219 10.52 -99.592
A 8.469 11.151 -98.909
G 6.456 8.456 -100.8
G 9.4 6.035 -100.252
S 9.705 2.665 -98.417
L 11.896 1.469 -95.498
R 12.133 -1.981 -93.791
L 13.079 -1.953 -90.062
A 14.414 -5.091 -88.337
C 14.764 -5.952 -84.637
I 16.837 -8.974 -83.478
A 16.378 -10.442 -79.944
S 19.334 -12.113 -78.134
G 18.813 -15.658 -76.659
R 16.654 -18.618 -77.91
T 13.338 -17.402 -76.34
F 12.111 -15.286 -79.352
H 9.175 -17.713 -80.191
S 7.705 -17.027 -76.671
Y 7.536 -13.185 -77.201
V 4.862 -10.867 -78.534
M 6.824 -8.282 -80.586
A 5.835 -4.605 -80.98
W 7.013 -1.354 -82.612
F 6.522 2.054 -80.948
R 7.787 5.406 -82.229
Q 8.603 8.775 -80.685
A 8.146 11.708 -83.133
P 10.048 15.003 -82.486
G 8.713 16.401 -79.133
K 5.887 13.779 -78.69
E 5.239 10.793 -76.326
R 5.926 7.169 -77.473
E 3.091 6.066 -79.832
F 2.011 2.459 -80.6
V 2.841 1.478 -84.254
A 2.395 -2.341 -84.611
A 2.365 -5.67 -82.672
I 2.499 -9.369 -83.704
S 1.389 -12.4 -81.607
W 3.543 -15.561 -81.15
S 2.086 -17.403 -84.226
S 2.038 -14.203 -86.451
T -1.777 -13.82 -85.875
P -3.124 -11.574 -84.703
T -1.285 -8.455 -85.929
Y -2.252 -4.979 -84.578
Y -1.633 -1.488 -86.105
G -1.934 2.121 -84.883
E -4.646 4.212 -86.683
S -1.966 6.435 -88.425
V -0.089 3.501 -90.096
K -2.814 0.9 -90.89
G -2.743 0.13 -94.664
R 0.853 1.508 -95.032
F 2.986 -0.564 -92.554
T 3.271 -4.387 -92.265
I 4.686 -6.218 -89.188
S 6.085 -9.79 -89.688
R 8.41 -12.149 -87.75
D 10.972 -14.883 -88.598
N 11.358 -17.086 -85.46
A 14.372 -18.926 -87.056
K 16.202 -15.508 -87.245
N 14.879 -14.106 -83.889
T 13.771 -11.116 -86.068
V 10.619 -8.927 -86.206
Y 10.271 -6.682 -89.326
L 8.378 -3.426 -89.975
Q 7.782 -2.794 -93.738
M 6.979 0.962 -94.01
N 5.451 2.093 -97.384
R 4.213 5.527 -98.608
L 6.253 7.361 -95.917
K 5.111 10.899 -94.861
P 7.179 13.601 -93.071
E 4.985 12.892 -89.952
D 6.499 9.32 -89.862
T 9.875 10.927 -88.85
A 10.561 9.364 -85.432
V 12.791 7.042 -83.413
Y 11.257 3.535 -83.805
F 11.605 1.302 -80.716
C 11.267 -2.49 -80.695
A 9.512 -4.003 -77.617
A 8.851 -7.603 -76.496
D 6.832 -9.337 -73.751
R 5.975 -12.993 -72.94
G 2.3 -11.915 -72.655
E -0.16 -10.587 -75.247
S -1.986 -7.598 -73.66
Y -5.632 -6.716 -74.184
Y -4.14 -3.168 -73.809
Y -1.544 -3.841 -76.595
T -0.91 -0.031 -77.134
R 0.35 0.535 -73.531
P 4.177 0.763 -73.269
T 3.882 -0.585 -69.639
E 2.619 -3.987 -70.996
Y 6.091 -4.698 -72.584
E 9.03 -5.644 -70.306
F 11.849 -5.486 -72.958
W 12.853 -2.419 -75.085
G 15.501 -1.568 -77.699
Q 17.27 1.847 -77.726
G 15.543 2.695 -81.069
T 16.42 3.42 -84.758
Q 16.091 6.957 -86.279
V 13.822 7.284 -89.361
T 13.871 10.681 -91.188
V 11.382 11.233 -94.092
S 12.378 14.362 -96.158
S 9.852 16.159 -98.488
