tag x y z
Q 28.33 23.586 -100.764
V 28.962 21.528 -103.986
Q 28.482 22.604 -107.669
L 27.944 19.913 -110.384
V 28.077 20.617 -114.191
E 27.319 17.74 -116.664
S 28.27 17.595 -120.419
G 28.743 14.897 -123.161
G 25.026 14.356 -124.003
G 23.615 14.24 -127.563
L 21.949 12.063 -130.276
M 23.139 8.418 -130.74
Q 22.022 5.359 -132.785
A 20.782 2.321 -130.782
G 23.864 0.057 -130.197
G 26.293 3.059 -130.072
S 28.665 4.629 -127.448
L 28.474 7.948 -125.436
R 30.559 9.364 -122.493
L 28.962 11.848 -119.992
S 31.252 14.093 -117.834
C 30.437 15.957 -114.57
A 32.831 18.629 -113.154
V 32.729 18.739 -109.284
S 33.748 21.889 -107.281
G 33.264 22.593 -103.504
R 33.48 20.488 -100.254
T 33.22 16.759 -101.257
F 33.874 13.936 -98.688
S 36.498 11.326 -99.845
T 34.604 8.488 -97.992
A 31.274 9.578 -99.676
A 29.951 9.041 -103.245
M 28.95 10.565 -106.607
G 25.996 9.287 -108.669
W 24.2 9.484 -112.021
F 20.367 9.526 -112.177
R 18.126 10.072 -115.268
Q 14.581 11.414 -115.917
A 12.694 10.803 -119.229
P 9.66 13.097 -119.881
G 6.441 12.119 -117.978
K 8.407 9.546 -115.852
E 9.863 9.534 -112.267
R 13.637 9.846 -111.476
E 15.636 6.576 -111.947
F 18.988 5.807 -110.202
V 21.688 4.804 -112.795
A 25.015 4.362 -110.9
A 27.024 5.476 -107.813
I 30.807 5.502 -107.155
R 32.674 5.928 -103.832
W 35.16 8.842 -104.171
S 37.927 6.898 -102.308
G 38.328 3.235 -103.4
G 36.364 3.766 -106.66
S 33.857 0.89 -106.068
A 30.757 1.215 -108.336
Y 27.055 0.214 -107.971
Y 24.693 -0.013 -111.017
A 20.882 -0.181 -111.506
D 19.808 -3.599 -112.979
S 18.698 -1.752 -116.204
V 22.268 -0.455 -117.069
K 24.476 -3.229 -115.502
G 27.092 -4.54 -118.024
R 26.33 -1.687 -120.528
F 27.24 1.515 -118.531
T 30.458 2.153 -116.481
I 30.845 4.975 -113.874
S 34.44 6.161 -113.095
R 36.09 9.275 -111.527
D 39.438 11.154 -111.842
K 40.554 12.485 -108.387
A 43.179 14.768 -110.113
K 40.506 16.497 -112.333
N 37.57 16.322 -109.783
T 35.454 14.696 -112.561
V 33.006 11.73 -112.656
Y 32.343 9.9 -115.994
L 29.48 7.692 -117.297
Q 30.617 5.498 -120.268
M 27.253 4.635 -121.973
N 27.855 1.569 -124.273
S 25.203 -0.491 -126.2
L 22.608 2.368 -125.911
K 18.856 1.407 -126.145
Y 15.616 3.427 -126.881
E 14.893 3.032 -123.095
D 18.076 5.059 -122.226
T 16.542 8.348 -123.633
A 16.384 10.893 -120.716
V 18.089 13.922 -119.044
Y 21.177 12.486 -117.189
Y 21.973 14.302 -113.866
C 25.148 14.075 -111.697
A 24.512 13.897 -107.898
S 26.723 14.388 -104.775
Y 25.898 12.29 -101.668
Q 27.473 13.865 -98.526
A 26.534 10.736 -96.453
T 29.203 8.0 -96.097
R 27.189 4.73 -96.301
S 28.984 1.449 -95.383
L 26.776 -0.445 -97.949
L 27.423 0.975 -101.489
S 23.92 -0.298 -102.549
D 22.428 2.294 -100.07
Y 23.217 4.978 -102.742
A 20.465 3.435 -105.033
T 17.785 4.977 -102.688
W 19.624 7.404 -100.271
P 18.601 11.043 -101.057
Y 21.498 12.986 -102.707
D 22.316 16.548 -101.424
Y 23.469 18.273 -104.689
W 22.623 17.744 -108.423
G 23.503 19.502 -111.744
Q 21.23 21.018 -114.473
G 21.764 17.797 -116.538
T 22.691 16.767 -120.142
Q 20.211 15.467 -122.813
V 20.723 11.889 -124.169
T 18.519 10.739 -127.134
V 18.844 7.159 -128.54
S 17.541 6.403 -132.111
