tag x y z
Q 112.941 162.358 217.456
V 114.973 159.611 219.141
Q 113.051 156.669 220.596
L 114.505 153.702 222.498
V 111.863 150.952 222.601
E 112.596 148.072 224.967
S 111.289 144.507 224.903
G 111.836 141.126 226.513
G 112.47 140.005 230.059
G 110.061 139.122 232.819
L 109.652 136.484 235.53
M 111.4 133.108 235.506
Q 113.579 130.795 237.577
A 117.133 131.438 238.724
G 119.807 130.979 236.078
G 117.323 131.512 233.246
S 118.099 132.856 229.796
L 116.875 136.225 228.548
R 117.939 138.749 225.908
L 116.66 142.31 226.32
S 116.247 144.5 223.241
C 116.097 148.279 222.834
A 115.065 149.408 219.35
V 116.659 152.704 218.295
S 114.768 154.961 215.887
G 115.583 158.315 214.314
R 119.257 158.39 215.298
T 122.529 156.484 215.011
F 125.043 156.118 217.839
S 128.135 155.542 215.643
T 130.69 157.756 217.404
A 129.019 157.793 220.837
A 128.251 154.703 222.919
M 125.189 152.868 224.221
M 125.192 152.898 224.239
G 124.761 151.473 227.72
W 122.486 149.417 229.953
F 121.362 150.222 233.499
R 119.156 148.564 236.107
Q 117.407 150.081 239.127
A 116.453 147.946 242.147
P 113.984 149.174 244.794
G 115.475 151.474 247.411
K 118.704 151.842 245.41
E 120.232 154.177 242.855
R 120.294 153.38 239.15
E 123.397 151.254 238.615
F 125.615 150.572 235.613
V 125.481 147.157 233.923
A 126.944 147.091 230.406
A 128.014 149.679 227.837
I 129.298 149.102 224.306
R 130.924 151.206 221.612
W 128.547 151.131 218.657
S 131.073 151.399 215.818
G 133.817 149.254 217.346
G 131.88 146.648 219.315
S 134.119 146.713 222.395
A 132.212 145.83 225.57
Y 132.492 147.095 229.151
Y 130.865 145.304 232.092
A 130.401 145.922 235.81
D 131.736 143.511 238.432
S 128.177 142.53 239.372
V 127.544 141.285 235.809
K 130.955 140.2 234.486
G 130.768 136.732 232.964
R 126.994 136.561 233.432
F 125.585 139.341 231.246
T 126.578 139.989 227.628
I 125.924 143.075 225.485
S 125.573 142.987 221.697
R 124.242 145.298 219.0
D 122.933 145.371 215.427
K 123.561 148.549 213.443
A 121.142 148.132 210.524
K 118.275 146.965 212.751
N 119.372 149.788 215.089
T 118.942 147.525 218.115
V 121.121 146.676 221.114
Y 120.84 143.393 223.013
L 121.807 142.214 226.492
Q 122.15 138.421 226.691
M 120.989 137.689 230.244
N 122.425 134.289 231.201
S 123.205 132.818 234.63
L 120.701 134.935 236.536
K 120.717 135.548 240.288
Y 118.197 136.813 242.831
E 119.915 140.209 243.161
D 119.448 140.883 239.426
T 115.759 141.683 239.994
A 115.379 145.339 238.978
V 113.92 147.641 236.336
Y 116.299 147.659 233.38
Y 116.948 150.846 231.411
C 118.437 151.037 227.947
C 118.419 151.041 227.934
A 120.256 154.265 227.187
G 122.344 155.902 224.488
S 124.908 158.674 224.849
K 125.458 161.815 222.787
I 129.144 162.214 223.744
T 132.104 160.433 222.157
R 134.243 159.447 225.146
S 137.778 158.262 224.469
S 137.783 158.266 224.473
L 137.555 155.686 227.264
L 134.693 153.206 227.068
S 135.028 153.158 230.866
D 133.89 156.791 231.005
Y 130.542 155.642 229.578
A 129.782 153.847 232.858
T 129.37 157.136 234.761
W 128.947 159.87 232.153
P 125.265 160.65 231.539
Y 123.167 159.369 228.655
D 120.808 161.819 226.96
Y 118.373 159.163 225.682
W 116.526 156.766 227.987
G 114.028 153.992 227.379
Q 110.681 153.356 229.03
G 111.999 150.662 231.381
T 111.091 146.964 231.516
Q 110.843 144.846 234.663
V 112.941 141.692 235.072
T 112.202 139.38 238.012
V 114.168 136.262 239.001
S 112.29 133.655 241.036
S 113.105 130.713 243.287
K 112.435 127.019 242.712
