tag x y z
V 154.654 165.098 210.415
Q 154.437 167.493 213.367
L 151.641 170.079 213.54
V 151.988 173.018 215.949
E 149.139 175.515 216.387
S 149.318 178.984 217.901
G 147.236 182.108 218.368
G 144.52 180.977 220.765
G 143.296 183.132 223.604
L 140.451 185.226 224.96
M 138.563 187.542 222.612
Q 135.305 189.476 222.754
A 132.419 188.626 220.429
G 132.651 190.537 217.156
G 136.456 190.557 217.01
S 138.772 188.797 214.568
L 141.696 186.402 215.042
R 144.283 184.725 212.797
L 145.428 181.195 213.646
S 148.79 179.788 212.557
C 149.826 176.157 212.073
C 149.799 176.147 212.048
A 153.209 175.205 210.643
V 153.437 171.921 208.702
S 156.803 170.186 208.386
G 158.462 167.074 206.947
R 157.417 165.333 203.738
T 154.963 168.027 202.663
F 153.136 166.632 199.642
S 152.629 169.136 196.839
T 149.172 167.778 195.952
A 147.66 167.335 199.437
A 145.415 169.594 201.544
M 145.158 170.931 205.064
G 142.038 171.293 207.146
W 141.096 172.815 210.466
F 138.63 171.025 212.724
R 137.371 171.861 216.195
Q 136.174 169.968 219.25
A 134.213 171.731 221.967
P 134.102 170.136 225.435
G 131.644 167.255 225.385
K 131.068 167.535 221.614
E 132.328 165.534 218.654
R 135.156 166.794 216.466
E 133.754 169.048 213.742
F 135.196 170.08 210.393
V 135.718 173.841 210.045
A 137.631 174.599 206.846
A 140.043 172.934 204.453
I 142.435 174.275 201.834
R 144.297 172.388 199.125
W 148.024 173.068 199.271
S 148.302 173.222 195.471
G 146.061 175.912 194.0
G 144.729 177.102 197.354
S 141.046 176.323 196.871
A 139.158 176.434 200.16
Y 136.129 174.585 201.536
Y 134.224 175.78 204.609
A 131.672 174.387 207.018
D 128.308 176.144 206.824
S 128.58 177.549 210.352
V 131.565 179.713 209.353
K 131.274 180.153 205.564
G 131.476 183.825 204.631
R 132.912 184.703 208.051
F 136.091 182.624 208.358
T 138.904 182.495 205.81
I 141.544 179.766 205.512
S 144.822 180.507 203.729
R 148.242 178.926 203.373
D 151.69 180.213 202.455
K 153.392 177.418 200.512
A 156.883 178.933 200.702
K 156.541 179.177 204.494
N 154.599 175.879 204.867
T 152.01 177.547 207.105
V 148.207 177.402 207.022
Y 146.043 180.098 208.613
L 142.487 180.157 209.952
Q 141.044 183.684 210.102
M 138.225 183.572 212.67
N 136.181 186.721 212.078
S 132.983 187.751 213.87
L 133.732 185.488 216.825
K 130.68 184.134 218.638
Y 130.065 182.365 221.942
E 129.342 179.117 220.097
D 132.746 179.348 218.409
T 134.43 178.713 221.779
A 136.23 175.382 221.341
V 139.614 173.774 220.823
Y 140.649 174.105 217.173
Y 142.985 171.496 215.683
C 144.963 171.819 212.477
C 145.037 171.83 212.5
A 144.813 168.606 210.484
S 146.785 167.161 207.577
Y 145.579 165.076 204.637
Q 147.892 162.963 202.504
A 145.253 161.378 200.259
T 144.208 163.524 197.294
R 140.514 163.706 196.365
S 139.072 164.909 193.063
L 135.971 166.254 194.86
L 136.883 168.897 197.453
S 133.746 168.321 199.549
D 134.997 164.832 200.442
Y 137.61 166.467 202.695
A 134.725 167.459 204.986
T 134.173 163.825 206.021
W 137.508 162.077 205.333
P 139.342 160.793 208.423
Y 142.692 162.59 208.407
D 146.141 161.231 209.24
Y 147.774 163.614 211.733
W 146.447 166.226 214.154
G 147.953 169.188 215.954
Q 147.653 169.586 219.686
G 144.978 172.292 219.623
T 144.853 175.863 220.867
Q 141.983 177.196 222.975
V 139.978 180.196 221.773
T 137.302 181.496 224.152
V 134.795 184.092 222.939
S 133.099 186.24 225.566
