tag x y z
V 180.518 188.207 228.59
Q 179.679 191.018 231.023
L 177.399 194.058 230.793
V 178.818 196.903 232.931
E 176.378 199.769 233.574
S 177.332 203.268 234.785
G 175.876 206.784 235.091
G 172.468 207.62 236.587
G 171.963 208.207 240.314
L 170.106 211.203 241.787
M 168.651 214.055 239.672
Q 165.865 216.603 240.267
A 162.706 216.348 238.093
G 163.042 218.059 234.691
G 166.784 217.235 234.55
S 168.66 214.822 232.252
L 170.876 211.779 233.023
R 172.817 209.448 230.721
L 173.218 205.719 231.42
S 176.045 203.714 229.812
C 176.365 199.972 229.386
A 179.683 198.532 228.137
V 179.943 194.959 226.802
S 183.211 193.228 227.796
G 184.498 189.746 226.867
R 184.595 187.967 223.48
T 181.331 188.338 221.522
F 180.62 186.46 218.284
S 177.907 188.995 217.307
T 175.379 191.439 218.834
A 171.842 191.715 217.384
A 170.339 194.31 219.72
M 170.754 196.048 223.086
G 167.931 197.124 225.405
W 167.17 199.045 228.598
F 164.623 197.784 231.155
R 163.65 199.205 234.557
Q 162.218 197.851 237.832
A 160.578 200.255 240.309
P 160.319 198.944 243.943
G 157.653 196.217 244.31
K 156.75 196.436 240.579
E 157.481 194.2 237.561
R 160.553 194.824 235.389
E 159.397 196.798 232.35
F 160.767 197.445 228.829
V 162.18 200.953 228.195
A 164.036 200.976 224.842
A 165.843 198.762 222.3
I 168.322 199.479 219.503
R 169.391 197.241 216.633
W 173.189 196.986 216.551
S 173.135 197.047 212.723
G 171.611 200.298 211.431
G 170.75 201.718 214.875
S 166.928 201.77 214.539
A 165.332 202.293 217.976
Y 162.101 201.085 219.629
Y 160.598 202.789 222.706
A 158.035 202.131 225.426
D 155.155 204.639 225.136
S 155.975 206.015 228.632
V 159.396 207.37 227.516
K 158.684 208.53 223.908
G 159.842 212.122 223.301
R 161.908 212.021 226.523
F 164.463 209.194 226.264
T 166.929 208.43 223.455
I 168.762 205.113 223.055
S 172.039 205.192 221.062
R 174.984 202.876 220.276
D 178.771 203.113 219.786
K 179.709 199.892 217.948
A 183.493 200.464 218.268
K 183.207 200.901 222.073
N 180.61 198.078 222.317
T 178.529 200.477 224.456
V 174.801 201.347 224.564
Y 173.517 204.614 226.087
L 170.189 205.851 227.427
Q 169.796 209.643 227.401
M 167.057 210.254 229.968
N 165.641 213.769 229.456
S 162.695 215.49 231.187
L 162.987 213.145 234.206
K 159.792 212.479 236.199
Y 159.261 210.764 239.591
E 157.773 207.824 237.582
D 161.293 207.242 236.121
T 162.712 206.287 239.568
A 163.838 202.639 239.213
V 166.799 200.274 238.861
Y 167.729 200.352 235.146
Y 169.065 197.154 233.528
C 171.105 196.774 230.349
A 170.307 193.722 228.185
R 171.915 192.096 225.137
T 170.818 189.465 222.615
E 172.324 187.739 219.568
Y 168.766 187.035 218.33
V 168.091 188.884 215.05
S 164.379 189.472 214.402
Y 163.232 191.075 211.126
L 160.707 192.936 213.317
L 162.13 195.627 215.619
S 159.075 195.641 217.925
D 159.982 192.043 218.947
Y 162.796 193.543 221.08
A 160.119 194.911 223.46
T 159.016 191.368 224.452
W 162.014 189.15 223.56
P 163.631 187.4 226.591
Y 167.232 188.676 226.55
D 170.238 186.365 227.113
Y 172.567 188.754 229.016
W 171.773 191.264 231.805
G 173.707 193.982 233.648
Q 173.742 194.327 237.469
G 171.34 197.323 237.393
T 171.901 201.079 238.02
Q 169.662 203.151 240.346
V 168.025 206.315 238.996
T 166.289 208.478 241.615
V 164.236 211.505 240.543
S 163.664 214.116 243.303
S 161.309 217.151 243.551
