tag x y z
Q 12.162 -4.726 66.309
V 9.153 -4.457 64.001
Q 8.245 -0.814 63.424
L 5.767 1.134 61.286
V 6.579 4.682 60.149
E 3.606 6.704 58.92
S 3.42 9.936 56.916
G 1.475 11.734 54.205
G -1.401 13.522 55.959
G -2.544 17.109 55.701
L -5.381 19.538 55.064
L -5.38 19.54 55.064
V -7.208 19.257 51.732
Q -10.358 20.566 50.062
P -13.33 18.32 49.224
G -12.452 16.583 45.967
G -8.687 16.75 46.461
S -6.194 13.943 46.878
S -6.178 13.95 46.866
L -3.693 12.744 49.467
R -1.08 9.994 49.708
L -0.405 8.153 52.963
S 2.739 6.057 53.372
C 3.527 3.256 55.836
A 7.093 1.913 56.023
A 7.404 -1.586 57.528
S 10.79 -2.38 59.069
G 11.872 -5.42 61.079
F 10.069 -8.12 59.09
T 12.055 -11.235 58.175
N 9.951 -12.212 55.154
D 7.055 -11.093 52.959
F 4.469 -13.064 54.98
Y 2.536 -10.204 56.567
S -0.451 -7.976 55.798
I -1.125 -4.244 56.157
A -4.378 -2.526 57.116
W -5.423 1.126 57.226
F -7.636 2.233 60.117
R -9.204 5.688 60.344
Q -10.597 7.155 63.572
A -13.271 9.746 62.826
P -14.155 12.246 65.589
G -15.971 10.265 68.265
K -15.891 6.975 66.323
E -13.936 3.777 66.869
R -11.072 2.616 64.678
E -12.544 1.302 61.416
G -10.78 -0.528 58.618
V -10.9 1.049 55.164
S -8.207 -0.759 53.159
W -6.133 -3.939 53.429
L -3.194 -5.495 51.604
S -1.922 -9.057 51.919
V 1.721 -8.573 50.986
S 2.676 -12.098 49.888
D -0.402 -12.278 47.644
N -0.481 -8.587 46.622
T -4.266 -8.658 47.084
P -6.14 -5.428 47.975
T -9.491 -4.957 49.732
Y -11.472 -1.741 50.243
V -14.69 -1.02 52.109
D -17.578 0.027 49.878
S -17.695 3.71 50.917
V -14.125 4.248 49.666
K -14.022 1.618 46.875
D -13.339 3.656 43.733
R -11.764 6.616 45.569
F -8.969 4.857 47.517
T -6.039 2.884 46.101
I -3.538 0.853 48.135
S -0.216 -0.382 46.768
R 3.243 -1.531 47.853
H 6.72 -0.598 46.657
N 9.166 -3.444 47.204
A 12.56 -1.751 47.726
N 11.473 0.639 50.486
N 9.027 -1.901 51.976
T 6.408 0.86 52.067
V 2.644 0.593 51.515
Y 0.9 3.6 49.979
L -2.755 4.62 50.279
Q -3.72 6.949 47.424
M -6.891 8.776 48.51
N -8.686 10.582 45.674
M -12.022 12.426 45.425
L -11.911 13.03 49.167
K -15.148 13.878 50.992
P -15.79 15.496 54.4
E -16.716 12.016 55.646
D -13.072 10.966 55.276
T -11.891 13.356 58.011
A -10.168 11.175 60.61
I -6.852 10.156 62.112
Y -5.533 7.317 59.963
Y -3.421 4.419 61.257
C -1.601 1.656 59.422
A -1.28 -1.715 61.103
A 0.567 -4.946 60.444
G 0.008 -8.566 61.365
R 1.775 -11.874 60.794
F -0.831 -13.375 58.471
A -2.089 -13.269 54.89
G -5.443 -11.532 54.937
R -7.49 -8.806 56.54
D -9.525 -8.03 59.631
T -12.022 -5.444 60.767
W -10.908 -5.805 64.392
P -8.027 -3.504 65.415
S -7.111 -5.724 68.373
S -6.186 -8.398 65.787
Y -3.136 -6.427 64.575
D -0.104 -6.523 66.872
Y 1.828 -3.703 65.17
W 0.697 -0.093 64.776
G 2.087 3.121 63.386
Q 1.433 6.538 64.877
G -1.575 8.187 63.295
T -1.491 10.92 60.68
Q -4.121 13.654 60.604
V -6.344 13.974 57.522
T -8.782 16.903 57.427
V -11.165 17.539 54.51
S -13.017 20.864 54.586
