tag x y z
T 3.424 34.441 -17.772
G 2.174 32.063 -15.097
Q 3.919 31.93 -11.729
V 4.48 35.715 -11.904
Q 1.678 37.973 -13.13
L 0.993 41.669 -13.684
Q -2.567 42.959 -13.256
E -3.447 46.356 -14.748
S -6.448 48.582 -14.073
G -7.66 52.166 -14.304
G -8.135 52.76 -18.026
G -11.113 54.441 -19.623
L -12.452 57.629 -21.162
V -11.406 61.049 -19.882
Q -12.201 64.561 -21.034
P -9.252 66.683 -22.21
G -7.641 68.125 -19.1
G -9.162 65.459 -16.853
S -7.5 62.949 -14.564
L -7.029 59.18 -14.638
R -5.23 56.781 -12.302
L -3.545 53.588 -13.496
S -2.673 50.808 -11.048
C -0.488 47.735 -11.553
A -0.116 44.857 -9.089
A 2.517 42.111 -9.302
S 1.354 38.754 -7.927
G 3.216 35.477 -7.678
S 4.76 32.809 -5.505
V 8.179 34.51 -5.7
F 6.907 37.332 -3.476
S 6.761 36.925 0.298
G 5.522 47.473 0.042
W 7.653 46.129 -2.795
S 9.202 42.705 -2.372
P 13.021 42.776 -2.663
N 12.669 40.707 -5.855
I 11.16 43.756 -7.607
N 13.974 45.783 -9.168
A 11.701 48.33 -10.848
M 8.155 48.913 -12.051
G 6.941 51.456 -14.578
W 4.302 52.402 -17.118
F 4.958 52.339 -20.862
R 3.046 53.792 -23.803
Q 2.604 51.099 -26.462
A 2.556 52.287 -30.042
P 1.322 49.649 -32.527
G 4.298 47.746 -33.898
K 6.888 49.837 -32.04
Q 8.96 49.633 -28.886
P 7.117 50.729 -25.721
D 8.064 54.285 -24.779
M 8.727 54.81 -21.073
V 6.205 57.13 -19.427
A 7.274 56.812 -15.786
D 9.558 54.376 -13.976
I 10.489 53.876 -10.324
S 13.254 51.539 -9.14
N 13.808 49.587 -5.928
T 16.484 52.151 -4.998
G 13.865 54.921 -5.033
S 15.04 56.518 -8.281
I 12.119 57.866 -10.323
D 12.273 58.676 -14.037
Y 9.686 60.437 -16.196
A 9.373 61.017 -19.908
D 9.86 64.618 -20.966
S 6.357 64.654 -22.474
V 4.705 63.753 -19.141
K 7.056 65.25 -16.534
G 5.105 67.494 -14.176
R 1.726 66.087 -15.245
F 2.107 62.419 -14.264
T 3.072 61.047 -10.849
I 4.205 57.466 -10.221
S 4.228 55.89 -6.755
R 4.982 52.488 -5.228
D 3.539 53.047 -1.73
N -0.126 52.304 -2.538
G -0.092 48.536 -2.037
K 1.911 45.328 -1.976
N 4.074 44.947 -5.106
T 1.967 47.722 -6.618
V 2.876 50.744 -8.736
T 0.421 53.595 -9.315
L 0.461 56.25 -12.046
Q -1.581 59.4 -11.432
M -2.367 61.061 -14.774
N -3.435 64.71 -14.566
S -4.116 67.328 -17.249
L -4.558 64.586 -19.831
K -4.031 65.728 -23.428
P -5.459 64.194 -26.62
E -1.928 63.01 -27.467
D -2.039 60.866 -24.309
T -4.605 58.568 -25.969
A -2.773 55.245 -26.333
V -2.391 51.774 -24.836
Y -0.496 51.975 -21.541
V 1.348 48.799 -20.542
C 2.814 47.967 -17.138
S 6.327 46.509 -16.975
A 8.202 45.154 -13.967
D 11.834 44.12 -13.574
I 11.615 41.18 -11.164
R 14.358 38.771 -10.118
V 13.175 35.149 -10.233
G 15.783 32.796 -8.822
L 19.177 33.901 -10.114
R 18.156 35.965 -13.161
D 16.424 39.273 -13.832
Y 13.345 39.03 -16.05
D 11.122 41.642 -17.677
Y 7.391 41.069 -17.173
W 4.807 42.927 -19.257
G 1.095 43.37 -18.658
Q -1.718 43.02 -21.161
G -2.155 46.783 -21.564
T -4.964 49.172 -20.656
Q -6.596 51.685 -22.985
V -6.591 55.381 -22.075
T -8.717 57.535 -24.389
V -8.801 61.328 -24.154
