tag x y z
Q -53.87 60.7 35.7
V -51.146 62.432 33.594
Q -50.892 65.822 31.72
L -49.161 65.897 28.238
Q -48.604 69.391 26.68
E -47.206 69.42 23.069
S -45.327 72.591 21.934
G -43.046 73.812 19.111
G -45.496 73.655 16.187
G -45.982 76.598 13.782
L -45.904 77.75 10.125
V -42.433 77.503 8.388
Q -40.708 77.648 4.959
A -40.096 74.308 3.141
G -36.457 73.303 3.898
G -36.782 74.895 7.37
S -36.709 73.226 10.829
L -38.95 72.963 13.957
R -38.539 71.159 17.335
L -41.673 69.553 18.866
S -41.546 68.763 22.589
C -43.922 67.212 25.161
A -43.529 67.05 28.959
A -45.585 64.361 30.788
S -46.442 65.343 34.415
G -48.09 63.374 37.247
S -46.734 60.818 39.784
I -44.897 59.143 36.842
F -42.621 56.263 37.883
S -41.803 55.346 34.209
I -42.966 55.414 30.492
N -42.417 52.332 28.269
R -42.348 54.457 25.035
M -42.855 58.146 24.093
G -43.844 58.522 20.409
W -44.837 61.2 17.845
Y -47.82 60.503 15.57
R -49.085 62.916 12.878
Q -52.441 63.211 11.085
A -52.644 65.07 7.73
P -56.187 66.425 7.053
G -58.684 63.66 6.021
K -55.853 61.063 6.152
Q -55.324 58.358 8.815
R -52.897 59.032 11.739
E -49.373 57.497 11.351
L -46.292 56.821 13.582
V -43.597 59.481 12.852
A -41.1 58.244 15.491
A -40.885 56.651 18.956
I -38.203 56.035 21.607
T -38.281 53.46 24.463
S -36.993 53.758 28.045
G -33.497 52.566 27.027
G -33.202 54.748 23.917
S -34.238 52.326 21.106
T -35.607 54.663 18.378
N -38.016 53.859 15.524
Y -38.998 56.189 12.592
A -41.417 56.41 9.621
Y -39.522 55.818 6.31
S -40.375 59.346 4.995
V -38.797 61.125 8.032
K -35.684 58.866 8.337
G -32.586 61.15 8.236
R -34.619 64.434 8.505
F -36.227 63.923 11.977
T -34.564 62.88 15.287
I -36.551 61.734 18.353
S -34.844 62.031 21.765
R -36.039 61.766 25.359
D -35.063 63.065 28.838
N -36.168 60.056 30.975
A -35.892 62.017 34.295
K -38.002 65.051 33.099
N -40.384 62.68 31.191
T -39.959 64.885 28.106
V -39.674 63.797 24.447
Y -38.368 65.974 21.558
L -38.655 65.713 17.739
Q -36.006 67.753 15.842
M -37.599 68.138 12.374
N -35.141 69.233 9.615
S -35.577 69.732 5.817
L -39.358 70.087 6.34
K -41.628 69.537 3.292
P -45.266 70.446 2.564
E -46.126 66.681 2.937
D -44.989 66.989 6.633
T -47.973 69.377 7.203
A -50.268 67.799 9.875
I -51.39 67.81 13.541
Y -48.618 66.112 15.601
Y -49.607 64.069 18.721
C -47.342 62.729 21.555
E -48.268 59.25 22.996
A -46.934 58.401 26.516
Y -47.345 54.605 26.066
G -47.235 52.279 29.124
T -47.148 55.117 31.696
Y -46.651 53.714 35.249
T -48.133 56.065 37.924
L -47.791 55.525 41.735
A -48.561 57.431 45.005
P -46.467 57.057 48.225
T -49.451 54.881 49.264
G -49.376 51.75 47.036
E -52.132 53.25 44.754
G -51.012 53.414 41.063
E -52.242 53.068 37.417
Y -50.838 51.848 34.032
D -52.312 53.593 30.934
D -51.509 55.284 27.581
Y -51.803 59.124 27.551
W -52.115 61.425 24.489
G -51.698 65.164 23.857
Q -54.293 67.489 22.236
G -51.804 67.878 19.297
T -49.745 70.766 17.773
Q -50.271 72.056 14.18
V -47.221 71.964 11.868
T -47.796 73.714 8.489
V -44.946 73.836 5.916
S -45.392 76.49 3.14
A -43.45 76.038 -0.163
A -43.516 79.855 -0.875
E -39.932 80.9 -1.883
N -39.767 84.381 -0.229
L -40.595 85.487 3.364
Y -44.461 85.409 3.657
