tag x y z
Q -20.265 62.379 55.55
V -22.79 64.582 53.63
Q -24.384 67.403 55.742
L -27.681 69.143 54.769
V -28.057 72.448 56.717
E -31.162 74.659 56.139
N -31.189 78.489 56.496
G -33.323 81.596 55.896
G -36.282 81.162 58.285
G -37.686 83.139 61.276
C -41.004 85.056 61.911
V -42.709 87.142 59.155
Q -46.032 89.012 58.868
A -48.683 87.366 56.609
T -48.558 88.422 52.878
G -44.781 88.493 53.579
S -41.997 86.423 51.939
L -38.886 84.44 52.944
R -36.235 82.451 51.068
L -34.934 79.188 52.612
S -31.569 77.688 51.542
C -30.27 74.056 51.961
A -26.414 73.959 51.961
A -25.489 70.39 50.836
S -21.854 69.707 52.013
G -19.693 66.653 51.076
S -18.275 65.693 47.616
I -21.767 65.705 45.979
F -21.902 64.936 42.202
S -25.734 64.71 41.812
I -28.993 64.67 43.867
N -31.699 62.57 42.13
R -34.559 64.365 43.991
M -34.06 67.329 46.449
T -37.401 67.719 48.263
W -38.756 70.371 50.66
Y -40.765 68.792 53.472
R -42.446 71.001 56.128
Q -43.548 69.768 59.63
A -46.418 72.029 60.867
P -46.825 71.438 64.661
G -49.867 69.169 65.306
K -49.877 67.749 61.709
E -48.228 65.066 59.483
R -45.032 65.974 57.495
E -46.07 67.755 54.218
W -44.395 67.521 50.75
V -43.878 71.148 49.56
A -41.75 71.16 46.398
A -38.928 69.077 44.885
I -36.272 69.401 42.118
T -34.459 66.727 40.059
S -30.862 67.036 38.832
G -31.689 68.864 35.552
G -34.059 71.271 37.344
S -37.459 69.501 36.878
T -39.55 71.186 39.65
N -42.876 70.108 41.183
Y -44.992 71.749 43.911
A -47.726 70.705 46.361
D -51.102 72.175 45.235
S -51.071 74.047 48.615
V -48.033 76.214 47.511
K -48.123 76.361 43.62
G -47.576 79.932 42.244
R -46.605 81.263 45.757
F -43.414 79.079 46.152
T -40.551 78.334 43.643
I -37.456 76.134 44.319
S -34.175 76.438 42.437
R -30.584 75.155 42.528
R -30.583 75.143 42.505
D -27.634 77.556 42.417
S -25.775 74.617 40.716
A -22.435 76.513 41.266
K -23.018 77.149 45.063
G -24.268 73.481 45.387
T -27.345 74.658 47.307
V -31.169 74.724 46.767
Y -33.533 77.607 47.623
L -37.27 77.761 48.39
Q -38.574 81.315 47.579
M -41.864 81.433 49.564
N -44.05 84.538 48.735
N -44.056 84.536 48.735
S -47.695 85.374 49.796
L -47.097 83.622 53.182
K -49.982 82.411 55.416
P -50.24 81.19 59.06
E -50.937 77.682 57.498
D -47.342 77.79 56.054
T -46.0 77.968 59.654
A -43.921 74.767 60.09
V -40.317 73.558 60.265
Y -38.897 73.288 56.696
Y -36.237 70.657 55.75
C -34.887 68.902 52.591
E -34.463 65.223 51.768
A -31.484 64.631 49.412
Y -32.873 61.436 47.756
G -30.24 59.61 45.636
T -27.186 61.644 46.724
Y -24.272 60.403 44.552
T -21.079 61.452 46.428
L -17.556 60.895 45.01
A -13.951 61.856 45.95
P -11.326 62.429 43.217
T -9.841 59.126 44.642
G -12.726 57.131 43.058
E -14.161 56.305 46.528
G -17.893 57.224 46.84
E -21.382 56.391 48.204
Y -25.049 56.578 47.038
D -27.451 57.493 49.906
D -30.45 59.557 51.123
Y -29.702 62.535 53.485
W -32.122 64.593 55.687
G -31.498 68.272 56.671
Q -31.488 69.647 60.267
G -34.368 72.158 59.574
T -35.338 75.881 59.889
Q -38.252 77.181 62.004
V -40.764 79.409 60.126
T -43.68 81.11 61.971
V -46.171 83.474 60.114
S -48.282 85.902 62.317
