tag x y z
Q -30.798 71.743 49.965
V -30.311 68.624 47.747
Q -27.64 65.886 47.23
L -27.342 64.109 43.86
V -25.556 60.76 44.493
E -24.814 58.657 41.363
N -24.314 54.851 41.597
G -24.078 51.795 39.267
G -20.588 52.55 37.935
G -17.708 50.059 37.765
C -15.212 48.244 35.49
V -16.9 46.362 32.592
K -15.805 44.581 29.407
A -16.603 46.188 26.032
G -19.995 45.053 24.612
G -21.285 44.813 28.182
S -23.906 46.876 29.999
L -24.26 48.976 33.186
R -27.22 50.876 34.66
L -26.337 54.205 36.358
S -28.693 55.695 38.964
C -28.92 59.251 40.355
C -28.969 59.25 40.338
A -30.829 59.637 43.671
A -31.814 63.254 44.529
S -32.099 63.666 48.351
G -34.105 66.446 50.078
S -37.635 67.986 50.131
I -37.957 67.747 46.32
F -41.353 68.635 44.764
S -40.155 68.541 41.1
I -37.104 68.663 38.766
N -37.586 70.536 35.455
R -34.725 68.639 33.715
M -32.443 65.737 34.676
T -29.3 65.518 32.447
W -26.516 62.892 32.388
Y -23.076 64.34 31.611
R -19.773 62.48 31.426
Q -16.124 63.619 31.738
A -13.61 61.361 29.83
P -9.941 61.766 30.924
G -8.442 64.857 29.133
K -11.721 65.7 27.307
E -14.342 68.44 27.84
R -17.576 67.443 29.656
E -19.974 65.722 27.165
W -23.793 65.979 27.244
V -25.159 62.362 27.141
A -28.963 62.297 27.71
A -31.755 64.389 29.281
I -35.33 63.731 30.521
T -37.964 66.446 31.316
S -40.437 65.925 34.23
G -43.011 64.577 31.752
G -40.569 61.928 30.49
S -39.488 63.514 27.144
T -35.938 62.198 26.386
N -33.006 63.161 24.107
Y -29.545 61.615 23.483
A -26.15 62.612 22.058
D -25.686 60.953 18.613
S -22.648 59.025 20.13
V -25.069 57.09 22.45
K -28.568 57.053 20.748
G -29.818 53.407 20.498
R -27.303 52.116 23.124
F -28.273 54.268 26.189
T -31.773 54.865 27.608
I -32.585 57.493 30.276
S -35.68 56.879 32.486
R -37.194 58.186 35.776
D -38.769 56.627 38.903
N -41.179 59.569 39.653
A -41.821 58.053 43.158
E -38.106 58.311 44.192
N -36.624 61.438 42.408
T -34.198 58.913 40.802
V -33.087 58.775 37.119
Y -31.441 55.8 35.401
L -29.045 55.552 32.467
Q -29.173 52.03 30.969
M -25.939 51.689 28.911
N -25.634 48.666 26.494
N -25.58 48.657 26.55
S -22.856 47.871 23.909
L -20.329 49.865 26.013
K -17.086 50.965 24.237
P -13.733 52.301 25.569
E -14.899 55.814 24.394
D -17.638 55.531 27.153
T -14.909 55.428 29.87
A -15.636 58.51 32.077
V -17.005 59.884 35.337
Y -20.823 60.171 34.843
Y -22.878 62.748 36.793
C -26.339 64.422 36.678
E -27.511 68.012 36.658
A -30.942 68.535 38.335
Y -31.945 71.759 36.484
G -34.912 73.732 37.903
T -35.202 71.82 41.203
Y -38.193 73.031 43.33
T -37.764 72.041 47.036
L -40.352 72.883 49.779
A -40.901 71.846 53.449
P -44.443 71.618 54.97
T -43.543 74.946 56.741
G -43.783 76.607 53.257
E -40.023 77.422 53.101
G -38.376 76.211 49.855
E -35.859 76.95 47.093
Y -35.571 76.855 43.267
D -32.019 75.916 42.204
D -29.83 73.718 39.978
Y -27.831 70.88 41.635
W -24.848 68.813 40.389
G -24.061 65.216 41.372
Q -20.707 63.819 42.585
G -19.997 61.334 39.74
T -19.788 57.545 39.366
Q -16.658 56.055 37.707
V -17.284 53.969 34.501
M -14.241 51.99 33.127
V -14.679 50.089 29.777
S -11.728 47.703 28.899
