tag x y z
Q -8.216 20.962 58.365
V -7.272 24.177 56.527
Q -8.949 26.89 54.352
L -6.929 28.688 51.64
V -8.727 32.012 50.898
E -7.185 34.153 48.097
N -7.764 37.959 47.898
G -6.365 41.05 46.058
G -8.0 40.298 42.698
G -10.049 42.727 40.551
C -10.108 44.638 37.212
V -6.998 46.651 36.187
K -5.666 48.24 33.026
A -2.737 46.645 31.147
G 0.675 47.791 32.515
G -0.903 48.018 35.986
S -0.164 46.053 39.194
L -2.038 43.93 41.782
R -0.892 42.014 44.869
L -2.679 38.673 45.487
S -2.777 37.173 48.987
C -3.509 33.605 50.154
A -4.348 33.23 53.88
A -4.116 29.609 55.153
S -6.42 29.101 58.202
G -5.897 26.284 60.777
S -3.216 24.932 63.188
I -0.506 25.158 60.489
F 3.072 24.24 61.534
S 4.557 24.251 57.983
I 3.796 24.089 54.229
N 6.345 22.131 52.138
R 5.353 24.076 48.973
M 2.979 27.012 48.366
T 2.202 27.33 44.594
W 0.204 29.981 42.703
Y -1.782 28.556 39.772
R -4.061 30.429 37.391
Q -6.919 29.259 35.13
A -7.567 31.497 32.036
P -11.03 30.965 30.437
G -10.884 27.925 28.047
K -7.199 27.154 28.858
E -5.507 24.487 31.023
R -4.416 25.499 34.565
E -0.961 27.218 34.408
W 1.772 26.953 37.07
V 2.79 30.565 37.986
A 5.19 30.645 40.991
A 6.14 28.537 44.041
I 7.87 29.135 47.426
T 9.268 26.383 49.761
S 9.034 26.762 53.588
G 12.54 28.263 53.651
G 11.616 30.926 51.081
S 13.188 29.433 47.891
T 11.106 30.76 44.914
N 10.58 29.806 41.222
Y 8.506 31.364 38.368
A 7.04 30.362 34.986
D 9.033 32.026 32.157
S 5.802 33.943 31.187
V 5.944 35.875 34.546
K 9.649 35.944 35.738
G 10.725 39.574 36.49
R 7.082 40.855 36.597
F 5.713 38.681 39.479
T 7.246 38.073 42.923
I 6.009 35.416 45.383
S 6.766 36.062 49.097
R 5.639 34.834 52.561
D 4.597 36.477 55.86
N 5.883 33.56 58.062
A 3.945 35.055 61.061
E 0.53 34.697 59.283
N 0.782 31.573 56.967
T 0.024 34.06 54.13
V 1.719 34.165 50.681
Y 1.697 37.139 48.294
L 1.959 37.36 44.511
Q 3.065 40.899 43.532
M 2.128 41.245 39.819
N 3.547 44.271 37.844
N 3.537 44.269 37.841
S 3.287 45.055 34.057
L 0.014 43.047 33.845
K -1.1 41.888 30.331
P -4.452 40.558 28.985
E -2.828 37.037 28.987
D -2.715 37.374 32.868
T -6.56 37.411 32.952
A -7.531 34.343 35.072
V -8.754 32.975 38.399
Y -5.621 32.675 40.627
Y -5.463 30.085 43.436
C -2.844 28.371 45.683
E -1.989 24.761 46.407
A -0.562 24.185 49.933
Y 1.423 20.964 49.213
G 2.676 18.997 52.272
T 0.712 20.953 54.892
Y 1.576 19.807 58.467
T -1.18 20.83 60.96
L -1.026 20.0 64.723
A -3.046 21.044 67.819
P -1.354 21.337 71.279
T -3.156 17.995 72.095
G -0.689 16.314 69.635
E -3.451 15.472 67.083
G -2.589 16.681 63.546
E -2.699 15.94 59.822
Y -0.419 15.949 56.753
D -2.377 16.874 53.604
D -2.553 19.008 50.451
Y -5.11 21.871 50.311
W -6.46 23.961 47.385
G -7.695 27.563 47.587
Q -10.986 28.967 46.204
G -9.58 31.504 43.671
T -9.455 35.3 43.214
Q -10.64 36.776 39.866
V -8.036 38.89 37.92
M -9.288 40.838 34.802
V -6.668 42.743 32.682
S -8.296 45.068 30.01
