tag x y z
Q -7.863 5.663 -38.609
V -7.656 6.293 -34.859
Q -9.977 8.852 -33.28
L -10.414 10.2 -29.756
V -13.929 11.189 -28.662
E -14.329 13.462 -25.631
S -17.342 14.158 -23.395
G -18.028 15.915 -20.1
G -16.941 19.381 -19.008
G -18.755 22.669 -18.5
S -19.155 25.295 -15.784
V -18.92 24.829 -12.032
Q -18.146 26.915 -8.933
A -15.565 26.331 -6.177
G -15.731 22.733 -5.001
G -18.054 20.703 -7.24
S -17.306 17.53 -9.196
L -17.07 17.476 -12.984
R -16.428 14.204 -14.806
L -14.594 13.877 -18.147
S -14.288 10.915 -20.463
C -12.297 10.123 -23.612
A -12.657 7.09 -25.866
A -10.388 5.68 -28.565
S -11.842 4.121 -31.708
G -10.691 2.72 -35.029
S -7.996 0.298 -36.177
I -6.183 -0.025 -32.834
F -3.647 -2.741 -32.019
S -3.029 -1.464 -28.504
I -3.653 1.548 -26.277
N -0.575 1.985 -24.103
A -1.7 4.996 -22.065
M -4.64 7.39 -22.185
G -4.982 10.588 -20.196
W -5.59 14.331 -20.011
Y -3.653 17.57 -20.484
R -4.92 21.105 -19.778
Q -4.199 24.36 -21.599
A -4.913 27.561 -19.701
P -4.96 30.702 -21.913
G -1.465 32.177 -22.098
K 0.476 29.389 -20.323
Q 1.69 26.046 -21.694
R -0.044 22.707 -22.12
E 0.18 20.811 -18.82
L -0.411 17.13 -18.062
V -3.33 16.545 -15.705
A -3.605 12.784 -15.298
A -2.355 9.645 -17.052
I -3.377 6.014 -16.872
T -1.988 2.872 -18.535
R -3.798 -0.219 -19.757
R -2.719 -2.29 -16.754
G -3.771 0.48 -14.356
S -0.73 2.571 -13.43
T -1.706 6.186 -12.853
N 0.136 9.477 -12.588
Y -1.001 12.923 -11.451
A 0.368 16.462 -11.778
D 1.694 18.374 -8.782
F -1.4 20.621 -8.758
V -3.936 17.785 -8.465
K -3.535 16.995 -4.788
G -5.706 13.911 -4.52
R -8.751 15.705 -5.954
F -8.902 13.998 -9.37
T -9.297 10.288 -10.087
I -8.451 8.728 -13.438
S -10.149 5.462 -14.397
R -10.141 3.096 -17.319
D -12.62 0.781 -19.015
N -10.662 -1.6 -21.2
A -13.767 -3.072 -22.837
K -15.211 0.362 -23.663
N -11.655 1.525 -24.556
T -12.458 4.582 -22.456
V -10.787 6.733 -19.826
Y -12.524 8.822 -17.158
L -11.421 11.769 -15.022
Q -13.447 12.428 -11.871
M -12.363 15.896 -10.763
N -13.716 17.239 -7.456
S -12.74 20.217 -5.3
L -12.326 22.432 -8.362
K -10.734 25.875 -8.211
P -10.637 29.065 -10.313
E -7.052 28.146 -11.274
D -8.316 24.833 -12.677
T -10.168 26.602 -15.508
A -8.729 25.492 -18.86
V -9.284 23.426 -21.998
Y -8.726 19.739 -21.269
Y -7.302 17.863 -24.252
C -7.363 14.08 -24.249
K -4.022 12.452 -25.118
A -3.294 8.829 -25.968
R -0.398 6.616 -27.037
I -1.723 4.111 -29.563
E -0.094 1.47 -31.695
P -2.511 1.427 -34.689
D -3.267 -1.701 -36.723
S -0.839 -0.744 -39.511
S 2.161 -0.213 -37.241
W 2.567 -2.817 -34.518
G 5.485 -1.795 -32.304
T 5.505 1.776 -33.588
E 3.426 4.015 -31.306
Y 1.993 7.463 -32.143
E 0.549 10.239 -29.954
Y -3.094 11.051 -30.692
W -4.899 14.136 -29.325
G -8.579 15.019 -28.724
Q -10.278 18.251 -29.843
G -10.526 19.674 -26.302
T -13.107 20.367 -23.617
Q -13.849 23.69 -21.944
V -13.799 23.43 -18.154
T -14.66 26.695 -16.45
V -14.314 27.46 -12.751
