tag x y z
Q 36.725 -6.365 -43.132
V 37.079 -5.806 -46.872
Q 40.356 -4.698 -48.458
L 41.464 -3.809 -51.986
V 45.011 -4.743 -53.034
E 46.442 -3.048 -56.128
S 49.394 -3.942 -58.355
G 50.783 -2.774 -61.673
G 51.571 0.757 -62.727
G 54.788 2.663 -63.223
S 56.457 4.664 -65.99
V 56.032 4.247 -69.738
Q 56.45 6.377 -72.863
A 53.922 7.26 -75.572
G 52.271 4.099 -76.864
G 53.201 1.264 -74.525
S 50.993 -1.093 -72.557
L 50.715 -0.965 -68.778
R 48.612 -3.548 -66.942
L 46.839 -2.878 -63.633
S 45.145 -5.333 -61.295
C 43.062 -5.012 -58.129
A 41.908 -7.769 -55.787
A 39.21 -7.778 -53.104
S 39.729 -9.775 -49.921
G 38.041 -10.38 -46.602
S 34.523 -11.152 -45.449
I 32.787 -10.661 -48.794
F 29.285 -11.884 -49.573
S 29.363 -10.567 -53.138
I 31.315 -8.228 -55.393
N 28.87 -6.366 -57.621
A 31.328 -4.296 -59.668
M 35.058 -3.624 -59.551
G 36.951 -1.03 -61.576
W 39.269 1.987 -61.792
Y 39.119 5.753 -61.368
R 41.937 8.205 -62.094
Q 42.941 11.413 -60.307
A 45.391 13.67 -62.142
P 46.986 16.282 -59.824
G 44.867 19.434 -59.949
K 41.727 17.99 -61.584
Q 38.964 15.844 -60.059
R 38.6 12.075 -59.703
E 37.33 10.507 -62.949
L 36.063 7.022 -63.788
V 38.312 4.997 -66.108
A 36.708 1.593 -66.482
A 34.183 -0.598 -64.689
I 33.341 -4.298 -64.861
T 30.589 -6.364 -63.187
R 30.601 -9.965 -61.958
R 28.606 -11.154 -64.986
G 31.016 -9.411 -67.368
S 29.375 -6.086 -68.308
T 31.865 -3.319 -68.889
N 31.859 0.453 -69.178
Y 34.593 2.842 -70.358
A 35.065 6.622 -70.165
D 34.88 8.872 -73.195
F 38.687 9.322 -73.123
V 39.482 5.613 -73.424
K 38.783 5.092 -77.12
G 39.035 1.291 -77.235
R 42.612 1.345 -75.918
F 41.908 -0.13 -72.461
T 40.425 -3.538 -71.712
I 38.969 -4.461 -68.32
S 38.779 -8.158 -67.349
R 37.829 -10.298 -64.314
D 38.863 -13.513 -62.455
N 35.835 -14.413 -60.351
A 37.793 -17.194 -58.653
K 40.734 -14.907 -57.842
N 38.222 -12.096 -57.071
T 40.5 -9.935 -59.21
V 40.094 -7.256 -61.878
Y 42.605 -6.347 -64.588
L 43.044 -3.289 -66.776
Q 45.097 -3.706 -69.941
M 45.862 -0.175 -71.09
N 47.718 0.302 -74.405
S 48.407 3.363 -76.591
L 49.067 5.501 -73.545
K 49.458 9.25 -73.673
P 51.067 12.015 -71.543
E 47.461 13.059 -70.711
D 46.848 9.595 -69.214
T 49.324 10.246 -66.372
A 47.458 10.059 -63.04
V 46.902 8.046 -59.857
Y 44.608 5.119 -60.556
Y 42.446 4.245 -57.573
C 40.689 0.893 -57.523
K 36.966 1.163 -56.69
A 34.554 -1.613 -55.814
R 30.967 -2.134 -54.733
I 30.843 -4.969 -52.202
E 28.144 -6.471 -50.055
P 30.215 -7.594 -47.026
D 29.271 -10.672 -45.009
S 28.491 -8.099 -42.31
S 25.63 -6.39 -44.191
W 23.879 -8.728 -46.661
G 21.67 -6.775 -49.082
T 23.491 -3.565 -48.233
E 26.358 -2.48 -50.493
Y 29.257 -0.146 -49.701
E 31.916 1.553 -51.802
Y 35.548 0.562 -51.202
W 38.743 2.196 -52.488
G 42.35 1.144 -52.935
Q 45.495 3.093 -52.019
G 46.101 4.275 -55.561
T 48.751 3.564 -58.161
Q 51.017 6.032 -59.902
V 50.851 5.745 -63.689
T 53.217 8.171 -65.426
V 53.4 8.207 -69.255
S 56.101 9.995 -71.318
