tag x y z
S 165.473 111.321 171.34
Q 162.551 110.777 173.697
V 162.486 113.319 176.516
Q 162.834 112.187 180.13
L 161.372 114.066 183.102
Q 162.814 113.574 186.593
E 161.058 114.624 189.804
S 162.692 115.182 193.181
G 162.025 116.681 196.599
G 159.458 114.181 197.873
G 159.785 113.378 201.561
L 158.007 113.011 204.865
V 156.558 116.185 206.384
Q 154.379 117.203 209.314
A 150.851 118.572 209.121
G 150.785 122.233 208.139
G 154.371 122.22 206.878
S 155.773 123.29 203.529
L 157.882 121.507 200.929
R 159.688 122.057 197.627
L 159.365 119.798 194.575
S 161.513 120.138 191.451
C 160.812 118.57 188.054
A 163.568 118.691 185.435
A 163.494 118.026 181.695
S 166.328 117.302 179.246
T 165.587 119.28 176.062
R 166.619 122.868 175.337
T 163.112 123.978 174.271
T 161.547 123.956 177.75
S 160.574 127.619 177.406
R 157.752 126.604 175.056
Y 156.681 123.444 176.894
T 153.453 123.696 178.878
V 153.838 122.0 182.25
G 151.415 120.684 184.836
W 151.29 118.616 187.994
F 148.983 115.848 189.18
C 148.537 114.142 192.543
Q 147.02 110.698 193.064
A 146.534 108.669 196.239
P 145.114 105.191 196.864
G 141.342 105.257 196.622
K 141.469 108.305 194.336
E 142.257 108.931 190.679
R 144.729 111.324 189.092
E 143.756 114.93 189.787
F 145.03 118.286 188.577
V 146.945 120.441 191.056
A 148.83 123.199 189.222
A 149.671 124.403 185.718
V 152.138 126.699 183.956
H 152.16 127.713 180.289
W 154.299 129.489 177.705
S 153.677 133.007 178.998
G 154.786 132.284 182.558
G 152.318 134.836 183.915
S 149.508 132.258 183.962
T 149.087 129.85 186.876
W 146.017 127.762 187.679
Y 145.291 125.363 190.522
A 142.39 123.213 191.645
D 139.833 125.116 193.706
S 140.494 122.763 196.623
V 144.088 124.046 196.771
K 143.782 127.524 195.271
G 146.364 129.881 196.738
R 147.696 127.307 199.193
F 150.118 125.986 196.557
T 152.619 127.843 194.387
I 154.066 126.846 191.011
S 156.919 128.553 189.167
R 159.28 127.958 186.255
D 163.005 128.593 185.786
N 163.963 128.577 182.109
A 167.658 129.021 182.912
K 167.725 125.638 184.666
N 164.811 124.248 182.604
T 163.085 123.381 185.877
V 159.545 123.504 187.254
Y 159.222 124.19 190.98
L 156.168 123.596 193.153
Q 156.02 124.854 196.734
M 153.652 123.073 199.109
N 152.297 125.445 201.777
S 149.887 124.694 204.633
L 149.961 120.971 203.908
K 147.329 118.582 205.249
Q 147.353 114.832 205.788
E 144.939 114.211 202.91
D 147.519 115.754 200.565
T 149.599 112.587 201.026
A 149.926 111.18 197.516
V 152.271 110.509 194.61
Y 152.857 113.543 192.393
Y 153.626 113.467 188.671
C 155.063 116.362 186.687
A 153.927 116.383 183.063
A 155.229 118.359 180.094
A 153.454 118.834 176.782
E 153.829 120.566 173.448
P 152.136 123.976 173.169
R 148.43 123.802 173.986
R 147.938 127.497 174.632
Y 144.181 128.123 174.828
S 142.866 125.687 177.46
Y 144.63 127.319 180.384
Y 143.172 124.416 182.371
M 144.608 120.972 181.679
R 143.654 117.339 182.212
P 145.647 114.095 181.948
D 144.192 113.398 178.496
E 146.381 116.14 176.995
Y 149.889 115.828 178.428
N 152.499 113.741 176.616
Y 155.733 113.511 178.637
W 155.233 112.113 182.142
G 157.845 111.789 184.856
Q 157.988 108.887 187.274
G 156.767 111.029 190.175
T 157.521 111.323 193.872
Q 155.628 110.206 196.971
V 154.889 112.799 199.668
T 153.325 111.99 203.042
V 151.951 114.43 205.621
S 151.725 113.326 209.257
S 149.882 115.04 212.103
