tag x y z
V 104.457 177.22 103.403
Q 102.098 177.64 100.441
L 99.397 175.257 99.217
Q 97.407 175.315 95.976
E 94.184 173.615 94.889
S 93.921 171.643 91.641
G 90.72 170.74 89.822
G 87.18 172.054 89.866
G 84.699 173.465 87.389
L 81.101 172.811 86.439
V 80.163 169.122 86.254
Q 76.941 167.218 85.711
P 75.074 166.183 88.885
G 76.04 162.704 90.016
G 79.477 163.013 88.417
S 82.937 162.596 89.899
L 85.67 165.219 90.273
R 89.134 164.647 91.746
L 90.861 167.447 93.66
S 94.604 167.69 94.282
C 96.598 169.87 96.676
A 100.385 170.044 96.333
A 102.438 171.088 99.364
S 105.791 172.822 98.892
G 108.438 174.18 101.242
R 108.037 171.598 104.013
T 107.681 167.829 104.252
I 104.195 166.641 105.21
S 105.088 162.991 105.878
R 104.603 163.284 109.659
Y 101.846 165.931 109.504
A 98.056 165.802 109.192
M 96.442 167.346 106.108
S 92.693 167.995 105.967
W 90.118 169.664 103.715
F 87.405 172.284 104.166
R 84.525 173.711 102.144
Q 83.058 177.227 102.06
A 79.444 177.471 100.941
P 78.531 180.925 99.564
G 76.722 182.803 102.312
K 77.805 180.452 105.115
E 80.925 179.567 107.121
R 83.635 176.984 106.529
E 82.607 173.353 107.024
F 84.761 170.315 107.754
V 84.606 167.469 105.22
A 87.519 165.055 105.669
V 90.949 164.75 107.285
A 93.898 162.569 106.252
R 96.153 161.631 109.17
R 99.564 159.958 109.028
S 100.049 156.607 107.317
G 98.147 153.902 109.187
D 96.131 156.204 111.452
G 93.224 156.269 108.986
A 90.925 158.907 107.547
F 87.778 160.435 109.035
Y 84.828 162.038 107.26
A 82.051 164.442 108.167
D 78.501 163.252 108.785
S 77.21 164.768 105.537
V 79.974 163.309 103.336
Q 79.803 159.632 104.317
G 80.443 156.862 101.811
R 81.677 159.478 99.319
F 84.386 162.177 99.185
T 87.188 159.659 99.673
V 90.476 161.262 100.741
S 93.898 159.74 100.06
R 97.485 160.93 100.414
D 100.725 160.549 98.451
D 103.63 160.886 100.884
A 106.271 160.664 98.146
K 104.482 163.295 96.046
N 103.617 165.412 99.129
T 100.067 165.644 97.782
V 96.661 164.552 99.077
Y 93.676 163.781 96.854
L 89.952 164.154 97.577
Q 87.981 161.796 95.318
M 84.312 162.829 95.33
M 84.312 162.829 95.33
N 81.683 160.578 93.746
S 77.939 160.933 93.096
L 77.916 164.694 93.558
K 74.836 166.681 94.574
P 73.866 170.336 94.026
E 74.142 170.838 97.802
D 77.928 170.412 97.425
T 78.419 173.685 95.508
A 81.076 175.494 97.553
V 84.672 176.701 97.518
Y 86.907 173.84 98.673
Y 89.793 174.941 100.893
C 92.659 172.961 102.413
C 92.657 172.961 102.414
A 94.311 172.967 105.827
I 97.473 171.591 107.427
D 97.705 170.494 111.064
S 100.747 172.156 112.628
D 100.599 170.081 115.818
T 101.817 166.488 115.728
F 99.217 165.111 118.168
Y 96.259 166.149 115.951
S 95.015 168.92 118.23
G 93.478 170.785 115.288
S 95.837 173.761 115.001
Y 95.572 174.803 111.351
D 98.227 177.449 110.662
Y 98.377 177.556 106.841
W 95.321 177.522 104.574
G 95.163 177.156 100.812
Q 93.761 179.673 98.364
G 90.923 177.304 97.45
T 89.108 176.355 94.268
Q 85.57 176.829 92.968
V 83.439 173.741 92.301
T 79.922 173.931 90.848
V 77.515 170.988 90.587
S 74.665 172.174 88.36
S 72.59 170.644 85.576
