tag x y z
M -47.565 -4.415 31.897
G -46.757 -4.326 28.217
R -44.938 -7.456 27.09
D -42.078 -6.743 29.525
P -43.945 -5.657 32.689
N -40.791 -4.848 34.699
S -38.859 -2.732 32.183
H -38.318 0.989 32.67
V -39.95 1.695 29.3
Q -43.725 1.299 29.494
L -46.324 1.864 26.774
V -50.031 2.244 27.583
E -52.697 2.247 24.859
S -56.206 3.653 25.245
G -59.211 4.617 23.148
G -60.397 1.23 21.91
G -64.081 0.464 21.677
L -67.027 -0.48 19.495
V -67.498 1.555 16.303
Q -69.909 1.318 13.387
A -68.541 0.683 9.906
G -67.605 3.928 8.188
G -66.953 5.661 11.514
S -63.859 7.157 13.107
L -61.799 6.399 16.205
R -58.5 7.742 17.562
L -56.227 5.542 19.666
S -53.636 6.918 22.079
C -50.352 5.519 23.394
A -48.59 7.1 26.358
A -44.879 6.725 25.643
P -41.541 8.014 27.042
G -40.735 10.116 23.992
R -38.909 12.9 25.827
T -36.329 10.364 27.028
F -36.206 7.965 24.083
S -36.612 10.611 21.366
T -34.675 8.695 18.676
S -36.696 5.461 18.821
A -39.298 4.501 16.244
M -42.93 4.394 17.373
G -45.439 2.11 15.696
W -48.874 0.537 15.773
F -49.59 -3.156 15.231
R -52.832 -5.124 15.247
Q -53.78 -8.774 15.73
A -57.206 -10.138 14.849
P -58.472 -13.49 16.176
G -56.86 -16.454 14.452
K -54.468 -14.257 12.445
E -50.877 -13.179 12.948
R -49.899 -9.753 14.243
E -49.414 -7.285 11.391
F -47.781 -3.892 10.937
V -50.082 -0.867 10.686
A -48.124 2.386 10.933
A -44.83 3.863 12.108
I -43.406 7.311 12.855
D -40.524 9.018 14.636
W -40.861 11.622 17.371
S -40.215 14.392 14.813
N -43.479 13.569 12.957
T -41.405 12.398 9.97
N -40.346 9.007 8.55
I -43.98 7.919 8.387
H -44.758 4.378 7.207
Y -48.168 2.842 6.51
A -49.37 -0.608 5.59
D -51.127 -0.627 2.229
T -54.385 -1.809 3.817
V -54.727 1.438 5.807
K -53.281 4.087 3.472
G -55.721 6.947 3.004
R -57.76 5.862 6.048
F -55.354 5.819 9.02
T -53.041 8.586 10.216
I -50.238 8.221 12.771
S -48.942 11.262 14.64
T -47.244 12.451 17.821
D -47.651 15.39 20.157
T -45.018 18.11 20.363
A -43.953 17.362 23.94
K -43.187 13.75 22.884
N -45.605 12.218 25.401
T -48.158 10.458 23.183
V -48.489 8.623 19.873
Y -51.839 8.579 18.088
L -53.6 6.453 15.479
Q -56.47 8.345 13.861
M -58.714 5.806 12.13
N -61.233 6.82 9.462
N -63.706 4.864 7.32
L -63.393 1.842 9.586
K -64.259 -1.581 8.168
P -65.075 -4.908 9.866
E -61.658 -6.191 8.758
D -60.109 -3.519 11.011
T -61.376 -5.368 14.108
A -58.342 -6.422 16.165
V -56.358 -5.759 19.315
Y -54.129 -2.791 18.463
Y -50.624 -2.709 19.955
C -48.261 0.229 20.404
A -44.547 -0.443 20.034
Q -41.189 1.276 20.51
G -37.985 0.203 18.792
G -35.54 0.93 15.99
W -35.979 1.347 12.243
G -35.379 -2.092 10.771
L -33.829 -3.138 7.471
T -36.149 -6.058 6.648
Q -39.235 -4.609 8.384
P -40.413 -1.107 9.368
I -39.714 -1.451 13.116
S -37.542 -3.927 15.003
V -39.432 -3.743 18.28
D -37.782 -3.203 21.675
Y -40.912 -2.683 23.803
W -44.593 -3.608 23.494
G -47.754 -2.166 24.985
K -50.649 -4.108 26.467
G -53.037 -3.502 23.571
T -56.482 -1.976 23.149
Q -59.491 -3.692 21.594
V -61.15 -2.178 18.519
T -64.395 -3.722 17.249
V -66.082 -2.542 14.04
S -69.668 -3.677 13.471
S -71.612 -3.583 10.216
