tag x y z
N 242.94 231.467 257.232
S 240.761 232.035 260.31
H 237.577 232.578 258.334
V 234.428 233.292 260.328
Q 233.04 229.991 261.606
L 230.01 229.023 263.686
V 229.423 225.88 265.757
E 226.073 224.712 267.145
S 225.541 222.36 270.082
G 223.073 221.461 272.813
G 220.351 219.87 270.69
G 218.984 216.369 270.955
L 215.957 214.244 271.694
V 213.861 215.609 274.57
Q 210.577 214.454 276.074
A 207.643 216.812 275.572
G 207.536 219.505 278.241
G 211.284 219.399 278.881
S 213.888 222.082 278.32
L 217.375 222.409 276.842
R 219.821 225.152 275.844
L 221.624 225.391 272.513
S 225.05 227.039 272.48
C 226.436 228.734 269.365
A 230.163 229.508 269.273
A 231.646 231.932 266.739
S 235.309 231.894 265.712
G 237.533 233.031 262.862
T 238.076 236.536 261.518
I 235.013 238.036 263.194
S 235.077 241.8 262.663
T 231.636 242.73 264.027
L 228.64 240.478 264.741
N 226.042 243.06 263.756
A 223.162 240.57 263.977
M 223.097 237.146 265.617
G 220.42 234.564 264.875
W 219.236 231.007 265.446
Y 217.508 229.038 262.679
R 215.979 225.586 262.229
Q 215.795 223.545 259.013
A 213.718 220.54 260.023
P 213.762 217.375 257.877
G 211.412 218.177 255.016
K 210.93 221.811 256.091
Q 212.673 224.977 254.962
R 215.042 226.8 257.29
E 213.119 229.125 259.615
L 214.405 231.799 261.979
L 213.475 231.246 265.631
A 215.354 233.801 267.747
S 218.002 236.43 267.094
I 219.845 239.206 268.915
S 221.318 242.341 267.372
N 224.643 243.802 268.458
L 222.618 246.39 270.423
G 220.943 243.778 272.644
T 217.546 243.967 270.944
T 216.16 240.499 270.233
Y 213.57 239.009 267.891
H 211.718 235.75 268.512
A 209.578 233.946 265.952
D 205.959 233.29 266.879
S 206.615 229.562 266.45
V 209.11 229.903 269.327
A 207.95 233.101 271.061
G 207.284 232.479 274.741
R 209.409 229.32 274.883
F 212.847 230.109 273.421
T 214.885 232.843 275.116
I 218.003 234.104 273.329
S 220.855 235.507 275.425
R 224.228 236.77 274.199
G 227.266 235.928 276.292
S 229.427 238.523 277.99
A 232.192 237.929 275.442
K 229.543 238.769 272.791
N 230.941 235.95 270.62
T 228.488 233.193 271.615
V 224.688 233.174 271.765
N 222.65 230.682 273.801
L 219.013 229.818 273.05
Q 217.361 228.448 276.197
M 214.435 226.3 275.022
N 211.722 226.1 277.697
S 208.776 223.688 277.569
L 209.984 222.064 274.357
K 207.033 221.132 272.134
P 206.738 218.901 269.046
D 207.353 221.857 266.71
D 210.925 222.062 268.063
T 211.94 218.86 266.229
A 214.345 220.3 263.661
V 217.99 220.719 262.692
Y 218.897 224.0 264.382
Y 221.336 226.263 262.535
C 223.119 229.41 263.705
N 223.778 232.554 261.665
T 225.543 235.884 262.136
R 225.853 238.982 259.949
V 229.261 240.649 259.6
L 229.897 244.076 258.05
E 233.318 243.597 256.462
G 234.78 246.914 255.353
G 231.623 248.734 256.435
T 229.891 247.771 253.171
Q 229.957 243.957 252.727
I 227.174 242.1 254.55
R 228.389 238.505 254.911
D 226.198 235.845 256.527
Y 228.044 232.944 258.16
W 226.509 229.611 259.162
G 227.574 226.701 261.342
Q 227.145 222.947 261.184
G 223.966 222.901 263.277
T 222.551 220.515 265.858
Q 219.487 218.273 265.776
V 216.561 218.535 268.194
T 213.639 216.134 268.48
V 210.426 215.992 270.514
S 208.28 212.845 270.531
S 205.104 211.661 272.238
