tag x y z
Q 199.616 229.684 273.321
V 201.751 229.639 270.16
Q 204.902 227.521 269.911
L 207.964 229.135 268.324
V 211.502 227.818 267.853
E 214.342 230.001 269.156
S 218.016 229.054 268.872
G 221.272 230.772 269.767
G 222.163 233.046 272.657
G 223.428 231.207 275.704
L 226.535 232.056 277.699
V 229.376 233.638 275.716
Q 232.706 235.291 276.439
A 233.384 238.985 275.934
G 234.28 240.085 272.415
G 232.648 237.101 270.712
S 229.985 236.842 268.03
L 226.393 235.685 268.485
R 223.596 234.481 266.214
L 219.913 234.314 267.186
S 217.403 232.482 264.98
C 213.632 232.636 265.488
A 210.971 230.701 263.576
A 207.197 230.54 263.96
A 204.418 228.401 262.525
A 203.025 231.523 260.828
R 204.969 232.502 257.719
F 206.724 235.875 257.765
S 206.073 236.582 254.071
T 203.096 238.726 255.14
S 204.143 239.712 258.69
A 207.07 241.906 259.687
M 209.448 240.722 262.405
G 211.04 242.513 265.331
W 213.64 241.822 267.998
F 213.377 243.269 271.509
R 215.625 242.929 274.559
Q 214.525 242.779 278.203
A 217.169 243.431 280.862
P 217.054 244.306 284.57
G 216.34 247.965 285.238
K 214.732 248.527 281.822
E 211.281 247.867 280.391
R 210.332 246.67 276.903
E 212.707 248.538 274.585
F 212.931 248.431 270.8
V 216.087 246.858 269.369
A 215.573 245.833 265.739
A 212.83 245.593 263.126
I 212.666 244.006 259.665
S 209.838 244.19 257.142
W 208.258 241.232 255.366
S 210.287 241.877 252.196
N 213.395 243.049 254.132
T 213.168 246.389 252.295
N 212.933 248.319 255.592
T 215.538 247.815 258.325
H 215.479 249.604 261.686
Y 218.126 249.31 264.402
A 218.714 251.107 267.682
D 221.359 253.828 267.646
T 223.292 251.964 270.366
V 223.651 248.781 268.263
K 224.047 250.17 264.734
G 227.076 249.026 262.762
R 227.357 245.627 264.478
F 223.934 243.929 264.122
T 222.661 242.482 260.837
I 219.263 240.818 260.396
S 218.142 238.556 257.552
A 214.962 236.62 256.762
D 215.367 233.124 255.302
T 212.2 232.231 253.398
A 213.433 228.7 252.681
K 213.898 228.132 256.421
E 210.949 230.452 257.193
T 213.032 232.019 259.963
V 214.711 235.288 260.939
D 218.393 235.364 261.914
L 220.112 238.267 263.685
Q 223.911 238.136 263.916
M 226.204 240.459 265.856
N 229.931 240.724 266.551
S 232.083 242.567 269.094
L 229.764 241.577 271.921
K 229.52 243.737 275.042
P 228.289 243.028 278.584
E 225.197 245.173 277.973
D 223.943 242.5 275.55
T 223.182 240.216 278.523
A 219.379 240.096 278.356
V 216.378 238.093 277.149
Y 215.786 238.512 273.41
Y 212.201 238.187 272.168
C 211.151 237.827 268.528
V 207.77 239.399 267.752
Q 205.595 238.974 264.658
G 203.239 241.631 263.337
G 202.821 244.276 260.659
W 204.336 247.547 259.544
G 203.247 250.578 261.547
I 203.171 254.172 260.336
R 203.217 255.543 263.894
Q 205.447 253.053 265.726
P 208.486 251.325 264.191
I 206.656 247.983 264.386
I 203.445 246.679 265.956
V 203.813 243.683 268.276
D 201.038 241.135 267.688
Y 202.452 237.643 268.355
W 205.087 237.317 271.074
G 207.845 234.726 271.313
K 209.252 232.383 273.922
G 212.541 234.29 274.03
T 216.183 233.31 274.443
Q 218.574 234.248 277.244
V 221.977 235.769 276.454
T 224.743 236.177 279.038
V 228.274 237.576 278.817
S 231.072 236.27 281.047
S 234.131 238.4 281.796
