tag x y z
N 204.579 221.058 147.039
S 203.011 224.204 148.509
Q 199.293 223.423 148.032
V 197.717 220.813 150.32
Q 195.726 218.739 147.837
L 193.448 216.248 149.605
V 191.984 213.085 148.06
E 189.415 210.857 149.777
S 189.011 207.118 149.257
G 187.558 204.013 150.871
G 183.906 205.044 150.921
G 181.402 202.379 149.968
L 178.456 200.278 151.031
V 178.667 198.802 154.531
Q 176.255 197.078 156.892
T 174.785 199.149 159.705
G 176.701 198.653 162.935
G 179.727 197.224 161.117
S 183.259 198.489 160.573
L 184.667 200.68 157.808
R 187.603 202.988 157.121
L 188.066 206.142 155.042
S 191.512 207.362 153.965
C 192.265 211.0 153.138
A 195.668 211.527 151.517
A 197.302 214.966 151.604
S 200.018 215.961 149.129
G 202.008 219.185 149.072
R 203.265 221.178 152.049
T 204.028 219.804 155.521
F 200.912 217.886 156.556
S 202.226 217.427 160.107
N 201.546 221.137 160.729
Y 197.957 220.953 159.403
V 194.915 220.232 161.552
M 192.59 217.748 159.855
G 188.8 217.654 159.746
W 186.239 215.182 158.407
F 182.772 216.487 157.512
R 179.661 214.854 156.057
Q 177.191 216.129 153.464
A 174.11 214.261 152.287
P 172.975 214.522 148.644
G 171.377 217.95 148.341
K 172.095 218.866 151.981
E 174.635 220.981 153.853
R 178.055 220.062 155.234
E 178.011 218.819 158.835
F 180.991 218.356 161.139
V 181.938 214.732 161.851
S 185.392 214.642 163.451
S 188.628 216.572 163.869
I 192.217 215.644 164.715
E 195.058 217.974 165.631
W 198.254 218.686 163.718
N 200.446 217.175 166.452
S 198.077 214.21 166.995
E 197.415 215.069 170.648
N 193.612 214.948 170.982
T 190.613 214.062 168.825
F 187.134 215.591 168.763
Y 183.757 214.541 167.375
A 180.255 215.945 166.958
N 177.21 215.077 169.072
S 175.862 212.085 167.128
V 179.245 210.713 165.977
K 181.367 210.781 169.149
G 182.556 207.407 170.43
R 181.188 205.479 167.458
F 183.799 206.965 165.103
T 187.554 207.35 165.565
I 190.181 209.487 163.826
S 193.936 209.021 163.461
R 196.682 210.453 161.276
D 200.199 209.553 160.146
N 202.55 212.415 159.286
A 205.188 210.188 157.676
K 202.521 208.824 155.323
N 200.835 212.26 155.169
T 197.533 210.402 155.517
V 194.496 210.422 157.806
Y 192.315 207.398 158.592
L 188.761 207.753 159.908
Q 187.386 204.512 161.356
M 183.606 204.063 161.3
N 182.523 201.714 164.103
S 178.922 200.933 165.074
L 177.595 202.697 161.996
K 174.04 203.99 161.644
A 171.774 204.187 158.609
E 171.911 207.999 158.842
D 175.611 208.008 157.852
T 174.762 207.654 154.137
A 176.486 210.682 152.606
V 179.66 212.08 151.023
Y 182.475 212.476 153.554
Y 184.844 215.354 152.788
C 188.318 215.741 154.285
A 189.779 219.204 154.877
A 193.162 220.526 155.995
D 193.458 223.745 158.007
R 196.816 224.897 159.383
G 195.779 225.338 163.004
S 196.897 224.518 166.525
S 195.946 221.507 168.676
Y 192.581 222.8 169.95
Y 188.947 221.936 169.231
Y 187.895 222.631 165.638
T 184.292 221.847 164.67
R 182.668 224.516 162.493
A 183.114 224.237 158.735
S 184.048 227.93 158.691
E 187.074 226.955 160.822
Y 188.629 225.171 157.816
T 190.185 226.469 154.598
Y 190.543 223.558 152.163
W 188.045 220.917 151.049
G 188.644 217.529 149.456
Q 186.847 215.798 146.616
G 184.878 213.606 149.02
T 184.065 209.895 149.155
Q 180.545 208.462 149.132
V 179.676 206.137 152.03
T 176.408 204.185 152.193
V 175.038 202.468 155.307
S 172.078 200.084 155.169
