tag x y z
H 218.152 241.965 282.223
V 219.695 240.001 279.34
Q 221.656 237.39 281.276
L 224.684 235.989 279.441
V 226.097 232.532 280.205
E 229.54 231.43 279.007
S 230.726 227.821 278.863
G 233.737 225.873 277.638
G 236.377 227.706 279.666
G 238.846 226.252 282.117
L 242.437 225.046 282.229
V 243.886 223.376 279.128
Q 247.371 222.184 278.235
A 249.582 224.201 275.908
G 249.11 223.58 272.197
G 245.517 222.378 272.584
S 242.211 223.704 271.299
L 239.176 225.108 273.098
R 235.705 226.318 272.138
L 233.773 229.054 273.949
S 229.972 229.215 273.749
C 227.968 232.249 274.889
A 224.307 231.707 275.795
A 221.904 234.631 276.22
S 218.431 234.234 277.741
G 216.173 236.86 276.191
R 214.193 237.828 273.099
T 216.356 240.931 272.575
F 219.472 238.827 271.896
S 218.091 237.914 268.456
R 218.585 241.544 267.324
Y 222.019 242.183 268.883
A 225.383 241.76 267.183
A 227.762 239.143 268.571
G 231.075 240.322 269.987
W 233.908 238.926 272.077
F 236.087 240.78 274.58
R 238.911 239.838 276.936
Q 239.92 241.454 280.217
A 242.277 240.745 283.114
P 241.736 241.654 286.794
G 243.072 245.155 287.324
K 243.901 245.631 283.631
E 242.465 247.766 280.848
R 239.782 246.312 278.596
E 240.96 245.115 275.179
F 238.853 244.588 272.067
V 239.068 241.122 270.517
A 236.437 240.534 267.835
V 232.941 241.503 266.717
I 230.461 240.223 264.133
E 226.887 240.787 262.994
W 223.959 238.384 263.253
D 224.13 237.454 259.56
G 227.919 237.071 259.681
D 228.506 238.686 256.283
S 231.45 240.743 257.579
A 233.73 240.186 260.569
Y 236.224 242.565 262.167
Y 239.216 241.383 264.184
A 241.599 243.227 266.474
D 245.172 243.622 265.25
P 246.869 241.551 268.02
V 244.433 238.647 267.517
K 243.889 239.027 263.763
G 244.114 235.844 261.716
R 244.278 233.494 264.711
F 240.743 233.423 266.132
T 237.498 231.965 264.768
I 234.033 233.446 265.339
S 230.668 231.868 264.538
R 227.073 231.969 265.735
D 223.805 230.072 265.305
N 220.544 232.026 265.269
A 218.428 228.88 265.682
K 220.337 227.804 268.804
N 220.883 231.408 270.012
T 224.513 230.542 270.786
V 227.737 232.251 269.694
Y 230.708 229.934 269.16
L 234.339 231.028 269.537
Q 236.811 228.43 268.245
M 240.458 228.474 269.343
N 243.262 226.727 267.452
R 246.935 226.6 268.483
L 246.39 228.222 271.868
K 249.11 230.429 273.352
P 249.891 231.552 276.918
E 248.857 235.1 275.943
D 245.224 233.896 275.866
T 245.139 233.354 279.65
A 242.467 235.897 280.613
V 238.71 236.272 281.154
Y 236.568 236.251 278.006
I 233.172 237.98 278.097
C 230.702 237.967 275.211
A 229.285 241.434 274.524
V 226.094 242.167 272.583
G 224.212 245.313 271.652
G 224.583 247.711 268.743
N 225.929 247.403 265.207
H 229.007 249.299 264.015
Y 230.539 249.917 260.59
S 233.203 252.586 261.115
R 236.57 251.361 262.367
S 236.661 253.893 265.216
K 233.196 252.798 266.383
Y 234.498 249.316 267.227
Y 237.169 250.71 269.565
N 234.511 252.567 271.588
L 233.532 250.558 274.674
D 230.658 252.874 275.679
E 228.252 251.512 273.037
Y 227.564 248.242 274.908
D 224.53 248.092 277.203
D 224.774 244.758 279.05
W 227.917 242.878 280.086
G 228.044 239.239 281.154
Q 229.973 237.492 283.897
G 232.296 235.754 281.435
T 234.443 232.649 281.66
Q 238.044 232.024 282.7
V 240.447 230.345 280.262
T 243.87 229.193 281.464
V 246.75 227.856 279.361
S 249.575 225.892 280.987
S 252.55 223.919 279.704
