tag x y z
Q 226.689 193.918 171.784
V 224.548 195.593 169.127
Q 221.393 197.04 170.695
L 218.53 198.787 168.89
V 215.404 200.31 170.444
E 212.39 201.291 168.339
S 210.064 204.124 169.323
G 207.195 206.111 167.86
G 204.384 204.688 165.767
G 200.758 204.668 166.817
L 197.446 205.254 165.067
V 197.046 207.8 162.261
Q 194.314 208.56 159.746
A 194.67 208.13 155.997
G 196.671 210.918 154.387
G 198.477 211.772 157.628
S 202.134 211.556 158.584
L 204.083 209.567 161.167
R 207.645 209.133 162.412
L 209.645 206.173 163.717
S 212.908 206.458 165.651
C 215.637 203.863 166.185
T 218.122 204.401 169.018
A 221.465 202.595 168.857
S 223.753 201.469 171.666
G 226.6 199.061 172.304
Y 228.651 199.612 169.136
D 230.14 202.221 166.789
F 227.369 204.075 164.959
S 229.659 205.731 162.399
I 230.609 202.546 160.506
L 227.201 200.852 160.32
A 224.215 200.654 157.98
I 220.656 200.684 159.331
A 217.339 199.798 157.709
W 213.625 199.565 158.45
Y 211.601 196.486 157.557
R 207.891 195.948 158.157
Q 205.604 192.961 158.675
A 201.809 192.81 158.733
P 199.623 190.085 160.27
G 199.634 187.168 157.858
K 202.234 188.826 155.609
E 205.924 188.197 155.027
R 208.553 190.671 156.18
E 209.464 193.163 153.446
L 211.941 196.023 153.329
V 210.784 199.603 153.879
A 213.992 201.645 153.755
A 217.754 201.447 154.189
I 220.562 203.95 154.797
S 224.277 203.152 154.705
R 227.048 204.739 156.773
V 227.835 207.256 153.997
G 224.305 208.668 153.707
S 223.289 206.536 150.721
T 219.55 205.821 150.776
D 217.278 203.16 149.304
Y 213.497 202.734 149.401
A 210.981 200.082 148.43
D 208.993 200.539 145.234
S 205.82 200.434 147.349
V 207.02 203.343 149.527
K 209.477 205.169 147.244
G 208.527 208.826 146.896
R 206.587 208.868 150.188
F 209.028 207.771 152.908
T 212.095 209.741 154.0
I 215.13 208.346 155.829
S 217.763 210.151 157.884
R 220.348 209.37 160.548
D 221.852 211.631 163.214
N 225.321 210.287 163.997
T 225.84 212.649 166.94
K 222.697 211.314 168.642
N 223.231 207.793 167.23
T 219.611 207.851 166.05
V 217.912 206.84 162.798
S 214.624 208.512 161.841
L 211.991 207.509 159.28
Q 209.244 209.931 158.231
M 206.099 208.639 156.508
D 203.876 210.997 154.51
S 200.575 210.296 152.75
L 200.209 207.114 154.794
K 197.65 204.584 153.556
P 195.936 201.642 155.282
E 198.253 199.151 153.563
D 201.149 200.628 155.573
T 199.687 199.277 158.835
A 202.281 196.872 160.235
V 204.978 196.334 162.844
Y 208.202 198.072 161.811
Y 211.569 196.58 162.771
C 214.911 198.395 162.915
N 217.765 196.284 161.528
A 221.505 196.903 161.896
G 224.146 195.533 159.549
I 227.573 196.322 158.173
P 226.935 197.604 154.643
M 227.795 194.213 153.075
T 224.257 193.718 151.853
T 224.01 192.268 155.368
V 221.583 194.988 156.448
L 219.815 194.779 153.081
S 219.63 190.966 153.269
G 217.913 191.0 156.672
L 220.638 188.972 158.395
G 221.617 191.831 160.717
F 220.729 192.572 164.314
W 217.097 193.059 165.319
G 215.3 195.195 167.881
Q 211.771 194.824 169.256
G 209.544 196.625 166.742
T 206.951 199.394 166.778
Q 203.286 199.3 165.783
V 201.95 201.581 163.04
T 198.232 201.676 162.206
V 196.664 203.644 159.346
S 192.876 203.873 159.16
S 190.887 204.182 155.942
