tag x y z
E 213.351 237.535 236.749
V 211.902 235.19 239.376
Q 211.84 236.907 242.774
L 211.504 235.093 246.104
V 210.768 236.983 249.333
E 211.082 235.281 252.728
S 209.101 236.467 255.756
G 208.946 235.163 259.305
G 211.991 233.707 261.004
G 213.526 235.846 263.708
L 214.324 234.694 267.223
V 211.927 232.175 268.784
Q 212.144 230.302 272.068
T 213.384 226.705 272.056
G 210.447 224.306 271.865
G 208.125 226.801 270.196
S 206.364 227.031 266.849
L 207.059 229.157 263.786
R 205.793 229.731 260.259
L 207.864 230.831 257.267
S 206.204 232.441 254.239
C 208.043 232.501 250.905
A 206.294 234.64 248.284
L 207.274 233.761 244.711
S 206.725 236.152 241.81
G 207.702 236.305 238.159
Y 205.993 232.966 237.483
T 202.944 230.934 238.488
F 203.205 227.488 240.05
S 202.397 224.963 237.335
I 204.845 222.066 237.735
F 207.755 223.762 239.483
P 208.731 222.307 242.883
T 209.825 224.693 245.625
A 212.59 223.67 248.024
W 213.369 224.995 251.5
F 217.093 224.756 252.282
R 219.029 225.868 255.36
Q 222.604 227.147 255.565
A 224.106 226.834 259.045
P 227.529 227.807 260.453
G 229.903 225.211 259.04
K 227.192 223.675 256.828
E 226.42 224.166 253.144
R 222.905 224.526 251.7
E 221.299 221.136 252.367
F 217.81 219.749 251.842
V 215.293 220.653 254.551
A 211.888 220.487 252.853
G 210.231 220.468 249.454
I 206.795 220.806 247.892
R 205.654 219.764 244.412
W 202.261 220.349 242.783
N 201.488 217.297 240.66
G 198.952 219.411 238.798
S 195.938 217.101 238.891
T 194.443 216.958 242.397
R 197.178 216.527 244.987
D 200.358 218.021 246.438
Y 203.513 216.048 247.261
T 205.614 216.763 250.351
E 209.312 215.962 250.806
Y 210.738 216.041 254.339
A 214.421 215.493 255.052
D 215.467 212.458 257.069
F 216.207 214.388 260.269
V 213.054 216.545 260.014
K 210.539 213.856 259.067
G 207.319 213.604 261.047
R 207.984 216.965 262.719
F 207.46 219.71 260.081
T 204.706 220.7 257.649
I 204.989 222.27 254.193
S 202.037 223.751 252.297
R 201.389 226.228 249.499
D 198.774 228.599 248.059
N 198.547 229.437 244.338
A 196.12 232.336 244.784
K 198.788 234.206 246.763
N 201.608 232.21 245.074
M 203.363 231.591 248.388
V 204.761 228.641 250.333
Y 204.193 228.013 254.05
L 206.662 226.096 256.222
Q 205.256 225.255 259.663
M 207.875 224.311 262.249
I 207.267 222.816 265.7
S 209.337 221.517 268.617
L 212.326 223.7 267.808
K 215.88 222.665 268.662
P 219.03 224.802 268.982
E 220.638 223.248 265.895
D 217.725 224.549 263.8
T 219.23 228.056 263.846
A 220.319 228.956 260.312
L 219.636 231.069 257.234
Y 216.585 229.536 255.542
Y 216.298 229.957 251.767
C 213.376 229.115 249.493
A 214.463 228.16 245.978
A 212.837 227.347 242.644
S 214.619 225.579 239.797
D 215.318 227.288 236.479
G 213.35 224.39 234.987
V 212.098 221.203 236.639
I 215.368 219.223 236.809
D 215.86 217.601 240.225
G 213.796 218.105 243.372
T 216.509 217.372 245.94
N 219.702 219.039 244.709
A 221.195 222.297 245.978
N 223.34 223.174 242.957
A 220.562 222.494 240.427
Y 218.471 225.363 241.854
R 219.675 228.512 240.075
Y 217.291 230.936 241.824
W 218.3 231.827 245.383
G 216.274 234.192 247.526
Q 217.571 236.626 250.114
G 216.882 234.071 252.855
T 215.72 234.69 256.412
Q 217.61 234.259 259.67
V 215.977 231.847 262.119
T 217.268 231.497 265.683
V 216.138 229.034 268.356
S 216.842 230.15 271.923
S 214.852 230.998 275.058
