tag x y z
Q 206.394 214.174 172.485
V 208.706 211.252 171.692
Q 208.315 208.242 169.407
L 209.827 204.983 170.676
V 210.39 202.066 168.288
E 211.301 198.574 169.495
S 213.354 196.193 167.361
G 214.412 192.628 168.055
G 212.401 190.073 169.994
G 210.662 187.071 168.498
L 211.024 183.4 169.356
V 214.095 182.386 171.374
Q 215.195 179.313 173.296
A 215.2 179.082 177.081
G 218.652 180.134 178.235
G 219.315 181.816 174.884
S 220.273 185.401 174.137
L 218.458 188.337 172.551
R 218.901 192.102 172.407
L 215.938 194.482 172.387
S 216.687 197.899 170.907
C 214.578 200.946 171.774
A 215.202 203.912 169.476
A 213.772 207.33 170.346
S 212.885 210.195 168.009
G 211.591 213.686 168.705
R 212.742 215.693 171.711
T 216.261 215.116 173.001
F 216.621 211.464 173.986
S 219.779 212.015 176.046
T 217.976 214.147 178.667
Y 215.531 211.415 179.772
A 215.861 208.389 182.017
M 214.661 205.173 180.379
A 213.329 201.788 181.431
W 212.061 198.456 180.153
F 208.812 196.916 181.389
R 207.211 193.575 180.559
Q 203.512 192.846 180.157
A 202.344 189.341 179.305
P 198.698 188.506 178.536
G 198.531 187.089 182.078
K 200.373 189.804 184.019
E 200.238 193.581 184.431
R 203.041 196.081 183.794
E 206.098 195.17 185.894
F 209.405 197.025 186.019
V 212.154 195.099 184.209
A 215.109 197.484 184.177
G 216.012 201.149 184.345
V 218.891 203.364 183.272
A 219.143 206.893 184.634
R 219.221 210.029 182.502
S 222.996 210.229 183.1
A 223.614 206.497 182.489
D 225.655 206.1 185.67
T 223.258 203.96 187.742
T 221.202 200.932 186.725
Y 218.234 199.349 188.485
Y 217.029 195.781 187.994
G 213.891 193.933 188.99
D 214.165 191.22 191.612
S 213.173 188.539 189.087
V 215.828 189.583 186.531
K 218.608 190.985 188.732
G 222.045 189.844 187.605
R 220.606 188.25 184.459
F 219.499 191.092 182.15
T 221.783 193.936 181.056
I 220.371 197.407 180.362
S 222.634 199.939 178.643
R 222.26 203.331 176.962
D 223.982 204.719 173.856
N 223.354 208.46 173.592
A 225.441 208.792 170.421
K 223.205 206.207 168.72
N 220.132 207.538 170.574
E 219.233 204.059 171.783
V 218.606 201.878 174.825
N 219.683 198.231 174.641
L 218.297 195.394 176.771
Q 220.473 192.289 176.496
M 218.253 189.419 177.651
S 220.006 186.183 178.6
S 219.358 183.153 180.779
L 215.71 183.179 179.713
K 212.821 181.0 180.856
P 209.33 180.378 179.427
E 207.838 182.653 182.088
D 209.655 185.601 180.458
T 207.257 185.56 177.485
A 205.638 188.989 177.181
V 205.327 192.199 175.216
Y 208.293 194.34 176.257
Y 207.843 198.118 176.316
C 210.506 200.803 176.553
A 209.425 203.933 178.394
A 211.021 207.361 178.753
R 210.465 209.59 181.787
S 209.944 213.265 180.985
V 212.537 215.633 182.455
I 211.494 218.803 180.595
Q 207.975 218.785 182.082
Y 208.485 217.522 185.652
G 212.204 216.864 186.106
I 214.013 213.959 187.786
V 217.07 213.225 189.928
P 218.261 209.603 189.71
G 218.783 207.802 192.936
N 215.556 205.952 192.367
D 212.719 207.697 190.525
F 210.589 207.599 187.372
H 206.981 206.799 186.515
Y 207.561 206.793 182.776
E 204.881 208.802 180.96
Y 205.73 207.78 177.369
W 205.371 204.156 176.271
G 206.588 202.509 173.084
Q 204.763 200.242 170.648
G 206.054 197.082 172.341
T 207.843 193.984 171.031
Q 206.752 190.365 171.433
V 209.238 188.026 173.136
T 208.492 184.291 173.333
V 210.955 182.048 175.18
S 210.18 178.518 173.972
S 212.416 175.541 174.74
