tag x y z
Q 209.151 161.709 289.666
L 205.814 162.228 287.936
V 203.52 159.195 287.747
E 200.115 158.2 286.386
S 197.238 155.967 287.443
G 193.627 155.021 286.782
G 194.262 152.824 283.74
G 193.235 149.178 283.76
L 190.48 146.985 282.371
V 186.915 148.278 282.22
Q 183.555 147.158 280.794
P 181.898 149.063 277.906
G 178.871 150.06 279.982
G 180.735 152.248 282.455
S 183.432 154.888 282.796
L 187.065 155.46 283.698
R 189.198 158.159 285.288
L 192.799 158.799 284.257
S 195.322 160.908 286.155
C 198.585 162.585 285.175
A 200.847 163.829 287.953
A 203.441 166.565 287.517
S 206.828 166.903 289.192
D 210.107 168.846 288.774
F 208.28 171.574 286.823
D 205.473 173.991 287.605
F 201.954 172.831 286.713
Y 200.644 176.385 286.689
D 200.535 178.018 283.245
Y 200.944 175.032 280.931
E 198.385 174.031 278.314
M 197.815 170.315 278.727
S 196.265 167.845 276.324
W 195.032 164.267 276.379
V 195.82 162.114 273.339
R 195.57 158.386 272.733
Q 197.284 155.799 270.549
A 195.245 152.829 269.425
P 197.172 149.635 268.582
G 197.966 149.791 264.884
K 196.58 153.313 264.405
A 197.951 156.834 264.633
L 197.802 159.095 267.667
E 194.288 160.447 268.087
W 193.66 163.746 269.854
I 191.068 163.51 272.623
G 191.087 167.011 274.038
N 192.98 169.736 275.782
I 192.504 171.877 278.862
Y 193.848 175.408 278.779
Y 194.81 177.734 281.572
S 191.929 178.744 283.895
G 190.008 175.513 283.308
D 188.743 175.993 279.758
T 188.426 172.876 277.614
F 188.358 172.105 273.9
Y 187.278 168.6 272.939
N 187.378 166.373 269.898
P 184.038 166.773 268.053
S 183.708 162.989 267.834
L 184.271 162.629 271.596
K 182.51 165.788 272.802
S 179.646 164.13 274.691
R 181.619 161.274 276.288
V 184.833 162.93 277.529
T 185.38 165.437 280.337
I 188.803 166.886 281.201
S 189.708 168.752 284.396
R 192.854 169.793 286.24
D 193.997 170.645 289.76
N 197.026 172.929 289.9
S 197.316 172.66 293.689
K 197.399 168.854 293.521
N 199.444 169.123 290.261
T 197.179 166.591 288.553
L 195.394 166.284 285.216
Y 192.115 164.364 285.134
L 190.313 162.656 282.273
Q 186.914 161.043 282.714
M 185.416 159.023 279.878
N 182.018 157.316 279.831
S 179.907 155.082 277.555
L 182.941 153.231 276.277
R 183.132 151.241 273.055
A 185.26 148.275 272.061
E 187.39 150.466 269.777
D 188.228 152.818 272.662
T 191.098 150.597 273.878
A 194.387 152.486 273.57
T 197.455 153.798 275.337
Y 196.54 157.22 276.714
Y 199.12 159.999 277.0
C 199.086 163.313 278.851
A 201.041 165.982 276.991
R 201.982 169.636 277.32
V 201.309 172.026 274.448
E 203.89 174.685 273.687
S 202.848 178.257 272.967
G 203.448 179.439 269.407
S 204.645 175.984 268.384
G 202.234 173.079 268.443
W 204.803 170.745 269.971
L 203.401 168.165 272.358
D 205.694 167.404 275.289
F 204.911 163.821 276.278
W 206.622 163.276 279.608
G 204.13 160.67 280.783
Q 204.955 157.025 280.19
G 201.386 156.378 279.026
T 198.581 154.326 280.538
L 197.234 151.137 278.972
V 193.43 150.903 278.782
T 191.738 147.769 277.435
V 187.997 147.082 277.286
S 186.255 143.7 277.197
S 183.637 141.636 278.968
