tag x y z
E 210.438 163.818 289.823
V 207.559 163.968 287.349
Q 205.156 161.038 287.432
L 201.658 160.322 286.163
V 199.79 157.278 287.43
E 196.37 156.045 286.384
S 193.689 153.817 287.845
G 190.212 152.536 287.063
G 190.911 150.028 284.299
G 189.377 146.596 284.187
V 186.839 144.365 282.476
V 183.339 145.823 282.78
Q 179.85 145.391 281.373
P 178.672 147.674 278.52
G 176.601 150.628 279.691
R 178.059 150.604 283.203
S 179.93 153.75 284.171
L 183.649 154.088 284.858
R 185.771 156.625 286.728
L 189.376 156.765 285.522
S 191.798 158.645 287.769
C 195.093 160.298 286.787
A 197.192 161.282 289.808
A 200.11 163.663 289.236
S 203.182 163.63 291.487
G 206.334 165.75 291.481
F 205.065 168.898 289.736
T 202.576 171.616 290.637
F 199.253 170.849 288.965
S 198.529 174.487 288.058
S 199.604 176.312 284.854
Y 199.267 173.066 282.839
A 196.386 171.724 280.743
M 195.439 168.059 281.043
H 194.467 165.678 278.231
W 192.767 162.304 278.013
V 193.801 160.204 274.987
R 192.914 156.621 274.042
Q 194.341 154.107 271.583
A 192.558 150.967 270.444
P 194.382 147.682 269.748
G 195.292 147.673 266.068
K 194.324 151.349 265.714
G 196.123 154.635 266.258
L 195.677 157.121 269.069
E 192.41 159.025 269.443
W 192.161 162.181 271.533
I 189.261 162.355 273.996
G 189.345 165.528 276.032
N 191.03 168.628 277.404
I 190.605 170.465 280.696
Y 192.275 173.672 281.91
H 192.844 175.443 285.231
D 189.652 177.472 284.693
G 187.581 174.31 284.302
S 186.899 174.646 280.572
T 186.413 171.158 279.129
F 186.778 170.536 275.393
Y 185.717 167.236 273.842
N 186.313 165.475 270.553
P 183.515 166.214 268.039
S 183.526 162.497 267.104
L 182.287 161.302 270.526
K 179.704 163.402 272.375
S 178.199 163.038 275.897
L 180.081 159.775 276.59
V 182.774 161.286 278.837
T 183.103 164.056 281.413
I 186.472 165.516 282.431
S 186.728 166.759 286.043
R 189.905 168.444 287.298
D 190.778 168.785 290.977
D 193.618 170.98 292.22
S 193.545 170.399 295.99
T 195.18 166.971 295.606
N 196.481 167.398 292.007
T 194.206 164.807 290.393
L 192.198 164.379 287.204
Y 188.975 162.352 286.854
L 187.131 160.977 283.824
Q 183.529 159.81 284.13
M 182.536 157.478 281.288
N 178.844 156.753 280.729
S 176.884 154.534 278.299
L 179.806 152.259 277.437
R 179.681 150.669 273.984
A 181.452 147.497 272.867
E 184.003 149.431 270.772
D 185.565 151.331 273.708
T 188.077 148.567 274.543
A 191.249 150.652 274.624
I 194.389 151.734 276.445
Y 193.947 155.19 277.966
Y 196.678 157.767 278.549
C 196.868 160.949 280.604
A 198.782 163.774 278.937
R 200.069 167.156 280.06
V 200.69 170.288 277.998
W 202.193 173.534 279.182
L 199.926 176.579 278.842
Y 202.677 179.054 277.95
G 203.953 177.261 274.882
S 203.089 175.058 271.935
G 201.019 171.92 272.366
Y 203.821 169.458 273.117
M 202.458 166.722 275.373
D 205.838 166.269 277.159
V 205.695 163.345 279.604
W 203.009 160.682 279.313
G 201.132 158.328 281.576
K 201.908 154.626 281.585
G 198.312 153.876 280.595
T 195.28 151.962 281.822
L 193.421 149.104 280.136
V 189.64 149.212 279.661
T 188.016 146.016 278.351
V 184.256 145.96 277.725
S 182.498 142.619 277.312
S 179.131 140.907 277.686
