tag x y z
E -23.02 -24.573 -16.478
S -25.204 -27.637 -17.09
G -27.736 -28.965 -14.594
G -30.002 -26.13 -13.486
G -33.641 -27.147 -13.862
L -36.683 -28.364 -11.904
V -36.689 -30.896 -9.048
Q -38.99 -32.391 -6.411
A -38.195 -32.209 -2.678
G -35.493 -34.562 -1.424
G -34.542 -35.724 -4.9
S -30.98 -34.954 -5.885
L -29.379 -32.924 -8.672
R -25.873 -32.411 -10.045
L -24.629 -29.072 -11.303
S -21.435 -28.885 -13.338
C -19.117 -26.106 -14.496
A -16.415 -26.256 -17.169
I -5.997 -21.439 -17.254
S -3.847 -21.741 -14.121
P -3.21 -24.98 -12.178
K -3.641 -23.242 -8.825
N -7.336 -22.39 -9.18
W -10.212 -21.929 -6.754
M -13.49 -22.924 -8.398
G -16.87 -22.824 -6.722
W -20.558 -22.037 -6.89
Y -22.951 -19.251 -5.908
R -26.72 -18.839 -6.097
Q -29.222 -15.984 -6.043
A -32.846 -16.43 -5.009
P -35.237 -14.151 -6.952
G -36.199 -11.631 -4.297
K -33.047 -12.141 -2.212
E -29.335 -11.486 -2.817
R -26.262 -13.357 -4.029
E -25.088 -15.898 -1.448
F -22.018 -18.129 -1.368
V -22.587 -21.895 -1.406
A -19.512 -24.087 -1.925
T -15.94 -23.802 -3.199
I -12.874 -26.024 -3.516
D -9.14 -25.303 -3.703
Y -6.469 -26.858 -5.92
G -5.878 -29.118 -2.909
A -9.466 -30.141 -2.079
N -10.067 -27.443 0.544
T -13.854 -27.25 0.649
N -15.791 -24.291 2.039
Y -19.524 -24.7 2.656
A -22.321 -22.4 3.671
D -23.699 -23.747 6.95
S -27.124 -23.267 5.348
V -26.334 -26.337 3.206
K -23.323 -27.896 4.932
G -23.22 -31.695 4.847
R -26.289 -31.583 2.607
F -24.27 -30.73 -0.533
T -20.922 -32.023 -1.799
I -18.455 -30.18 -4.055
S -15.948 -32.105 -6.175
R -13.454 -31.324 -8.902
D -11.54 -32.788 -11.855
N -8.218 -31.233 -12.901
A -7.699 -33.252 -16.098
K -10.912 -31.68 -17.454
N -10.867 -28.279 -15.664
T -14.386 -28.911 -14.332
V -15.946 -28.639 -10.863
Y -19.136 -30.558 -10.089
L -21.648 -29.862 -7.306
Q -24.022 -32.673 -6.375
M -26.959 -31.326 -4.356
N -28.908 -33.803 -2.222
S -31.862 -33.489 0.166
L -33.2 -30.449 -1.683
K -35.657 -28.362 0.28
P -37.761 -25.866 -1.718
E -35.762 -22.988 -0.179
D -32.904 -23.837 -2.568
T -34.718 -22.483 -5.644
A -32.367 -19.883 -7.144
V -30.155 -19.105 -10.125
Y -26.84 -20.893 -9.537
Y -23.728 -19.183 -10.929
C -20.231 -20.632 -11.335
A -17.109 -18.773 -10.242
A -13.306 -18.977 -10.222
D -10.052 -17.012 -9.972
Y -6.486 -17.965 -10.822
D -2.884 -17.625 -9.656
Y -13.747 -14.451 -13.4
W -17.377 -15.593 -13.146
G -20.138 -17.69 -14.704
Q -23.429 -17.052 -16.464
G -25.895 -18.871 -14.219
T -28.541 -21.589 -14.382
Q -31.943 -21.737 -12.671
V -32.479 -24.547 -10.14
T -36.152 -24.791 -9.136
V -37.433 -26.941 -6.26
S -41.042 -27.495 -5.215
S -43.004 -29.369 -2.532
H -45.841 -31.895 -2.174
