K 23.308 46.789 21.758
V 25.782 44.7 23.726
F 24.003 43.686 26.929
G 25.83 43.142 30.194
R 25.44 39.724 31.837
C 23.084 40.826 34.619
E 21.317 43.357 32.393
L 20.337 40.576 29.933
A 19.528 38.142 32.774
A 17.025 40.746 33.985
A 15.562 41.355 30.515
M 15.141 37.626 29.929
K 13.453 37.012 33.275
R 11.016 39.755 32.252
H 10.202 37.771 29.081
G 9.39 34.676 31.106
L 12.35 32.615 29.969
D 13.031 31.554 33.564
N 12.053 27.901 34.018
Y 10.483 27.942 30.564
R 9.96 24.265 29.664
G 11.912 23.812 32.856
Y 15.053 25.612 31.74
S 16.367 27.831 34.523
L 17.329 31.366 33.488
G 21.04 30.564 33.644
N 20.777 28.446 30.502
W 19.427 31.272 28.362
V 22.084 33.696 29.529
C 24.885 31.193 28.996
A 23.609 30.292 25.55
A 23.484 33.971 24.607
K 27.083 34.527 25.739
F 28.684 31.788 23.643
E 26.324 32.329 20.748
S 26.449 36.099 20.238
N 28.633 37.304 23.107
F 25.58 39.357 24.101
N 25.617 41.332 20.857
T 22.078 41.89 19.49
Q 23.478 42.76 16.05
A 25.804 39.792 15.704
T 25.31 38.049 12.359
N 27.432 35.139 11.227
R 27.276 33.845 7.672
N 27.522 30.101 7.103
T 28.945 27.995 4.247
D 25.474 26.956 3.052
G 24.662 30.604 2.411
S 22.461 30.829 5.51
T 23.065 33.378 8.281
D 22.674 33.336 12.054
Y 21.048 36.46 13.475
G 20.791 38.218 16.819
I 21.386 37.578 20.485
L 20.507 33.905 20.054
Q 22.009 33.38 16.601
I 18.808 32.076 14.946
N 19.331 30.514 11.526
S 17.834 31.757 8.243
R 17.302 28.421 6.494
W 14.895 27.187 9.182
W 13.66 29.871 11.542
C 13.594 33.276 9.902
N 13.606 34.65 6.379
D 16.202 37.206 5.374
G 15.297 37.102 1.702
R 18.624 35.656 0.563
T 18.627 32.089 1.873
P 17.251 29.663 -0.744
G 14.784 27.266 0.837
S 14.08 29.196 4.021
R 11.461 27.216 5.942
N 10.929 30.346 8.056
L 9.497 28.366 10.972
C 9.234 31.422 13.26
N 7.252 33.177 10.535
I 9.221 36.377 11.02
P 11.909 38.277 9.104
C 15.47 37.822 10.337
S 16.053 41.577 10.463
A 13.503 41.674 13.304
L 15.989 39.659 15.391
L 18.727 42.3 15.339
S 16.723 44.691 17.505
S 17.978 46.066 20.823
D 14.642 44.708 22.018
I 15.125 40.968 22.482
T 11.351 40.431 22.28
A 11.184 38.981 18.761
S 14.174 36.758 19.541
V 12.676 35.436 22.766
N 9.359 34.723 21.036
C 11.092 32.733 18.35
A 13.484 31.104 20.852
K 10.377 29.93 22.67
K 8.905 28.198 19.653
I 12.194 26.465 18.886
V 12.2 25.036 22.437
S 8.522 24.121 22.832
D 8.699 22.417 19.444
G 10.57 19.583 21.115
N 14.051 20.651 20.057
G 15.015 21.586 23.604
M 17.995 23.802 24.31
N 20.007 21.38 22.218
A 18.951 23.441 19.211
W 21.666 25.905 20.255
V 25.068 24.453 19.402
A 26.814 26.875 21.747
W 24.537 25.864 24.656
R 25.298 22.195 24.134
N 29.067 22.778 23.971
R 29.442 25.467 26.653
C 26.486 25.352 29.042
K 24.855 21.924 29.166
G 26.1 19.946 32.145
T 27.833 22.892 33.828
D 26.67 24.931 36.79
V 24.573 27.225 34.619
Q 23.141 29.125 37.598
A 26.574 30.704 37.952
W 25.51 32.799 34.998
I 22.96 34.758 36.976
R 24.169 34.767 40.544
G 25.369 38.169 41.662
C 22.561 39.767 39.663
R 19.824 42.136 40.876
L 16.828 40.016 39.932
K 44.022 17.159 21.464
V 41.178 19.644 21.709
F 40.189 20.566 25.237
G 36.766 21.517 26.401
R 36.562 24.882 28.136
C 36.159 23.701 31.74
E 38.495 20.759 31.131
L 41.346 23.113 30.221
A 40.469 25.347 33.178
A 40.816 22.545 35.712
A 44.141 21.541 34.148
