G 23.384 91.921 37.948
G 22.225 88.36 37.534
G 20.138 85.519 38.793
L 19.89 81.781 38.523
V 16.454 80.246 38.741
Q 15.286 76.676 38.672
A 13.624 75.746 35.343
G 9.874 76.373 35.575
E 10.124 79.318 37.941
S 9.461 82.975 37.188
L 11.592 86.097 37.16
K 10.504 89.7 36.72
L 12.91 92.094 35.074
S 12.504 95.845 35.091
C 14.1 98.885 33.453
A 13.539 102.495 34.509
A 14.114 105.578 32.313
S 8.392 110.688 24.874
G 8.256 106.89 24.675
G 8.054 105.009 21.381
F 9.353 101.485 20.693
M 10.36 99.615 23.827
G 11.622 96.083 24.092
W 13.687 93.375 25.63
Y 16.457 91.646 23.789
R 18.668 88.823 24.9
Q 22.084 87.523 23.984
A 23.65 84.186 24.868
P 27.455 83.766 24.492
G 28.502 82.958 20.917
K 25.019 83.716 19.514
Q 23.428 86.752 17.897
R 21.058 88.92 19.914
E 17.356 88.072 19.736
L 14.367 90.305 20.266
V 12.215 88.831 23.075
A 9.286 91.221 23.535
T 8.161 94.679 22.455
I 5.489 97.126 23.459
N 4.533 100.325 21.71
S 2.909 103.472 23.02
R -0.597 102.156 22.411
G 0.177 99.108 24.577
I 0.394 96.712 21.614
T 2.714 93.887 22.483
N 4.688 91.439 20.422
Y 6.725 88.389 21.383
A 9.399 86.273 19.719
D 8.37 82.851 18.456
F 10.206 81.152 21.399
V 8.13 82.971 24.041
K 5.057 80.743 23.523
G 2.872 82.8 25.861
R 5.235 82.457 28.822
F 6.374 86.069 29.076
T 4.507 89.324 29.581
I 5.835 92.777 28.779
S 4.112 95.676 30.511
R 4.492 99.414 31.048
D 3.767 101.286 34.034
N 3.877 104.922 32.062
A 4.164 107.004 35.336
K 7.615 105.512 36.15
K 8.734 104.494 32.703
T 9.536 101.335 33.817
V 8.854 98.373 31.687
Y 8.771 95.11 32.991
L 9.296 91.649 31.57
E 7.596 88.932 33.571
M 9.157 85.645 32.512
N 7.297 82.499 33.569
S 8.154 78.836 32.946
L 11.791 79.556 32.252
E 13.876 76.859 30.54
P 17.659 76.282 30.263
E 17.557 77.538 26.645
D 16.367 80.933 27.965
T 19.813 81.422 29.56
A 21.167 84.744 28.286
V 21.904 88.329 29.177
Y 18.614 90.255 28.945
Y 18.458 93.952 28.303
C 15.891 96.679 27.8
Y 16.048 98.796 24.641
T 14.268 101.806 23.232
H 14.695 103.974 20.198
Y 13.747 107.411 19.021
F 13.3 108.726 15.494
R 11.957 111.879 13.977
S 12.39 114.003 10.923
Y 11.682 117.625 10.122
W 11.299 119.472 6.861
G 10.855 123.091 5.911
Q 8.123 124.76 3.972
G 8.997 124.141 0.359
T 10.012 126.8 -2.102
Q 8.724 126.597 -5.627
V 11.523 126.805 -8.149
T 10.388 127.366 -11.738
V 12.95 127.428 -14.492
S 11.858 129.028 -17.73
S 13.392 128.378 -21.129
X 0 0 0
X 0 0 0
X 0 0 0
X 0 0 0
X 0 0 0
X 0 0 0
X 0 0 0
X 0 0 0
X 0 0 0
X 0 0 0
X 0 0 0
X 0 0 0
X 0 0 0
X 0 0 0
X 0 0 0
X 0 0 0
X 0 0 0
X 0 0 0
X 0 0 0
X 0 0 0
X 0 0 0
X 0 0 0
X 0 0 0
X 0 0 0
X 0 0 0
X 0 0 0
X 0 0 0
X 0 0 0
X 0 0 0
X 0 0 0
X 0 0 0
X 0 0 0
X 0 0 0
X 0 0 0
X 0 0 0
X 0 0 0
X 0 0 0
X 0 0 0
