K -28.86 33.506 28.36
V -30.466 36.738 27.193
F -29.422 37.817 23.702
G -29.508 41.332 22.428
R -31.357 42.397 19.307
C -28.123 42.403 17.294
E -26.432 39.537 19.091
L -29.419 37.345 18.239
A -29.633 38.644 14.656
A -26.08 37.47 14.102
A -26.685 34.006 15.574
M -29.88 33.561 13.56
K -28.165 34.837 10.417
R -25.312 32.384 11.041
H -27.814 29.559 11.496
G -29.203 30.508 8.095
L -32.585 32.053 8.981
D -32.11 35.14 6.832
N -34.627 34.71 4.024
Y -35.469 31.141 4.968
R -38.535 30.311 2.9
G -38.772 33.997 2.067
Y -38.609 35.335 5.59
S -36.3 38.317 6.037
L -33.963 37.953 9.047
G -35.84 40.724 10.84
N -38.847 38.424 11.036
W -37.123 35.856 13.244
V -35.528 38.408 15.581
C -38.819 40.22 15.99
A -40.482 36.835 16.579
A -38.059 36.048 19.352
K -38.486 39.453 21.058
F -42.215 38.907 21.385
E -41.96 35.242 22.316
S -39.012 34.967 24.717
N -37.971 38.616 24.647
F -34.57 37.158 23.766
N -34.318 35.003 26.899
T -33.149 31.516 25.901
Q -34.412 30.054 29.168
A -37.891 31.494 28.879
T -40.518 28.892 29.678
N -44.263 29.271 30.098
R -46.547 26.568 31.428
N -49.884 26.68 29.654
T -53.21 25.561 31.14
D -53.681 22.717 28.668
G -50.695 21.311 30.513
S -48.077 22.059 27.879
T -45.109 24.414 28.141
D -43.44 26.826 25.71
Y -39.641 26.524 25.671
G -36.859 28.97 24.964
I -36.116 31.803 22.597
L -38.987 30.968 20.244
Q -41.27 29.502 22.914
I -41.912 26.232 21.082
N -44.784 24.249 22.59
S -44.318 20.88 24.313
R -47.593 19.319 23.18
W -46.396 19.383 19.597
W -42.722 19.865 18.802
C -40.707 18.648 21.775
N -40.859 16.108 24.591
D -40.879 17.299 28.198
G -42.536 14.302 29.804
R -45.24 16.455 31.407
T -47.623 16.503 28.468
P -49.449 13.109 28.168
G -50.746 13.322 24.609
S -47.731 15.363 23.513
R -46.136 14.909 20.117
N -42.47 15.528 19.368
L -42.595 16.724 15.791
C -39.087 18.195 15.974
N -38.052 14.908 17.567
I -36.114 16.412 20.492
P -36.283 16.885 24.273
C -37.918 20.179 25.228
S -34.863 20.936 27.345
A -32.955 21.226 24.05
L -34.784 24.467 23.352
L -33.311 25.907 26.559
S -29.663 25.83 25.485
S -27.62 29.054 25.508
D -26.822 28.073 21.926
I -29.785 28.547 19.583
T -29.264 25.656 17.111
A -31.958 23.625 18.852
S -34.786 26.143 18.486
V -33.46 27.395 15.132
N -33.76 23.984 13.505
C -37.016 23.061 15.1
A -38.213 26.493 14.009
K -37.256 25.766 10.403
K -39.319 22.597 10.507
I -42.341 24.314 12.076
V -42.195 27.034 9.403
S -41.225 24.898 6.435
D -43.538 22.168 7.667
G -46.174 24.148 5.797
N -47.197 26.24 8.806
G -45.276 29.423 8.021
M -44.383 32.0 10.608
N -48.114 32.45 11.274
A -47.208 29.56 13.571
W -46.275 32.258 16.11
V -49.32 34.45 16.676
A -46.919 37.028 18.094
W -45.258 37.155 14.695
R -48.68 37.703 13.227
N -49.636 40.306 15.836
R -46.335 42.129 16.311
C -44.192 41.377 13.279
K -46.387 40.664 10.235
G -46.824 43.792 8.16
T -44.291 45.937 10.009
D -40.987 47.231 8.685
V -39.13 44.386 10.47
Q -35.822 45.206 8.871
A -35.779 47.407 11.975
W -34.836 44.586 14.293
I -31.436 44.348 12.672
R -30.978 47.985 11.834
G -27.712 49.08 13.38
C -26.178 45.609 13.699
R -22.796 44.536 12.344
L -23.912 41.228 10.859
K -93.897 41.491 -7.759
V -92.28 44.818 -8.622
F -95.077 47.042 -9.929
G -95.122 49.816 -12.443
R -96.249 53.214 -11.176
C -99.435 53.282 -13.234
E -99.814 49.529 -12.977
L -99.907 49.948 -9.205
A -102.146 53.015 -9.412
A -104.72 51.045 -11.387
A -104.393 48.158 -8.941
