E 12.725 -6.673 63.003
T 11.503 -3.955 60.588
A 11.43 -0.301 61.749
A 7.576 -0.634 62.117
A 7.868 -3.685 64.43
K 10.657 -1.943 66.449
F 8.244 1.021 66.93
E 5.495 -1.43 68.102
R 7.813 -3.227 70.549
Q 9.161 0.104 71.937
H 6.011 2.245 72.223
M 2.672 0.4 71.537
D 0.489 -1.222 74.173
S -3.046 -1.748 72.791
S -3.741 -4.293 75.538
T -4.427 -1.444 78.091
S -6.336 1.87 78.029
A -3.827 3.409 80.535
A -0.9 2.438 82.853
S -2.232 -0.15 85.316
S -0.014 0.434 88.397
S 2.852 2.597 89.678
N 4.972 -0.373 88.5
Y 3.763 -0.398 84.833
C 7.036 1.134 83.625
N 9.149 -1.279 85.751
Q 7.126 -4.232 84.254
M 7.273 -2.98 80.624
M 10.76 -1.464 80.178
K 12.284 -4.839 81.181
S 9.542 -6.643 79.189
R 10.005 -4.781 75.838
N 13.8 -5.177 76.285
L 14.636 -1.505 77.027
T 16.556 -2.483 80.224
C 18.836 2.166 81.364
K 16.716 3.845 78.694
P 16.314 7.217 80.54
V 12.88 8.053 79.107
N 10.233 6.173 77.052
T 6.572 6.441 76.094
F 3.985 3.708 75.501
V 0.823 4.55 73.622
H -2.485 3.058 74.865
E -4.453 3.145 71.606
S -5.159 0.572 68.892
L -2.461 -0.008 66.217
A -4.849 1.377 63.543
D -5.353 4.706 65.494
V -1.573 5.077 65.761
Q -1.0 4.236 62.025
A -3.708 6.757 61.112
V -1.414 9.546 62.524
C 0.826 9.182 59.411
S -1.837 10.839 57.292
Q -2.643 13.658 59.739
K -0.688 16.869 60.501
N 2.771 17.055 58.931
V 5.43 18.694 61.189
A 9.308 18.809 61.356
C 11.086 15.922 63.151
K 13.659 16.686 65.881
N 16.409 15.269 63.607
G 15.723 17.919 60.923
Q 13.739 15.702 58.574
T 10.145 16.54 57.617
N 8.135 13.304 57.428
C 6.788 13.485 61.005
Y 3.069 13.581 61.834
Q 1.234 14.832 64.933
S -2.052 13.217 66.013
Y -5.231 15.282 65.496
S -6.468 13.688 68.719
T -4.937 13.483 72.229
M -4.0 9.866 73.024
S -3.481 7.967 76.276
I 0.222 7.492 76.875
T 2.417 6.386 79.749
D 5.573 8.446 80.327
C 8.472 6.301 81.78
R 11.244 8.242 83.543
E 14.29 7.05 85.533
T 13.937 7.861 89.261
G 17.025 8.897 91.344
S 17.404 5.343 92.817
S 18.137 3.522 89.554
K 21.618 2.401 88.349
Y 21.691 -0.416 85.713
P 21.538 -3.651 86.88
N 18.176 -2.845 88.642
C 16.524 0.01 86.645
A 13.6 1.726 88.516
Y 11.08 3.973 86.575
K 8.463 6.581 87.58
T 5.176 5.631 85.8
T 3.103 8.723 84.761
Q -0.275 8.604 82.905
A -0.892 11.393 80.419
N -3.212 12.359 77.613
K -1.199 14.078 74.918
H -0.811 14.527 71.08
I 1.934 12.338 69.673
I 4.469 12.962 66.894
V 5.891 9.985 64.957
A 8.08 9.725 61.838
C 6.404 7.67 59.131
E 7.686 5.403 56.301
G 6.774 2.618 53.901
N 4.22 1.415 51.254
P 2.207 0.62 54.126
Y 2.891 4.164 55.429
V 3.411 3.563 59.164
P 5.304 4.829 62.272
V 9.023 3.975 62.547
H 10.09 6.402 65.311
F 8.434 8.135 68.272
D 9.586 11.768 68.285
A 7.61 13.599 70.948
S 4.294 14.297 72.578
V 2.651 17.763 72.99
E -15.551 -6.585 -1.142
T -14.383 -3.812 1.292
A -14.35 -0.219 -0.07
A -10.527 -0.578 -0.44
A -10.872 -3.679 -2.677
K -13.643 -1.886 -4.642
F -11.3 1.132 -5.212
E -8.537 -1.253 -6.398
R -10.834 -3.176 -8.796
Q -12.244 0.111 -10.158
H -9.108 2.355 -10.477
M -5.795 0.38 -10.047
D -3.704 -1.19 -12.805
S -0.105 -1.691 -11.482
S 0.7 -4.362 -14.128
T 1.481 -1.747 -16.886
S 3.248 1.635 -16.629
A 0.639 3.229 -18.965
A -2.408 2.315 -21.229
S -1.059 -0.285 -23.656
