S 28.01 10.358 30.111
P 27.483 13.281 30.336
T 29.834 14.045 27.385
S 30.028 17.391 25.596
I 29.363 17.213 21.843
L 32.576 19.279 21.463
D 34.54 16.195 22.584
I 33.126 13.573 20.179
R 35.966 12.679 17.792
Q 36.099 9.658 15.515
G 38.674 7.029 16.584
P 41.443 6.117 14.08
K 39.886 2.63 13.554
E 36.302 3.543 14.482
P 33.827 2.904 11.645
F 32.26 6.167 10.473
R 28.819 4.638 11.151
D 29.817 4.083 14.802
Y 31.038 7.69 15.044
V 27.825 9.026 13.499
D 25.84 7.036 16.073
R 27.926 8.309 18.983
F 27.704 11.904 17.648
Y 23.94 11.654 17.305
K 23.425 10.125 20.74
T 25.667 12.706 22.411
L 23.985 15.584 20.59
R 20.511 14.199 21.417
A 21.545 14.107 25.131
E 22.823 17.71 25.075
Q 20.405 20.122 26.676
A 20.239 22.715 23.917
S 17.866 24.187 21.349
X 17.49 22.599 17.922
E 19.147 25.665 16.413
V 22.243 25.187 18.63
K 22.31 21.441 17.873
N 22.146 22.138 14.101
W 25.066 24.588 14.378
M 27.008 21.888 16.269
T 26.298 19.32 13.526
E 27.353 21.743 10.791
X 30.467 22.73 12.688
L 31.66 19.401 14.19
L 30.399 16.338 12.334
V 32.824 16.272 9.435
Q 35.461 18.351 11.249
N 35.819 15.779 14.057
A 35.905 12.745 11.752
N 39.198 10.856 11.41
P 41.778 11.776 8.699
D 40.74 9.012 6.276
C 37.057 9.88 6.521
K 37.783 13.625 6.233
T 39.715 12.94 3.021
I 36.757 10.983 1.593
L 34.14 13.475 2.743
K 36.193 16.418 1.299
A 36.289 14.641 -2.075
X 32.459 14.14 -1.99
G 31.918 17.878 -1.708
P 28.998 19.66 -0.01
G 25.344 18.617 0.079
A 25.751 14.832 0.376
T 23.082 12.822 2.159
L 24.209 11.045 5.34
E 23.632 7.768 3.467
E 26.052 8.885 0.736
M 28.587 9.938 3.411
M 28.327 6.603 5.264
T 28.535 4.566 2.039
A 31.603 6.545 0.922
C 33.382 5.955 4.278
Q 32.371 2.288 4.791
G 35.84 0.809 4.071
V 37.712 2.92 6.684
G 38.508 1.353 10.016
G 36.356 -1.363 11.529
P 37.582 -4.962 11.813
G 41.173 -5.367 10.681
H 40.701 -8.933 9.409
K 40.217 -8.742 5.65
A 41.207 -12.207 4.432
R 39.226 -15.463 4.354
X 38.716 -16.186 8.001
L 36.246 -18.966 6.995
Q 45.352 18.391 28.321
V 44.097 22.085 27.772
Q 43.049 23.42 31.178
L 40.322 26.048 31.645
V 39.555 28.504 34.208
E 36.586 30.796 34.521
S 36.314 34.151 36.276
G 34.03 37.168 36.286
G 30.963 35.857 38.118
G 29.409 37.43 41.171
L 26.239 38.892 42.672
V 24.359 41.528 40.642
Q 20.907 43.138 40.692
A 18.372 42.306 37.924
G 19.157 44.419 34.859
G 22.895 44.356 35.707
S 25.889 43.139 33.675
L 28.863 40.796 34.059
R 31.639 39.728 31.765
L 32.863 36.168 32.158
S 36.345 35.166 31.125
X 37.68 31.685 30.446
A 41.461 31.344 30.34
A 42.885 28.395 28.455
X 46.292 27.031 29.49
G 48.595 24.298 28.179
S 48.813 25.542 24.62
F 49.455 28.663 22.593
F 46.141 27.827 20.859
M 42.466 27.113 21.528
S 40.261 24.641 19.663
N 38.246 25.774 16.675
V 34.943 25.405 18.59
M 34.359 26.711 22.095
A 31.194 26.991 24.159
W 29.623 28.289 27.34
Y 27.403 26.026 29.471
R 24.953 27.176 32.168
Q 24.325 24.749 35.047
A 21.652 25.513 37.664
P 21.076 23.189 40.668
G 19.073 20.069 39.813
K 19.301 20.667 36.059
A 21.477 19.321 33.278
R 24.229 21.626 31.979
E 22.751 23.699 29.12
L 24.741 24.692 26.067
I 23.938 28.404 25.756
A 26.506 29.946 23.362
A 29.224 28.745 21.043
I 31.724 30.153 18.598
R 33.95 28.772 15.867
G 37.254 30.3 14.739
G 37.928 31.126 11.11
