L -25.167 -11.773 52.892
A -21.391 -12.362 53.309
M -21.67 -14.525 50.123
V -23.493 -11.807 48.109
D -21.366 -10.899 44.988
N -18.658 -13.561 45.695
L -18.625 -14.786 42.017
Q -16.916 -13.212 38.955
G -17.354 -13.907 35.232
D -20.219 -14.728 32.842
S -21.763 -17.746 30.971
G -18.988 -17.5 28.35
R -15.81 -17.484 30.512
G -17.514 -19.19 33.517
Y -18.516 -18.061 37.04
Y -15.745 -18.414 39.601
L -15.2 -18.221 43.376
E -11.986 -17.069 45.181
M -10.522 -19.795 47.455
L -7.509 -19.9 49.83
I -5.697 -23.308 49.697
G -3.001 -24.642 52.012
T -0.633 -23.301 54.7
P 0.344 -20.453 54.271
P -2.746 -19.781 52.018
Q -2.449 -19.619 48.198
K -5.352 -17.778 46.427
L -7.032 -19.419 43.409
Q -9.966 -18.661 41.048
I -12.319 -21.669 40.969
L -15.055 -22.392 38.357
V -18.455 -23.281 39.942
D -19.671 -26.487 38.158
T -23.013 -28.146 39.072
G -22.335 -30.705 36.269
S -19.414 -32.571 37.944
S -18.342 -33.699 41.519
N -14.508 -33.278 41.723
F -12.571 -30.337 43.269
A -9.395 -29.908 41.182
V -6.728 -27.198 40.764
A -3.863 -26.558 38.324
G -0.704 -27.933 40.024
T 1.947 -27.054 37.37
P 2.328 -23.987 34.989
H 0.119 -23.713 31.88
S -0.04 -21.375 28.855
Y -3.635 -20.215 29.529
I -3.408 -19.691 33.403
D -1.52 -17.005 35.419
T -1.534 -18.949 38.767
Y -1.401 -22.567 40.032
F -1.395 -24.394 43.393
D 2.156 -25.343 44.484
T 1.9 -28.35 46.865
E 5.634 -27.892 47.854
R 4.759 -24.491 49.442
S 1.978 -26.057 51.687
S 2.899 -27.431 55.152
T -0.555 -29.164 55.528
Y -0.663 -30.839 52.046
R -0.862 -34.667 52.061
S -0.803 -37.079 49.071
K -3.146 -40.113 48.808
G -0.574 -41.767 46.506
F -2.8 -42.187 43.393
D -3.968 -40.451 40.168
V -7.346 -39.633 38.606
T -8.474 -38.694 35.028
V -11.734 -36.729 34.693
K -13.417 -36.29 31.276
Y -16.028 -33.58 30.559
T -18.134 -32.793 27.39
Q -15.386 -30.339 26.308
G -12.036 -31.14 27.947
S -10.189 -33.599 30.265
W -7.434 -33.577 32.987
T -5.19 -35.995 34.955
G -4.104 -35.217 38.512
F -2.75 -36.493 41.815
V -5.36 -36.888 44.542
G -4.382 -35.295 47.87
E -5.885 -33.516 50.899
D -5.449 -29.974 52.229
L -7.064 -27.143 54.234
V -9.308 -24.663 52.365
T -11.002 -21.374 53.421
I -13.713 -19.483 51.482
P -12.856 -15.825 52.333
K -16.248 -14.387 51.204
G -18.651 -16.371 53.438
F -16.815 -18.574 56.012
N -14.268 -17.647 58.734
T -12.789 -21.181 59.382
S -10.718 -23.787 57.385
F -11.929 -27.229 56.12
L -10.083 -30.468 55.393
V -11.097 -31.468 51.832
N -9.963 -33.861 49.035
I -8.097 -31.993 46.27
A -6.81 -33.144 42.847
T -3.73 -31.346 41.48
I -3.726 -31.231 37.629
F -0.359 -32.005 35.921
E -1.831 -32.772 32.413
S -4.958 -31.474 30.547
E -6.564 -31.603 27.063
N -8.837 -28.646 26.084
F -9.634 -27.789 29.738
F -7.777 -24.483 30.381
L -8.753 -22.398 27.279
P -7.278 -18.928 26.271
G -8.987 -15.934 27.937
I -10.419 -17.872 31.009
K -9.745 -16.26 34.447
W -10.134 -19.494 36.545
N -7.345 -22.065 37.36
G -9.434 -24.753 39.117
I -12.883 -26.434 39.183
L -15.48 -26.961 42.005
G -17.808 -29.88 41.251
L -21.039 -29.229 43.189
A -23.027 -32.315 42.003
Y -23.614 -35.638 43.955
A -21.183 -38.371 45.314
T -22.281 -40.712 42.421
L -20.238 -38.606 39.909
A -17.023 -38.377 42.027
K -13.938 -39.926 40.353
P -12.203 -42.439 40.95
S -15.307 -43.428 43.012
S -18.33 -42.216 45.104
S -16.271 -42.92 48.305
L -14.044 -39.863 47.473
E -15.734 -37.176 49.651
T -16.998 -34.187 47.551
F -16.316 -30.574 48.54
F -19.974 -29.766 49.47
D -20.273 -32.988 51.547
S -17.146 -31.841 53.511
