D 32.6 10.258 -60.67
F 31.617 13.87 -59.749
V 35.272 14.903 -59.294
G 36.746 16.743 -62.29
Q 33.661 18.903 -62.822
T 33.626 22.69 -62.576
V 30.402 23.788 -60.884
E 28.619 27.141 -60.898
L 27.56 28.516 -57.572
G 26.462 32.138 -57.667
E 29.303 34.096 -59.199
L 31.726 31.311 -58.238
R 33.195 28.77 -60.556
L 34.526 25.807 -58.605
R 36.651 22.808 -59.673
V 35.697 19.66 -57.726
R 39.146 18.366 -56.731
R 38.414 15.183 -54.678
V 36.122 13.362 -52.221
L 36.62 14.168 -48.523
A 33.632 12.348 -47.015
E 30.54 10.337 -48.012
G 27.867 8.162 -46.279
G 24.11 8.094 -47.01
F 22.566 11.463 -47.786
A 25.588 13.075 -49.379
F 29.198 13.594 -50.393
V 31.598 16.319 -49.369
Y 34.307 17.462 -51.789
E 37.402 19.602 -51.866
A 36.688 22.345 -54.386
Q 38.694 25.276 -55.776
D 37.35 28.505 -57.281
V 39.003 28.439 -60.764
G 39.588 32.223 -60.968
S 40.465 33.257 -57.388
G 42.166 30.007 -56.37
R 40.344 29.994 -52.985
E 39.511 26.564 -51.577
Y 36.319 25.355 -49.973
A 34.47 22.312 -48.746
L 31.503 21.628 -51.017
K 28.781 19.349 -49.797
R 26.443 17.981 -52.44
L 23.176 16.506 -51.211
L 20.855 14.625 -53.588
S 17.063 14.542 -52.953
N 14.144 12.71 -54.521
E 11.838 13.475 -51.543
E 10.304 16.518 -49.784
E 11.3 14.994 -46.458
K 14.936 14.953 -47.626
N 14.443 18.546 -48.932
R 13.302 19.635 -45.474
A 16.232 17.938 -43.629
I 18.653 19.435 -46.17
I 17.324 23.022 -45.906
Q 17.232 22.722 -42.157
E 20.945 21.795 -42.135
V 21.712 24.816 -44.319
C 19.697 27.138 -42.012
F 21.548 25.817 -38.945
M 24.873 26.314 -40.699
K 23.837 29.891 -41.658
K 22.743 30.746 -38.137
L 25.781 29.35 -36.347
S 28.352 30.809 -38.795
G 30.712 33.534 -37.457
H 31.922 31.612 -34.429
P 35.599 30.716 -34.296
N 34.865 27.007 -33.577
I 32.07 26.383 -36.192
V 32.998 25.979 -39.91
Q 32.222 29.161 -41.794
F 29.209 29.039 -44.162
C 30.12 30.625 -47.502
S 27.173 29.947 -49.792
A 24.439 27.513 -50.765
A 22.37 26.714 -53.912
S 20.331 24.067 -55.708
I 19.577 22.619 -59.121
G 16.187 21.023 -59.97
K 15.998 17.298 -60.785
E 15.012 18.168 -64.36
X 18.348 20.009 -64.69
S 20.83 17.464 -63.203
D 22.558 14.281 -64.451
T 21.356 12.473 -61.319
G 17.614 12.869 -62.134
Q 17.276 14.35 -58.642
A 17.228 17.719 -56.83
E 20.781 18.733 -55.836
F 21.697 20.929 -52.942
L 25.137 22.524 -52.801
L 26.571 23.78 -49.545
L 29.872 25.643 -49.587
T 31.937 26.146 -46.453
E 35.377 26.566 -44.956
L 37.838 23.886 -45.984
C 39.563 22.546 -42.924
K 42.952 20.818 -42.578
G 41.322 17.485 -41.807
Q 39.409 15.415 -39.287
L 40.663 15.716 -35.743
V 40.887 11.872 -35.441
E 43.479 11.685 -38.235
F 45.696 13.982 -36.176
L 44.935 12.151 -32.95
K 45.99 8.866 -34.612
K 49.402 10.382 -35.4
M 49.911 11.942 -31.953
E 48.878 8.648 -30.304
S 51.953 6.627 -31.189
R 54.065 9.394 -29.563
G 52.205 8.772 -26.284
P 49.499 10.416 -24.203
L 48.156 13.833 -25.032
S 49.407 16.665 -22.883
X 46.787 17.915 -20.422
D 47.062 21.23 -22.126
T 46.282 19.761 -25.558
V 43.3 17.933 -24.143
L 42.169 21.217 -22.586
K 42.385 23.116 -25.867
I 40.569 20.503 -27.937
F 37.793 20.059 -25.377
Y 37.296 23.796 -24.615
Q 37.105 24.672 -28.279
T 34.598 21.941 -28.917
C 32.57 23.056 -25.853
R 32.652 26.647 -27.077
A 31.024 25.587 -30.381
V 28.296 23.639 -28.593
Q 27.824 26.565 -26.156
H 27.184 28.739 -29.174
M 24.37 26.392 -30.253
H 22.862 26.108 -26.768
R 22.791 29.876 -26.404
Q 20.594 30.346 -29.486
K 16.931 31.266 -28.977
