S -41.084 -4.217 -22.845
N -42.797 -0.8 -22.903
A -41.104 2.344 -21.579
L -42.319 5.801 -20.55
M -40.167 8.749 -19.45
I -40.045 12.526 -19.066
G -36.975 14.765 -19.378
R -35.086 17.487 -21.228
I -33.773 17.108 -24.79
A -29.985 17.343 -24.427
D -28.691 16.504 -27.926
V -30.141 15.935 -31.424
Q -28.799 13.686 -34.219
H -29.847 13.317 -37.852
G -28.347 10.041 -38.986
F -28.599 6.921 -41.135
L -29.068 3.175 -40.569
G -28.994 1.244 -43.863
A -31.012 2.898 -46.668
M -33.153 4.718 -44.066
T -32.842 8.065 -42.263
V -33.296 8.34 -38.492
T -33.657 11.125 -35.924
Q -32.2 10.483 -32.471
Y -32.351 12.461 -29.227
V -30.442 12.406 -25.956
L -33.053 12.481 -23.187
E -31.858 13.709 -19.795
V -33.946 12.309 -16.909
D -33.017 12.559 -13.182
K -29.187 12.83 -13.603
E -29.117 10.151 -16.309
F -29.579 9.913 -20.07
I -31.122 7.546 -22.61
V -31.129 7.743 -26.412
I -34.47 8.086 -28.218
R -34.619 6.621 -31.731
C -37.258 7.598 -34.301
M -37.352 5.644 -37.565
D -44.758 23.647 -31.241
Q -42.03 21.127 -32.21
V -39.321 18.897 -30.685
K -36.291 21.144 -30.139
L -33.016 21.316 -28.184
G -33.944 21.963 -24.554
S -37.546 20.822 -25.031
R -38.998 19.17 -21.959
V -40.706 16.156 -23.52
L -42.76 13.115 -22.561
V -41.585 10.003 -24.397
Q -43.171 6.583 -24.757
G -41.923 3.587 -26.756
T -40.218 0.183 -26.906
L -37.094 -0.107 -24.733
R -34.299 -1.982 -26.538
M -31.27 -3.208 -24.57
N -29.167 -3.744 -27.708
R -26.33 -5.716 -26.109
H -23.108 -6.026 -28.125
V -19.697 -7.632 -27.697
D -16.481 -5.561 -27.725
D -13.386 -6.873 -29.539
S -12.088 -10.551 -22.337
K -14.826 -9.658 -24.862
R -17.235 -8.13 -22.312
L -20.924 -7.753 -23.15
H -22.196 -4.214 -22.566
A -25.612 -2.677 -23.064
Y -26.214 0.176 -25.504
P -29.87 0.809 -24.627
F -32.319 3.089 -26.436
I -36.059 3.777 -26.704
Q -37.569 2.791 -30.067
V -40.344 5.096 -31.314
V -42.727 4.408 -34.222
P -48.557 4.721 -34.392
L -48.399 3.904 -30.654
G -44.899 5.285 -29.996
Y -44.519 9.065 -29.608
V -42.377 11.989 -28.424
K -44.638 14.676 -26.964
V -43.539 18.223 -26.051
V -44.538 19.423 -22.556
S -38.863 7.038 -16.191
N -41.101 3.981 -15.725
A -40.91 0.595 -17.459
L -43.431 -2.219 -17.855
M -41.866 -5.544 -18.876
I -43.18 -9.002 -19.794
G -41.211 -12.255 -20.176
R -39.612 -15.231 -18.43
I -37.333 -15.726 -15.41
A -33.945 -17.177 -16.436
D -31.766 -16.538 -13.369
V -32.277 -15.645 -9.698
Q -29.837 -13.898 -7.35
H -30.314 -13.636 -3.6
G -27.819 -10.876 -3.026
F -26.83 -8.036 -0.715
L -26.46 -4.299 -1.385
G -25.548 -1.713 1.287
A -26.808 -2.903 4.709
M -29.8 -4.626 3.041
T -30.644 -7.893 1.274
V -31.886 -7.796 -2.329
T -33.386 -10.272 -4.771
Q -32.592 -9.95 -8.477
Y -33.963 -11.67 -11.587
V -32.835 -12.122 -15.183
L -35.88 -11.486 -17.348
E -35.872 -12.706 -20.955
V -38.145 -10.434 -23.018
K -34.254 -12.303 -27.372
E -32.757 -9.839 -24.881
F -32.562 -9.856 -21.095
I -32.823 -7.334 -18.254
V -32.099 -7.434 -14.51
I -34.833 -6.677 -11.971
R -33.82 -5.274 -8.578
C -36.254 -6.086 -5.77
M -35.639 -4.172 -2.529
Q -44.115 -16.872 -5.448
V -41.757 -16.205 -8.378
K -39.7 -19.226 -9.444
L -37.232 -20.141 -12.208
G -39.157 -20.627 -15.458
S -42.034 -18.342 -14.449
R -43.593 -16.057 -17.05
V -44.047 -12.748 -15.197
L -45.148 -9.106 -15.408
V -43.05 -6.323 -13.862
Q -43.102 -2.539 -13.59
G -40.739 -0.167 -11.766
T -38.24 2.664 -12.121
L -35.732 2.088 -14.913
R -32.15 3.001 -14.022
M -29.545 3.22 -16.791
N -26.783 2.869 -14.182
R -23.679 3.969 -16.106
H -20.027 3.522 -15.095
