N 9.362 -42.709 -16.199
V 11.941 -40.438 -18.007
V 12.044 -36.61 -18.152
H 11.676 -35.298 -21.699
K 13.042 -32.183 -23.478
T 9.396 -31.246 -24.379
G 6.001 -31.533 -22.672
D 4.306 -30.565 -19.422
E 5.58 -33.135 -16.834
T 5.794 -33.811 -13.088
I 9.169 -34.809 -11.66
A 9.348 -36.463 -8.205
G 12.437 -37.16 -6.089
K 15.187 -35.015 -4.632
K 16.984 -33.543 -7.68
T 20.453 -32.091 -7.287
F 21.817 -30.026 -10.195
T 25.652 -29.861 -9.905
G 25.982 -27.298 -12.695
N 24.268 -24.094 -13.803
V 20.522 -23.841 -14.336
X 18.667 -21.266 -16.414
V 14.886 -20.725 -16.363
N 13.538 -18.6 -19.265
G 9.905 -18.695 -18.095
S 8.694 -18.194 -14.553
L 10.068 -20.066 -11.526
T 7.301 -20.663 -8.97
L 7.831 -21.709 -5.349
P 5.037 -22.415 -2.712
T 3.693 -19.261 -1.087
K 1.864 -18.548 2.146
S 0.538 -15.295 3.574
W -0.309 -13.903 6.996
S -1.24 -10.503 8.426
G -1.934 -9.273 11.921
E -1.862 -6.258 14.164
L 1.433 -6.63 16.07
G 0.42 -3.978 18.62
G -0.254 -0.279 19.083
G -2.2 -0.205 15.809
I 0.733 -1.444 13.658
I -0.097 -4.146 11.131
L 2.447 -6.444 9.542
S 1.561 -8.281 6.304
L 3.784 -11.127 5.169
R 4.159 -13.371 2.129
K 6.65 -16.295 2.363
K 8.215 -17.595 -0.89
G 10.879 -20.244 -0.229
T 13.416 -18.923 2.311
T 12.457 -15.228 1.875
V 9.548 -13.39 3.455
E 8.151 -10.252 1.81
Y 6.778 -7.787 4.321
X 4.617 -4.661 4.27
I 3.934 -2.4 7.275
G 0.425 -0.975 7.627
G -2.084 0.519 10.043
E -1.755 3.698 12.102
I -0.128 4.056 15.543
S -3.151 4.322 17.836
S -1.765 4.069 21.366
S 1.458 4.675 23.265
I 4.22 2.349 22.09
L 7.187 2.612 24.429
A 10.739 2.724 23.065
N 12.259 -0.873 22.893
S 8.914 -2.442 23.752
N 7.488 -5.777 22.733
L 4.439 -5.67 20.439
V 2.105 -8.076 22.218
N -1.211 -8.103 20.296
R 0.027 -10.707 17.759
S 3.305 -12.532 17.313
V 4.535 -13.516 13.87
P 3.576 -17.234 13.4
N 6.423 -19.742 13.644
E 6.437 -20.574 9.899
F 7.234 -16.884 9.087
C 9.819 -16.449 11.898
P 13.477 -15.927 10.992
R 16.433 -18.006 12.331
N 18.302 -14.754 12.94
R 16.885 -11.499 14.26
X 15.865 -9.046 11.481
S 15.599 -5.273 11.714
L 12.979 -3.822 9.359
V 13.473 -0.13 8.758
G 10.282 1.859 8.151
H 9.27 5.468 7.706
M 6.514 7.643 9.16
V 4.379 9.426 6.497
G 4.726 13.194 6.236
G 8.077 13.887 7.825
W 11.66 12.669 8.053
N 11.166 10.052 10.817
A 12.398 6.485 10.574
F 11.977 3.539 12.946
H 12.752 -0.143 12.891
I 10.905 -3.176 14.116
D 12.847 -6.293 15.071
I 11.493 -9.733 14.376
P 13.282 -12.312 16.553
S 12.984 -16.12 16.134
S 10.154 -16.088 18.768
G 8.052 -13.817 16.517
V 7.465 -11.327 19.39
C 8.221 -8.118 17.441
Q 9.919 -5.191 19.151
W 9.619 -1.457 18.429
F 12.857 0.526 18.109
G 11.608 3.997 17.453
P 11.275 6.364 20.448
T 8.094 6.297 22.556
A 5.343 7.184 20.016
S 1.561 7.435 20.046
S 0.57 8.619 16.531
G 1.513 8.562 12.87
T 1.342 6.306 9.82
P 4.194 3.717 9.591
R 5.07 2.267 6.165
G 7.73 0.168 4.476
X 8.061 -2.818 2.16
G 10.977 -5.251 1.928
T 12.194 -8.742 2.677
Y 13.819 -10.757 5.413
P 15.315 -14.266 5.344
I 14.085 -17.378 7.129
D 17.043 -19.777 7.61
N 14.127 -36.061 -26.618
V 15.242 -37.202 -23.128
V 17.065 -35.176 -20.412
H 20.429 -36.666 -19.378
K 22.478 -36.673 -16.146
T 25.391 -35.05 -18.058
G 25.75 -32.469 -20.809
D 24.364 -29.06 -21.69
E 20.681 -29.364 -22.706
T 17.655 -27.211 -23.486
