D 8.186 7.102 -25.42
P 10.45 4.025 -25.748
S 13.516 6.318 -25.464
E 12.608 7.228 -21.862
E 14.92 5.41 -19.438
P 14.599 5.86 -15.645
V 17.371 7.319 -13.482
D 17.066 5.935 -9.959
E 18.627 7.224 -6.754
V 20.341 4.491 -4.744
L 21.215 4.851 -1.07
Q 23.447 1.955 -0.005
I 24.872 0.938 3.363
P 28.443 2.326 3.373
P 31.119 -0.439 3.029
S 32.858 0.886 6.171
L 29.833 0.124 8.372
L 29.617 -3.508 7.264
T 31.539 -5.032 10.159
C 29.938 -8.062 11.778
G 28.765 -7.761 15.389
G 29.7 -11.391 16.039
C 33.168 -11.724 14.478
Q 34.246 -8.058 14.04
Q 35.166 -8.71 10.401
N 33.919 -7.218 7.116
I 30.7 -8.487 5.519
G 31.227 -8.897 1.763
D 28.197 -11.186 1.428
R 25.045 -10.221 -0.476
Y 22.832 -11.875 2.15
F 23.339 -10.89 5.786
L 21.334 -9.922 8.882
K 20.359 -6.767 10.782
A 19.654 -7.073 14.523
I 20.075 -5.022 17.736
D 21.606 -2.022 15.908
Q 24.294 -4.252 14.363
Y 25.022 -6.205 11.172
W 25.907 -9.915 11.181
H 26.986 -12.771 8.959
E 24.156 -15.312 8.898
D 26.308 -17.74 10.93
C 27.442 -15.062 13.421
L 24.118 -14.332 15.167
S 23.714 -17.103 17.744
C 21.714 -17.869 20.882
D 23.835 -17.276 23.997
L 22.493 -20.441 25.623
C 22.212 -22.986 22.783
G 24.02 -21.285 19.887
C 21.308 -21.611 17.24
R 20.85 -19.046 14.45
L 18.457 -16.567 16.034
G 15.927 -15.31 13.463
E 15.643 -18.344 11.168
V 11.904 -18.8 11.848
G 9.739 -15.908 13.064
R 12.424 -13.286 12.31
R 12.885 -12.234 15.952
L 15.302 -12.573 18.862
Y 14.743 -12.17 22.606
Y 17.024 -9.777 24.483
K 17.14 -9.585 28.29
L 19.88 -9.002 30.903
G 22.563 -8.739 28.197
R 21.61 -12.021 26.557
K 20.416 -12.644 23.002
L 18.232 -15.758 23.189
C 15.964 -17.969 21.091
R 12.266 -18.29 21.96
R 12.546 -21.533 23.961
D 15.713 -20.548 25.859
Y 14.202 -17.151 26.704
L 11.111 -18.881 28.125
R 13.331 -21.39 29.975
L 15.257 -18.58 31.695
F 12.528 -15.973 32.276
G 9.136 -17.341 31.197
Q 6.74 -19.342 33.364
D 6.036 -21.499 30.304
G 8.691 -24.211 30.55
L 6.903 -27.015 32.399
C 7.468 -30.736 31.797
A 4.612 -32.794 30.34
S 5.062 -35.626 32.873
C 5.814 -34.146 36.318
D 4.375 -30.679 35.513
K 7.469 -28.875 36.835
R 9.638 -26.061 35.441
I 12.509 -27.0 33.116
R 15.834 -25.67 34.415
A 18.103 -23.687 32.083
Y 21.08 -25.687 30.751
E 18.937 -28.838 31.056
M 18.72 -31.376 28.238
T 15.15 -32.504 27.573
M 13.365 -35.155 25.506
R 10.643 -34.077 23.08
V 8.2 -36.699 21.83
K 5.908 -35.166 19.185
D 4.899 -31.806 20.705
K 5.373 -32.645 24.398
V 8.571 -32.022 26.401
Y 9.973 -34.201 29.193
H 12.827 -34.533 31.645
L 15.0 -37.5 30.724
E 14.172 -39.21 34.036
C 10.505 -38.45 33.272
F 10.921 -40.096 29.85
K 9.327 -43.428 30.757
C 6.209 -45.531 30.096
A 3.02 -44.328 31.799
A 1.865 -47.906 32.48
C 4.791 -50.21 33.356
Q 7.069 -47.297 34.362
K 10.099 -48.622 32.424
H 12.686 -46.205 31.017
F 12.588 -46.051 27.239
C 15.541 -47.383 25.243
V 16.77 -46.378 21.78
G 14.565 -47.998 19.13
D 11.583 -48.566 21.436
R 8.207 -48.364 19.707
Y 5.61 -46.339 21.617
L 2.26 -44.548 21.486
L 1.515 -41.053 22.8
I -1.926 -40.535 24.36
N -2.247 -36.953 25.656
S 1.0 -36.573 27.624
D 1.308 -40.29 28.376
I 3.852 -42.358 26.474
V 2.95 -46.054 26.332
C 5.438 -48.79 25.377
E 4.759 -51.332 22.605
Q 4.598 -54.341 24.946
D 1.813 -52.61 26.918
I -0.13 -51.971 23.698
Y 0.246 -55.644 22.714
E -0.847 -56.87 26.162
