K -1.368 -37.016 -16.535
T -4.14 -39.305 -15.295
F -2.927 -39.198 -11.688
E -1.435 -35.697 -11.836
V -4.75 -33.821 -11.931
V -6.111 -35.749 -8.94
F -2.858 -35.09 -7.077
I -3.229 -31.361 -7.743
V -6.862 -31.297 -6.619
L -5.898 -33.313 -3.53
V -3.061 -31.022 -2.442
A -4.888 -27.763 -3.18
G -8.27 -29.051 -2.02
S -6.95 -30.412 1.269
L -5.031 -27.171 1.8
S -8.241 -25.161 1.451
L -10.012 -27.666 3.705
V -7.379 -27.221 6.413
T -7.774 -23.456 6.017
I -11.541 -23.363 6.559
I -11.366 -25.998 9.315
G -8.697 -24.058 11.202
N -10.429 -20.689 10.988
I -13.809 -22.204 11.876
L -12.016 -23.595 14.921
V -10.722 -20.133 15.768
M -14.148 -18.484 15.594
V -15.828 -21.352 17.441
S -13.137 -21.382 20.148
I -13.521 -17.648 20.666
K -17.321 -17.87 20.961
V -17.27 -21.02 23.126
N -14.535 -19.982 25.578
R -15.425 -16.765 27.443
H -11.894 -16.562 28.88
L -10.39 -15.68 25.493
Q -13.12 -13.161 24.693
T -10.87 -10.121 25.001
V -10.903 -7.086 22.708
N -7.619 -8.277 21.196
N -9.379 -11.44 20.005
Y -12.179 -9.628 18.173
F -9.59 -8.675 15.574
L -8.63 -12.349 15.466
F -12.312 -13.136 14.949
S -12.606 -10.777 11.983
L -9.296 -12.1 10.66
A -10.606 -15.653 10.96
C -13.697 -14.573 9.021
A -11.694 -13.065 6.156
D -9.416 -16.111 6.103
L -12.526 -18.303 6.06
I -13.901 -16.481 3.017
I -10.5 -16.791 1.332
G -10.264 -20.436 2.358
V -13.612 -21.495 0.905
F -14.137 -19.351 -2.205
S -10.83 -18.032 -3.572
M -8.81 -21.223 -3.097
N -11.356 -23.576 -4.671
L -12.177 -21.347 -7.637
Y -8.494 -20.731 -8.337
T -7.924 -24.468 -7.957
L -10.578 -24.941 -10.63
Y -9.054 -22.208 -12.811
T -5.624 -23.83 -12.603
V -6.797 -27.436 -12.912
I -8.857 -26.87 -16.069
G -6.371 -24.574 -17.802
Y -8.854 -21.737 -18.236
W -11.789 -19.946 -16.592
P -15.038 -21.437 -17.946
L -17.528 -19.924 -15.479
G -17.919 -16.684 -17.447
P -17.086 -12.943 -17.333
V -19.753 -12.009 -14.774
V -18.67 -14.47 -12.058
C -15.091 -13.778 -13.148
D -15.394 -10.116 -12.192
L -17.342 -11.167 -9.095
W -14.795 -13.743 -7.9
L -11.857 -11.46 -8.533
A -13.543 -8.536 -6.765
L -14.42 -10.744 -3.793
D -10.95 -12.303 -3.593
Y -9.069 -9.003 -3.74
V -11.43 -7.249 -1.315
V -11.316 -9.966 1.362
S -7.549 -10.457 1.008
N -6.975 -6.726 1.376
A -9.377 -6.989 4.309
S -7.169 -9.69 5.825
V -4.038 -7.562 5.463
M -5.778 -4.483 6.892
N -6.835 -6.693 9.796
L -3.222 -7.715 10.407
L -2.316 -4.023 10.26
I -4.999 -3.006 12.751
I -3.837 -5.839 15.019
S -0.324 -4.419 14.791
F -1.616 -0.974 15.789
D -3.67 -2.362 18.679
R -0.717 -4.341 20.03
Y 1.506 -1.264 19.746
F -0.901 0.848 21.79
C -1.347 -1.939 24.347
V 2.437 -2.081 24.716
T 3.297 1.634 24.921
K 0.605 2.821 27.347
P 0.206 -0.402 29.362
L -2.402 0.847 31.844
T -4.389 3.543 30.046
Y -5.073 2.123 26.573
P -6.395 -1.356 27.524
V -9.091 0.236 29.704
K -9.778 3.193 27.399
R -10.192 0.915 24.373
T -13.716 -0.509 24.171
T -15.396 -3.16 22.008
K -17.196 -0.463 20.019
M -13.805 0.879 18.95
A -12.762 -2.616 17.862
G -15.888 -3.003 15.748
M -15.25 0.448 14.3
M -11.678 -0.44 13.319
I -12.731 -3.777 11.812
A -15.489 -2.07 9.83
A -12.938 0.533 8.747
A -10.626 -2.213 7.49
W -13.324 -4.006 5.492
V -14.776 -0.769 4.101
L -11.391 0.62 3.034
S -10.527 -2.714 1.423
F -13.797 -2.753 -0.518
I -13.419 0.87 -1.632
L -9.796 0.388 -2.661
W -10.404 -2.747 -4.72
A -14.014 -3.482 -5.746
P -14.975 -0.373 -7.771
A -11.714 -0.475 -9.728
