H -27.055 53.648 5.107
H -24.632 51.094 3.654
H -25.532 47.634 2.342
K -23.823 44.741 0.603
G -25.367 41.502 -0.652
I -23.582 38.297 0.317
M -24.109 34.578 -0.128
R -24.234 31.801 2.433
T -24.301 28.146 1.482
G -24.357 24.967 3.52
L -24.495 24.285 7.218
I -24.073 27.586 9.002
S -24.069 28.817 12.6
F -24.83 32.356 13.757
E -24.134 32.522 17.497
N -26.011 29.492 18.849
N -28.467 29.23 15.949
N -27.862 26.665 13.197
Y -29.065 27.211 9.6
Y -28.907 25.34 6.327
F -28.633 27.325 3.09
N -28.965 25.447 -0.216
E -26.689 25.876 -3.273
N -28.451 29.057 -4.398
G -27.885 30.687 -1.023
E -31.495 30.174 0.024
M -32.354 29.477 3.635
Q -34.335 26.316 4.337
F -37.44 25.767 6.49
G -39.322 22.806 7.932
Y -38.544 19.155 7.295
I -35.437 19.176 5.123
N -33.355 16.538 3.413
I -29.674 17.392 3.323
E -27.838 14.724 1.393
D -30.186 12.122 2.854
K -30.032 13.047 6.47
M -33.315 14.608 7.575
F -33.532 17.794 9.661
Y -36.148 20.203 11.006
F -35.911 23.97 10.691
G -38.255 26.377 12.467
E -40.267 28.998 10.61
D -37.415 31.433 11.316
G -34.827 29.067 9.797
V -33.402 27.898 13.111
M -32.593 24.178 13.385
Q -34.684 22.516 16.128
I -34.047 19.663 18.556
G -37.027 17.652 19.792
V -39.98 15.811 18.318
F -41.679 17.435 15.32
N -44.473 16.49 12.937
T -43.325 15.362 9.464
P -45.0 13.693 6.459
D -43.161 10.584 7.693
G -44.725 10.805 11.18
F -43.506 12.539 14.341
K -39.689 12.266 14.421
Y -36.96 12.885 17.002
F -34.27 15.334 15.817
A -31.465 14.97 18.315
H -28.121 16.341 19.405
Q -25.022 14.824 17.805
N -24.164 11.31 18.945
T -27.427 10.515 20.651
L -27.751 7.299 18.674
D -25.731 5.586 15.911
E -23.234 8.471 15.736
N -25.925 10.78 14.262
F -25.254 14.377 13.178
E -26.348 17.489 15.142
G -30.088 17.718 14.697
E -30.604 14.667 12.472
S -33.697 12.478 12.743
I -32.725 9.323 14.649
N -34.021 5.757 14.805
Y -35.101 6.031 18.446
T -37.441 3.506 20.086
G -39.01 3.287 23.536
W -39.815 6.002 26.034
L -38.284 9.424 25.679
D -38.301 12.307 28.179
L -37.297 15.744 26.848
D -37.717 17.615 30.121
E -41.422 17.653 31.212
K -42.493 16.238 27.829
R -42.775 12.467 27.428
Y -43.082 10.45 24.199
Y -43.054 6.86 23.033
F -41.444 5.734 19.8
T -42.702 2.707 17.864
D -40.87 -0.066 15.953
E -41.226 2.279 12.959
Y -39.117 4.973 14.713
I -42.013 7.48 14.791
A -43.836 8.829 17.865
A -47.042 7.1 18.989
T -50.25 9.138 18.853
G -53.712 8.575 20.333
S -54.716 5.781 22.702
V -52.155 2.968 23.019
I -51.428 -0.044 25.259
I -47.757 -0.258 26.15
D -46.627 -3.094 28.435
G -50.209 -3.739 29.592
E -51.002 -0.132 30.627
E -53.099 2.359 28.632
Y -51.813 5.782 27.608
Y -52.923 8.725 25.535
F -50.611 10.839 23.394
D -51.759 14.144 21.865
P -52.337 13.71 18.111
D -50.975 17.251 17.468
T -47.732 17.041 19.49
A -47.307 13.345 20.427
Q -46.683 14.324 24.043
L -48.174 12.018 26.651
V -51.269 13.439 28.378
I -50.768 12.804 32.131
S -52.734 13.046 35.374
Q -9.754 3.27 19.833
V -10.557 6.201 17.515
Q -7.632 7.185 15.316
L -7.038 9.578 12.458
V -3.69 9.173 10.708
E -2.235 11.923 8.533
S 0.408 11.25 5.884
G 1.612 12.702 2.592
G 3.175 15.664 4.392
G 6.687 17.056 4.16
L 8.813 19.46 2.165
V 7.836 21.055 -1.142
Q 8.861 23.934 -3.449
A 6.53 26.918 -3.92
G 4.117 26.623 -6.877
G 4.424 22.847 -6.443
S 1.853 20.353 -5.16
L 1.061 17.937 -2.317
R -1.693 15.436 -1.561
