L 42.777 -49.432 41.179
Q 45.926 -48.165 42.953
H 46.366 -44.577 41.706
E 49.457 -43.275 39.885
K 48.606 -40.219 37.764
V 46.096 -37.361 37.488
T 44.747 -35.191 34.641
I 42.961 -31.866 35.245
A 40.536 -30.16 32.8
P 41.252 -26.429 32.36
L 37.614 -25.745 33.301
V 38.26 -27.032 36.845
L 41.177 -24.626 37.346
L 38.992 -21.742 36.211
S 36.048 -22.896 38.334
A 38.285 -23.074 41.473
L 39.736 -19.617 40.738
D 36.261 -18.122 40.076
H 34.97 -19.76 43.276
Y 37.9 -18.265 45.226
E 37.588 -14.768 43.767
R 33.829 -14.435 44.047
T 33.862 -15.341 47.786
Q 36.125 -12.337 48.529
T 38.396 -14.924 50.091
K 40.652 -13.035 52.531
E 44.362 -13.668 53.087
N 44.909 -16.793 55.209
K 41.42 -17.981 54.067
R 40.634 -20.788 51.628
C 37.8 -21.917 49.429
V 36.816 -25.589 49.285
G 34.814 -27.671 46.831
V 34.055 -31.003 45.23
I 35.785 -32.45 42.134
L 34.085 -34.828 39.706
G 35.287 -37.14 36.942
D 36.732 -40.64 36.725
A 38.861 -42.433 39.334
N 38.335 -46.146 38.567
S 41.548 -46.315 36.542
S 45.264 -45.806 37.38
T 45.033 -42.292 35.901
I 42.427 -40.135 37.639
R 40.625 -37.763 35.285
V 39.258 -34.609 36.871
T 36.718 -33.095 34.514
N 34.311 -31.044 36.64
S 33.756 -29.483 40.065
F 31.412 -27.406 42.183
A 31.823 -25.024 45.125
L 31.029 -25.827 48.771
P 29.918 -23.712 51.659
F 32.67 -24.236 54.15
E 33.606 -22.742 57.487
E 36.628 -23.238 59.677
D 38.081 -21.627 62.764
E 41.277 -19.753 61.848
K 42.536 -20.059 65.465
N 41.635 -23.726 65.966
S 42.188 -26.176 63.091
D 40.151 -28.924 64.846
V 36.959 -26.952 64.148
W 35.421 -26.864 60.667
F 31.988 -27.463 59.144
L 31.168 -29.075 55.828
D 27.547 -29.113 54.743
H 26.984 -32.853 54.138
N 23.467 -32.19 52.86
Y 24.892 -29.713 50.327
I 27.357 -32.275 48.93
E 24.526 -34.789 48.446
N 21.995 -32.337 47.073
M 24.406 -30.82 44.598
N 25.697 -34.286 43.695
E 22.107 -35.373 42.987
M 21.806 -32.555 40.452
C 25.151 -33.348 38.795
K 24.126 -36.99 38.198
K 20.957 -35.747 36.438
I 23.173 -33.888 33.945
N 26.083 -36.277 33.522
A 26.008 -39.655 35.287
K 29.538 -40.317 33.936
E 31.084 -37.512 36.006
K 31.321 -39.08 39.471
L 32.393 -37.618 42.824
I 36.103 -38.462 43.093
G 37.322 -36.082 45.791
W 37.662 -32.439 46.7
Y 39.662 -29.308 46.11
H 40.786 -26.247 48.016
S 42.865 -23.111 47.291
G 45.649 -23.949 49.734
P 48.261 -22.753 48.984
K 49.41 -25.651 51.22
L 47.88 -28.699 52.898
R 46.246 -27.796 56.217
A 46.057 -29.811 59.436
S 42.343 -30.538 59.027
D 42.759 -32.013 55.512
L 43.298 -35.641 56.63
K 40.014 -35.405 58.542
I 38.092 -33.542 55.835
N 39.392 -36.207 53.473
E 37.845 -38.987 55.653
L 34.411 -37.427 55.275
F 34.682 -37.593 51.458
K 35.442 -41.345 51.669
K 31.679 -41.685 52.288
Y 30.896 -40.254 48.852
T 33.562 -41.721 46.563
Q 33.911 -45.101 44.878
N 37.692 -45.118 45.39
N 40.287 -43.442 47.639
P 39.414 -39.711 47.438
L 41.658 -37.319 45.583
L 42.547 -33.974 47.115
L 43.44 -31.324 44.554
I 45.103 -28.112 45.62
V 44.58 -25.346 43.079
D 46.99 -22.485 43.66
V 44.709 -19.518 42.924
K 47.529 -17.005 43.685
Q 49.499 -18.442 40.778
Q 52.873 -17.669 42.355
G 54.646 -20.952 41.533
V 54.643 -20.011 37.777
G 54.997 -23.787 37.184
L 51.78 -25.834 37.535
P 49.086 -24.286 39.747
T 47.898 -27.721 41.022
D 49.008 -30.42 43.417
A 47.256 -33.782 43.722
Y 47.151 -35.89 46.853
V 45.754 -39.194 47.957
A 45.641 -40.422 51.604
I 47.647 -43.563 52.397
E 48.065 -45.49 55.655
Q 50.645 -48.092 56.647
