V -25.975 13.044 -10.892
Q -26.845 9.394 -10.19
L -24.616 6.374 -9.56
Q -25.28 2.736 -10.384
E -23.152 -0.242 -9.293
S -22.707 -3.536 -11.135
G -20.514 -6.597 -10.881
G -21.382 -8.022 -7.486
G -22.597 -11.543 -6.814
L -21.542 -14.85 -5.298
V -17.876 -15.759 -5.717
Q -15.664 -18.646 -4.523
A -13.037 -18.019 -1.84
G -9.787 -16.89 -3.509
G -11.758 -15.757 -6.556
S -11.755 -12.245 -7.979
L -14.445 -9.746 -9.0
R -14.419 -6.311 -10.557
L -17.1 -3.944 -9.364
S -17.958 -0.963 -11.458
C -20.057 2.097 -10.876
A -21.325 4.382 -13.609
A -22.542 7.967 -13.312
S -25.568 9.269 -15.188
G -27.348 12.593 -15.428
R -26.127 16.097 -16.089
T -22.469 16.12 -15.115
F -20.264 19.208 -14.75
S -16.847 17.599 -14.667
S -15.13 14.604 -13.21
F -15.22 14.17 -9.469
V -13.846 12.246 -6.523
M -15.332 8.774 -6.25
G -15.055 6.128 -3.592
W -16.073 2.679 -2.471
F -17.607 1.732 0.896
R -18.96 -1.532 2.239
Q -21.53 -2.583 4.814
A -22.475 -5.954 6.314
P -25.751 -6.607 8.181
G -25.834 -4.995 11.608
K -22.48 -3.276 11.066
E -21.362 0.267 10.283
R -20.673 1.339 6.73
E -16.898 1.445 6.27
F -14.374 2.954 3.844
V -12.76 0.683 1.226
A -11.054 2.951 -1.348
S -11.14 6.375 -2.981
I -9.623 8.173 -5.928
S -9.073 11.805 -6.931
R -11.028 13.747 -9.521
S -8.017 13.374 -11.886
G -7.578 9.658 -11.246
S -3.939 10.322 -10.253
V -4.133 9.591 -6.535
T -5.778 6.803 -4.565
R -6.37 5.793 -0.927
Y -7.179 2.382 0.536
A -8.56 1.014 3.765
D -6.273 -1.477 5.52
S -8.679 -4.238 4.487
A -8.121 -3.46 0.801
K -4.356 -2.799 0.745
G -2.45 -5.213 -1.471
R -5.594 -6.943 -2.739
F -7.976 -4.362 -4.212
T -7.345 -1.762 -6.887
I -9.444 1.299 -7.55
S -9.411 2.966 -10.971
K -11.64 5.36 -12.863
D -12.455 6.324 -16.432
N -13.064 10.071 -16.546
A -14.394 9.891 -20.106
K -17.279 7.68 -18.968
N -17.295 8.91 -15.342
T -17.083 5.352 -14.07
V -15.095 4.049 -11.139
S -14.05 0.441 -10.642
L -12.826 -1.77 -7.841
Q -10.764 -4.802 -8.814
M -10.981 -7.274 -5.947
D -8.396 -10.073 -5.943
N -8.043 -13.064 -3.579
L -11.381 -12.61 -1.834
N -12.141 -14.352 1.438
P -15.418 -14.798 3.327
D -14.771 -11.743 5.524
D -15.064 -9.571 2.388
T -18.767 -10.456 2.158
A -20.805 -7.248 2.195
V -22.852 -4.865 0.128
Y -20.426 -2.55 -1.691
Y -21.516 1.049 -2.364
C -19.979 3.58 -4.687
A -20.101 7.225 -3.755
A -19.128 10.568 -5.235
D -17.874 13.762 -3.635
L -18.847 16.56 -6.028
H -17.337 19.321 -3.886
R -13.719 18.11 -3.561
P -11.508 19.744 -6.215
Y -8.136 18.499 -4.829
G -6.88 15.185 -3.475
P -8.367 11.706 -3.08
G -11.74 11.068 -1.449
S -12.1 11.327 2.313
Q -12.591 8.207 4.41
R -15.657 9.764 6.05
T -19.078 8.773 4.708
D -20.434 12.259 5.475
D -18.205 13.907 2.833
Y -19.953 12.187 -0.086
D -22.91 13.933 -1.853
T -24.079 11.032 -3.952
W -24.53 7.323 -3.272
G -25.293 4.28 -5.375
Q -27.763 1.604 -4.334
G -25.053 -0.959 -3.599
T -24.12 -4.308 -5.101
Q -24.122 -7.44 -2.943
V -20.867 -9.362 -2.782
T -20.887 -12.827 -1.176
V -17.695 -14.848 -0.792
S -18.379 -18.518 -0.03
S -15.699 -20.417 1.845
H -13.665 -23.023 -0.054
H -15.184 -25.995 1.821
H -16.511 -29.003 -0.177
X 0 0 0
X 0 0 0
X 0 0 0
X 0 0 0
X 0 0 0
X 0 0 0
X 0 0 0
X 0 0 0
X 0 0 0
X 0 0 0
X 0 0 0
