G 29.225 -13.639 39.21
G 26.034 -13.658 37.142
S 23.447 -16.317 36.279
W 20.8 -17.57 33.812
P 17.836 -17.223 34.023
Q 17.983 -13.682 35.358
R 15.727 -11.62 37.521
V 14.805 -8.523 35.575
V 13.523 -5.188 36.843
T 12.465 -2.731 34.172
K 12.784 1.051 34.127
K 9.156 1.183 35.324
G 9.546 -1.475 38.035
R 8.223 -4.618 36.319
T 9.62 -7.924 37.611
F 9.859 -11.24 35.787
L 12.243 -14.161 35.404
Y 14.059 -13.762 32.064
P 13.574 -15.467 29.605
N 11.29 -18.053 31.18
D 8.444 -15.729 32.171
L 8.287 -14.503 28.553
L 8.149 -17.963 26.916
Q 4.766 -19.046 28.278
T 1.206 -19.153 27.04
N 0.335 -16.34 29.504
P 2.035 -12.94 29.896
P 4.024 -12.267 33.087
E 1.607 -11.553 35.921
S 3.252 -8.203 36.698
L 2.328 -6.87 33.252
I -1.315 -7.872 33.648
T -1.439 -6.258 37.077
A 0.26 -3.131 35.729
L -2.289 -2.594 32.954
V -5.245 -3.124 35.309
E -4.255 -1.084 38.364
E -1.498 1.285 37.214
Y -2.941 2.24 33.82
Q -6.585 1.501 34.819
N -7.039 -0.132 31.402
P -8.511 -3.653 31.754
V -9.182 -3.645 28.009
S -5.45 -3.662 27.267
A -5.017 -6.528 29.738
K -7.727 -8.628 28.072
E -6.228 -8.001 24.625
L -2.624 -8.703 25.628
Q -3.804 -11.91 27.254
A -5.427 -12.819 23.936
D -2.607 -11.835 21.566
W 0.204 -13.238 23.719
P 0.168 -16.856 22.446
D 0.534 -15.533 18.89
M 3.13 -12.876 19.77
S 6.729 -13.452 18.699
F 9.464 -13.227 21.319
D 10.699 -9.867 20.024
E 7.251 -8.353 20.572
R 6.783 -9.947 24.001
R 10.17 -8.531 24.979
H 9.221 -5.12 23.575
V 6.035 -5.09 25.659
A 7.682 -6.464 28.783
M 10.54 -3.964 28.73
N 8.43 -0.846 27.976
L 5.113 -1.394 29.793
P 38.663 -26.495 19.426
Q 41.722 -24.218 19.063
R 43.941 -22.102 21.276
V 43.586 -18.585 19.844
V 45.534 -15.406 20.653
T 44.013 -11.976 19.992
K 45.476 -8.769 18.588
K 46.168 -7.505 22.129
G 47.52 -10.787 23.506
R 44.374 -12.356 24.95
T 44.373 -16.169 24.937
F 41.209 -18.262 24.712
L 39.894 -21.698 23.856
Y 37.781 -21.034 20.766
P 34.976 -21.269 20.962
N 34.4 -22.808 24.391
D 35.524 -19.691 26.244
L 32.722 -17.804 24.447
L 29.858 -20.239 25.204
Q 29.581 -19.557 28.936
T 27.248 -17.483 31.07
N 30.136 -15.307 32.183
P 32.566 -13.482 29.893
P 36.175 -14.665 29.92
E 37.664 -13.044 33.01
S 40.541 -11.509 31.034
L 38.019 -9.239 29.321
I 36.776 -7.938 32.673
T 40.289 -7.261 34.016
A 41.144 -5.514 30.746
L 38.18 -3.16 31.088
V 39.082 -2.542 34.733
E 42.863 -2.315 34.424
E 43.594 -1.443 30.781
Y 40.588 0.772 30.001
Q 40.177 1.905 33.634
N 36.417 1.603 33.111
P 34.773 -0.471 35.856
V 31.34 0.795 34.78
S 31.843 -0.618 31.29
A 33.101 -3.853 32.85
K 29.927 -4.116 34.934
E 27.807 -3.644 31.805
L 29.548 -6.409 29.845
Q 28.974 -8.827 32.743
A 25.25 -8.029 32.509
D 24.849 -8.22 28.715
W 26.861 -11.407 28.233
P 24.172 -14.008 29.092
D 21.794 -12.45 26.533
M 24.482 -11.787 23.903
S 24.541 -13.843 20.726
F 27.733 -15.651 19.784
D 28.884 -13.252 17.062
E 28.801 -10.367 19.517
R 30.73 -12.394 22.092
R 33.334 -13.086 19.397
H 33.368 -9.439 18.351
V 34.181 -8.356 21.909
A 36.727 -11.095 22.616
M 38.755 -10.535 19.441
N 38.787 -6.732 19.514
L 38.989 -5.744 23.196
G 27.895 22.051 29.262
G 24.357 23.207 28.546
G 21.317 22.995 30.794
S 18.92 25.758 31.762
W 16.275 26.847 34.272
P 13.412 26.323 33.673
Q 14.007 22.909 32.188
R 11.89 20.826 29.868
V 11.159 17.549 31.643
V 9.922 14.232 30.262
