S -10.112 -10.819 26.73
S -9.72 -6.965 26.665
A -7.527 -4.187 25.171
S -5.055 -4.605 28.006
S -4.652 -8.341 27.018
A -2.338 -7.231 24.258
X 1.317 -6.521 24.916
V 2.42 -3.998 22.359
T 6.144 -3.137 22.107
G 8.78 -1.908 19.725
T 10.65 1.025 18.364
L 7.791 2.158 16.123
L 5.808 3.116 19.222
G 8.361 5.749 20.23
T 7.725 7.689 17.0
G 4.535 9.061 18.52
K 3.946 10.914 21.742
T 0.722 9.019 22.257
N 0.065 5.308 22.213
X -3.262 3.582 22.884
T -4.458 0.025 22.41
Q -8.131 -0.605 21.583
M -10.306 -3.716 21.098
P -12.924 -2.452 18.576
A -14.352 -5.894 17.874
L -14.192 -9.366 19.261
Y -10.636 -10.727 19.28
T -9.355 -7.715 17.451
W -6.614 -5.458 18.786
Q -5.843 -2.169 17.272
H -2.903 -0.057 18.402
Q -2.82 3.615 17.695
I 0.458 5.552 17.496
Y -0.192 9.278 17.158
N 1.265 12.684 17.681
V 3.867 11.42 15.187
N 5.811 13.869 12.897
F 7.298 11.583 10.22
I 8.491 13.39 7.039
P 10.213 10.73 4.909
S 13.091 11.432 2.624
S 12.505 8.234 0.686
X 9.613 5.983 -0.182
G 9.057 2.833 1.835
T 6.637 0.431 3.431
L 4.78 -0.354 6.644
T 4.257 -4.081 6.599
C 3.04 -6.794 8.955
Q 3.109 -10.571 9.378
A 0.833 -12.481 11.763
G 1.348 -15.975 13.229
T -1.109 -18.818 13.513
I -3.244 -20.359 16.241
L -4.519 -23.799 16.957
V -8.269 -24.022 17.794
W -10.61 -26.936 18.523
K -12.728 -27.338 15.487
N -15.105 -30.264 15.426
G -12.955 -32.139 17.988
R -9.67 -31.581 16.056
E -6.752 -29.261 16.728
T -6.943 -27.068 13.662
Q -4.56 -24.366 12.451
Y -5.754 -20.952 11.309
A -3.754 -18.045 10.173
L -4.122 -14.886 12.236
E -4.456 -11.557 10.45
C -2.857 -8.198 10.682
R -3.54 -4.781 9.313
V -1.57 -1.519 8.931
X -2.446 2.122 8.245
I -0.59 5.453 7.937
H -2.381 8.704 8.88
H -1.489 11.786 6.795
S -1.59 15.225 8.43
S -4.828 15.993 6.539
G -6.581 13.047 8.217
S -6.504 10.945 5.068
I -5.724 7.306 5.654
N -3.554 4.853 3.694
E -4.556 1.451 5.023
S -4.172 -2.23 4.117
Q -6.706 -4.966 4.191
W -6.688 -7.718 6.841
G -4.452 -10.652 5.974
Q -1.818 -12.939 7.4
Q 0.518 -10.558 5.737
X -0.324 -6.989 4.868
Q 1.369 -3.85 3.568
V 1.032 -0.212 2.709
G 3.469 1.913 0.838
F 4.296 5.553 1.188
G 6.014 8.253 -0.792
T 7.621 11.622 -0.238
A 5.37 13.956 -2.279
C 1.806 14.753 -0.962
G 0.183 17.193 -3.337
N 2.721 20.097 -3.77
K 4.282 19.423 -0.283
K 6.539 16.871 1.319
C 4.528 14.189 2.998
R 3.997 14.595 6.73
F 2.53 11.542 8.525
T 1.069 12.098 12.001
G -0.1 8.622 12.931
F 0.153 4.86 12.486
X -2.206 2.027 13.364
I -1.097 -1.565 13.74
S -3.641 -4.297 14.301
L -3.991 -8.021 14.906
R -6.944 -10.327 15.033
I -8.332 -13.853 15.099
P -10.176 -14.086 11.723
P -14.009 -14.03 12.05
X -14.49 -17.665 10.821
A -12.164 -18.978 13.546
Q -13.698 -17.03 16.359
T -16.239 -19.555 17.641
Y -13.543 -22.205 18.227
P -11.889 -22.465 21.655
L -8.107 -21.958 21.492
S -5.899 -24.979 21.888
S -2.355 -23.979 23.002
G -1.479 -20.749 21.178
D -0.444 -17.222 21.971
L -1.348 -14.628 19.354
K 1.497 -12.837 17.658
G 2.028 -10.227 14.964
X 5.065 -8.205 13.921
F 5.276 -4.876 12.122
X 8.08 -3.158 10.15
L 8.377 0.365 8.768
T 11.4 0.853 6.54
N 12.761 3.184 3.99
K 16.331 4.228 3.058
E 16.736 6.141 6.338
V 14.604 4.456 8.994
N 13.852 1.027 10.365
W 11.163 0.722 13.068
X 9.361 -2.336 14.266
