R 73.155 -25.5 2.414
Q 69.412 -24.465 2.382
K 68.815 -21.371 4.559
W 65.095 -21.505 5.247
E 62.645 -24.156 6.513
W 58.883 -24.215 6.06
K 55.935 -26.356 7.475
V 52.233 -26.447 6.513
G 49.625 -27.004 9.301
T 47.454 -30.102 9.597
G 45.124 -28.853 12.292
L 42.271 -28.163 9.986
N 40.15 -30.766 8.297
G 38.466 -32.483 11.114
F 35.575 -30.038 11.692
G 32.216 -31.622 12.546
N 28.883 -29.915 12.306
V 25.18 -30.826 12.051
L 22.543 -29.47 9.549
N 21.049 -27.442 12.369
D 24.314 -25.417 12.542
L 23.685 -23.822 9.129
T 22.057 -20.476 8.737
N 20.729 -18.683 5.629
G 18.468 -21.391 4.242
G 20.995 -24.11 5.079
T 23.7 -22.474 2.917
K 26.041 -20.946 5.462
L 28.304 -22.59 7.997
T 30.3 -20.322 10.412
I 32.797 -22.164 12.584
T 34.483 -20.457 15.554
V 37.896 -22.092 15.856
T 39.035 -22.946 19.359
G 42.829 -23.074 19.777
N 45.476 -21.596 17.474
K 45.878 -23.465 14.13
P 49.082 -22.959 12.102
I 48.642 -22.699 8.404
L 52.166 -21.843 7.181
L 55.347 -21.487 9.225
G 58.754 -20.264 7.98
R 62.04 -19.704 9.709
T 65.721 -19.19 9.054
K 67.838 -22.241 9.836
E 70.517 -19.924 11.12
A 71.217 -16.187 11.026
F 72.836 -14.979 7.724
A 73.097 -12.068 5.291
T 73.809 -12.09 1.504
V 71.35 -17.818 -3.081
D 67.927 -18.543 -1.385
G 68.021 -15.202 0.206
I 64.483 -13.886 -0.266
P 61.422 -16.193 0.05
H 58.293 -15.508 -2.013
I 54.97 -17.174 -0.94
A 52.296 -17.966 -3.515
F 48.954 -19.487 -2.427
T 46.731 -21.377 -4.814
D 43.312 -23.143 -4.441
Y 42.469 -26.768 -5.403
E 42.233 -26.021 -9.144
G 45.605 -24.178 -9.002
A 43.967 -20.725 -9.226
S 45.802 -18.035 -7.339
V 44.59 -17.006 -3.877
V 45.298 -13.521 -2.401
L 45.769 -13.036 1.335
R 43.736 -9.892 2.158
N 43.503 -7.151 4.949
P 39.877 -6.71 5.994
N 44.51 -0.872 12.674
K 47.482 -2.878 13.458
K 46.566 -6.416 14.361
G 47.973 -8.431 11.417
L 44.597 -9.887 10.561
A 43.881 -11.236 7.113
Y 41.324 -13.457 5.38
F 41.404 -15.35 2.136
V 38.636 -17.009 0.097
L 38.908 -20.43 -1.519
P 36.596 -22.656 -3.561
M 35.283 -25.718 -1.775
K 34.384 -29.153 -3.081
N 32.6 -32.248 -1.712
A 33.775 -35.846 -1.108
E 33.547 -36.647 -4.855
G 35.457 -33.433 -5.898
T 32.46 -31.376 -7.116
K 32.675 -27.631 -6.464
V 29.98 -26.762 -4.047
G 30.709 -23.184 -2.854
S 33.512 -21.29 -1.217
V 35.083 -20.733 2.115
K 36.308 -17.414 3.67
V 39.025 -18.093 6.174
N 39.911 -15.448 8.875
A 43.555 -15.645 9.86
S 46.448 -13.849 11.667
Y 49.937 -13.335 10.284
A 53.342 -12.016 11.395
G 56.805 -11.676 9.927
V 59.567 -10.787 12.303
L 63.307 -10.509 12.146
G 66.168 -9.935 14.463
R 69.337 -8.358 13.149
G 72.659 -7.638 14.732
G 75.971 -6.21 13.621
V 79.546 -6.953 14.8
T 80.218 -3.904 17.057
S 77.25 -2.957 19.221
A 75.783 -4.956 22.166
D 72.255 -4.455 20.73
G 70.504 -5.694 17.666
E 66.897 -4.966 16.657
L 63.666 -6.956 16.571
L 61.409 -5.745 13.643
S 57.856 -6.59 12.657
L 57.678 -7.011 8.864
F 55.68 -6.268 5.809
A 56.441 -7.287 2.243
D 55.208 -5.004 -0.599
G 57.727 -5.913 -3.275
L 59.638 -8.7 -4.914
S 62.887 -7.874 -3.166
S 61.151 -8.141 0.324
I 61.304 -11.381 2.348
F 57.863 -13.086 2.645
Y 56.43 -11.291 -0.347
G 52.932 -12.836 -0.895
G 52.429 -13.555 2.782
L 52.581 -10.173 4.554
P 50.172 -7.663 3.052
R 51.109 -4.071 4.121
G 48.374 -1.956 5.679
S 47.454 -3.547 8.951
E 50.454 -5.607 10.08
L 51.561 -5.733 13.766
S 53.776 -2.675 14.563
