K 33.354 20.238 2.294
Q 31.427 17.576 0.481
Y 31.009 20.646 -1.734
P 33.398 20.253 -4.719
I 37.04 21.195 -3.985
I 39.486 22.719 -6.458
N 43.143 22.779 -5.356
F 45.855 25.311 -6.224
T 49.376 25.762 -4.903
T 51.677 28.782 -5.139
A 54.625 26.354 -4.727
G 56.016 26.237 -8.232
A 52.983 28.013 -9.772
T 53.255 28.442 -13.526
V 51.161 30.086 -16.207
Q 49.875 26.598 -17.044
S 49.036 25.556 -13.468
Y 47.218 28.816 -12.846
T 45.317 28.477 -16.123
N 44.323 24.896 -15.212
F 43.118 26.161 -11.854
I 40.973 29.06 -13.099
R 39.442 26.827 -15.818
A 38.601 24.234 -13.156
V 37.016 26.906 -10.959
R 34.858 28.079 -13.86
G 33.797 24.512 -14.62
R 32.651 23.966 -11.002
L 30.898 27.402 -10.869
T 28.59 26.617 -13.749
T 27.732 23.844 -16.206
G 27.896 26.367 -19.051
A 24.541 25.121 -20.389
D 23.202 28.65 -20.192
V 25.002 31.073 -22.524
R 23.79 34.511 -23.698
H 25.376 36.173 -26.724
E 28.297 33.66 -26.286
I 28.931 34.315 -22.552
P 28.217 31.664 -19.885
V 25.762 32.539 -17.135
L 26.126 31.346 -13.513
P 23.239 29.349 -12.054
N 20.1 31.168 -11.052
R 19.87 31.385 -7.248
V 16.167 30.696 -7.697
G 15.979 26.955 -8.261
L 19.484 26.294 -6.857
P 19.552 23.621 -4.119
I 21.686 24.361 -1.021
N 23.814 21.28 -1.645
Q 24.897 22.954 -4.992
R 25.316 26.502 -3.706
F 29.05 26.579 -2.993
I 32.398 25.4 -4.217
L 35.605 25.205 -2.182
V 39.061 26.381 -3.294
E 41.877 24.826 -1.231
L 45.009 26.964 -1.462
X 48.453 25.745 -0.356
N 51.828 27.542 -0.409
H 55.53 26.927 -0.169
A 55.259 26.659 3.622
E 52.77 23.762 3.17
L 50.112 25.91 4.871
X 46.576 25.341 3.522
V 43.369 27.377 3.746
T 40.034 26.67 2.043
L 37.947 29.489 0.546
A 34.237 29.106 -0.102
L 32.741 30.647 -3.214
D 29.101 31.238 -3.947
V 28.29 29.737 -7.362
T 25.645 32.387 -8.043
N 28.205 35.207 -8.215
A 31.648 33.468 -8.055
Y 32.531 35.537 -4.988
V 34.282 34.542 -1.745
V 31.936 34.243 1.265
G 34.428 32.95 3.876
Y 37.186 30.46 4.595
R 38.363 27.656 6.842
A 41.789 27.118 8.397
G 42.036 24.082 10.661
N 39.318 24.042 13.29
S 38.15 27.664 12.701
A 36.163 29.286 9.932
Y 35.26 32.846 9.205
F 32.579 34.456 7.013
F 31.933 37.943 5.722
H 28.794 39.446 7.119
P 26.197 38.615 4.499
D 23.86 41.178 2.951
N 20.595 39.396 3.821
Q 19.13 36.588 5.931
E 18.738 34.092 3.096
D 22.42 34.263 2.244
A 23.371 34.119 5.89
E 21.273 30.974 6.348
A 22.962 29.378 3.279
I 26.393 30.056 4.699
T 25.622 27.951 7.82
H 25.894 24.938 5.46
L 29.663 25.6 5.066
F 32.319 23.879 7.166
T 29.7 22.333 9.463
D 32.252 20.098 11.25
V 33.995 23.269 12.543
Q 33.034 24.294 16.12
N 34.542 27.726 15.921
R 32.642 29.555 13.179
Y 32.543 33.34 13.123
T 30.763 36.125 11.295
F 32.991 39.172 10.678
A 31.622 42.604 11.533
F 32.176 43.584 7.922
G 31.013 42.484 4.494
G 33.295 41.399 1.668
N 32.737 44.401 -0.626
Y 35.99 45.996 -1.745
D 35.213 49.493 -0.434
R 35.078 48.177 3.135
L 37.906 45.648 2.725
E 40.162 48.412 1.447
Q 39.411 50.612 4.443
L 40.196 47.715 6.795
A 43.316 46.767 4.833
G 44.621 50.291 4.967
N 45.031 50.296 1.202
L 43.048 50.561 -2.03
R 43.168 47.808 -4.654
E 45.404 50.045 -6.789
N 48.072 49.951 -4.089
I 47.92 46.242 -3.266
E 50.247 44.07 -5.36
L 48.943 40.902 -7.043
G 50.912 37.895 -8.227
N 52.216 34.59 -6.95
G 54.194 36.271 -4.126
P 51.158 38.184 -2.842
