K -7.613 22.283 -39.733
S -4.182 20.669 -39.291
V -2.687 24.009 -40.318
F -3.077 25.34 -36.783
V -1.302 23.832 -33.803
E -2.55 25.151 -30.456
S -0.248 25.241 -27.433
T -1.687 23.807 -24.22
I -1.917 27.38 -22.956
F -3.775 28.577 -26.094
E -6.216 25.689 -25.879
K -7.028 26.272 -22.162
Y -7.969 29.908 -22.542
R -9.121 30.459 -26.182
D -12.824 30.185 -25.358
E -12.568 33.145 -22.959
Y -11.747 35.43 -25.859
L -13.229 33.88 -29.009
S -16.302 31.939 -30.055
D -15.686 29.069 -32.496
E -16.955 31.347 -35.24
E -14.56 34.155 -34.285
Y -11.681 31.675 -34.137
R -12.367 30.158 -37.568
L -12.433 33.696 -38.957
F -9.067 34.353 -37.33
Q -7.716 31.147 -38.847
A -8.994 32.126 -42.294
E -7.33 35.527 -41.942
L -3.936 34.027 -41.155
M -4.184 31.429 -43.913
L -4.824 34.294 -46.318
N -1.894 36.232 -44.859
P 0.606 34.449 -42.555
K 2.52 37.706 -41.998
L -0.631 39.467 -40.768
G 0.539 39.89 -37.166
D 3.394 42.239 -36.293
V 6.792 40.73 -35.52
I 7.91 40.794 -31.89
Q 11.586 41.712 -31.919
G 13.956 39.64 -29.809
T 11.764 36.552 -30.069
G 13.029 34.923 -33.262
G 10.057 35.689 -35.461
L 7.041 35.404 -33.185
R 4.112 37.56 -34.274
K 1.418 39.403 -32.3
I -2.018 40.2 -33.733
R -4.983 42.116 -32.307
V -8.525 40.7 -32.362
A -11.873 42.36 -31.518
S -15.125 41.257 -29.806
G -10.112 43.216 -27.799
S -7.571 40.45 -27.28
R -4.135 39.48 -28.622
I -2.724 36.255 -30.086
I 0.962 35.376 -30.444
Y 1.877 32.857 -33.122
Y 4.755 31.448 -35.114
F 4.416 30.672 -38.802
L 6.5 27.792 -40.042
D 6.804 28.506 -43.774
E 8.534 25.226 -44.654
K 5.575 23.13 -43.561
R 2.749 25.62 -43.951
R 1.787 25.549 -40.309
F 0.906 28.021 -37.569
Y 1.896 27.585 -33.955
L -0.547 29.402 -31.695
L 1.433 30.088 -28.489
T -0.966 32.104 -26.414
I -3.994 34.37 -26.217
Y -4.79 37.116 -23.713
G -6.63 40.409 -23.278
K -5.224 43.913 -23.608
N -3.774 45.299 -20.382
E -4.026 41.827 -18.835
M -0.611 40.299 -19.518
S 0.426 42.954 -22.025
D 3.702 43.8 -20.266
L 6.676 42.364 -22.188
N 10.267 42.643 -20.966
A 13.536 41.147 -22.216
N 13.316 38.079 -19.977
Q 9.762 37.432 -21.208
R 10.903 37.612 -24.815
K 13.532 35.004 -23.992
Q 10.952 32.74 -22.359
L 8.648 32.941 -25.382
M 11.622 31.806 -27.48
A 12.374 28.907 -25.118
F 8.712 27.927 -25.084
M 8.764 28.161 -28.866
E 12.12 26.576 -29.677
A 11.393 23.693 -27.318
W 7.915 23.326 -28.808
R 9.015 23.51 -32.477
N 12.152 21.322 -32.412
E 10.258 18.02 -32.404
Q 7.99 19.045 -35.282
K -6.37 -7.643 -40.649
S -3.02 -9.393 -40.155
V -1.466 -6.238 -41.596
F -1.942 -4.76 -38.115
V -0.177 -6.12 -35.071
E -1.497 -4.772 -31.776
S 0.854 -4.618 -28.788
X -0.402 -5.942 -25.435
I -0.867 -2.35 -24.306
F -2.773 -1.299 -27.46
E -5.184 -4.227 -27.205
K -6.032 -3.625 -23.508
Y -6.926 0.016 -24.007
R -8.082 0.481 -27.657
D -11.834 0.169 -26.875
E -11.506 2.927 -24.325
Y -10.789 5.357 -27.202
L -12.218 3.878 -30.417
S -15.262 1.95 -31.51
D -14.675 -0.975 -33.839
E -15.877 1.263 -36.672
E -13.534 4.121 -35.796
Y -10.718 1.6 -35.536
R -11.434 0.006 -38.911
L -11.462 3.521 -40.354
F -8.074 4.22 -38.753
Q -6.711 1.009 -40.263
A -8.008 2.019 -43.683
E -6.424 5.458 -43.35
L -3.053 3.96 -42.467
M -3.175 1.351 -45.23
L -3.822 4.206 -47.664
N -0.907 6.213 -46.289
P 1.539 4.334 -44.029
K 3.582 7.502 -43.486
L 0.454 9.32 -42.331
G 1.42 9.958 -38.705
D 4.394 12.19 -37.894
V 7.732 10.604 -37.001
