G 11.601 -13.038 11.602
P 10.76 -12.054 7.999
M 7.114 -12.046 6.899
N 5.692 -14.891 4.833
I 5.297 -12.568 1.846
I 9.032 -11.926 2.095
N 9.855 -15.623 2.411
T 7.803 -16.312 -0.732
S 8.86 -13.144 -2.604
I 10.346 -13.847 -6.029
L 13.613 -12.025 -5.324
N 14.801 -11.621 -1.743
L 18.243 -10.081 -1.677
R 19.855 -10.534 1.735
Y 23.178 -11.018 3.447
E 23.445 -14.651 4.564
S 26.437 -16.463 6.063
N 29.065 -14.022 4.731
H 27.651 -13.298 1.258
L 24.876 -11.32 -0.412
I 22.563 -13.785 -2.179
D 18.954 -14.304 -3.206
L 16.963 -16.118 -0.523
S 13.989 -16.786 -2.805
R 12.92 -20.169 -4.147
Y 14.429 -19.087 -7.477
A 17.953 -18.49 -6.123
S 18.865 -16.019 -8.855
K 22.597 -15.455 -9.297
I 24.135 -12.261 -7.905
N 27.3 -10.693 -9.334
I 28.959 -8.122 -7.053
G 31.511 -5.603 -8.306
S 34.751 -4.711 -6.527
K 33.748 -1.279 -5.19
V 30.611 -2.192 -3.263
N 30.7 -1.388 0.449
F 28.868 -3.517 3.01
D 28.334 -1.822 6.384
P 30.377 -3.809 8.946
I 27.73 -3.292 11.672
D 24.859 -4.39 9.418
K 26.0 -6.108 6.224
N 22.531 -5.907 4.681
Q 23.33 -2.217 4.264
I 24.887 -1.804 0.827
Q 26.667 1.344 -0.4
L 26.866 1.999 -4.17
F 29.129 4.736 -5.557
N 29.459 6.649 -8.828
L 32.187 4.227 -9.941
E 32.031 1.643 -12.728
S 32.832 -1.32 -10.476
S 30.342 -0.274 -7.785
K 27.447 -2.401 -8.957
I 25.344 -5.454 -8.198
E 23.803 -7.423 -11.04
V 20.943 -9.885 -10.593
I 20.699 -12.586 -13.24
L 16.998 -13.403 -13.134
K 15.887 -16.995 -13.526
N 13.908 -17.327 -16.772
A 10.697 -18.206 -14.924
I 10.482 -14.746 -13.325
V 11.616 -12.548 -16.207
Y 8.701 -10.138 -16.601
N 6.902 -10.499 -19.918
S 3.187 -9.836 -19.591
M 0.187 -7.608 -20.246
Y -1.571 -8.623 -17.049
E 0.747 -9.794 -14.268
N 0.757 -7.438 -11.295
F 4.051 -6.911 -9.495
S 5.672 -4.858 -6.761
T 9.06 -3.924 -5.385
S 10.168 -2.852 -1.919
F 13.49 -1.665 -0.521
W 14.975 0.84 1.895
I 17.226 3.615 0.633
R 19.341 6.326 2.222
I 20.139 9.225 -0.083
P 22.864 11.719 0.864
K 21.99 15.409 0.796
Y 22.469 16.984 -2.643
F 25.085 19.709 -2.359
N 26.35 20.481 -5.871
S 24.399 22.476 -8.477
I 25.464 19.771 -10.965
S 22.776 17.583 -9.347
L 19.858 19.967 -9.972
N 18.56 18.654 -13.305
N 20.209 15.24 -13.439
E 18.036 12.127 -13.432
Y 20.177 9.038 -12.871
T 19.097 5.402 -12.831
I 19.874 3.358 -9.714
I 17.932 0.11 -10.226
N 17.67 -0.914 -13.873
C 15.402 -3.557 -15.425
M 14.712 -1.602 -18.615
E 16.137 -2.98 -21.842
N 15.355 -2.641 -25.547
N 12.636 -0.061 -24.772
S 10.559 -2.019 -22.242
G 10.608 -2.869 -18.545
W 11.011 -0.862 -15.365
K 13.58 1.17 -13.475
V 14.077 3.198 -10.328
S 15.906 6.486 -10.804
L 16.763 9.498 -8.635
N 17.047 13.22 -9.229
Y 17.474 16.261 -6.992
G 14.901 15.71 -4.245
E 13.214 12.881 -6.165
I 12.653 9.126 -6.285
I 11.211 8.023 -9.637
W 9.516 4.854 -10.918
T 9.399 4.377 -14.678
L 7.369 1.662 -16.442
Q 7.295 1.177 -20.229
D 5.646 -1.24 -22.667
T 6.898 -2.672 -25.963
Q 5.075 0.105 -27.847
E 7.025 2.591 -25.718
I 3.949 3.802 -23.885
K 5.437 5.113 -20.648
Q 4.317 6.057 -17.147
R 6.253 7.725 -14.324
V 5.438 7.882 -10.63
V 7.432 10.251 -8.42
F 8.12 10.975 -4.751
K 14.525 -4.155 1.0
Y 15.846 -1.046 1.0
S 19.295 -0.296 1.0
Q 20.342 0.812 1.0
M 23.73 1.905 1.0
I 22.518 5.252 1.0
N 22.883 8.917 1.0
I 19.178 9.782 1.0
S 16.598 7.06 1.0
