I -47.297 20.365 -23.948
V -50.06 18.384 -22.212
G -49.242 14.767 -21.33
G -46.345 12.709 -22.642
E -42.852 11.966 -21.387
F -39.67 13.871 -20.565
T -36.956 13.744 -23.235
E -33.324 12.69 -22.837
V -29.98 13.594 -24.415
E -30.941 11.959 -27.735
N -34.608 12.976 -27.926
Q -35.43 16.004 -30.082
P -31.789 17.19 -30.309
W -32.953 19.904 -32.712
F -35.06 21.642 -30.084
A -34.126 25.215 -29.248
A -35.186 27.138 -26.155
I -35.616 30.806 -27.036
Y -35.299 33.293 -24.176
Q -35.997 37.016 -23.893
K -33.473 39.145 -22.031
N -34.252 41.228 -18.953
K -32.738 44.566 -17.927
G -29.563 44.263 -15.859
G -28.189 41.0 -14.49
S -31.651 39.505 -14.128
P -31.939 35.982 -15.578
P -33.749 35.82 -18.948
S -37.368 34.75 -19.435
F -38.43 31.776 -21.553
K -40.295 32.992 -24.623
C -40.626 30.228 -27.226
G -39.505 26.928 -28.692
G -37.686 26.518 -31.998
S -35.925 24.082 -34.311
L -32.345 23.92 -35.576
I -32.697 23.418 -39.335
S -29.116 24.409 -40.124
P -25.994 24.742 -37.943
C -26.535 28.514 -38.068
W -30.318 28.73 -38.4
V -33.252 28.194 -36.04
A -36.855 28.177 -37.245
S -39.595 29.479 -34.962
A -42.89 31.37 -34.966
A -43.148 35.038 -35.924
H -45.779 35.789 -33.281
C -43.09 35.075 -30.682
F -41.107 38.146 -31.768
I -43.64 40.694 -33.085
Q -43.619 42.715 -29.843
L -39.823 43.061 -29.74
P -38.523 42.165 -33.237
K -34.959 43.385 -32.568
K -32.441 40.546 -32.27
E -30.579 41.954 -29.251
N -33.525 40.986 -27.027
Y -33.027 37.23 -27.341
V -30.689 34.338 -26.591
V -30.953 30.739 -27.783
Y -30.042 27.577 -25.881
L -29.491 24.143 -27.425
G -28.813 20.556 -26.376
Q -31.241 20.614 -23.449
S -31.44 17.293 -21.582
K -31.326 15.913 -18.026
E -28.198 13.954 -18.945
S -26.434 16.733 -20.855
S -23.925 18.948 -19.033
Y -24.417 22.664 -19.68
N -21.509 24.192 -21.58
P -22.017 27.909 -22.335
G -19.302 27.8 -24.99
E -21.257 25.403 -27.192
M -24.878 25.579 -26.01
K -25.516 29.317 -25.64
F -26.1 31.465 -28.718
E -26.582 35.14 -29.507
V -28.907 36.083 -32.372
E -27.077 37.833 -35.216
Q -30.149 37.807 -37.469
L -33.875 37.926 -36.697
I -36.146 37.479 -39.715
L -39.934 37.572 -39.428
H -42.125 36.715 -42.413
E -42.984 39.984 -44.157
Y -46.656 39.063 -44.49
Y -47.203 37.984 -40.901
R -50.652 39.135 -39.8
E -52.759 38.628 -36.696
D -56.329 37.561 -37.441
S -59.269 37.099 -35.063
L -57.852 33.807 -33.799
A -55.29 32.548 -36.305
Y -51.808 33.786 -37.155
H -50.992 34.055 -40.856
N -47.518 33.262 -42.179
D -46.433 32.631 -38.59
I -42.774 31.838 -39.227
A -39.425 33.369 -38.277
L -35.724 32.653 -38.759
L -32.95 33.216 -36.224
K -29.302 33.078 -37.258
I -27.225 32.029 -34.26
R -23.603 32.035 -33.128
T -21.649 31.312 -29.941
S -19.555 33.855 -28.022
T -16.569 32.911 -30.182
G -18.674 33.288 -33.333
Q -19.172 29.607 -34.129
C -22.387 27.928 -35.28
A -23.903 24.798 -33.743
Q -21.559 21.803 -33.693
P -23.386 18.437 -33.902
S -23.171 16.18 -30.853
R -25.103 13.579 -28.872
S -27.4 16.411 -27.794
I -27.347 18.769 -30.784
Q -28.513 17.77 -34.269
T -30.244 19.527 -37.159
I -33.676 18.511 -38.427
A -34.437 17.95 -42.103
L -36.835 20.145 -44.063
P -39.679 18.58 -46.059
P -39.705 18.321 -49.864
R -41.775 21.147 -51.405
F -45.48 20.821 -50.707
T -44.919 17.327 -49.317
D -46.506 16.191 -46.061
A -47.068 12.909 -44.257
P -50.508 11.402 -44.874
F -53.317 12.452 -42.535
G -53.531 10.098 -39.566
S -49.76 9.876 -39.311
D -48.059 9.965 -35.917
C -46.118 13.173 -35.378
E -44.366 14.252 -32.182
I -44.413 17.633 -30.433
T -41.996 18.999 -27.822
G -41.702 21.891 -25.369
