Q 2.269 -3.655 18.846
L 5.733 -4.007 17.125
V 7.999 -7.084 16.901
E 11.515 -7.048 15.3
S 13.366 -10.08 13.875
G 16.56 -10.843 11.879
G 19.444 -9.68 14.061
G 22.761 -11.429 14.643
L 26.495 -11.514 13.896
V 27.783 -10.37 10.465
Q 31.279 -9.737 8.934
A 32.529 -6.156 8.186
G 31.557 -5.272 4.607
G 28.666 -7.763 4.587
S 24.857 -7.33 4.358
L 21.995 -8.034 6.782
R 18.195 -7.498 6.699
V 16.113 -6.921 9.865
S 12.333 -6.714 9.965
C 9.529 -5.244 12.037
A 5.95 -6.544 12.112
A 3.008 -4.496 13.33
S -0.649 -5.034 14.565
G -2.286 -4.949 11.108
R -5.229 -2.596 11.609
T -2.772 0.28 12.4
F -0.37 -0.295 9.376
S -1.762 2.591 7.212
S -2.105 5.218 10.05
Y 1.603 5.307 11.21
S 5.012 5.956 9.586
M 7.716 3.467 10.645
G 11.186 4.277 11.793
W 14.379 2.527 12.898
F 16.556 3.87 15.732
R 19.718 2.3 17.133
Q 21.814 2.316 20.275
A 25.574 1.586 20.03
P 27.417 0.402 23.231
G 27.388 3.285 25.785
K 25.964 5.88 23.303
E 22.568 7.661 23.129
R 19.92 6.004 20.94
E 19.876 7.702 17.519
F 17.859 7.948 14.287
V 18.667 5.446 11.489
A 15.907 5.45 8.876
A 12.167 5.921 8.335
I 9.378 5.345 5.81
S 6.559 7.914 5.507
R 2.899 6.734 5.605
S 2.083 9.758 3.321
D 3.908 8.691 0.118
N 6.21 5.722 1.04
S 9.324 8.005 0.632
T 12.295 7.074 2.876
Y 14.781 9.099 4.942
Y 18.203 8.202 6.336
A 20.647 9.326 8.946
D 23.911 10.829 7.519
S 25.973 7.91 8.953
V 23.956 5.286 6.956
K 22.587 7.09 3.842
G 23.411 5.107 0.681
R 24.272 1.914 2.633
F 20.94 1.283 4.437
T 17.485 1.159 2.814
I 13.878 0.622 4.166
S 11.113 -1.216 2.248
R 7.503 -2.252 3.051
D 5.38 -5.418 2.489
S 1.739 -4.297 3.164
A 0.448 -7.929 2.825
K 2.626 -9.027 5.818
N 2.206 -5.635 7.682
T 6.03 -5.646 7.785
V 8.827 -3.07 7.21
Y 12.385 -4.081 6.388
L 15.737 -2.421 7.075
Q 18.285 -3.671 4.509
M 21.901 -3.026 5.485
N 24.715 -3.189 2.901
S 28.534 -2.706 3.382
L 28.243 -2.922 7.209
K 30.876 -1.139 9.334
P 32.042 -1.994 12.913
E 30.499 1.395 13.933
D 27.044 -0.036 12.891
T 27.133 -2.514 15.847
A 24.068 -1.677 17.953
V 20.605 -2.712 19.123
Y 18.121 -1.739 16.346
Y 14.618 -0.674 17.409
C 11.611 -0.205 15.236
A 9.059 2.491 16.149
A 5.751 3.997 14.982
T 4.79 7.688 14.681
P 1.382 9.043 13.513
Y 3.142 11.85 11.511
G 4.001 11.542 7.803
S 6.32 14.57 7.459
R 10.068 13.886 6.916
Y 10.852 16.513 9.568
Y 8.97 14.477 12.194
L 10.347 11.075 11.107
R 13.951 11.858 12.126
E 12.856 12.856 15.686
L 12.967 10.213 18.506
R 10.663 12.451 20.624
E 7.836 12.121 18.042
Y 7.415 8.282 18.087
D 4.6 6.734 20.168
Y 5.142 2.925 19.892
W 8.385 0.96 20.272
G 9.608 -2.547 19.584
Q 11.912 -4.523 21.908
G 15.059 -4.174 19.777
T 17.194 -6.672 17.804
Q 21.008 -6.878 18.232
V 23.24 -6.428 15.085
T 26.958 -7.19 15.75
V 29.473 -6.375 13.017
S 32.851 -8.159 13.408
Q 5.543 -24.371 1.568
L 8.235 -23.999 4.313
V 10.352 -20.936 5.095
E 13.391 -21.051 7.419
S 14.691 -18.009 9.288
G 17.528 -17.209 11.652
G 20.991 -18.641 11.502
G 24.033 -16.807 10.293
L 27.402 -16.489 12.024
V 27.96 -17.668 15.619
Q 31.001 -18.111 17.854
A 32.109 -21.634 18.927
G 30.509 -22.601 22.277
G 27.618 -20.212 21.56
S 23.869 -20.676 20.996
L 21.702 -20.04 17.947
R 18.073 -20.687 17.061
