I -39.283 20.936 49.233
W -38.937 22.224 45.674
E -40.393 24.969 43.499
L -43.098 23.802 41.096
K -43.827 27.257 39.676
K -43.584 30.863 40.822
D -44.465 30.945 44.537
V -45.78 27.342 44.501
Y -43.771 24.634 46.272
V -44.22 20.882 46.712
V -43.486 19.013 49.942
E -42.898 15.265 49.785
L -44.688 13.658 52.732
D -44.081 10.018 53.648
W -47.231 9.563 55.709
Y -47.914 6.896 58.306
P -49.384 6.971 61.82
D -47.139 9.102 64.054
A -44.907 10.111 61.145
P -42.791 13.219 61.861
G -43.197 14.73 58.413
E -40.796 17.261 56.929
M -39.43 20.428 58.525
V -39.912 23.381 56.163
V -38.587 26.92 56.595
L -40.35 29.762 54.797
T -38.873 33.229 54.318
C -40.912 36.355 53.64
D -39.873 37.965 50.341
T -39.23 41.408 51.795
P -36.376 43.812 52.513
E -37.961 44.338 55.94
E -36.873 42.282 58.945
D -39.015 43.173 61.997
G -42.703 43.253 62.837
I -43.625 40.396 60.481
T -46.359 37.866 61.266
W -47.653 34.756 59.503
T -51.021 33.207 58.659
L -52.286 30.111 56.849
D -54.972 30.299 54.137
Q -57.819 32.696 55.09
S -57.536 32.356 58.876
S -56.337 35.399 60.814
E -54.783 33.425 63.674
V -51.113 34.409 63.78
L -48.844 31.354 63.72
G -45.428 32.949 64.259
S -43.471 36.189 64.279
G -40.379 36.987 62.234
K -39.026 37.083 58.718
T -38.879 33.26 58.692
L -41.483 30.668 59.7
T -40.617 27.061 60.543
I -43.402 24.489 60.298
Q -43.609 20.72 60.696
V -45.496 19.556 57.604
K -47.069 16.19 58.427
E -50.589 16.31 56.904
F -52.676 18.175 54.355
G -53.813 20.432 57.2
D -50.287 21.867 57.321
A -50.413 22.745 53.606
G -51.981 25.693 51.83
Q -51.215 29.392 51.437
Y -48.823 30.75 54.06
T -48.79 34.554 54.034
C -46.629 37.092 55.867
H -47.974 40.475 56.98
K -46.386 43.702 58.221
G -48.152 46.832 59.43
G -51.568 45.413 58.582
E -50.721 44.758 54.919
V -49.729 41.655 52.962
L -46.145 41.132 51.783
S -45.751 37.731 50.096
H -47.543 34.449 49.398
S -46.273 30.884 49.516
L -48.479 27.956 48.505
L -47.452 24.516 49.786
L -48.751 21.449 47.976
L -48.188 17.866 49.113
H -46.903 14.905 47.141
K -48.213 12.177 49.416
K -46.217 8.952 49.638
E -47.623 6.086 51.708
D -45.629 2.885 52.245
G -43.335 3.719 49.341
I -46.07 4.504 46.793
W -46.871 7.954 45.424
S -50.576 8.772 45.43
T -52.522 8.41 42.179
D -56.035 9.492 43.146
I -56.631 12.151 40.486
L -56.263 9.945 37.402
K -57.946 6.598 36.815
D -56.116 3.498 35.648
Q -57.341 2.731 32.136
K -55.74 -0.749 32.169
E -55.189 -0.658 28.392
P -52.616 -1.685 27.176
K -50.966 -2.414 30.537
N -51.997 -2.039 34.148
K -50.81 1.233 35.676
T -51.603 3.096 32.441
F -52.922 6.549 33.363
L -51.849 8.342 30.175
R -52.96 6.635 26.958
C -51.448 7.966 23.736
E -52.23 7.079 20.12
A -51.069 8.153 16.672
K -53.118 7.965 13.479
N -49.943 7.895 11.358
Y -46.163 8.344 11.424
S -46.343 12.123 10.891
G -45.226 12.744 14.48
R -48.617 13.963 15.721
F -50.08 12.008 18.626
T -52.853 12.445 21.184
C -52.881 11.385 24.839
W -55.929 10.797 27.039
W -56.596 10.393 30.74
L -59.587 9.968 33.031
T -60.653 11.648 36.264
T -63.784 11.737 38.402
I -62.996 15.28 39.628
S -64.771 18.338 38.227
T -63.505 21.278 40.329
D -60.265 22.571 41.852
L -58.407 20.553 39.2
T -55.396 21.693 37.172
F -53.219 19.85 34.661
S -49.901 20.716 33.029
V -48.362 18.816 30.116
K -44.87 18.907 28.63
S -43.199 16.441 26.285
S -39.9 15.725 24.553
R -37.936 13.051 22.706
G -35.025 11.615 24.661
S -34.056 12.672 28.187
