M 5.849 18.863 -25.305
V 4.975 15.155 -25.208
K 6.338 14.796 -21.655
K 3.11 16.347 -20.309
L 1.218 13.268 -21.55
F 2.676 10.397 -19.508
F 2.409 12.412 -16.278
I -1.399 12.193 -16.448
L -2.007 8.756 -17.967
S -1.055 5.571 -16.123
K -0.041 2.113 -17.376
E -3.598 0.97 -18.132
D -4.162 4.141 -20.169
K -1.031 3.135 -22.129
N -1.918 -0.529 -22.688
F -5.282 0.739 -23.953
L -3.631 3.39 -26.142
F -1.518 0.737 -27.874
F -4.711 -1.339 -28.057
L -6.288 1.426 -30.151
L -3.266 2.457 -32.234
V -2.383 -1.05 -33.434
F -6.068 -1.536 -34.24
S -5.836 1.806 -36.06
V -3.179 0.292 -38.331
F -4.971 -3.044 -38.71
V -8.387 -1.648 -39.657
S -6.687 -0.226 -42.754
F -5.643 -3.717 -43.874
I -9.194 -4.979 -43.31
E -10.657 -2.273 -45.557
T -8.07 -2.874 -48.282
F -8.633 -6.631 -48.032
A -12.381 -6.014 -48.3
I -11.738 -3.991 -51.463
S -9.002 -6.246 -52.847
L -11.352 -9.219 -52.462
V -13.618 -7.634 -55.089
M -11.333 -7.74 -58.131
P -10.787 -11.539 -57.913
F -14.47 -12.277 -57.26
I -15.507 -10.128 -60.22
T -12.771 -11.274 -62.626
L -13.942 -14.848 -61.946
A -17.656 -14.016 -62.116
S -17.24 -12.68 -65.657
D -14.632 -15.008 -67.204
F -15.63 -18.49 -66.034
S -12.641 -19.946 -67.903
Y -10.289 -18.749 -65.148
F -11.456 -21.774 -63.11
D -9.578 -24.135 -65.459
R -6.331 -22.179 -65.882
N -3.416 -20.64 -63.954
K -1.536 -22.213 -61.022
Y -4.189 -20.794 -58.658
L -7.712 -21.802 -59.851
I -7.885 -25.351 -61.224
S -8.078 -28.124 -58.622
L -10.613 -26.301 -56.435
K -12.986 -26.45 -59.424
E -13.441 -30.217 -58.911
Y -13.41 -30.273 -55.083
L -17.13 -30.614 -54.227
N -17.906 -27.674 -56.534
I -19.029 -29.519 -59.731
P -20.036 -26.592 -62.089
V -18.656 -23.056 -62.319
F -21.811 -21.048 -61.573
E -22.091 -22.704 -58.146
I -18.642 -21.592 -56.953
I -18.921 -17.944 -58.049
V -22.124 -17.639 -56.013
Y -20.244 -19.206 -53.092
F -17.56 -16.556 -53.604
G -20.285 -13.907 -53.479
V -21.6 -14.939 -50.076
G -17.973 -15.204 -48.97
L -17.58 -11.537 -49.863
I -20.795 -10.424 -48.159
V -19.78 -12.558 -45.178
F -16.498 -10.646 -45.209
Y -18.423 -7.374 -45.614
V -20.82 -8.136 -42.757
F -17.749 -9.238 -40.804
R -16.076 -5.984 -41.855
A -19.097 -3.899 -40.838
L -19.153 -5.588 -37.427
L -15.369 -5.172 -37.22
N -15.516 -1.427 -37.895
A -18.433 -1.156 -35.458
Y -16.223 -2.626 -32.722
Y -13.307 -0.318 -33.553
F -15.551 2.757 -33.418
H -16.878 1.328 -30.134
L -13.481 1.176 -28.411
L -12.575 4.7 -29.552
A -15.641 6.244 -27.912
R -15.083 4.078 -24.826
F -11.538 5.439 -24.46
S -12.483 9.085 -25.069
K -15.516 9.134 -22.768
G -13.543 6.918 -20.38
R -10.838 9.554 -20.055
K -13.556 12.214 -19.874
H -14.287 10.645 -16.472
A -10.838 9.458 -15.367
I -9.208 12.848 -15.949
A -12.094 15.051 -14.796
Y -12.247 13.027 -11.576
K -8.64 13.95 -10.781
V -8.982 17.59 -11.855
F -12.185 17.988 -9.835
S -10.389 16.413 -6.875
K -7.523 18.876 -7.367
F -9.759 21.968 -7.382
L -11.52 20.611 -4.262
N -8.374 20.564 -2.092
I -6.698 23.911 -2.88
N -6.699 26.673 -0.273
Y -9.937 28.606 0.142
E -8.345 31.824 -1.135
K -7.292 30.278 -4.457
F -10.852 28.999 -4.966
T -12.391 32.424 -4.262
Q -10.487 34.449 -6.879
K -11.821 32.521 -9.908
N -15.461 32.173 -10.943
Q -17.429 28.936 -11.153
S -17.972 28.832 -14.926
E -14.192 29.007 -15.329
I -13.601 26.08 -12.964
L -16.612 24.163 -14.306
K -15.278 24.369 -17.86
S -11.813 23.638 -16.427
I -13.029 20.276 -15.074
T -15.619 19.255 -17.691
G -15.021 21.423 -20.776
E -11.244 21.088 -20.845
V -11.517 17.356 -20.141
