S -51.824 197.619 43.735
A -50.671 198.172 47.324
V -49.854 201.352 49.261
V -46.453 201.859 50.931
I -46.158 204.283 53.87
D -42.62 205.123 55.078
P -42.586 207.561 58.019
G -39.252 209.106 58.963
S -38.211 211.679 61.52
Y -37.571 214.281 58.798
T -39.767 213.238 55.854
T -42.564 210.732 55.276
N -42.759 208.859 51.958
I -46.07 207.535 50.609
G -46.663 205.939 47.211
Y -47.952 202.977 45.232
S -46.04 199.702 45.106
G -44.131 199.248 41.868
S -43.458 202.957 41.45
D -39.846 204.088 41.208
F -40.342 206.961 43.658
P -43.034 207.881 46.186
Q -45.846 209.994 44.741
S -45.959 211.901 48.041
I -43.006 213.238 50.029
L -44.084 215.249 53.062
P -42.344 216.742 56.087
S -43.069 214.718 59.208
V -44.691 217.873 60.545
Y -48.097 219.541 60.543
G -49.539 222.983 61.151
K -51.922 223.301 64.095
Y -54.178 226.29 64.69
T -53.975 227.026 68.413
A -56.656 229.709 68.885
D -59.445 228.396 66.64
E -60.446 224.778 67.142
G -62.447 223.624 64.149
N -59.765 224.787 61.737
K -58.292 221.775 59.96
K -54.651 220.827 60.388
I -52.313 221.807 57.553
F -50.195 219.174 55.789
S -49.365 220.511 52.307
E -45.63 221.064 51.972
Q -46.247 224.278 50.025
S -48.588 225.688 52.696
I -47.421 224.327 56.06
G -44.642 226.845 56.676
I -46.424 230.107 55.817
P -46.507 232.431 58.869
R -49.954 232.708 60.481
K -51.31 234.055 63.756
D -52.0 231.549 66.555
Y -50.449 228.771 64.5
E -47.593 226.389 65.272
L -45.868 223.407 63.67
K -45.627 220.121 65.59
P -43.926 216.807 64.779
I -45.551 213.52 63.823
I -42.435 211.323 63.976
E -39.592 211.491 66.514
N -36.552 209.201 66.517
G -38.236 207.153 63.805
L -41.3 206.529 66.004
V -44.888 207.675 65.566
I -45.657 210.014 68.476
D -49.027 211.475 67.357
W -51.2 208.647 66.047
D -54.242 210.903 65.677
T -52.432 213.295 63.357
A -50.417 210.554 61.64
Q -53.625 208.9 60.441
E -54.855 212.276 59.202
Q -51.633 213.144 57.337
W -51.323 209.775 55.599
Q -54.992 210.051 54.606
W -54.413 213.555 53.242
A -51.552 212.234 51.104
L -53.635 209.328 49.787
Q -56.417 211.701 48.687
N -54.512 214.664 47.276
E -51.19 213.269 46.03
L -52.024 209.634 45.169
Y -55.644 210.37 44.105
L -56.848 207.29 46.001
N -60.497 207.941 46.828
S -61.111 204.817 48.96
N -58.842 202.394 50.816
S -61.42 199.597 50.581
G -59.671 197.137 48.319
I -56.047 198.051 49.004
P -53.411 196.546 51.312
A -50.892 198.813 53.008
L -47.283 198.187 53.994
L -45.99 200.436 56.777
T -42.308 200.78 57.516
E -41.165 200.926 61.124
P -37.936 201.392 63.059
V -36.123 198.33 64.346
W -36.84 199.641 67.861
N -40.597 200.032 67.421
S -42.576 199.319 70.576
T -45.091 196.506 70.886
E -47.744 199.079 71.742
N -46.825 200.98 68.566
R -47.1 197.807 66.469
K -50.499 197.078 68.014
K -51.624 200.661 67.372
S -50.468 200.435 63.73
L -52.832 197.574 62.864
E -55.738 199.379 64.506
V -54.987 202.593 62.603
L -54.439 200.898 59.237
L -57.26 198.324 59.357
E -59.896 200.036 61.525
G -59.136 203.737 61.14
M -58.202 203.847 57.457
Q -60.043 200.723 56.278
F -57.269 198.994 54.331
E -58.116 195.44 53.287
A -54.875 194.243 54.913
C -51.54 195.571 56.097
Y -48.061 194.616 57.227
L -45.135 196.097 59.161
A -41.584 195.942 57.81
P -38.413 197.266 59.496
T -36.705 200.071 57.588
S -33.415 198.155 57.489
T -35.09 195.123 55.911
C -36.561 197.368 53.212
V -33.168 198.986 52.557
S -31.756 195.481 52.087
F -34.207 194.768 49.267
A -33.665 198.146 47.603
A -29.932 197.39 47.531
G -30.241 193.775 46.363
R -28.269 192.384 49.319
P -29.946 189.551 51.267
N -27.054 189.65 53.788
