D 261.659 106.646 34.592
P 259.577 109.833 35.149
R 256.575 107.602 35.89
P 254.914 106.216 39.049
L 255.926 102.655 38.196
R 255.903 101.502 41.827
D 252.489 103.04 42.558
K 250.036 100.156 42.853
N 247.163 102.122 41.293
F 249.268 103.105 38.276
Q 250.407 99.488 37.936
S 246.778 98.333 38.09
A 245.477 100.741 35.439
I 248.369 100.042 33.077
Q 247.941 96.289 33.533
E 244.292 96.795 32.578
E 245.168 98.642 29.366
I 247.804 96.022 28.451
Y 245.359 93.164 28.947
D 242.667 95.051 27.03
Y 244.792 95.58 23.921
L 246.341 92.108 23.843
K 242.931 90.489 24.349
K 241.129 92.746 21.856
N 243.645 91.958 19.095
K 243.472 88.181 19.702
F 246.895 87.865 21.328
D 246.052 84.588 23.083
I 244.432 83.067 19.986
E 247.303 84.075 17.695
T 249.784 82.709 20.27
N 248.625 80.079 22.753
H 251.384 80.555 25.348
P 249.116 82.995 27.22
I 245.92 81.151 26.321
S 242.945 83.09 27.705
I 245.535 85.229 29.446
K 244.34 87.425 32.278
F 246.343 89.958 34.259
L 249.765 88.539 34.925
K 250.689 90.37 38.105
Q 253.283 87.622 38.717
P 254.471 87.026 35.143
T 256.635 84.211 33.789
Q 259.853 85.021 31.92
K 258.766 82.829 28.993
G 255.438 84.623 28.682
F 257.164 87.996 28.983
I 259.322 87.079 25.989
I 256.148 86.009 24.159
I 254.413 89.355 24.739
F 257.486 91.373 23.755
K 257.973 89.342 20.568
W 254.327 89.777 19.542
L 254.142 93.516 20.234
Y 257.429 94.278 18.487
L 256.532 92.111 15.49
R 253.403 94.266 15.307
L 255.576 97.397 15.365
D 258.247 95.918 13.062
P 257.064 92.818 11.192
G 259.871 90.949 9.487
Y 262.396 91.375 12.298
G 264.353 88.163 12.66
F 264.441 87.126 16.307
T 267.382 84.986 17.358
K 266.909 81.898 19.524
S 267.481 83.984 22.677
I 265.464 87.203 22.659
E 266.826 88.472 25.993
N 269.972 89.247 23.999
E 268.184 91.506 21.492
I 265.794 93.4 23.794
Y 268.194 96.216 24.695
Q 269.277 96.729 21.083
I 265.651 96.609 19.916
L 264.738 99.337 22.404
K 267.777 101.418 21.427
N 266.645 101.261 17.795
L 263.082 102.153 18.821
R 264.562 105.13 20.723
Y 263.003 104.005 23.993
P 262.954 107.24 26.05
F 263.394 105.474 29.416
L 266.263 103.309 28.121
E 268.672 104.928 30.596
S 266.721 103.553 33.572
I 267.319 99.978 32.373
N 270.567 98.141 33.086
K 271.802 95.595 30.559
S 272.738 93.223 33.394
Q 269.165 93.239 34.727
I 267.858 92.185 31.3
S 269.057 88.567 31.512
A 266.612 87.561 34.268
V 263.849 90.128 34.833
G 261.557 87.813 36.814
G 263.318 89.052 39.939
S 263.269 92.258 41.928
N 263.417 94.877 39.197
W 260.552 93.518 37.156
H 258.743 96.608 38.482
K 260.814 98.479 35.893
F 260.439 95.878 33.144
L 256.713 95.552 33.819
G 256.487 99.295 33.272
M 258.379 98.89 30.008
L 255.8 96.415 28.741
H 253.026 98.909 29.431
W 254.933 101.644 27.627
M 254.988 99.345 24.603
V 251.244 98.668 24.744
R 250.306 102.338 25.043
T 252.862 103.065 22.323
N 251.219 100.378 20.199
I 247.796 101.869 21.018
K 248.919 105.181 19.604
L 250.848 103.716 16.66
D 247.85 101.806 15.281
M 246.024 105.106 15.777
C 248.693 107.319 14.195
L 248.852 105.007 11.181
N 245.124 104.308 10.869
K 244.227 108.01 10.886
V 246.704 108.373 8.011
D 245.103 105.47 6.131
R 241.658 106.981 6.697
S 243.012 110.418 5.758
L 244.27 109.086 2.427
I 240.862 107.555 1.68
N 239.347 110.984 2.3
Q 241.723 112.755 -0.087
N 241.147 110.236 -2.889
T 237.424 111.069 -3.129
Q 237.977 114.694 -2.008
T 228.854 128.568 -2.94
L 231.819 129.25 -5.224
D 233.347 132.039 -3.122
E 232.95 130.176 0.174
Q 234.583 126.949 -1.0
