N -39.849 -6.832 3.95
A -37.382 -7.799 6.687
T -35.203 -10.143 4.605
E -33.277 -7.255 3.018
I -32.163 -5.539 6.233
R -31.756 -8.934 7.918
A -29.365 -9.954 5.134
S -27.465 -6.662 5.413
V -26.992 -7.033 9.179
G -25.971 -10.636 8.541
K -23.315 -9.497 6.074
M -22.023 -7.025 8.666
I -21.72 -9.736 11.327
D -19.997 -12.041 8.831
G -17.518 -9.266 8.068
I -16.677 -8.898 11.755
G -16.468 -12.689 12.05
R -14.121 -13.495 9.175
F -12.1 -10.464 10.258
Y -11.717 -11.803 13.798
I -10.719 -15.232 12.467
Q -8.071 -13.693 10.204
M -6.827 -11.627 13.149
C -6.648 -14.699 15.395
T -4.457 -16.21 12.678
E -2.237 -13.115 12.405
L -1.447 -13.249 16.123
K -1.411 -17.09 16.083
L -3.623 -17.48 19.14
S -4.756 -20.777 20.593
D -8.423 -21.725 20.593
Y -8.568 -20.643 24.245
E -6.695 -17.351 23.835
G -8.92 -16.411 20.893
R -12.05 -16.883 23.015
L -10.667 -14.739 25.85
I -12.792 -11.587 25.776
Q -9.855 -9.366 26.796
N -7.907 -10.1 23.609
S -11.138 -9.511 21.686
L -11.4 -6.056 23.265
T -7.785 -5.346 22.29
I -8.441 -6.384 18.677
E -11.693 -4.425 18.304
R -10.018 -1.388 19.88
M -7.164 -1.673 17.377
V -9.61 -1.737 14.458
L -11.575 1.266 15.725
S -8.338 3.174 16.35
A -7.053 2.369 12.85
F -10.177 3.618 11.033
D -10.193 6.731 13.264
E -9.454 9.234 10.522
R -10.236 12.324 12.611
R -7.975 11.114 15.425
N -5.23 10.109 12.989
K -5.542 13.408 11.108
Y -5.262 15.295 14.418
L -2.405 13.048 15.629
E -0.186 13.166 12.531
E 0.238 16.949 12.705
H 0.331 16.952 16.536
P 1.632 13.614 17.844
S 0.851 12.189 21.25
A 4.023 11.614 23.259
G 3.119 7.928 23.641
K 3.763 6.432 20.207
D 3.906 7.164 16.49
P 0.496 7.894 14.894
K 0.812 5.328 12.082
K 0.759 2.441 14.59
T -1.991 1.342 16.969
G -1.658 -1.316 19.627
G -2.919 -2.938 22.784
P -2.173 -5.675 25.316
I -2.645 -9.266 24.154
Y -2.955 -11.824 26.96
R -1.141 -15.053 26.086
R -0.87 -18.19 28.225
V 1.916 -20.757 27.872
D 1.96 -23.797 30.189
G -0.134 -22.462 33.066
K 1.241 -18.951 33.524
W -0.478 -15.95 31.959
R 1.843 -13.5 30.194
R 0.695 -10.101 28.926
E 2.521 -8.808 25.846
L 2.168 -5.333 24.347
I 1.755 -5.586 20.57
L 1.931 -2.859 17.926
Y 0.556 -2.976 14.383
D 0.347 -0.416 11.601
K -3.029 1.289 11.276
E -2.902 0.811 7.498
E -2.366 -2.935 7.962
I -5.449 -3.325 10.167
R -7.308 -1.154 7.648
R -6.321 -3.479 4.797
I -7.262 -6.616 6.744
W -10.679 -5.177 7.624
R -11.355 -4.268 3.99
Q -10.252 -7.726 2.814
A -12.594 -9.315 5.36
N -15.514 -7.177 4.16
N -15.307 -7.81 0.383
G -12.956 -4.833 -0.025
D -15.419 -2.242 1.301
D -14.911 0.207 4.146
A -18.061 -1.227 5.773
T -18.266 1.262 8.627
A -21.453 -0.439 9.867
G -19.469 -3.172 11.611
L -17.143 -0.555 13.09
T -20.112 1.274 14.613
H -21.409 -2.109 15.807
M -18.217 -2.747 17.773
M -18.409 0.836 19.059
I -21.917 0.198 20.408
W -20.678 -3.02 22.021
H -17.936 -0.984 23.707
S -20.728 1.381 24.76
N -22.947 -1.2 26.45
L -19.911 -2.659 28.221
N -18.776 0.769 29.442
D -22.281 1.735 30.593
A -22.603 -1.572 32.438
T -19.149 -1.118 34.013
Y -18.852 2.555 35.052
Q -21.356 5.248 35.992
R -19.428 8.417 35.13
T -20.22 10.56 38.155
R -17.179 12.737 37.389
A -18.473 13.826 33.978
L -21.949 14.417 35.417
V -20.748 16.667 38.242
R -18.26 18.499 36.004
T -20.864 19.015 33.261
G -23.409 20.288 35.801
M -25.721 17.256 35.91
D -26.991 15.003 38.702
