D 21.852 17.568 -47.581
V 18.996 19.873 -48.745
Q 15.959 20.159 -46.41
L 12.93 22.356 -47.129
Q 10.271 22.784 -44.42
E 6.971 24.566 -45.253
S 4.725 26.155 -42.608
G 1.866 28.639 -42.218
G -0.877 26.676 -43.961
G -4.391 26.936 -42.518
S -8.115 27.45 -43.174
V -9.042 30.874 -44.436
Q -12.209 32.278 -45.974
A -12.382 33.552 -49.586
G -11.198 37.175 -49.793
G -8.606 36.648 -47.085
S -4.919 36.332 -47.156
L -2.296 33.934 -45.835
R 1.455 33.783 -45.657
L 3.453 30.576 -46.184
S 7.024 30.091 -45.08
C 9.607 27.651 -46.269
V 12.773 27.294 -44.249
V 15.698 25.911 -46.172
S 18.736 24.088 -44.951
G 21.828 23.02 -46.92
L 21.633 25.67 -49.726
T 21.838 29.406 -49.801
I 18.445 30.354 -51.323
S 19.877 33.491 -53.085
N 21.864 31.234 -55.435
Y 18.954 29.164 -56.719
C 15.593 29.365 -58.317
M 13.246 28.798 -55.374
R 9.746 27.763 -56.223
W 6.247 27.366 -55.029
F 4.072 24.571 -56.44
R 0.684 23.351 -55.355
Q -1.543 20.331 -55.694
A -5.323 20.907 -55.563
P -7.511 17.942 -54.567
G -7.508 15.288 -57.284
K -5.382 17.455 -59.545
G -1.808 17.249 -60.654
R 0.828 19.366 -59.026
E 1.062 22.836 -60.637
G 3.672 25.658 -60.593
V 2.666 28.822 -58.643
A 5.621 31.149 -58.271
S 9.293 31.218 -58.484
I 12.161 33.574 -57.785
N 15.569 33.631 -59.479
S 18.948 34.512 -57.86
A 18.404 38.208 -58.788
G 15.169 38.071 -56.784
T 13.001 38.524 -59.861
T 9.673 36.71 -59.419
Y 7.428 34.926 -61.938
Y 3.859 33.867 -61.191
A 1.275 31.587 -62.731
D -1.529 33.281 -64.717
S -4.159 32.304 -62.17
V -2.365 33.95 -59.219
K -0.392 36.873 -60.646
G -1.109 40.163 -58.877
R -2.688 38.433 -55.864
F 0.217 36.259 -54.769
T 3.733 37.459 -54.09
M 6.885 35.535 -53.297
S 9.912 36.843 -51.464
R 12.997 35.852 -49.672
D 14.819 36.573 -46.384
N 18.464 35.738 -46.779
A 19.484 36.032 -43.108
K 16.908 33.303 -42.273
N 17.337 31.348 -45.493
T 13.6 31.307 -45.812
V 11.179 31.859 -48.701
Y 7.614 33.182 -48.456
L 4.44 33.261 -50.375
D 1.981 36.052 -49.541
M -1.452 35.071 -50.781
N -3.9 37.932 -51.008
S -7.58 37.707 -52.126
L -7.655 33.957 -51.787
K -10.345 32.036 -53.689
P -11.892 28.582 -53.238
E -9.68 27.387 -56.186
D -6.51 28.184 -54.24
T -7.265 25.185 -51.937
A -4.317 22.88 -52.158
I -1.2 21.534 -50.63
Y 1.467 24.113 -51.297
Y 4.988 22.739 -51.713
X 8.251 24.693 -51.762
A 11.261 23.601 -53.915
S 14.757 24.642 -54.913
S 16.098 23.918 -58.436
T 19.105 22.409 -56.844
R 20.417 20.603 -59.952
V 20.543 23.571 -62.32
W 23.82 25.457 -62.758
G 22.666 29.07 -62.875
G 20.411 31.217 -60.756
Y 17.687 31.415 -63.468
C 14.252 29.858 -63.437
G 12.888 27.087 -65.592
G 9.273 27.46 -66.685
L 6.695 27.817 -63.896
D 5.397 24.287 -64.61
D 8.881 22.755 -64.54
A 8.965 20.246 -61.774
T 12.291 18.705 -62.893
N 15.69 19.373 -61.182
N 14.24 20.044 -57.734
D 14.634 19.062 -54.149
W 11.225 19.282 -52.53
G 9.652 19.943 -49.147
Q 6.782 18.019 -47.63
G 3.909 20.4 -48.322
T 1.549 22.537 -46.226
Q -2.329 22.446 -46.437
V -4.308 25.531 -47.411
T -8.057 25.356 -47.288
V -10.159 28.224 -48.589
S -13.887 28.054 -47.798
S -16.579 29.885 -49.798
D 8.145 27.242 -19.406
V 5.858 24.302 -19.979
Q 5.428 23.951 -23.809
L 2.954 21.716 -25.643
Q 3.28 21.129 -29.406
E 0.52 19.25 -31.341
S 1.136 17.63 -34.732
G -0.429 15.03 -37.0
G -3.531 17.01 -38.02
G -4.772 16.928 -41.616
S -7.716 16.308 -43.931
V -9.359 12.976 -43.926
Q -12.525 11.533 -45.322
