S 4.403 -5.288 24.68
Q 3.574 -8.294 22.621
S 6.892 -9.438 24.085
D 5.672 -8.954 27.656
F 2.687 -11.185 26.898
V 4.896 -14.168 27.715
G 4.437 -15.426 31.269
Q 0.871 -14.158 31.524
T -2.426 -15.976 32.067
V -5.363 -15.758 29.659
E -8.929 -16.897 30.338
L -10.81 -18.432 27.407
G -13.972 -20.315 28.327
E -13.23 -22.926 30.984
L -9.534 -22.724 30.121
R -6.778 -20.935 32.026
L -3.857 -20.56 29.63
R -0.241 -19.882 30.574
V 1.744 -18.133 27.837
R 4.915 -20.188 27.384
R 6.874 -18.714 24.476
V 6.699 -16.9 21.142
L 6.204 -19.102 18.081
A 6.014 -16.508 15.309
E 6.261 -12.778 14.948
G 4.073 -10.677 12.769
G 3.656 -7.015 12.157
F 0.125 -7.25 13.304
A -0.169 -10.377 15.438
F 2.144 -12.695 17.369
V 1.7 -16.452 17.75
Y 2.363 -17.92 21.195
E 2.421 -21.331 22.84
A -0.286 -21.547 25.505
Q -0.677 -24.301 28.095
D -3.708 -25.059 30.267
V -3.026 -25.145 34.012
G -5.801 -27.648 34.695
S -5.341 -30.193 31.914
G -1.75 -29.713 30.775
R -2.936 -29.535 27.176
E -1.021 -27.223 24.833
Y -2.377 -24.731 22.295
A -1.3 -22.199 19.676
L -2.408 -18.648 20.465
K -2.407 -15.799 17.946
R -2.805 -12.316 19.425
L -3.867 -9.488 17.11
L -3.35 -5.873 18.182
S -4.771 -3.241 15.829
N -7.307 -0.419 15.625
E -7.734 -0.904 11.88
E -11.21 -2.287 11.186
E -9.967 -3.787 7.918
K -7.642 -6.13 9.808
N -10.192 -6.622 12.59
R -12.959 -7.583 10.157
A -10.525 -9.877 8.346
I -9.593 -12.007 11.355
I -13.297 -12.453 12.117
Q -13.923 -14.183 8.79
E -10.683 -16.069 9.412
V -12.34 -17.564 12.493
C -15.577 -18.498 10.714
F -13.63 -20.33 8.006
M -11.676 -22.396 10.537
K -14.834 -23.344 12.439
K -16.238 -24.776 9.206
L -12.993 -26.492 8.196
S -12.923 -28.154 11.621
G -12.819 -31.929 12.016
H -10.429 -32.558 9.131
P -7.23 -34.555 9.83
N -5.178 -32.292 7.541
I -6.327 -28.912 8.867
V -5.365 -27.307 12.189
Q -8.179 -27.481 14.746
F -9.898 -24.298 15.913
C -10.651 -24.22 19.64
S -11.722 -20.777 20.851
A -11.692 -17.048 20.106
A -12.311 -13.798 21.986
S -12.675 -10.067 21.374
I -11.077 -7.408 23.566
G -11.832 -3.703 23.229
K -9.231 -0.942 22.998
E -10.058 -0.02 26.592
E -9.491 -3.327 28.401
S -6.287 -3.883 26.425
D -3.031 -2.507 27.836
T -1.493 -1.566 24.484
G -4.352 0.823 23.742
Q -5.297 -1.313 20.749
A -8.235 -3.605 19.992
E -7.204 -7.166 20.836
F -8.267 -10.427 19.202
L -7.315 -13.935 20.32
L -7.172 -16.968 18.03
L -6.728 -20.35 19.717
T -5.824 -23.537 17.841
E -4.176 -26.893 18.525
L -0.396 -27.012 18.938
C 1.714 -28.889 16.387
K 5.358 -29.983 16.185
G 6.168 -26.88 14.155
Q 6.581 -25.729 10.561
L 7.353 -28.308 7.876
V 10.201 -26.182 6.522
E 12.323 -26.173 9.683
F 12.107 -29.965 9.912
L 13.212 -30.328 6.288
K 16.437 -28.339 6.659
K 17.413 -30.244 9.803
M 17.052 -33.467 7.821
E 18.874 -32.483 4.626
S 21.906 -34.007 6.351
R 20.344 -37.432 5.78
G 20.266 -36.767 2.041
P 17.604 -36.284 -0.66
L 13.926 -36.859 0.175
S 12.406 -40.124 -1.001
C 9.743 -39.937 -3.706
D 7.438 -41.514 -1.117
T 7.83 -38.797 1.532
V 7.178 -36.075 -1.044
L 4.13 -38.088 -2.103
K 2.881 -38.273 1.488
I 3.372 -34.558 2.125
F 1.793 -33.408 -1.135
Y -1.196 -35.764 -0.902
Q -2.139 -34.737 2.635
T -1.703 -31.133 1.505
C -4.112 -31.6 -1.405
R -6.644 -33.498 0.731
A -6.871 -30.397 2.915
V -7.331 -28.128 -0.103
Q -10.009 -30.48 -1.424
H -11.924 -30.178 1.846
M -11.755 -26.406 1.401
H -13.055 -26.603 -2.171
