L 84.754 -36.186 -18.302
G 83.574 -39.647 -19.506
S 80.401 -41.745 -20.092
I 80.4 -43.636 -16.689
S 78.477 -41.362 -14.268
P 79.496 -40.999 -10.549
A 77.059 -42.379 -7.898
I 76.149 -38.732 -6.915
P 72.326 -39.333 -7.557
V 72.439 -42.25 -5.036
I 74.123 -39.911 -2.422
I 71.458 -37.228 -3.158
T 68.584 -39.807 -2.745
A 70.251 -40.817 0.595
V 70.512 -37.164 1.911
Y 66.834 -36.617 0.882
S 65.89 -39.774 2.872
V 67.624 -38.417 6.034
V 66.283 -34.787 5.734
F 62.734 -36.153 4.912
V 62.444 -38.637 7.854
V 64.351 -36.374 10.395
G 62.046 -33.466 9.388
L 58.768 -35.39 9.223
V 59.392 -37.307 12.56
G 60.914 -34.238 14.317
N 58.096 -31.769 13.525
S 55.411 -34.439 14.132
L 57.011 -35.114 17.556
V 56.963 -31.359 18.495
M 53.229 -30.959 17.603
F 52.357 -34.179 19.537
V 54.038 -32.839 22.74
I 52.237 -29.42 22.431
I 48.766 -30.992 21.689
R 48.945 -33.724 24.426
Y 50.948 -31.922 27.204
T 51.5 -28.111 26.873
K 47.929 -27.347 25.448
M 49.444 -24.178 23.84
K 47.805 -21.688 26.219
T 50.917 -19.382 26.028
A 51.918 -17.251 22.976
T 55.38 -18.97 22.919
N 53.936 -22.512 22.28
I 51.488 -21.066 19.674
Y 54.53 -19.993 17.558
I 56.365 -23.34 18.225
F 53.278 -25.309 17.022
N 52.638 -23.221 13.845
L 56.388 -23.414 12.938
A 56.396 -27.228 13.518
L 53.148 -27.582 11.446
A 54.608 -25.482 8.551
D 57.913 -27.437 8.582
A 55.965 -30.738 8.767
L 54.022 -29.891 5.569
V 57.07 -28.615 3.618
T 58.921 -31.973 4.045
T 55.73 -33.658 2.65
T 56.598 -32.193 -0.82
M 60.274 -33.349 -0.569
P 59.815 -36.966 -2.091
F 58.343 -35.27 -5.239
Q 61.617 -33.263 -5.737
S 63.663 -36.481 -5.227
T 61.54 -38.424 -7.835
V 61.556 -35.546 -10.461
Y 65.403 -35.264 -10.241
L 65.948 -38.978 -10.977
M 63.05 -39.546 -13.48
N 63.685 -36.113 -15.144
S 59.871 -35.678 -15.908
W 56.499 -34.936 -14.19
P 54.052 -37.614 -15.488
F 51.493 -37.113 -12.679
G 49.335 -34.491 -14.512
D 48.493 -30.822 -13.8
V 46.028 -31.646 -10.947
L 48.814 -33.065 -8.679
C 51.273 -30.402 -10.002
K 48.957 -27.536 -8.794
I 48.533 -29.276 -5.371
V 52.262 -30.135 -4.769
L 53.444 -26.627 -5.909
S 50.893 -24.759 -3.684
I 51.904 -26.821 -0.578
D 55.641 -26.231 -1.397
Y 55.16 -22.363 -1.695
Y 52.4 -21.723 0.945
N 54.273 -23.423 3.824
M 57.656 -21.927 2.664
F 56.384 -18.43 3.625
T 54.419 -19.867 6.628
S 57.73 -21.458 7.843
I 59.91 -18.322 7.223
F 57.319 -15.655 8.395
T 56.561 -17.563 11.692
L 60.379 -17.892 12.192
T 60.753 -14.094 11.627
M 57.867 -13.096 13.998
M 59.655 -15.168 16.678
S 62.64 -12.85 16.09
V 60.32 -9.749 16.318
D 58.614 -11.212 19.464
R 62.051 -11.801 21.166
Y 63.134 -8.29 19.981
I 60.077 -6.481 21.472
A 60.504 -8.645 24.636
V 63.887 -7.006 25.421
C 63.852 -3.603 23.631
H 60.144 -2.641 24.121
P 59.187 -4.234 27.52
V 56.021 -2.104 28.001
K 54.945 -3.049 24.401
A 55.795 -6.716 25.173
L 52.847 -6.762 27.662
D 50.524 -5.668 24.848
F 52.128 -7.865 22.14
R 53.276 -11.209 23.669
T 49.68 -12.383 24.558
P 48.144 -15.71 23.292
L 45.612 -13.59 21.267
K 48.363 -11.477 19.553
A 50.378 -14.641 18.607
K 47.186 -16.182 17.055
I 46.388 -12.912 15.13
I 50.031 -12.766 13.833
N 49.643 -16.387 12.492
I 46.187 -15.452 11.006
C 48.087 -12.675 9.091
I 50.877 -15.206 8.111
W 48.015 -17.518 6.886
L 46.637 -14.663 4.669
L 50.045 -13.545 3.219
S 50.944 -17.179 2.354
S 47.435 -18.089 0.994
S 47.999 -15.282 -1.585
V 50.992 -17.272 -3.004
G 49.02 -20.514 -2.386
