Q 1.996 -19.699 -18.917
V 3.768 -17.412 -16.451
K 4.153 -13.828 -17.684
L 7.136 -11.77 -16.511
E 6.719 -7.981 -16.283
E 9.787 -5.738 -16.06
S 10.357 -2.184 -14.96
G 13.244 0.111 -14.188
G 16.403 0.664 -16.126
G 17.347 3.499 -18.378
L 20.391 5.683 -18.818
V 22.766 6.441 -15.953
Q 26.236 7.888 -15.516
A 29.11 5.586 -14.626
G 29.284 5.147 -10.872
G 25.52 5.606 -10.64
X 22.828 3.133 -9.656
L 19.632 1.649 -11.071
R 17.04 -0.722 -9.613
L 15.325 -3.25 -11.904
S 12.154 -5.098 -10.979
C 10.452 -8.163 -12.376
A 7.057 -9.513 -11.333
A 5.433 -12.859 -12.084
S 2.247 -11.076 -13.028
G -0.907 -11.94 -11.095
X 0.94 -14.474 -8.906
T 1.004 -14.518 -5.093
Y 3.899 -16.355 -3.394
S 5.013 -17.693 -6.76
T 7.208 -20.788 -6.588
Y 9.335 -19.802 -9.599
A 12.969 -18.964 -9.184
M 13.546 -15.586 -10.833
G 16.563 -13.736 -12.115
W 18.165 -11.689 -14.856
F 20.293 -12.397 -17.885
R 21.965 -9.684 -19.9
Q 22.898 -9.445 -23.548
T 25.184 -7.261 -25.641
P 25.405 -7.324 -29.468
G 26.72 -10.528 -30.953
K 26.873 -12.459 -27.67
E 24.573 -14.958 -26.016
R 22.53 -14.01 -22.976
E 24.557 -14.412 -19.755
L 23.184 -15.084 -16.269
V 23.667 -12.034 -13.994
A 21.777 -12.906 -10.798
A 19.122 -15.308 -9.599
I 17.128 -16.076 -6.462
N 15.093 -19.11 -5.483
W 11.443 -19.324 -4.466
S 12.079 -18.568 -0.782
G 14.703 -15.858 -1.166
G 17.179 -17.972 0.764
N 19.569 -18.849 -2.051
T 21.114 -16.461 -4.558
H 23.545 -16.619 -7.465
Y 25.716 -13.871 -8.958
A 28.022 -13.595 -11.918
D 31.579 -12.921 -10.816
S 31.566 -9.627 -12.748
V 28.773 -8.129 -10.619
K 29.618 -9.492 -7.16
G 29.686 -6.781 -4.528
R 27.911 -4.304 -6.811
F 24.565 -5.935 -7.648
T 22.095 -7.383 -5.154
I 19.032 -9.472 -5.952
S 16.162 -9.576 -3.461
R 12.599 -10.876 -3.43
D 9.21 -9.692 -2.219
N 7.805 -13.194 -1.967
A 4.172 -12.23 -1.431
K 4.193 -10.004 -4.514
S 6.114 -12.546 -6.633
T 8.525 -9.722 -7.47
V 12.316 -9.615 -7.558
Y 14.579 -6.553 -7.498
L 18.094 -6.069 -8.874
Q 19.858 -3.186 -7.127
M 22.688 -2.234 -9.472
N 25.288 -0.075 -7.743
S 28.625 1.265 -8.958
L 27.604 0.836 -12.586
K 30.337 0.529 -15.203
P 30.244 1.13 -18.976
E 30.667 -2.632 -19.435
D 27.304 -3.134 -17.676
T 25.492 -1.581 -20.658
A 23.231 -4.339 -21.983
V 19.673 -5.508 -22.42
Y 18.634 -7.163 -19.174
Y 15.999 -9.901 -19.398
C 14.006 -11.27 -16.525
A 13.772 -15.058 -16.557
A 12.117 -17.962 -14.746
P 12.774 -21.679 -15.33
K 10.655 -23.853 -17.629
G 10.304 -26.649 -15.131
H 13.548 -28.489 -14.482
T 14.692 -28.395 -18.121
G 17.208 -25.537 -18.02
D 15.139 -23.514 -20.496
H 13.403 -20.265 -19.531
Y 10.406 -18.062 -19.646
W 11.489 -14.538 -20.555
G 10.425 -11.017 -19.834
P 10.528 -8.47 -22.636
G 13.971 -7.057 -21.806
T 15.015 -3.756 -20.229
Q 17.73 -1.46 -21.568
V 20.455 -0.443 -19.114
T 22.841 2.116 -20.573
V 25.815 3.448 -18.623
S 27.383 6.598 -20.053
X 0 0 0
X 0 0 0
X 0 0 0
X 0 0 0
X 0 0 0
X 0 0 0
X 0 0 0
X 0 0 0
X 0 0 0
X 0 0 0
X 0 0 0
X 0 0 0
X 0 0 0
X 0 0 0
X 0 0 0
X 0 0 0
X 0 0 0
X 0 0 0
X 0 0 0
X 0 0 0
X 0 0 0
X 0 0 0
X 0 0 0
