M 54.373 -12.238 16.18
Q 54.93 -12.356 19.94
I 53.043 -9.808 22.047
F 52.78 -9.084 25.777
V 49.648 -8.793 27.939
K 49.896 -7.471 31.502
T 47.139 -7.755 34.111
L 46.173 -6.027 37.354
T 48.088 -8.755 39.2
G 51.155 -7.621 37.244
K 51.698 -11.161 35.917
T 52.621 -10.57 32.283
I 51.474 -13.227 29.804
T 53.183 -13.69 26.438
L 51.193 -14.604 23.331
E 51.979 -15.663 19.752
V 49.467 -13.885 17.491
E 49.254 -12.345 14.011
P 48.51 -8.745 12.942
S 45.478 -10.061 11.054
D 44.121 -11.692 14.228
T 40.834 -10.11 15.282
I 40.256 -8.832 18.802
E 37.614 -11.492 19.408
N 40.426 -13.776 18.199
V 42.818 -12.365 20.848
K 40.399 -12.469 23.799
A 39.866 -16.136 22.907
K 43.617 -16.853 22.799
I 43.84 -15.526 26.373
Q 41.075 -17.927 27.468
D 42.955 -20.957 26.123
K 46.031 -19.795 28.084
E 44.632 -18.223 31.279
G 40.989 -19.358 31.483
I 39.317 -15.942 31.249
P 36.041 -15.551 29.301
P 36.413 -13.3 26.24
D 33.13 -11.693 27.348
Q 34.898 -10.763 30.596
Q 38.136 -9.609 28.917
R 38.608 -5.859 28.421
L 41.757 -5.008 26.443
I 43.456 -1.617 26.779
F 46.099 -0.453 24.322
A 47.835 2.949 24.195
G 45.377 4.21 26.792
K 42.43 3.158 24.61
Q 40.056 0.192 24.564
L 40.246 -2.288 21.683
E 36.92 -2.864 19.912
D 35.804 -6.422 19.231
G 35.217 -6.335 15.472
R 38.62 -5.089 14.322
T 42.015 -6.615 13.618
L 45.318 -5.669 15.239
S 46.58 -4.021 12.048
D 43.569 -1.692 12.319
Y 45.254 -0.252 15.451
N 48.665 -0.331 13.689
I 49.848 -3.199 15.915
Q 51.952 -4.612 13.09
K 55.145 -6.661 13.226
E 58.564 -5.039 13.581
S 57.509 -3.515 16.915
V 57.331 -5.159 20.337
N 53.74 -4.599 21.462
H 52.481 -4.671 25.065
L 48.808 -4.602 26.097
V 46.793 -4.193 29.3
L 43.999 -6.465 30.533
R 41.116 -5.472 32.825
L 38.162 -7.47 34.139
N 70.022 27.846 34.604
V 70.184 24.026 34.579
E 69.374 24.212 38.315
Q 66.363 26.473 37.68
L 65.045 24.207 34.893
Q 64.726 21.34 37.415
A 61.023 21.459 38.218
A 60.305 19.247 41.225
N 56.505 19.181 41.098
L 53.554 19.759 38.806
D 52.756 22.934 40.754
E 55.962 24.392 39.238
L 54.9 23.804 35.608
D 52.3 24.931 33.064
L 51.334 21.99 30.85
G 49.535 22.931 27.662
E 48.971 21.165 24.354
P 50.236 17.635 23.693
I 53.185 17.098 21.394
A 53.046 13.344 20.866
K 51.622 10.091 22.215
G 52.917 6.532 22.445
C 51.695 3.357 24.097
N 53.381 4.126 27.455
A 53.21 7.909 27.794
V 52.148 11.322 26.504
V 54.238 14.45 25.958
Y 52.762 17.892 26.657
S 54.312 21.271 25.923
A 55.262 23.019 29.164
K 57.019 25.948 30.884
L 57.825 27.12 34.416
K 55.2 29.08 36.344
N 56.119 32.766 36.724
A 63.996 31.75 28.78
H 63.576 28.077 27.857
Q 60.339 26.261 27.013
L 60.279 22.603 28.073
A 58.334 19.391 27.408
V 56.791 17.156 30.087
K 56.367 13.417 29.509
M 53.701 11.647 31.599
M 53.825 7.844 31.745
F 50.755 5.62 31.919
N 50.345 3.888 35.295
Y 47.843 1.055 35.674
D 49.523 -1.142 38.285
V 51.772 0.86 40.668
E 50.584 2.039 44.099
N 53.662 6.039 46.15
T 59.527 5.973 45.279
A 57.577 3.001 43.955
I 56.754 4.755 40.676
L 60.37 5.901 40.286
K 61.615 2.374 40.984
A 59.011 0.688 38.76
M 59.982 2.873 35.779
Y 63.712 3.135 36.455
R 64.613 2.664 32.77
E 62.753 5.755 31.553
T 64.696 7.944 34.005
V 68.219 6.735 33.117
P 69.267 10.061 31.479
A 67.603 12.098 34.253
M 69.868 14.777 35.732
S 67.944 15.02 39.012
Y 65.339 13.0 40.916
