T -11.118 -0.569 32.609
T -7.628 -1.185 34.138
E -4.306 -2.877 33.442
V -3.038 -5.365 36.066
V 0.743 -5.964 36.021
M 2.977 -8.076 38.26
E 6.747 -8.381 37.678
N 8.981 -10.866 39.582
V 6.809 -10.316 42.718
T 7.597 -12.175 45.965
A 6.062 -11.529 49.42
F 6.098 -12.904 52.989
W 3.353 -12.85 55.658
E 5.96 -13.448 58.419
E 9.462 -11.866 58.651
G 12.218 -14.313 57.681
G 9.695 -17.137 57.03
T 8.628 -18.984 53.841
P 7.402 -16.66 50.998
V 3.626 -16.92 50.415
L 4.178 -15.926 46.751
K 7.403 -16.661 44.833
D 8.344 -14.85 41.547
I 4.867 -13.937 40.256
N 4.544 -12.498 36.733
F 1.405 -11.5 34.744
K -0.173 -8.734 32.614
I -3.979 -8.448 32.367
E -5.212 -6.101 29.614
R -8.36 -3.89 29.938
G -11.644 -5.849 30.091
Q -9.893 -9.278 30.265
L -10.704 -12.289 32.518
L -7.811 -13.833 34.464
A -8.489 -17.193 36.095
V -6.443 -17.929 39.237
A -6.334 -21.7 39.899
G -4.465 -23.821 42.436
S -4.518 -26.274 45.361
T -5.743 -25.212 48.853
G -3.111 -22.945 50.464
A -1.434 -22.117 47.074
G -1.501 -18.331 47.804
K -4.486 -17.286 45.57
T -6.253 -15.089 48.194
S -2.797 -13.746 49.215
L -2.231 -12.663 45.569
L -5.553 -10.713 45.645
M -4.572 -9.292 49.1
M -1.406 -7.957 47.403
I -3.424 -6.201 44.628
M -5.468 -4.612 47.454
G -2.281 -3.502 49.262
E -2.926 -5.636 52.348
L 0.27 -7.574 51.411
E 3.466 -5.652 50.612
P 5.933 -7.311 48.168
S 9.494 -7.897 49.449
E 10.724 -7.923 45.792
G 9.093 -6.998 42.462
K 6.536 -4.417 41.229
I 2.678 -4.203 40.956
K 0.758 -1.716 38.746
H -3.047 -1.0 38.503
S -5.582 1.883 38.181
G -7.392 1.604 41.582
R -11.251 1.562 41.711
I -11.261 -2.134 42.668
S -14.347 -4.105 43.881
F -13.505 -7.207 45.915
C -15.651 -10.292 46.453
S -14.474 -12.384 49.436
Q -14.261 -16.217 49.601
F -16.292 -15.818 52.819
S -19.767 -14.272 52.488
W -20.64 -11.442 54.889
I -24.002 -9.846 55.542
M -24.593 -6.521 57.307
P -27.657 -5.882 59.503
G -30.397 -4.404 57.345
T -32.548 -5.239 54.314
I -31.458 -7.196 51.188
K -31.467 -3.873 49.2
E -29.346 -2.222 51.978
N -26.85 -5.145 51.685
I -26.523 -5.01 47.874
I -26.45 -1.181 47.318
F -24.138 -0.612 50.402
G -23.569 3.164 50.243
V -23.56 3.13 46.391
S -26.218 5.378 44.726
Y -29.332 3.503 43.672
D -30.163 2.841 39.983
E -33.172 0.521 39.387
Y -31.902 -0.833 36.038
R -28.407 -1.638 37.423
Y -29.934 -3.087 40.654
R -32.588 -5.331 39.033
S -30.062 -6.407 36.327
V -27.441 -7.45 38.97
I -30.136 -9.428 40.936
K -31.248 -11.254 37.73
A -27.594 -12.07 36.847
C -26.778 -13.266 40.405
Q -29.821 -15.634 40.546
L -31.505 -13.649 43.347
E -34.865 -12.578 41.774
E -36.706 -15.875 42.541
D -35.447 -15.96 46.192
I -36.284 -12.259 46.775
S -39.756 -12.58 45.161
K -40.497 -15.599 47.441
F -40.624 -13.059 50.383
A -43.763 -10.881 50.819
E -41.535 -7.882 51.731
K -39.222 -8.724 48.775
D -35.855 -6.824 49.031
N -37.17 -4.998 52.143
I -36.849 -8.163 54.289
V -34.577 -7.546 57.299
L -31.398 -9.63 57.365
G -29.221 -10.846 60.208
E -30.364 -12.642 63.402
G -33.047 -9.962 64.069
G -34.974 -10.612 60.867
I -34.022 -13.848 58.931
T -31.362 -16.565 58.316
L -30.53 -17.235 54.65
S -28.859 -20.336 53.151
G -25.129 -20.465 52.324
G -26.008 -20.055 48.643
Q -28.368 -17.108 49.317
R -25.596 -15.464 51.416
A -22.973 -16.066 48.683
R -25.316 -14.639 45.986
I -26.016 -11.47 48.052
S -22.225 -11.021 48.64
L -21.458 -11.428 44.901
A -24.42 -9.11 43.982
R -23.01 -6.404 46.297
