S -18.303 4.962 -20.674
Y -15.428 2.991 -22.065
V -16.925 0.258 -19.912
A -20.403 0.679 -21.39
H -19.077 -0.054 -24.898
L -17.044 -3.178 -24.009
A -19.821 -4.644 -21.829
S -22.465 -4.312 -24.58
D -20.076 -5.743 -27.136
F -19.464 -8.782 -24.91
G -23.151 -8.982 -23.995
V -24.345 -8.994 -27.628
R -21.837 -11.745 -28.534
V -23.426 -13.837 -25.772
F -26.963 -13.12 -27.192
Q -25.749 -14.315 -30.579
Q -24.879 -17.735 -29.11
V -28.265 -17.91 -27.367
A -30.1 -17.086 -30.625
Q -28.141 -19.67 -32.669
A -29.26 -22.398 -30.198
S -32.955 -21.385 -30.267
K -33.965 -20.906 -33.865
D -37.667 -20.25 -34.411
R -38.18 -19.721 -30.657
N -38.669 -16.403 -28.84
V -35.759 -15.053 -26.794
V -35.336 -12.107 -24.482
F -31.846 -11.422 -23.062
S -29.729 -8.77 -21.287
P -26.235 -7.903 -22.625
Y -25.665 -5.386 -19.819
G -26.784 -7.948 -17.245
V -24.536 -10.842 -18.271
A -21.62 -8.393 -18.51
S -22.402 -7.105 -15.015
V -22.499 -10.495 -13.36
L -19.359 -11.693 -15.028
A -17.522 -8.61 -13.829
M -18.253 -9.707 -10.308
L -17.112 -13.209 -11.064
Q -13.7 -11.915 -12.307
L -12.886 -10.896 -8.709
T -13.437 -14.467 -7.42
T -11.324 -16.035 -10.178
G -7.554 -16.301 -10.785
G -4.942 -17.659 -13.201
E -6.164 -19.041 -16.543
T -9.855 -18.88 -15.472
Q -9.538 -15.128 -14.86
Q -7.706 -14.675 -18.196
Q -10.387 -16.597 -20.078
I -13.141 -14.227 -18.7
Q -11.035 -11.088 -19.247
A -10.126 -11.916 -22.876
A -13.788 -12.451 -23.799
M -14.851 -9.323 -21.879
G -12.069 -6.971 -23.02
F -11.251 -5.518 -19.575
K -10.179 -6.303 -16.001
I -12.319 -5.367 -13.008
D -9.203 -4.659 -10.905
D -7.979 -1.875 -13.212
K -8.115 1.65 -11.75
G -11.485 3.396 -12.096
M -13.352 0.448 -13.634
A -15.493 -0.814 -10.744
P -16.48 2.85 -10.025
A -17.431 3.278 -13.708
L -19.78 0.268 -13.533
R -21.391 1.742 -10.391
H -21.787 5.102 -12.221
L -23.22 3.259 -15.235
Y -25.707 1.343 -13.056
K -27.138 4.544 -11.556
E -27.428 6.317 -14.957
L -29.619 3.537 -16.366
M -31.868 3.181 -13.265
G -31.91 6.686 -11.779
P -33.69 7.958 -14.874
W -37.059 6.323 -14.406
N -37.786 3.985 -11.606
K -40.906 2.656 -9.891
D -42.053 -0.775 -10.885
E -40.918 -0.231 -14.441
I -37.299 -1.481 -14.358
S -35.579 -3.922 -12.013
T -32.155 -5.662 -12.002
T -30.044 -7.909 -9.797
D -26.791 -9.917 -9.698
A -25.786 -12.525 -7.128
I -23.12 -15.148 -6.455
F -23.816 -17.964 -3.935
V -20.982 -19.982 -2.324
Q -21.015 -22.929 0.099
R -21.166 -21.5 3.64
D -18.439 -23.33 5.546
L -15.516 -22.658 3.171
K -12.553 -20.811 4.544
L -12.361 -17.782 2.259
V -9.224 -15.787 1.399
Q -8.263 -13.222 4.041
G -9.812 -9.826 3.276
F -11.957 -11.031 0.36
M -15.477 -10.275 1.745
P -14.566 -6.635 2.589
H -12.69 -6.251 -0.726
F -15.714 -7.536 -2.724
F -17.951 -5.068 -0.825
R -15.751 -2.047 -1.675
L -15.943 -2.729 -5.424
F -19.575 -3.831 -5.902
R -21.608 -2.745 -2.823
S -22.881 -6.218 -1.875
T -21.766 -9.542 -0.398
V -20.972 -12.905 -1.928
K -23.806 -14.948 -0.391
Q -22.928 -17.85 1.867
V -25.386 -20.715 2.106
D -25.315 -24.301 3.336
F -26.07 -26.245 0.148
S -26.61 -29.506 2.082
E -29.764 -27.773 3.391
V -30.959 -28.244 -0.199
E -34.479 -26.902 0.246
R -33.43 -23.942 2.385
A -30.842 -22.989 -0.279
R -33.342 -23.218 -3.157
F -35.651 -20.842 -1.311
I -32.862 -18.398 -0.445
I -31.857 -18.16 -4.131
N -35.444 -17.913 -5.473
D -36.412 -15.394 -2.738
W -33.369 -13.242 -3.719
V -34.618 -13.029 -7.308
K -38.26 -12.641 -6.142
T -37.692 -9.842 -3.587
H -35.294 -7.952 -5.95
T -37.552 -8.046 -9.076
K -40.709 -7.032 -7.172
