G 1.542 1.146 -23.698
A 1.654 -2.352 -25.151
V -1.222 -3.915 -27.093
V -2.807 -7.218 -26.054
G -5.789 -8.639 -27.928
G -6.53 -5.416 -29.786
L -6.509 -3.219 -26.666
G -3.657 -0.834 -25.922
G -2.67 0.875 -22.708
Y -1.245 -2.241 -21.058
M 1.939 -1.81 -19.028
L 4.809 -4.313 -19.066
G 6.634 -4.567 -15.761
S 10.359 -5.11 -15.488
A 11.718 -8.65 -15.369
M 11.232 -10.252 -11.959
S 12.997 -13.071 -10.146
R 10.582 -15.994 -10.304
P 9.64 -17.286 -6.827
M 10.247 -20.851 -5.659
I 6.851 -22.39 -4.923
H 6.681 -25.48 -2.715
F 3.64 -27.528 -3.733
G 3.639 -30.217 -1.028
N 5.331 -33.074 -2.891
D 8.805 -33.563 -4.315
W 7.623 -34.379 -7.837
E 5.753 -31.121 -8.459
D 8.455 -29.074 -6.724
R 10.996 -30.634 -9.095
Y 8.798 -30.33 -12.191
Y 8.301 -26.618 -11.486
R 11.989 -25.854 -10.904
E 12.846 -27.682 -14.139
N 10.097 -26.015 -16.21
M 9.794 -22.481 -14.8
Y 12.101 -21.088 -17.507
R 9.166 -21.558 -19.908
Y 6.908 -19.367 -17.728
P 6.656 -15.562 -17.687
N 9.01 -13.469 -15.587
Q 7.261 -10.139 -16.272
V 3.548 -9.384 -16.096
Y 1.213 -7.277 -18.202
Y -0.952 -4.945 -16.13
R -2.987 -1.753 -16.359
P -2.555 1.313 -14.124
V -3.94 0.854 -10.617
D -6.287 3.83 -11.013
Q -8.328 1.744 -13.484
Y -9.298 -0.622 -10.631
S -11.114 -0.28 -7.317
N -9.398 -3.131 -5.427
Q -6.348 -5.384 -5.566
N -8.129 -8.593 -6.603
N -9.459 -7.121 -9.856
F -6.05 -5.667 -10.737
V -4.402 -9.038 -10.094
H -7.094 -11.039 -11.889
D -6.533 -8.95 -15.023
C -2.753 -9.124 -14.582
V -2.81 -12.927 -14.369
N -5.388 -13.456 -17.126
I -3.766 -11.148 -19.686
T -0.174 -12.131 -18.882
I -0.878 -15.84 -19.373
K -2.989 -15.194 -22.482
Q -0.282 -13.121 -24.179
H 2.461 -15.523 -23.069
T 0.554 -18.419 -24.639
V 0.164 -16.566 -27.95
T 3.819 -15.526 -28.194
T 5.164 -18.952 -27.215
T 2.804 -20.937 -29.456
T 4.488 -18.995 -32.259
K 7.713 -20.738 -31.19
G 5.807 -24.057 -31.094
E 5.736 -24.435 -27.288
N 2.653 -26.153 -25.817
F 1.616 -25.803 -22.165
T 0.083 -28.784 -20.331
E -2.7 -28.742 -17.742
T -0.042 -28.613 -15.029
D 2.004 -25.951 -16.797
V -1.145 -23.809 -16.647
K -1.744 -24.511 -12.954
M 1.859 -23.624 -12.12
M 1.881 -20.522 -14.329
E -1.256 -19.226 -12.609
R 0.409 -19.587 -9.207
V 3.687 -17.892 -10.151
V 2.114 -15.116 -12.239
E -0.339 -14.284 -9.445
Q 2.537 -13.921 -6.972
M 4.327 -11.587 -9.39
C 1.121 -9.621 -10.016
V 0.64 -9.061 -6.274
T 4.241 -7.84 -6.069
Q 3.617 -5.575 -9.061
Y 0.431 -4.214 -7.471
Q 2.045 -3.15 -4.189
K 4.894 -1.725 -6.285
E 2.52 0.424 -8.351
S 0.57 1.299 -5.196
Q 3.573 3.172 -3.782
A 2.886 6.073 -6.164
Y -0.791 6.524 -5.287
Y -0.255 7.431 -1.609
G -31.436 -49.828 -23.934
A -31.215 -46.267 -25.208
V -28.253 -44.812 -27.097
V -26.738 -41.494 -25.997
G -23.742 -40.064 -27.835
G -23.016 -43.298 -29.669
L -23.086 -45.507 -26.556
G -25.916 -47.929 -25.835
G -26.951 -49.61 -22.616
Y -28.393 -46.496 -20.977
M -31.565 -46.934 -18.926
L -34.402 -44.397 -18.941
G -36.21 -44.113 -15.627
S -39.948 -43.675 -15.279
A -41.438 -40.182 -15.238
M -40.831 -38.463 -11.903
S -42.489 -35.59 -10.066
R -40.044 -32.685 -10.152
P -39.298 -31.486 -6.596
M -40.063 -27.928 -5.502
I -36.664 -26.442 -4.683
H -36.393 -23.311 -2.534
F -33.295 -21.348 -3.552
G -33.309 -18.625 -0.879
N -34.897 -15.756 -2.819
D -38.338 -15.197 -4.301
W -37.152 -14.44 -7.84
E -35.373 -17.753 -8.429
D -38.132 -19.705 -6.678
R -40.647 -18.145 -9.073
Y -38.43 -18.535 -12.145
Y -37.924 -22.238 -11.403
