Q -0.374 3.964 -3.327
L 1.483 4.161 -6.671
Q 2.781 7.766 -6.868
L 4.363 9.482 -9.903
V 6.727 12.376 -8.983
E 7.252 14.485 -12.133
S 9.797 17.202 -13.09
G 10.985 19.078 -16.225
G 7.835 21.227 -16.724
G 9.536 24.429 -17.933
L 8.912 27.249 -20.424
V 10.38 26.493 -23.858
Q 9.719 28.241 -27.208
A 7.581 26.849 -30.099
G 9.84 24.476 -32.118
G 12.147 23.699 -29.187
S 12.614 20.437 -27.243
L 12.04 19.462 -23.556
R 12.83 16.33 -21.449
L 10.285 15.268 -18.799
S 11.312 12.891 -15.981
C 9.043 11.064 -13.491
V 10.015 8.548 -10.759
A 7.576 5.934 -9.346
S 7.033 6.822 -5.629
G 10.776 7.465 -5.022
R 11.703 3.837 -5.975
T 8.436 1.86 -5.32
F 6.496 0.396 -8.307
R 3.701 -2.147 -9.027
S 2.199 -1.255 -12.425
N 2.547 -3.42 -15.582
A 2.112 -0.672 -18.259
M 2.612 3.155 -18.236
G 1.769 6.166 -20.499
W 1.86 9.985 -20.995
F -1.25 12.203 -21.41
R -1.599 16.016 -21.668
Q -4.428 17.796 -19.846
A -5.731 21.077 -21.333
P -7.835 23.701 -19.339
G -11.559 22.963 -20.062
K -10.652 19.883 -22.171
E -9.965 16.19 -21.346
R -6.541 14.501 -20.94
E -5.498 13.547 -24.52
F -3.315 10.465 -25.236
V 0.159 11.658 -26.438
A 2.521 8.68 -26.018
A 2.642 5.299 -24.16
I 4.788 2.381 -23.03
R 4.111 -1.05 -24.591
W 3.606 -2.929 -21.272
S 7.157 -2.849 -19.704
G 10.345 -2.748 -21.86
G 8.461 -2.049 -25.14
S 8.1 1.693 -24.416
T 6.803 3.021 -27.82
Y 3.429 4.622 -28.846
Y 2.941 8.018 -30.623
A 0.561 9.716 -33.132
D 1.828 10.447 -36.73
S 1.885 14.205 -35.817
V 4.395 13.565 -32.957
K 5.889 10.301 -34.421
G 9.645 9.97 -33.758
R 9.848 13.489 -32.2
F 8.11 12.521 -28.945
T 9.885 9.465 -27.504
I 9.18 7.596 -24.235
S 11.664 5.478 -22.252
R 10.965 3.339 -19.152
D 13.931 2.474 -16.892
N 12.72 0.153 -14.094
A 16.434 -0.061 -12.942
K 15.927 3.214 -10.937
N 12.085 3.157 -11.446
T 12.274 6.388 -13.537
V 10.362 7.064 -16.804
Y 11.254 9.801 -19.387
L 9.47 11.776 -22.173
Q 11.84 13.323 -24.755
M 9.772 15.989 -26.564
N 11.081 17.433 -29.871
S 9.491 20.263 -31.959
L 6.905 21.476 -29.401
K 3.713 23.338 -30.446
P 2.602 26.803 -29.045
E -0.597 24.725 -28.435
D 1.436 22.535 -26.013
T 1.111 25.084 -23.171
A -0.73 22.511 -20.97
V -0.271 20.338 -17.837
Y 1.365 16.985 -18.778
L 1.014 13.882 -16.606
C 2.329 10.304 -16.81
A -0.018 7.34 -16.283
A 0.502 3.922 -14.684
G -1.685 0.852 -15.187
V -1.862 -2.79 -14.05
W -2.397 -6.017 -16.09
R -6.054 -6.183 -15.025
S -8.135 -9.436 -14.671
S -10.513 -7.87 -17.292
G -7.634 -8.382 -19.81
W -7.287 -4.644 -20.551
D -4.208 -2.978 -18.964
T -5.911 0.343 -17.999
P -4.367 3.557 -16.362
D -5.526 3.207 -12.686
Y -2.845 5.721 -11.551
W -1.866 9.197 -12.9
G 0.887 11.757 -12.257
Q 0.923 14.873 -10.04
G 0.918 17.097 -13.143
T 4.067 18.683 -14.608
Q 2.863 22.019 -16.098
V 4.788 22.591 -19.392
T 4.486 26.035 -21.06
V 5.568 26.183 -24.709
S 5.64 29.968 -25.295
S 4.845 31.073 -28.894
L 8.394 31.458 -30.468
E 9.518 33.984 -27.766
H 11.5 32.058 -25.101
H 10.219 34.345 -22.287
H 11.727 34.398 -18.762
H 10.405 35.495 -15.328
H 11.605 37.155 -12.067
H 14.291 34.881 -10.527
Q 1.395 1.809 -4.642
L 1.502 3.838 -7.937
Q 2.632 7.42 -7.191
L 3.271 9.454 -10.376
V 5.307 12.629 -9.545
E 6.251 14.685 -12.662
S 9.307 16.981 -12.999
G 10.8 19.068 -15.868
G 7.564 21.088 -16.277
G 8.658 24.549 -17.447
