H 110.218 128.574 127.361
S 106.844 129.007 125.762
D 104.275 128.388 128.47
G 105.997 130.899 130.719
I 105.734 133.711 128.187
F 102.054 132.943 127.656
T 101.218 132.847 131.365
D 103.153 136.067 131.924
S 101.402 137.911 129.106
Y 97.947 136.577 129.938
S 98.085 137.323 133.648
R 99.48 140.804 133.005
Y 96.667 141.41 130.517
R 93.96 140.131 132.834
K 95.167 142.336 135.678
Q 95.178 145.265 133.237
M 91.575 144.49 132.26
A 90.362 144.334 135.866
V 92.159 147.554 136.828
K 90.746 149.393 133.805
K 87.241 148.16 134.647
Y 87.717 149.274 138.264
L 88.918 152.735 137.234
A 85.915 152.835 134.917
A 83.419 151.9 137.641
V 84.808 154.416 140.149
L 85.782 157.391 137.991
G 83.117 156.902 135.317
I 92.588 145.106 146.076
F 91.276 148.486 147.108
K 90.257 147.819 150.713
K 93.751 146.924 151.94
E 95.414 150.147 150.782
Q 92.276 151.816 152.148
A 93.029 150.189 155.51
M 96.707 151.184 155.404
C 96.185 154.862 154.706
L 93.175 155.071 157.048
E 95.536 153.833 159.745
K 97.802 156.682 158.623
I 94.817 159.076 158.759
Q 93.746 158.115 162.278
R 97.39 158.38 163.367
A 97.516 161.85 161.822
N 94.283 163.117 163.389
E 95.104 161.667 166.82
L 98.527 163.332 166.76
M 97.055 166.671 165.677
G 94.057 166.175 167.997
F 96.245 166.26 171.085
N 96.714 170.02 170.682
D 93.897 172.505 171.271
S 93.618 173.17 167.527
S 92.334 170.735 164.89
P 92.205 170.517 161.082
G 89.009 172.014 159.702
C 88.556 168.976 157.462
P 89.838 165.585 158.694
G 92.091 163.285 156.719
M 90.417 161.204 154.031
W 91.279 158.366 151.674
D 89.571 159.016 148.365
N 88.634 156.125 146.148
I 92.189 155.648 144.828
T 94.463 157.812 147.06
C 94.547 159.769 150.372
W 95.25 163.267 151.692
K 96.816 164.461 154.946
P 94.619 166.679 157.163
A 95.181 170.428 157.132
H 93.5 173.761 157.775
V 91.351 175.727 155.352
G 93.175 177.398 152.479
E 95.929 174.778 152.502
M 97.059 172.665 149.548
V 97.785 169.02 150.396
L 99.925 167.174 147.847
V 100.503 163.519 146.914
S 101.726 161.506 143.94
C 99.737 158.629 142.482
P 99.965 155.027 143.752
E 101.339 152.159 141.658
L 98.204 151.653 139.496
F 99.639 154.151 136.973
R 102.316 151.549 136.109
I 99.706 149.664 134.081
F 97.874 152.85 133.034
N 100.839 154.787 131.548
P 104.397 153.646 132.379
D 106.508 156.607 131.217
Q 106.026 159.054 134.131
V 108.507 157.575 136.602
M 105.73 161.634 137.803
G 102.146 162.755 138.25
V 101.304 164.682 141.409
V 97.795 165.681 142.494
S 96.821 168.323 145.058
R 93.595 169.068 146.903
N 92.303 171.997 148.962
C 90.178 172.304 152.098
T 87.107 174.342 153.078
E 85.12 174.76 156.321
D 82.236 173.042 154.527
G 84.419 170.13 153.412
W 87.155 168.762 151.189
S 87.357 171.068 148.18
E 88.032 170.516 144.493
P 91.376 168.845 143.656
F 94.048 169.208 140.951
P 93.761 167.577 137.527
H 93.177 164.128 138.934
Y 95.072 160.857 138.751
F 93.496 159.84 135.449
D 94.437 163.242 134.047
A 97.777 163.876 135.78
C 99.377 160.437 135.639
Q 92.78 140.915 121.35
D 91.132 138.694 123.954
Y 89.945 136.526 121.054
Y 93.636 135.872 120.357
Y 94.476 134.731 123.887
L 91.392 132.542 124.046
S 92.367 131.116 120.651
V 95.836 130.11 121.887
K 94.386 128.708 125.123
A 91.827 126.579 123.291
L 94.481 125.388 120.84
Y 96.882 124.111 123.456
T 94.14 122.677 125.659
V 93.101 120.403 122.808
G 96.803 119.916 122.055
Y 98.011 118.782 125.471
S 94.885 116.68 125.933
T 95.408 114.71 122.734
S 99.074 114.53 123.788
L 98.286 113.043 127.195
V 95.786 110.578 125.71
T 98.04 109.113 123.033
L 101.012 109.073 125.404
T 99.335 107.021 128.108
