K 66.973 116.101 144.842
K 70.516 116.132 146.362
E 69.926 119.728 147.621
Q 66.587 118.605 149.186
A 68.398 115.658 150.875
M 71.062 118.081 152.254
C 68.217 120.609 152.875
L 65.37 118.438 154.318
E 67.89 116.699 156.67
K 68.999 120.101 158.126
G 53.835 129.692 161.852
C 55.397 127.293 159.367
P 57.342 124.02 159.353
G 60.165 123.174 156.961
M 58.707 123.108 153.437
W 60.462 122.226 150.167
D 58.496 123.422 147.124
N 61.371 122.23 144.851
I 62.802 125.76 144.551
T 63.98 126.752 148.024
C 63.88 124.923 151.334
W 61.64 127.085 153.498
K 62.956 127.016 157.051
P 60.651 126.331 160.036
A 59.181 129.801 160.269
H 56.892 132.041 162.322
V 53.88 134.176 161.447
G 54.67 137.217 159.331
E 58.429 136.901 158.911
M 59.565 138.532 155.673
V 61.829 135.69 154.555
L 64.323 137.173 152.093
V 65.898 134.322 150.109
S 67.934 134.236 146.907
C 68.008 132.314 143.606
P 69.902 128.986 143.649
E 73.466 128.398 142.562
L 72.617 127.807 138.876
F 72.532 131.565 138.171
R 75.907 132.428 139.708
I 78.033 132.126 136.556
F 75.413 133.611 134.208
N 75.873 137.154 135.383
P 78.981 138.327 137.205
D 78.943 138.239 141.008
Q 77.182 141.628 141.331
D 73.73 140.356 140.286
M 72.691 137.919 143.041
G 68.929 138.406 143.063
V 66.825 138.121 146.217
V 63.122 137.242 146.528
S 60.675 137.358 149.439
R 57.669 135.409 150.723
N 55.948 135.818 154.092
C 55.02 132.837 156.227
T 51.712 133.902 157.733
E 49.404 132.022 160.099
D 47.886 130.269 157.045
G 51.242 128.837 155.992
W 53.086 130.717 153.263
S 51.808 133.679 151.259
E 52.536 134.251 147.602
P 56.222 134.658 146.631
F 56.683 138.407 146.127
P 58.947 139.627 144.51
H 58.61 136.736 142.073
Y 61.298 134.297 140.977
F 61.576 135.692 137.448
D 62.443 139.105 138.859
A 65.567 137.909 140.639
C 66.621 134.827 138.655
G 66.491 136.687 135.299
F 69.266 138.06 133.111
D 68.821 128.61 117.105
Q 71.311 125.895 116.2
D 68.93 122.928 116.35
Y 67.8 123.377 112.741
Y 71.428 123.766 111.667
Y 73.095 120.763 113.246
L 70.519 118.091 112.441
S 71.085 118.957 108.781
V 74.887 118.758 109.041
K 74.58 115.576 111.088
A 72.376 114.28 108.286
L 74.972 115.483 105.781
Y 77.837 113.233 106.799
T 75.694 110.257 107.79
V 74.342 110.204 104.264
G 77.903 110.776 103.09
Y 79.783 108.159 105.085
S 77.025 105.631 104.416
L 76.862 106.09 100.637
S 80.632 105.776 100.627
L 80.536 102.508 102.565
V 77.943 100.628 100.506
A 79.844 101.804 97.442
L 83.045 100.642 99.135
L 81.873 97.105 99.825
L 81.059 97.1 96.11
A 84.646 98.26 95.535
M 86.253 95.905 98.044
V 84.489 92.829 96.662
I 85.79 93.515 93.174
L 89.311 93.534 94.565
C 88.907 90.286 96.444
R 88.292 88.056 93.443
F 89.656 88.655 90.053
R 93.42 87.998 90.545
K 94.272 89.519 87.193
L 94.254 92.802 89.109
H 96.102 91.271 92.081
C 99.245 93.335 91.857
T 101.037 95.123 94.672
R 99.503 98.382 93.474
N 95.966 97.299 94.377
F 97.161 95.722 97.62
I 97.761 99.266 98.841
H 94.275 100.37 97.796
M 92.454 97.637 99.705
N 94.522 98.658 102.7
L 93.218 102.17 102.07
F 89.637 101.043 101.439
V 89.567 99.262 104.793
S 90.513 102.517 106.422
F 87.442 104.278 105.054
M 85.382 101.3 106.179
L 87.019 101.753 109.57
R 86.537 105.512 109.637
A 82.896 105.526 108.546
I 81.995 102.696 110.895
S 83.764 104.58 113.66
V 81.061 107.233 113.714
F 78.063 105.074 112.828
I 77.755 102.415 115.507
K 79.87 104.202 118.093
D 79.062 107.902 117.771
W 75.367 106.99 117.831
I 75.711 104.902 121.014
L 77.764 107.126 123.254
Y 75.591 110.142 122.413
