V 94.781 136.93 90.96
M 92.851 135.023 88.285
T 93.203 131.271 87.764
K 94.04 129.857 84.312
E 90.647 128.033 84.279
E 88.325 131.057 84.642
Q 89.835 132.613 81.476
I 88.469 129.785 79.282
F 84.983 130.149 80.817
L 85.072 133.927 80.219
L 86.042 133.331 76.564
H 83.159 130.847 76.123
R 80.68 133.281 77.725
A 81.941 136.117 75.481
Q 81.601 133.838 72.424
A 78.021 132.941 73.446
Q 77.126 136.635 73.88
C 78.684 137.422 70.476
E 76.633 134.588 68.913
K 73.482 136.11 70.443
R 74.494 139.478 68.935
L 74.963 137.703 65.568
K 71.41 136.326 65.814
E 70.029 139.75 66.822
V 71.869 141.522 63.977
G 76.567 149.241 49.721
R 77.143 146.116 51.821
P 78.799 146.194 55.274
C 81.306 143.769 56.748
L 79.3 141.304 58.849
P 79.807 141.046 62.646
E 82.144 138.226 63.679
W 83.931 136.493 66.569
D 87.723 136.078 66.213
H 88.214 134.088 69.499
I 89.223 137.342 71.277
L 86.729 140.059 70.29
C 83.295 140.353 68.719
W 83.393 142.824 65.824
P 80.442 145.071 64.822
L 79.002 145.875 61.374
G 81.996 147.08 59.352
A 81.34 150.261 57.352
P 82.778 149.798 53.811
G 86.203 151.337 53.181
E 86.667 152.536 56.78
V 88.72 151.146 59.662
V 86.771 149.84 62.675
A 88.316 150.617 66.074
V 87.058 148.416 68.919
P 88.209 149.09 72.53
C 90.441 146.429 74.095
P 88.354 143.952 76.146
D 87.65 144.402 79.858
Y 87.763 140.649 80.637
I 91.502 140.227 79.91
Y 93.725 140.807 82.961
D 96.901 141.239 80.868
F 95.546 143.797 78.347
N 95.597 147.588 78.486
H 91.866 148.389 78.55
K 92.166 151.926 77.107
G 93.573 150.992 73.645
H 91.742 150.266 70.374
A 92.007 147.283 68.005
Y 92.183 148.477 64.379
R 90.59 146.331 61.66
R 89.962 147.655 58.139
C 86.858 146.622 56.169
D 87.166 146.84 52.379
R 84.639 147.925 49.724
N 83.49 144.322 49.017
G 82.015 143.583 52.471
S 84.686 141.122 53.665
W 87.434 141.553 56.239
E 90.898 142.397 54.883
L 93.222 139.41 54.499
V 96.965 139.505 55.19
P 98.945 139.94 51.899
G 100.021 136.454 50.795
H 97.929 134.684 53.464
N 94.309 133.713 54.138
R 94.415 135.145 57.687
T 92.403 138.187 58.774
W 94.402 141.411 59.13
A 94.139 143.305 62.427
N 96.269 145.73 64.447
Y 96.309 144.792 68.159
S 99.294 147.054 68.999
E 97.258 149.299 71.339
C 95.967 146.364 73.44
V 99.416 144.956 74.331
K 101.056 147.93 76.087
F 102.351 145.906 79.087
L 105.183 143.623 77.906
T 108.019 145.113 79.984
N 109.314 141.767 81.307
E 108.484 138.117 80.596
T 111.279 135.88 81.983
R 113.726 138.559 83.23
E 112.444 138.411 86.837
R 112.972 134.606 86.915
E 116.745 135.175 87.308
V 116.076 136.697 90.761
F 114.213 133.538 91.819
D 117.041 131.308 90.555
R 119.639 133.462 92.361
L 117.744 133.215 95.666
A 117.027 129.487 95.101
M 120.79 128.965 94.756
I 122.021 131.038 97.712
Y 119.693 129.335 100.21
T 120.613 125.923 98.749
V 124.298 126.689 99.413
G 123.564 128.073 102.894
Y 121.341 125.13 103.876
S 123.926 122.669 102.564
V 126.746 124.179 104.644
S 124.448 124.584 107.676
L 123.386 120.92 107.362
A 126.93 119.539 107.067
S 128.414 121.667 109.864
L 125.403 120.907 112.129
T 125.57 117.134 111.79
V 129.129 117.092 113.187
A 127.92 119.281 116.086
V 125.155 116.87 117.134
L 127.57 113.93 116.739
I 130.113 115.602 119.068
L 127.535 116.722 121.675
A 125.636 113.395 121.75
Y 128.724 111.127 121.692
F 130.714 112.666 124.573
R 129.65 111.859 128.137
R 130.916 114.934 130.016
L 129.231 117.365 127.585
H 125.813 116.25 128.871
C 123.997 119.082 130.65
T 120.677 120.938 130.569
R 122.377 123.612 128.419
