Q 31.591 88.039 24.244
V 34.812 89.744 25.367
Q 37.628 88.451 23.149
L 41.176 89.197 21.998
V 42.009 87.856 18.531
Q 45.692 87.597 17.624
S 47.566 87.609 14.35
G 48.855 84.344 12.939
A 52.023 82.356 13.489
E 55.257 83.866 12.205
V 58.709 82.525 11.309
V 61.392 85.208 11.455
K 65.144 85.354 11.005
P 67.477 86.311 13.857
G 68.402 89.963 14.019
A 65.15 90.933 12.303
S 62.025 92.185 14.049
V 58.482 90.868 14.463
K 55.184 92.712 14.963
V 52.183 90.822 16.352
S 48.669 92.244 16.618
C 45.727 91.784 18.958
K 42.188 92.92 18.051
A 39.866 93.672 20.98
S 36.116 93.081 20.722
G 33.157 93.116 23.07
Y 34.372 95.744 25.547
T 35.6 99.343 25.426
F 39.208 99.098 24.256
T 40.395 102.398 25.707
S 39.339 101.735 29.342
Y 41.492 98.668 30.176
Y 45.203 97.86 30.327
I 46.593 95.524 27.667
H 49.644 93.395 28.487
W 51.884 91.129 26.47
V 53.152 87.878 28.028
R 55.264 85.207 26.372
Q 55.821 81.487 26.908
A 58.906 79.781 25.494
P 58.177 76.165 24.498
G 58.273 73.912 27.55
Q 58.704 76.824 29.978
G 56.711 79.315 32.071
L 55.338 82.806 31.533
E 57.191 86.107 31.182
W 55.629 89.579 31.28
I 56.893 91.859 28.486
G 55.071 95.123 29.188
S 51.759 96.925 29.341
I 49.956 99.769 27.623
Y 46.838 101.728 28.561
P 45.139 102.457 25.208
G 43.295 105.576 26.428
N 46.458 107.637 26.967
V 49.139 105.266 25.501
N 51.142 105.171 28.732
T 53.544 102.215 28.562
N 55.579 100.157 31.021
Y 58.253 97.684 29.932
A 60.154 94.992 31.765
Q 63.756 96.182 32.002
K 65.059 93.322 29.889
F 62.718 94.504 27.104
Q 63.282 98.287 27.363
G 64.638 99.505 24.051
R 63.755 96.285 22.205
A 59.966 95.882 22.594
T 57.524 98.572 21.434
L 53.846 98.464 22.412
T 51.474 100.556 20.277
V 47.718 100.82 19.69
D 45.296 101.816 16.923
T 42.152 102.911 18.791
S 40.138 103.378 15.599
I 40.271 99.6 15.031
S 40.684 98.584 18.724
T 43.975 96.815 18.018
A 47.129 96.533 20.121
Y 50.553 95.719 18.667
M 53.792 94.366 20.036
E 57.006 94.776 18.066
L 60.187 93.011 19.184
S 63.46 93.867 17.439
R 66.917 92.256 17.242
L 65.422 88.778 17.613
R 67.589 85.974 18.997
S 67.36 82.219 19.601
D 65.557 82.531 22.922
D 62.775 84.817 21.629
T 60.986 81.814 20.127
A 57.754 81.647 22.124
V 53.992 81.926 22.089
Y 53.143 85.61 22.549
Y 49.864 86.4 24.362
C 48.067 89.694 24.586
T 45.935 89.957 27.69
R 43.548 92.46 29.263
S 43.471 93.497 32.917
H 40.297 93.6 35.014
Y 38.682 97.04 35.098
G 40.474 99.651 37.184
L 43.808 97.906 37.747
D 46.78 96.708 35.729
W 48.22 93.96 37.924
N 46.221 90.908 36.751
F 45.443 89.275 33.405
D 41.69 88.667 33.096
V 41.132 88.05 29.348
W 43.664 86.255 27.153
G 44.194 85.885 23.452
K 44.94 82.414 22.153
G 48.546 83.413 21.514
T 50.8 83.893 18.489
T 53.601 81.417 17.789
V 56.796 83.262 16.886
T 59.649 81.015 15.723
V 63.117 82.514 15.302
S 64.494 80.323 12.525
S 67.909 78.76 13.045
S 68.539 78.336 9.293
Q 67.93 81.912 8.064
V 71.416 83.269 8.793
Q 74.443 83.979 6.609
L 76.54 81.303 8.347
V 75.547 78.4 10.58
E 77.956 75.763 11.921
S 77.252 72.06 12.372
G 79.256 69.637 14.49
G 80.988 69.961 17.834
G 80.869 68.428 21.303
V 83.381 66.369 23.314
V 86.419 64.621 21.832
Q 89.307 62.71 23.392
P 92.776 64.292 23.224
G 94.56 62.803 20.232
R 91.325 62.046 18.375
S 89.547 63.908 15.564
L 86.421 65.99 15.021
R 84.925 67.653 11.931
