Q 14.004 15.249 13.569
Y 17.485 15.456 12.049
P 20.372 17.529 13.501
I 20.235 21.263 12.752
I 23.29 23.482 12.338
N 22.801 27.255 12.354
F 24.534 30.07 10.476
T 23.858 33.731 9.757
T 25.394 36.131 7.248
A 24.621 39.051 9.552
G 27.844 40.266 11.157
A 29.587 37.099 9.994
T 33.314 36.681 10.647
V 36.006 34.216 9.563
Q 35.499 32.562 12.942
S 31.702 32.263 12.868
Y 31.954 30.739 9.403
T 34.715 28.365 10.497
N 32.729 27.282 13.557
F 29.807 26.598 11.231
I 31.707 24.379 8.786
R 33.471 22.467 11.572
A 30.083 21.854 13.189
V 28.677 20.62 9.873
R 31.572 18.21 9.346
G 31.178 16.937 12.902
R 27.577 15.98 12.163
L 28.278 14.535 8.711
T 30.648 11.758 9.779
T 31.086 9.578 12.868
G 34.784 10.363 12.644
A 35.39 6.637 12.765
D 36.516 4.797 9.649
V 39.353 7.141 8.688
R 41.666 6.326 5.787
H 45.102 7.813 5.17
E 44.225 10.411 7.83
I 41.02 11.454 6.046
P 37.535 10.821 7.508
V 35.182 8.846 5.252
L 31.44 9.528 5.082
P 28.952 6.816 6.16
N 28.194 4.078 3.616
R 24.865 4.666 1.877
V 24.271 0.93 2.335
G 22.086 -0.286 5.195
L 22.166 3.272 6.513
P 19.157 3.849 8.817
I 16.947 6.615 7.402
N 16.928 8.451 10.739
Q 20.67 8.973 10.184
R 20.632 9.687 6.442
F 20.347 13.481 6.561
I 21.31 16.602 8.48
L 19.816 20.089 8.338
V 21.47 23.459 7.741
E 19.477 26.531 8.769
L 20.612 29.788 7.163
S 19.62 33.363 7.997
N 20.726 36.81 6.827
H 20.523 40.466 7.876
A 17.04 40.788 6.353
E 15.859 38.483 9.146
L 14.929 35.612 6.809
S 15.331 31.872 7.445
V 15.857 28.875 5.141
T 16.762 25.258 5.954
L 18.906 23.09 3.667
A 18.876 19.288 3.762
L 22.183 17.476 3.26
D 22.818 13.801 2.544
V 25.461 12.627 5.016
T 26.743 10.035 2.53
N 28.04 12.674 0.097
A 27.507 15.982 1.913
Y 25.393 17.275 -0.988
V 22.205 19.379 -0.858
V 19.05 17.411 -1.697
G 16.474 20.114 -1.028
Y 15.451 22.96 1.256
R 12.692 24.508 3.364
A 11.389 28.073 3.335
G 8.441 28.766 5.61
N 5.501 26.609 4.534
S 7.299 25.192 1.49
A 9.888 22.474 0.881
Y 11.49 21.712 -2.484
F 13.56 18.767 -3.731
F 15.961 18.075 -6.592
H 15.137 15.143 -8.866
P 16.506 11.956 -7.233
D 18.936 9.787 -9.206
N 17.067 6.599 -8.312
Q 14.017 5.197 -6.512
E 15.819 4.47 -3.236
D 16.977 8.086 -2.982
A 13.459 9.172 -3.911
E 12.064 6.934 -1.174
A 14.684 8.309 1.213
I 13.866 12.006 0.783
T 10.224 11.328 1.697
H 11.408 11.294 5.31
L 12.495 14.942 5.035
F 10.441 17.948 6.12
T 7.284 15.936 6.773
D 6.823 19.015 8.934
V 5.091 20.772 6.04
X 2.039 20.555 3.775
N 3.603 21.515 0.457
R 6.267 19.167 -0.872
Y 7.604 19.752 -4.387
T 10.057 17.782 -6.513
F 11.8 19.596 -9.367
A 12.183 18.057 -12.824
F 15.896 18.834 -12.598
G 18.687 17.348 -10.506
G 21.353 19.101 -8.466
N 24.362 18.596 -10.744
Y 26.29 21.814 -11.498
D 25.815 21.373 -15.253
R 22.013 21.553 -15.045
L 21.958 24.432 -12.542
E 24.466 26.432 -14.594
Q 22.235 25.997 -17.642
L 19.216 27.299 -15.743
A 21.323 30.011 -14.111
G 22.626 30.995 -17.529
N 26.033 31.243 -15.885
L 28.914 28.888 -15.117
R 30.434 28.515 -11.652
E 33.425 30.542 -12.849
N 31.205 33.595 -13.325
I 29.067 33.348 -10.197
E 30.419 35.341 -7.255
L 30.872 33.719 -3.849
G 31.203 35.262 -0.395
N 29.078 36.511 2.49
G 27.417 39.002 0.157
P 26.186 36.456 -2.415
L 25.12 34.072 0.367
