F -43.08 -6.952 1.0
S -46.493 -5.315 1.0
I -46.507 -6.2 1.0
L -50.118 -5.047 1.0
L -49.088 -1.478 1.0
V -47.588 -1.064 1.0
P -50.061 -0.273 1.0
L -49.993 -1.985 1.0
A -48.364 -0.242 1.0
G -50.969 1.734 1.0
I -53.411 2.348 1.0
S -52.996 6.13 1.0
A -51.381 6.62 1.0
G -53.711 4.131 1.0
I -53.075 0.854 1.0
P -52.857 1.037 1.0
S -55.043 -1.272 1.0
L -55.759 -2.357 1.0
V -59.048 -1.019 1.0
N -58.666 -1.092 1.0
N -55.548 -3.111 1.0
E -53.631 -0.177 1.0
L -52.239 0.586 1.0
V -54.259 3.423 1.0
L -53.498 4.947 1.0
R -56.444 7.38 1.0
D -59.352 7.704 1.0
K -61.334 10.763 1.0
A -59.949 14.319 1.0
T -61.112 15.072 1.0
K -59.429 11.901 1.0
V -56.242 12.723 1.0
V -55.983 15.931 1.0
D -56.147 14.038 1.0
Y -53.145 11.967 1.0
F -51.076 15.127 1.0
K -52.612 16.354 1.0
H -51.209 13.094 1.0
V -47.805 13.467 1.0
S -47.501 16.981 1.0
L -47.385 15.669 1.0
V -43.666 14.937 1.0
E -43.181 18.72 1.0
T -45.8 19.229 1.0
E -45.101 16.21 1.0
G -41.646 15.07 1.0
V -40.051 12.02 1.0
F -40.744 9.785 1.0
T -43.84 9.604 1.0
L -43.763 8.105 1.0
L -45.94 5.152 1.0
D -46.222 5.308 1.0
D -42.821 6.848 1.0
K -41.124 3.612 1.0
V -41.445 3.032 1.0
M -40.251 5.382 1.0
M -42.301 4.885 1.0
P -41.647 6.626 1.0
Q -44.607 8.343 1.0
D -46.809 5.937 1.0
D -45.646 5.614 1.0
L -42.814 8.105 1.0
V -39.926 6.909 1.0
I -36.723 6.741 1.0
S -33.575 5.471 1.0
E -31.161 5.853 1.0
I -31.093 5.893 1.0
D -27.701 6.756 1.0
F -27.191 6.342 1.0
N -23.691 7.802 1.0
N -24.794 11.121 1.0
N -28.26 11.223 1.0
S -29.559 11.7 1.0
I -31.91 10.223 1.0
V -32.101 10.507 1.0
L -35.439 10.61 1.0
G -36.093 8.376 1.0
K -37.781 9.074 1.0
C -41.272 10.59 1.0
E -41.986 12.243 1.0
I -45.036 13.116 1.0
W -45.531 13.598 1.0
R -44.865 17.119 1.0
M -47.237 19.25 1.0
E -46.297 21.167 1.0
G -47.938 23.49 1.0
G -50.611 25.672 1.0
S -51.794 28.804 1.0
G -53.535 31.903 1.0
H -52.693 31.389 1.0
T -54.067 33.866 1.0
V -54.727 33.873 1.0
T -58.438 34.625 1.0
D -59.872 34.487 1.0
D -56.865 32.461 1.0
I -57.64 29.771 1.0
D -55.428 29.32 1.0
H -57.219 29.932 1.0
F -56.181 28.749 1.0
F -57.572 29.048 1.0
S -55.804 25.854 1.0
A -55.322 23.473 1.0
P -51.817 22.028 1.0
S -51.071 18.383 1.0
I -49.694 15.9 1.0
T -46.836 13.851 1.0
Y -44.782 10.786 1.0
R -41.629 12.254 1.0
E -38.622 11.513 1.0
P -38.107 14.926 1.0
H -40.368 14.351 1.0
L -41.109 16.778 1.0
S -40.021 15.891 1.0
I -42.665 16.211 1.0
Y -40.094 15.695 1.0
D -37.928 18.595 1.0
V -40.833 20.975 1.0
L -40.877 19.73 1.0
E -39.199 21.39 1.0
V -38.053 18.494 1.0
Q -35.468 18.084 1.0
K -33.432 15.106 1.0
E -30.406 16.055 1.0
E -29.686 16.393 1.0
L -32.449 13.854 1.0
D -33.364 12.285 1.0
L -32.871 8.535 1.0
S -32.397 7.96 1.0
K -35.308 5.483 1.0
D -34.206 1.845 1.0
L -37.399 0.877 1.0
M -37.837 1.787 1.0
V -40.107 0.504 1.0
L -38.234 0.165 1.0
P -39.63 2.31 1.0
N -42.401 0.836 1.0
A -42.36 2.978 1.0
P -40.601 2.216 1.0
N -39.41 4.769 1.0
R -42.312 5.841 1.0
