S 43.499 5.05 54.911
A 40.01 4.513 56.461
K 36.668 6.197 55.581
A 33.156 5.888 57.056
V 30.992 5.177 54.008
T 27.958 5.077 56.349
T 27.971 4.974 60.19
Q 27.732 1.176 59.943
K 30.385 0.686 57.206
V 34.118 1.677 57.058
E 36.393 1.261 53.93
V 40.141 0.632 54.301
K 42.768 1.127 51.569
F 46.24 -0.524 51.375
S 49.212 0.253 49.072
K 50.314 -3.387 49.378
A 47.549 -5.869 48.523
V 46.317 -8.041 51.392
E 46.029 -11.806 50.706
K 43.571 -13.112 53.331
L 41.534 -10.769 55.545
T 38.556 -11.786 57.805
K 36.389 -10.33 60.617
E 38.85 -11.529 63.318
D 41.759 -9.502 61.824
I 40.022 -6.085 62.105
K 39.681 -4.303 65.497
V 37.69 -1.054 65.761
T 37.973 1.049 69.016
N 37.147 4.695 69.969
K 40.464 6.593 69.81
A 39.456 8.562 72.926
N 37.466 6.069 75.158
N 39.307 3.013 73.676
D 35.795 1.44 73.744
K 35.226 -1.409 71.207
V 33.037 -1.296 68.01
L 31.82 -4.785 66.962
V 32.643 -5.838 63.36
K 30.073 -7.854 61.325
E 32.125 -8.785 58.218
V 35.167 -7.817 56.133
T 34.997 -7.893 52.368
L 38.498 -7.682 50.878
S 38.184 -6.28 47.277
E 39.191 -8.152 44.062
D 42.145 -5.756 43.645
K 42.981 -6.84 47.369
K 44.356 -3.282 47.937
S 41.135 -2.322 49.885
A 38.381 -3.851 52.029
T 34.986 -2.856 53.416
V 34.26 -3.341 57.152
E 30.529 -3.803 58.123
L 29.86 -3.064 61.816
Y 27.391 -4.134 64.468
S 27.411 -0.586 65.95
N 27.121 2.845 64.371
L 29.992 5.321 64.539
A 29.424 8.395 66.787
A 29.246 11.935 65.364
K 32.5 13.876 65.538
Q 34.55 10.904 66.98
T 37.861 9.303 65.995
Y 37.972 5.489 65.543
T 41.21 3.394 65.514
V 41.017 0.625 62.802
D 43.625 -2.022 63.777
V 44.083 -4.404 60.826
N 46.067 -7.433 62.048
K 49.557 -7.834 60.482
V 48.827 -4.665 58.272
G 48.96 -1.689 60.704
K 46.649 0.865 62.395
T 44.663 3.761 60.847
E 42.057 6.268 62.138
V 38.567 7.327 60.972
A 37.532 10.849 61.747
V 33.712 10.779 61.81
G 32.098 14.207 61.205
S 28.866 15.839 62.412
L 26.614 13.212 60.826
E 24.323 16.046 59.643
A 22.92 16.369 56.105
K 24.888 18.53 53.606
T 24.124 16.746 50.248
I 21.145 14.838 48.776
E 21.959 12.405 45.992
M 19.09 11.234 43.806
A 19.541 9.028 40.757
D 17.264 8.48 37.739
Q 14.99 5.629 38.869
T 12.092 3.348 37.737
V 8.946 2.925 39.826
V 6.038 0.405 39.904
A 3.482 1.652 37.358
D 0.121 2.728 38.861
E 1.369 1.877 42.346
P 2.75 3.954 45.256
T 6.543 3.445 45.257
A 9.012 5.023 47.654
L 11.47 7.385 45.994
Q 15.176 6.539 46.615
F 17.732 9.158 47.649
T 20.77 9.102 49.978
V 21.776 11.983 52.236
K 25.545 12.531 52.974
D 27.598 14.705 55.436
E 30.833 16.91 55.033
N 32.965 13.761 54.427
G 30.375 12.227 52.062
T 29.471 9.527 54.626
E 25.89 8.386 53.862
V 23.684 9.427 56.8
V 20.146 8.299 57.712
S 17.682 10.618 55.8
P 16.089 13.35 58.008
E 12.392 14.087 58.746
G 12.247 17.173 56.463
I 12.479 15.807 52.921
E 10.311 17.427 50.217
F 10.029 16.716 46.502
V 9.772 18.943 43.392
T 7.811 17.708 40.367
P 5.405 19.488 37.927
A 2.489 17.231 39.161
A 2.821 17.725 42.973
E -0.181 15.39 43.825
K 1.52 12.199 42.435
I 4.003 12.155 45.377
N 2.718 11.918 48.965
A 3.806 12.81 52.581
K 5.801 9.509 52.866
G 7.64 10.428 49.63
E 5.971 7.499 47.708
I 5.056 8.185 43.995
T 2.191 6.854 41.834
L 3.141 7.139 38.119
A 0.794 5.863 35.272
K 2.342 2.943 33.179
