A -41.574 -10.791 -31.029
E -42.177 -13.576 -28.516
A -42.827 -11.043 -25.741
G -45.953 -9.755 -27.476
S -47.296 -13.217 -28.281
R -46.63 -14.405 -24.72
L -48.748 -11.549 -23.347
L -51.689 -12.208 -25.688
A -51.367 -15.99 -25.272
P -54.419 -16.342 -22.945
L -56.482 -14.596 -25.668
K -55.826 -16.79 -28.725
K -59.213 -18.515 -28.463
P -61.402 -15.393 -27.952
L -59.616 -13.732 -30.893
I -60.144 -16.51 -33.451
V -63.793 -16.62 -32.364
S -64.012 -12.901 -33.151
G -62.712 -13.595 -36.66
V -65.125 -16.255 -37.901
L -68.108 -14.668 -36.138
Q -67.386 -11.269 -37.695
A -66.985 -12.992 -41.068
L -70.494 -14.436 -40.766
I -71.871 -11.032 -39.733
T -70.481 -9.126 -42.723
L -71.858 -11.921 -44.903
I -75.253 -11.27 -43.306
E -74.724 -7.534 -43.851
L -74.451 -8.1 -47.621
A -77.469 -10.461 -47.568
P -80.09 -7.676 -47.991
F -78.29 -6.979 -51.29
V -78.23 -10.57 -52.577
L -81.993 -10.831 -51.977
L -83.031 -7.37 -53.2
V -81.938 -8.472 -56.674
E -84.064 -11.579 -56.108
L -87.028 -9.437 -55.036
A -86.589 -7.503 -58.287
R -86.334 -10.574 -60.528
L -89.151 -12.325 -58.654
L -91.393 -9.492 -59.854
L -89.857 -9.794 -63.325
G -90.927 -13.441 -63.205
G -94.476 -12.152 -62.951
A -95.014 -13.437 -59.411
E -96.365 -10.391 -57.53
A -98.355 -12.679 -55.261
E -100.283 -11.424 -52.249
R -97.745 -13.282 -50.073
L -94.795 -11.133 -51.162
W -94.433 -9.985 -47.535
T -92.392 -13.175 -46.98
L -89.18 -12.151 -48.739
G -89.788 -8.54 -47.657
L -89.128 -9.153 -43.963
T -86.593 -11.952 -44.368
A -84.409 -9.006 -45.341
V -85.64 -7.336 -42.144
S -84.89 -10.587 -40.31
L -81.313 -10.453 -41.63
I -80.562 -6.75 -41.145
G -81.66 -7.285 -37.543
L -79.727 -10.517 -37.084
G -76.615 -8.791 -38.418
A -76.93 -5.864 -36.006
V -77.824 -8.124 -33.069
L -74.799 -10.332 -33.759
A -72.61 -7.256 -34.258
A -73.778 -5.731 -30.969
A -73.456 -9.043 -29.111
M -69.825 -9.63 -30.096
T -68.642 -6.019 -29.771
L -69.977 -6.138 -26.197
W -68.562 -9.582 -25.405
L -65.197 -8.54 -26.859
H -65.024 -5.263 -24.917
R -65.706 -7.118 -21.658
V -62.977 -9.666 -22.403
D -60.609 -6.731 -22.933
A -61.684 -5.087 -19.666
R -60.964 -8.265 -17.697
F -57.606 -8.654 -19.451
A -56.606 -5.063 -18.675
H -57.775 -5.441 -15.066
E -55.543 -8.463 -14.445
L -52.671 -6.765 -16.289
R -52.815 -3.666 -14.074
G -52.745 -5.966 -11.056
R -49.639 -7.639 -12.461
L -48.081 -4.23 -13.151
L -48.787 -3.025 -9.604
T -47.195 -6.217 -8.277
K -44.232 -5.755 -10.622
L -43.58 -2.134 -9.628
S -43.519 -3.21 -5.964
R -40.839 -5.88 -6.522
L -38.448 -4.325 -9.049
P -35.245 -2.838 -7.584
L -35.61 0.788 -6.527
G -32.722 1.709 -8.824
W -34.864 0.602 -11.767
F -36.974 3.731 -11.176
T -33.983 6.099 -10.885
R -34.62 8.488 -13.801
R -36.497 5.733 -15.633
G -39.202 8.303 -16.357
S -37.204 11.538 -16.343
A -39.706 12.75 -18.963
S -43.485 12.972 -18.813
T -44.363 9.383 -19.8
K -48.016 10.409 -19.274
Q -49.025 9.814 -22.891
L -46.936 6.827 -24.007
V -48.48 4.712 -21.245
Q -51.941 5.823 -22.373
D -51.04 5.538 -26.065
D -49.982 1.934 -25.438
T -53.113 1.052 -23.45
L -55.246 2.523 -26.242
A -53.235 0.561 -28.815
L -53.443 -2.537 -26.608
H -57.229 -2.12 -26.491
Y -57.594 -1.795 -30.271
L -55.418 -4.876 -30.82
I -57.624 -7.135 -28.688
T -61.112 -5.71 -29.334
H -61.181 -3.847 -32.668
A -58.245 -5.289 -34.641
I -59.525 -8.769 -35.534
P -63.155 -7.834 -36.4
D -62.259 -4.776 -38.494
A -59.54 -6.74 -40.31
V -61.531 -9.746 -41.523
A -64.584 -7.551 -42.165
A -62.511 -5.656 -44.756
V -61.201 -8.797 -46.487
V -64.182 -11.18 -46.545
A -66.607 -8.476 -47.698
