K 3.94 36.445 -2.704
V 4.42 32.673 -2.299
F 6.901 32.079 0.523
T 6.773 28.335 0.398
E 4.878 25.543 -1.34
N 5.288 21.822 -0.761
N 2.92 18.89 -1.139
R 1.39 19.715 2.275
Y 0.802 23.463 2.233
I 1.269 26.864 0.642
V 2.032 30.014 2.611
K 1.868 33.273 0.676
T 0.893 36.91 1.003
L -2.623 38.121 0.382
Q -2.485 41.572 -1.26
T -4.99 43.729 0.644
D -5.511 47.376 1.556
Y -4.124 46.748 5.039
S -1.254 49.106 5.829
S 1.22 48.813 8.691
G 1.299 52.61 9.017
F -2.291 53.116 10.136
S -1.377 53.954 13.712
N 1.276 54.49 16.4
E -0.374 47.695 20.154
L -3.123 47.042 17.592
N -6.344 45.072 17.796
G -8.021 43.622 14.739
Y -9.217 40.742 12.595
I -10.303 39.844 9.052
D -13.768 38.913 7.78
M -13.279 37.155 4.446
Q -17.03 36.612 4.115
I -17.827 40.319 4.419
G -14.684 41.095 2.435
Y -13.081 43.538 4.86
G -10.433 43.658 7.551
L -10.257 45.863 10.609
V -7.629 47.102 13.035
N -8.16 49.564 15.828
D -6.143 51.904 18.042
H -6.929 53.4 21.394
K -8.545 56.194 19.341
K -9.52 55.107 15.788
V -10.667 52.032 13.884
Y -9.33 51.402 10.366
I -11.466 49.341 7.974
W -9.747 48.142 4.808
N -10.773 46.137 1.761
I -9.281 42.686 1.33
H -9.277 43.448 -2.423
S -7.07 46.348 -3.569
Y -9.628 52.771 3.634
I -12.281 54.017 6.073
T -11.248 55.691 9.331
V -13.769 55.855 12.175
P -12.746 57.968 15.176
F -14.486 56.996 18.408
R -12.895 59.301 21.01
A -9.128 49.826 23.696
P -12.609 49.041 22.353
R -13.744 45.833 20.677
C -14.917 46.074 17.082
I -16.693 43.752 14.671
L -17.917 44.081 11.089
T -21.459 43.389 9.902
F -22.861 42.401 6.517
P -24.698 44.826 4.254
A -28.469 44.732 4.353
T -29.287 41.76 2.218
M -32.757 42.119 0.718
D -33.032 38.499 -0.554
E -35.473 37.495 -3.333
S -36.959 40.79 -4.36
P -39.084 41.301 -7.44
L -37.639 44.726 -7.899
A -34.828 45.684 -10.172
L -31.64 46.275 -8.253
N -31.229 49.838 -7.227
P -28.178 51.599 -8.459
N -27.173 53.463 -5.274
D -27.374 50.32 -3.112
Q -24.642 48.579 -5.154
D -21.939 50.341 -3.086
E -23.118 49.312 0.399
T -20.341 47.509 2.245
G -21.716 46.498 5.63
G -21.475 48.056 9.045
L -19.456 48.356 12.232
I -20.118 47.622 15.904
I -17.862 49.16 18.558
I -18.044 48.109 22.2
K -16.666 50.918 24.36
G -17.012 49.884 27.984
S -20.695 49.098 28.498
K -21.848 50.973 25.371
A -22.425 49.174 22.074
I -22.428 51.445 19.017
Y -23.669 50.223 15.633
Y -23.106 52.076 12.362
E -25.237 50.293 9.768
D -23.132 51.875 6.994
I -19.467 52.813 7.419
N -19.407 54.939 4.252
S -21.335 57.935 5.609
I -19.159 58.15 8.754
N -15.658 58.16 7.245
N -13.289 60.574 9.034
L -16.128 62.193 11.005
N -15.457 63.23 14.575
F -17.17 60.992 17.1
K -19.597 63.649 18.365
L -21.12 64.013 14.889
S -20.703 60.421 13.68
E -22.445 59.057 16.794
K -25.65 60.583 15.407
F -25.507 58.005 12.589
S -25.402 55.152 15.097
H -27.757 52.902 17.009
E -26.65 52.611 20.625
L -27.288 49.944 23.249
E -26.251 50.243 26.887
L -25.114 46.805 27.958
P -25.101 45.347 31.496
I -21.289 45.485 31.661
N -19.754 46.453 35.016
S -16.857 48.662 33.932
S -16.411 49.724 37.57
G -15.526 46.191 38.701
G -13.206 45.596 35.745
E -15.631 43.898 33.352
K -15.098 44.404 29.628
C -15.921 42.789 26.302
D -13.75 39.784 25.415
L -14.933 37.784 22.392
M -17.292 38.82 19.599
L -18.907 36.582 16.993
N -20.847 37.785 13.984
C -23.552 35.116 13.767
E -25.779 36.799 11.189
