Q 4.368 34.541 7.499
V 2.343 37.858 7.296
Q 4.825 40.69 6.747
L 4.078 44.453 6.935
Q 6.609 46.781 5.349
E 6.336 50.532 5.929
X 7.879 53.307 3.788
G 7.585 57.071 3.41
G 9.068 58.395 6.707
G 11.543 61.173 6.415
L 12.808 64.556 7.618
V 10.322 67.399 6.893
Q 9.862 70.968 7.991
A 6.905 71.771 10.208
G 3.84 72.609 8.008
G 5.1 70.161 5.349
X 3.678 66.766 4.388
L 4.621 63.077 4.085
R 2.772 60.045 2.66
L 3.412 56.757 4.459
X 2.711 53.383 2.825
C 2.388 49.882 4.233
A 2.672 46.833 1.919
A 1.186 43.649 3.377
S 2.476 40.251 2.121
G 2.413 36.641 3.217
G -1.388 36.231 3.421
X -4.864 37.359 2.247
F -6.501 40.5 3.791
K -10.278 40.136 3.142
S -11.51 40.912 6.675
G -10.854 43.091 9.662
G -8.666 46.08 9.148
X -5.326 47.722 9.424
A -4.063 50.785 11.285
W -1.204 53.156 11.854
F 0.094 53.465 15.394
R 2.953 55.658 16.589
Q 5.166 55.919 19.609
A 3.344 57.305 22.63
D 4.698 60.229 24.702
T 3.46 58.63 27.88
N 4.889 61.314 30.208
N 3.353 64.176 28.123
D 6.548 66.332 27.83
G 6.468 66.746 24.024
W 9.281 64.231 23.332
I 9.846 60.447 22.943
E 12.541 59.343 25.379
G 13.59 56.435 27.512
D 11.208 53.475 27.299
E 8.584 55.416 25.359
L 10.215 53.951 22.246
K 8.14 50.792 23.007
A 4.876 52.568 23.855
R 2.117 52.66 21.229
E -0.9 54.819 20.488
F -3.441 54.736 17.712
A -3.172 57.363 14.912
A -5.549 56.216 12.183
G -7.302 53.026 11.059
I -9.261 51.644 8.162
S -11.476 48.621 7.491
W -10.212 46.176 4.826
S -12.687 47.477 2.12
G -11.598 51.135 2.939
G -15.286 51.712 3.698
S -14.66 52.855 7.328
T -11.999 55.079 8.967
D -11.2 56.613 12.306
Y -8.482 58.938 13.657
E -6.923 60.121 16.874
D -8.646 63.511 17.573
S -5.44 65.602 17.23
V -4.746 64.395 13.609
K -8.334 64.928 12.275
G -8.312 67.424 9.366
R -4.56 66.823 8.869
F -4.116 63.048 8.226
T -6.04 60.832 5.765
I -5.844 57.013 5.725
S -6.745 55.021 2.597
R -6.214 51.481 1.197
D -5.823 49.777 -2.187
N -7.329 46.252 -1.579
A -6.133 44.898 -4.956
K -2.468 45.896 -4.031
N -2.807 44.988 -0.288
T -1.352 48.469 0.557
M -2.442 51.121 3.046
Y -1.457 54.808 3.007
L -1.312 57.685 5.494
Q -1.351 61.168 3.988
M 0.131 63.486 6.644
N -0.474 67.188 5.95
S 0.145 70.221 8.07
L 2.781 68.267 10.011
X 3.524 69.533 13.531
P 6.745 69.048 15.538
E 4.986 66.741 18.021
D 3.967 64.43 15.153
T 7.637 63.306 15.359
A 7.675 59.526 16.116
V 8.084 56.088 14.629
Y 4.854 55.111 12.859
Y 3.988 51.373 12.701
X 1.642 49.528 10.382
A -0.657 47.103 12.183
A -2.898 44.297 10.883
A -6.017 42.942 12.617
R -7.709 40.57 10.151
R -10.2 39.309 12.783
F -11.256 42.721 14.165
R -15.118 42.763 14.024
A -15.737 46.62 14.204
G -13.443 47.365 11.159
V -11.24 50.048 12.752
V -8.792 48.57 15.273
T -7.666 51.073 17.874
R -6.068 49.078 20.727
A -2.507 47.689 20.387
D -3.538 44.4 22.159
D -6.02 43.67 19.284
V -3.25 43.711 16.675
D -1.786 40.437 15.396
Y 1.009 41.73 13.135
W 3.257 44.813 13.38
G 5.718 46.327 11.006
K 9.113 47.518 12.246
G 8.077 51.14 11.576
T 9.185 54.206 9.628
X 10.557 57.261 11.435
V 8.77 60.627 10.898
T 10.952 63.565 11.943
V 9.433 67.066 11.863
X 11.929 69.981 12.219
S 11.07 73.706 13.121
V 20.891 35.506 27.956
Q 18.866 38.762 28.113
L 20.118 42.428 27.979
