K -10.474 55.555 -85.038
P -13.637 54.997 -82.85
R -14.076 51.54 -81.351
L -16.781 49.464 -79.695
L -15.473 47.043 -77.081
L -17.145 43.772 -76.082
F -16.008 41.647 -73.126
S -17.288 38.332 -71.77
P -15.822 35.251 -70.079
S -14.621 32.636 -72.535
V -16.98 29.846 -71.367
V -20.735 30.427 -71.094
H -22.549 28.31 -68.511
L -26.186 27.564 -69.32
G -28.841 28.524 -66.789
V -26.44 31.158 -65.389
P -26.568 34.906 -66.206
L -23.627 35.785 -68.448
S -21.683 38.923 -67.527
V -21.239 41.048 -70.667
G -19.053 44.164 -70.68
V -19.519 46.922 -73.254
Q -17.437 50.069 -73.752
L -17.123 53.018 -76.129
Q -13.625 54.259 -76.945
D -12.371 57.437 -78.714
V -15.88 58.833 -79.216
P -16.774 62.567 -79.499
R -18.421 64.469 -76.678
G -22.022 64.827 -77.85
Q -22.584 61.208 -78.886
V -25.061 58.651 -77.492
V -25.181 55.078 -78.829
K -27.907 52.482 -78.3
G -28.387 48.82 -79.096
S -28.789 45.294 -77.747
V -26.721 42.212 -76.913
F -27.775 38.542 -77.015
L -26.542 35.028 -77.747
R -27.08 33.984 -81.372
N -27.011 30.549 -83.035
P -25.581 30.442 -86.567
S -26.507 27.479 -88.844
R -30.085 27.683 -87.487
N -30.518 30.995 -89.328
N -30.093 33.683 -86.648
V -32.453 32.388 -83.967
P -31.351 33.761 -80.567
C -30.504 31.455 -77.678
S -31.244 34.246 -75.176
P -33.656 37.173 -74.92
K -31.905 40.432 -75.67
V -30.944 43.102 -73.142
D -30.71 46.723 -74.271
F -27.753 48.958 -73.474
T -27.283 52.716 -73.776
L -23.86 54.37 -73.515
S -23.194 58.098 -73.436
S -19.776 59.674 -73.966
E -19.34 60.457 -70.25
R -20.969 57.209 -69.057
D -19.085 55.083 -71.577
F -19.025 51.66 -69.877
A -21.731 49.278 -68.694
L -21.538 45.929 -66.908
L -24.518 43.953 -68.204
S -26.117 40.681 -67.106
L -27.366 38.623 -70.054
Q -29.932 36.07 -68.904
V -29.311 32.627 -70.415
P -32.407 30.405 -70.146
L -32.441 26.706 -70.944
K -35.712 26.906 -72.91
D -34.28 29.364 -75.442
A -31.002 27.403 -75.558
K -32.728 24.158 -76.588
S -35.161 25.784 -79.038
C -32.336 27.516 -80.935
G -30.549 24.195 -81.438
L -27.382 24.049 -79.342
H -28.154 20.538 -78.091
Q -28.459 19.359 -81.716
L -25.043 20.812 -82.622
L -22.105 18.796 -83.964
R -18.275 18.834 -83.544
G -17.94 20.843 -80.344
P -19.762 23.161 -77.934
E -19.486 26.615 -79.551
V -21.805 29.651 -79.448
Q -21.609 33.338 -80.41
L -22.183 36.462 -78.335
V -23.5 39.204 -80.623
A -23.944 42.911 -79.889
H -26.388 44.578 -82.301
S -26.301 48.337 -82.91
P -26.861 50.531 -86.003
W -23.97 52.771 -84.82
L -21.457 50.605 -86.717
K -23.29 50.899 -90.054
D -24.886 54.368 -89.961
S -21.722 56.151 -88.769
L -18.53 54.058 -88.87
S -19.45 52.805 -92.411
R -18.725 49.165 -91.569
T -20.23 46.262 -93.488
T -22.634 45.089 -90.767
N -24.535 46.46 -87.801
I -23.069 43.461 -85.91
Q -19.95 43.132 -83.749
G -19.3 40.045 -81.676
I -17.054 37.243 -80.418
N -16.844 33.445 -80.555
L -17.37 31.53 -77.306
L -17.697 28.062 -75.816
F -20.829 26.984 -73.982
S -21.104 24.459 -71.161
S -24.061 22.765 -69.486
R -22.108 22.533 -66.209
R -23.806 24.71 -63.596
G -24.015 25.001 -59.825
H -22.19 23.133 -57.082
L -23.061 19.661 -55.787
F -21.443 18.367 -52.599
L -22.059 14.871 -51.283
Q -20.803 12.807 -48.335
T -21.386 9.218 -47.265
D -22.129 7.296 -44.081
Q -18.537 6.016 -43.847
P -15.206 5.881 -45.695
I -15.031 2.051 -45.514
Y -17.786 -0.556 -45.156
N -18.082 -4.327 -44.812
P -19.961 -6.331 -47.475
G -23.582 -6.467 -46.385
Q -23.688 -3.074 -44.646
R -26.089 -0.16 -45.145
V -24.756 2.83 -47.086
R -26.28 6.213 -46.267
Y -25.486 9.288 -48.332
R -26.607 12.904 -48.541
