N -59.164 -16.825 36.153
L -56.146 -19.164 36.907
C -57.036 -22.351 38.957
P -56.002 -21.573 42.574
F -54.293 -24.819 43.686
G -52.12 -22.187 45.491
E -54.708 -21.979 48.365
V -54.958 -25.854 48.627
F -51.342 -27.226 48.551
N -49.589 -24.155 50.093
A -52.703 -23.675 52.368
T -51.405 -22.746 55.914
R -53.503 -25.325 57.919
F -54.939 -28.696 56.618
A -58.045 -30.738 57.669
S -58.282 -33.935 59.833
V -58.626 -37.089 57.642
Y -62.288 -38.024 58.599
A -63.293 -34.301 58.073
W -61.471 -34.033 54.673
N -61.793 -30.694 52.807
R -63.163 -30.663 49.195
K -62.445 -27.684 46.866
R -64.585 -27.467 43.675
I -62.192 -26.169 40.936
S -64.275 -24.693 38.029
N -64.1 -21.885 35.36
C -60.255 -21.561 35.395
V -57.187 -22.788 33.386
A -54.559 -24.875 35.28
D -51.008 -25.54 34.054
Y -50.89 -28.902 35.924
S -47.148 -28.909 34.905
V -46.869 -26.518 37.964
L -47.477 -29.593 40.233
Y -45.675 -32.594 38.569
N -42.549 -30.619 37.416
S -42.027 -29.769 41.198
A -39.666 -32.371 42.816
S -41.097 -31.908 46.381
F -43.93 -34.554 46.584
S -43.381 -38.083 48.106
T -46.298 -39.808 46.292
F -47.796 -38.629 42.918
K -49.824 -41.801 42.112
C -52.258 -41.101 39.209
Y -55.172 -43.559 38.625
G -56.875 -43.66 35.161
V -55.598 -40.309 33.729
S -52.226 -39.062 32.301
P -51.558 -35.733 34.146
T -48.784 -34.951 31.583
K -51.581 -34.972 28.925
L -54.602 -33.231 30.661
N -52.853 -29.841 30.034
D -54.558 -30.21 26.561
L -58.0 -31.75 27.528
C -61.057 -30.045 29.184
F -62.822 -31.555 32.3
T -66.203 -30.258 33.681
N -64.965 -30.281 37.34
V -61.727 -30.921 39.266
Y -62.383 -31.84 42.926
A -59.378 -31.297 45.29
D -59.761 -33.224 48.621
S -57.041 -32.176 51.17
F -56.233 -33.753 54.618
V -53.427 -35.144 56.903
I -52.608 -38.803 57.817
R -49.394 -40.534 59.063
G -47.084 -41.561 56.141
D -47.716 -45.339 56.735
E -51.373 -44.938 55.604
V -50.54 -43.01 52.313
R -50.634 -46.368 50.413
Q -54.297 -46.851 51.629
I -55.373 -43.742 49.53
A -55.999 -45.802 46.341
P -58.998 -47.746 44.942
G -59.615 -51.294 46.35
Q -57.508 -50.695 49.539
T -59.14 -51.547 52.959
G -58.326 -50.886 56.671
K -58.888 -48.002 59.16
I -58.329 -45.009 56.796
A -59.644 -46.817 53.664
D -62.991 -48.002 55.12
Y -63.794 -45.566 58.064
N -62.282 -42.136 57.005
Y -61.729 -41.497 53.2
K -62.823 -44.211 50.658
L -61.96 -44.013 46.911
P -64.105 -45.77 44.255
D -62.78 -48.557 41.928
D -63.458 -46.324 38.813
F -61.324 -43.49 40.308
T -59.97 -41.067 37.622
G -57.643 -38.751 39.577
C -54.306 -38.554 41.458
V -53.174 -38.89 45.106
I -50.486 -36.246 45.952
A -48.706 -36.598 49.35
W -45.633 -34.864 50.888
N -43.964 -35.357 54.321
S -44.974 -32.453 56.661
N -43.145 -33.222 59.988
N -41.713 -29.642 59.519
L -45.304 -28.161 59.792
D -47.645 -30.556 61.736
S -45.4 -31.883 64.643
K -44.88 -30.234 68.1
V -42.313 -31.174 70.831
G -45.373 -31.79 73.142
G -46.982 -33.802 70.255
N -49.55 -32.288 67.77
Y -52.717 -34.188 68.909
N -55.004 -31.742 66.891
Y -55.008 -34.061 63.78
L -57.562 -36.899 64.226
Y -58.874 -40.14 62.603
R -62.009 -42.373 63.02
L -61.496 -45.924 64.421
F -64.971 -47.67 64.378
R -68.185 -47.535 62.322
K -71.266 -49.832 62.005
S -70.354 -50.185 58.237
N -67.67 -49.094 55.676
L -67.825 -45.582 54.057
K -69.363 -45.222 50.561
P -66.843 -43.765 48.031
F -66.132 -40.026 48.74
E -68.247 -40.151 51.964
R -67.389 -37.579 54.721
D -68.588 -38.857 58.163
I -68.099 -36.419 61.137
S -70.731 -37.853 63.635
T -69.412 -38.554 67.227
E -71.962 -41.363 67.979
I -70.8 -43.394 71.063
Y -69.994 -46.646 69.136
