E -52.874 -13.95 73.105
V -54.528 -10.818 74.487
Q -55.528 -8.527 71.627
L -57.487 -5.274 71.409
V -58.673 -4.027 68.009
E -60.279 -0.614 67.578
S -62.484 0.229 64.607
G -65.054 2.722 63.378
G -62.976 5.891 63.27
G -63.343 8.337 60.435
L -64.136 11.822 59.207
V -67.059 13.411 61.057
Q -68.323 16.925 60.396
P -68.611 19.322 63.344
G -71.362 18.556 65.793
G -71.484 15.084 64.273
S -71.757 11.617 65.778
L -69.782 8.392 65.463
R -69.396 5.059 67.21
L -66.059 3.38 67.913
S -65.676 -0.326 68.682
C -62.983 -2.188 70.646
A -63.032 -5.93 69.937
A -61.24 -7.972 72.599
S -59.546 -11.29 71.847
G -57.818 -13.913 73.956
F -59.673 -12.812 77.108
N -63.122 -11.679 78.243
I -63.911 -8.074 79.134
K -66.188 -9.339 81.922
D -62.924 -10.015 83.753
T -61.566 -6.461 83.724
Y -62.062 -2.756 83.126
I -61.901 -1.277 79.615
H -60.521 2.214 78.983
W -60.749 4.644 76.09
V -57.699 6.952 76.012
R -57.223 9.541 73.281
Q -54.209 11.364 71.86
A -54.684 14.644 70.011
P -52.283 15.615 67.204
G -48.908 16.559 68.669
K -50.145 16.12 72.258
G -50.082 13.575 75.077
L -52.32 10.699 76.096
E -55.689 11.689 77.594
W -57.947 9.224 79.41
V -61.543 9.871 78.354
A -63.571 7.02 79.814
R -63.784 3.617 81.485
I -66.302 0.813 81.939
Y -66.597 -2.348 84.045
P -68.495 -4.723 81.711
T -69.737 -6.999 84.495
N -71.997 -4.378 86.104
G -71.728 -1.721 83.416
Y -70.165 0.741 85.846
T -69.03 3.739 83.8
R -66.658 6.584 84.666
Y -66.045 9.521 82.321
A -63.627 12.434 82.216
D -64.987 15.918 82.847
S -63.742 16.865 79.378
V -66.227 14.511 77.718
K -69.191 14.28 80.086
G -72.457 14.483 78.157
R -70.762 14.349 74.75
F -69.268 10.839 75.015
T -70.966 7.584 76.046
I -69.207 4.289 76.786
S -71.025 0.95 76.679
A -70.179 -2.732 76.385
D -71.613 -5.979 75.028
T -70.151 -8.886 77.0
S -71.84 -11.329 74.619
K -69.816 -9.808 71.774
N -66.801 -9.24 74.056
T -66.749 -5.685 72.726
A -66.549 -2.186 74.189
Y -68.146 0.808 72.483
L -67.726 4.586 72.519
Q -70.575 6.691 71.124
M -69.687 10.306 70.314
N -72.108 13.129 69.541
S -71.918 16.847 68.733
L -68.18 16.289 68.364
R -65.897 19.298 68.755
A -62.674 20.246 67.005
E -60.986 19.494 70.341
D -62.12 15.872 69.957
T -59.948 15.101 66.914
A -57.468 12.464 68.074
V -56.333 8.862 67.889
Y -58.553 6.843 70.235
Y -56.949 3.784 71.839
C -58.735 1.162 73.913
S -56.829 -0.531 76.736
R -57.431 -2.628 79.842
W -56.383 -3.046 83.465
F -53.041 -4.948 88.398
Y -54.134 -1.332 87.855
A -51.682 -0.989 84.931
M -52.711 -0.532 81.284
D -50.796 -3.558 80.041
Y -52.568 -4.002 76.687
W -53.477 -1.394 74.08
G -55.147 -1.559 70.722
Q -53.301 0.154 67.904
G -55.902 2.933 67.96
T -58.295 4.464 65.453
L -58.369 8.026 64.155
V -61.374 10.277 64.764
T -61.211 13.596 62.906
V -63.706 16.415 63.475
S -63.499 18.47 60.276
S -64.361 21.978 61.447
D -57.718 15.87 89.891
I -54.324 14.306 90.608
Q -51.589 15.875 88.483
M -48.362 14.378 87.13
T -45.57 16.775 86.14
Q -42.96 15.287 83.815
S -39.415 16.599 83.461
P -37.95 17.296 80.986
S -40.202 17.937 77.978
S -37.32 17.109 75.619
L -34.023 15.291 76.097
S -31.038 14.585 73.839
A -28.901 11.509 74.474
S -26.528 9.102 72.74
V -26.373 5.325 72.471
G -24.85 4.049 75.696
D -26.013 7.048 77.723
R -27.707 6.597 81.088
V -30.989 8.5 80.971
T -33.317 9.576 83.78
I -36.825 10.994 83.34
T -38.876 12.062 86.336
C -42.53 12.623 87.189
R -43.636 14.562 90.262
