A 50.486 80.276 37.013
A 49.725 80.986 33.357
E 49.554 78.01 30.965
K 48.873 75.418 33.699
G 45.948 73.053 34.184
F 42.689 74.34 35.603
K 41.801 74.009 39.267
Q 38.223 73.293 40.275
A 37.282 76.944 40.831
F 37.41 77.266 37.021
W 35.421 74.259 35.868
Q 33.049 73.595 38.79
P 30.773 76.55 37.855
L 30.613 75.184 34.306
C 29.612 71.786 35.695
Q 26.84 73.516 37.658
V 25.469 75.282 34.579
S 25.677 72.089 32.498
E 23.715 70.127 35.121
E 21.01 72.802 35.266
L 20.732 73.062 31.464
D 20.087 69.301 31.483
D 16.769 70.06 33.188
Q 15.495 72.544 30.601
P 14.145 69.757 28.323
K 12.484 68.236 31.401
G 10.703 71.513 32.097
A 9.697 71.754 28.443
L 8.021 68.356 28.584
F 6.504 69.315 31.953
T 5.004 72.531 30.563
L 3.72 71.018 27.301
Q 1.998 68.151 29.1
A 0.627 70.485 31.768
A -0.83 72.805 29.12
A -2.511 69.876 27.362
S -3.676 68.449 30.7
K -5.193 71.758 31.845
I -6.928 72.151 28.475
Q -8.398 68.672 28.96
K -9.601 69.702 32.436
M -11.279 72.8 30.986
R -12.899 70.696 28.261
D -14.073 68.012 30.738
A -15.803 70.767 32.711
A -17.381 72.181 29.556
L -18.573 68.721 28.507
R -20.014 68.022 31.981
A -21.951 71.296 31.938
S -23.07 70.586 28.361
I -24.379 67.156 29.343
Y -26.184 68.703 32.314
A -27.862 71.194 29.99
E -28.894 68.519 27.46
I -30.477 66.342 30.141
N -32.265 69.112 32.067
H -33.662 71.059 29.105
G -35.998 73.87 30.088
T -34.999 74.751 33.645
N -33.245 77.928 34.771
R -30.394 75.662 35.908
A -29.957 74.305 32.375
K -29.475 77.86 31.094
A -26.918 78.525 33.825
A -25.203 75.309 32.719
V -25.107 76.555 29.105
I -23.272 79.698 30.282
V -20.918 77.521 32.349
A -20.218 75.219 29.38
N -19.483 78.181 27.107
H -17.033 79.555 29.665
Y -14.987 76.368 29.985
A -15.092 75.635 26.253
M -13.621 79.081 25.595
K -10.928 78.444 28.217
A -10.138 75.137 26.498
D -10.076 76.815 23.065
S -7.876 79.68 24.231
G -5.407 77.371 25.979
L -4.996 75.316 22.821
E -4.422 78.502 20.819
A -1.838 79.649 23.386
L -0.127 76.258 23.142
K 0.049 76.569 19.346
Q 0.98 80.252 19.138
T 3.183 80.816 22.22
L 4.112 77.815 24.376
S 5.283 75.478 21.6
S 7.92 77.913 20.326
Q 8.941 78.962 23.853
E 9.567 75.396 24.967
V 11.198 74.172 21.766
T 13.452 77.249 21.827
A 14.449 76.795 25.481
T 15.082 73.064 24.911
A 17.188 73.776 21.819
T 19.257 76.655 23.177
A 19.925 75.024 26.551
S 20.781 71.63 25.024
Y 23.01 73.287 22.412
L 24.884 75.308 25.052
K 25.127 72.192 27.231
G 26.782 70.301 24.354
R 29.207 73.173 23.807
I 30.153 73.189 27.509
D 30.196 69.401 27.865
E 32.528 68.84 24.903
Y 35.008 71.345 26.391
L 34.779 69.901 29.909
N 35.152 66.389 28.53
L 38.259 67.497 26.651
L 39.835 68.938 29.827
L 38.832 65.787 31.716
Q 40.719 63.539 29.278
T 43.777 65.704 28.605
K 46.148 64.643 31.369
E 49.632 63.184 31.674
S 49.298 61.524 35.092
G 47.309 61.485 38.325
T 48.962 64.746 39.393
S 49.378 66.628 36.099
G 46.617 67.515 33.658
C 44.074 70.007 32.405
M 41.352 69.281 34.998
M 42.623 69.579 38.587
D 40.945 69.363 41.974
T 40.294 72.365 44.227
S 43.842 72.416 45.614
G 45.598 71.412 42.405
T 46.921 68.252 44.055
N 45.462 65.623 41.732
T 43.686 65.461 38.433
V 40.001 64.638 38.794
T 38.085 61.674 37.357
K 34.448 61.165 36.407
A 32.632 58.441 38.337
G 29.031 58.112 39.182
G 27.772 61.315 37.785
T 30.375 63.423 39.573
I 33.802 64.919 38.96
