T -17.501 60.597 -59.257
N -18.023 58.887 -55.858
L -17.116 55.197 -55.643
C -19.785 53.051 -53.973
P -18.571 51.848 -50.495
F -18.601 48.127 -51.115
G -15.764 47.619 -48.629
E -18.051 48.59 -45.742
V -20.263 45.604 -46.656
F -17.906 42.895 -47.915
N -15.141 43.755 -45.438
A -17.23 44.387 -42.317
T -15.725 43.339 -39.003
R -18.822 41.55 -37.628
F -21.588 39.8 -39.578
A -25.252 39.407 -38.682
S -26.942 36.129 -37.941
V -29.21 35.308 -40.823
Y -32.405 35.688 -38.776
A -31.393 39.311 -38.132
W -29.792 39.945 -41.535
N -28.18 43.334 -42.036
R -29.221 45.744 -44.815
K -27.29 48.682 -46.293
R -28.737 50.915 -48.998
I -26.315 52.391 -51.53
S -26.976 55.252 -53.955
N -25.484 58.531 -55.231
C -22.296 56.689 -56.231
V -20.588 54.688 -58.992
A -19.956 50.933 -58.887
D -17.593 48.788 -60.959
Y -19.148 45.35 -60.507
S -16.173 43.645 -62.12
V -13.552 44.637 -59.565
L -15.709 42.37 -57.371
Y -16.836 39.764 -59.932
N -13.179 39.309 -60.972
S -11.761 39.251 -57.459
A -10.633 35.69 -56.646
S -11.923 35.934 -53.057
F -15.53 34.911 -53.741
S -16.542 31.261 -53.969
T -20.023 32.041 -55.298
F -21.042 34.99 -57.523
K -24.367 34.258 -59.227
C -27.032 36.609 -60.595
Y -30.695 36.372 -61.521
G -32.766 38.366 -64.018
V -29.56 40.128 -64.982
S -26.209 38.787 -66.039
P -22.876 39.137 -64.203
T -21.155 40.172 -67.423
K -23.204 43.279 -68.241
L -23.565 44.578 -64.684
N -21.796 47.874 -65.421
D -23.958 48.745 -68.431
L -26.972 48.85 -66.092
C -28.14 51.784 -63.937
F -30.422 51.624 -60.921
T -32.405 53.871 -58.598
N -30.998 52.17 -55.516
V -29.039 49.049 -54.632
Y -29.532 47.154 -51.37
A -26.762 45.057 -49.778
D -28.012 42.361 -47.396
S -25.374 40.426 -45.47
F -25.356 37.536 -43.018
V -23.755 34.168 -42.157
I -25.17 30.716 -42.937
R -23.848 27.186 -43.522
G -22.335 26.203 -46.834
D -25.193 23.719 -47.201
E -27.641 26.608 -47.354
V -26.204 28.898 -50.043
R -28.602 27.007 -52.369
Q -31.441 28.624 -50.459
I -30.392 32.206 -51.151
A -32.122 32.119 -54.543
P -35.579 32.724 -56.052
G -38.02 29.872 -55.778
Q -36.22 27.92 -53.031
T -37.52 26.337 -49.811
G -35.957 25.203 -46.532
K -35.438 26.678 -43.054
I -33.42 29.622 -44.358
A -35.581 30.614 -47.309
D -38.711 29.782 -45.292
Y -38.008 31.349 -41.915
N -34.911 33.559 -42.302
Y -34.148 35.156 -45.711
K -36.632 35.002 -48.598
L -35.999 36.334 -52.133
P -38.948 36.955 -54.502
D -39.529 34.758 -57.54
X -38.895 37.776 -59.795
F -35.587 38.485 -58.081
X -33.179 40.78 -59.923
G -29.737 40.984 -58.34
C -26.761 38.926 -57.267
V -25.892 36.401 -54.581
I -22.22 36.503 -53.507
A -20.799 34.067 -50.945
W -17.438 33.022 -49.542
N -16.227 30.492 -47.004
S -15.368 32.109 -43.657
N -14.201 29.202 -41.459
N -11.03 31.127 -40.689
L -12.989 33.906 -38.938
D -16.31 32.443 -37.859
S -15.274 29.214 -36.111
K -13.165 28.624 -32.943
V -11.547 25.663 -31.227
G -14.361 24.153 -29.19
G -16.863 25.676 -31.56
N -18.512 29.004 -32.243
Y -22.22 29.135 -31.356
N -22.746 32.888 -31.576
Y -24.632 32.674 -34.901
L -28.364 31.948 -34.844
Y -31.047 30.91 -37.294
R -34.806 30.854 -36.76
L -36.018 27.255 -36.534
F -39.734 27.925 -35.976
R -42.285 30.303 -37.464
K -46.064 30.124 -37.871
S -45.85 31.174 -41.545
N -43.252 31.452 -44.265
L -41.564 34.811 -44.735
K -42.677 37.242 -47.413
P -39.834 38.428 -49.682
F -37.367 40.662 -47.81
E -39.324 40.27 -44.569
R -37.208 40.221 -41.411
D -38.433 38.683 -38.144
I -36.339 39.145 -34.987
S -39.019 37.877 -32.572
T -38.153 35.765 -29.556
E -41.732 34.702 -28.868
I -42.227 31.163 -27.645
