Q 114.435 61.236 107.93
R 114.49 64.859 109.076
N 117.918 65.221 107.448
E 116.358 63.99 104.198
E 113.541 66.526 104.654
K 116.121 69.278 105.245
A 118.101 68.393 102.102
Q 114.847 68.253 100.13
R 113.898 71.708 101.459
E 117.293 73.141 100.463
A 116.81 71.728 96.96
N 113.409 73.469 96.948
K 115.159 76.708 97.95
K 117.604 76.437 95.027
I 114.76 75.7 92.574
E 112.68 78.623 93.876
K 115.629 81.048 93.653
Q 116.27 79.926 90.063
L 112.58 80.414 89.232
Q 112.798 83.946 90.642
K 115.787 84.491 88.335
D 113.797 83.211 85.341
K 110.632 85.19 86.206
Q 112.295 88.535 85.43
V 113.532 87.34 82.03
Y 110.066 85.976 81.234
R 108.34 89.231 82.236
A 110.875 91.522 80.553
T 110.593 89.903 77.105
H 107.694 90.112 74.653
R 106.706 87.189 72.444
L 105.197 87.742 69.029
L 103.484 85.343 66.625
L 104.028 86.079 62.961
L 101.731 84.352 60.519
G 101.874 85.097 56.811
A 99.631 83.147 54.492
G 102.716 82.437 52.36
E 103.905 84.067 49.095
S 102.975 87.325 50.845
G 106.272 88.915 51.839
K 106.398 86.834 55.031
N 109.959 85.688 54.31
T 111.131 89.253 53.634
I 109.886 90.564 57.007
V 111.696 87.827 58.944
K 114.711 88.588 56.764
Q 114.704 92.154 58.13
M 115.512 90.823 61.605
S 112.34 72.621 62.842
G 108.628 72.764 63.606
I 108.758 76.371 64.741
F 111.407 78.924 63.815
E 113.07 81.666 65.808
T 113.918 85.341 65.369
K 115.547 87.307 68.184
F 115.998 91.077 68.162
Q 115.896 94.118 70.42
V 115.217 97.831 69.957
D 115.633 100.425 72.758
K 116.798 97.764 75.259
V 113.678 95.578 75.242
N 113.772 92.009 73.936
F 111.383 90.508 71.377
H 110.799 86.921 70.276
M 109.12 86.486 66.901
F 107.675 83.049 66.139
D 106.56 81.599 62.825
V 105.675 78.006 61.965
G 107.216 76.191 59.029
A 106.601 72.469 59.416
Q 103.023 72.451 60.699
R 100.141 71.16 58.618
D 97.507 73.366 56.931
E 94.929 73.022 59.726
R 95.577 75.734 62.318
R 92.651 74.923 64.599
K 94.468 73.317 67.562
W 97.944 74.842 67.677
I 96.612 78.414 67.437
Q 95.332 78.019 71.021
C 98.902 77.972 72.372
F 99.504 81.525 71.128
N 97.171 83.37 73.485
D 99.703 84.696 76.014
V 101.441 86.255 73.018
T 101.332 90.045 73.097
A 100.65 90.548 69.378
I 99.806 88.542 66.271
I 101.697 89.863 63.236
F 99.247 89.06 60.438
V 100.838 89.559 57.014
V 98.694 90.045 53.892
A 99.628 90.313 50.212
S 97.212 93.124 49.386
S 98.139 93.098 45.685
S 96.779 89.56 45.187
Y 93.03 90.042 44.894
N 90.969 85.182 45.256
R 93.761 85.055 47.831
L 92.545 88.217 49.578
Q 89.165 86.727 50.512
A 91.074 83.802 52.028
A 93.102 86.324 54.039
L 89.924 88.056 55.257
K 88.316 84.762 56.291
L 91.498 83.767 58.125
F 91.512 87.164 59.865
D 87.84 86.691 60.801
S 88.58 83.233 62.213
I 91.552 84.462 64.259
W 89.711 87.575 65.491
N 86.409 85.966 66.523
N 88.074 83.031 68.294
K 87.025 82.158 71.836
W 90.579 81.967 73.197
L 92.181 84.649 70.999
R 89.756 87.219 72.437
D 92.503 89.118 74.308
T 95.331 89.346 71.736
S 95.821 92.281 69.389
V 96.795 92.085 65.716
I 99.565 94.167 64.122
L 98.234 94.008 60.576
F 100.674 94.472 57.714
L 99.751 94.922 54.049
N 102.708 94.166 51.782
K 103.039 94.304 47.986
Q 101.842 97.903 47.722
D 104.546 98.501 45.102
L 102.857 95.726 43.113
L 99.321 96.838 44.015
A 99.958 100.284 42.509
E 101.289 98.697 39.304
K 98.315 96.31 39.24
V 95.697 99.055 39.656
L 97.254 101.616 37.272
A 96.986 99.066 34.443
G 93.205 98.71 34.628
K 92.998 95.085 33.482
