D 11.418 -15.146 -38.379
Q 12.703 -14.337 -34.891
R 11.945 -10.597 -34.876
N 10.408 -9.788 -38.282
E 6.852 -10.288 -36.99
E 7.543 -10.323 -33.239
K 8.521 -6.639 -33.335
A 5.123 -5.611 -34.709
Q 3.508 -7.849 -32.088
R 5.519 -6.128 -29.348
E 4.511 -2.716 -30.709
A 0.852 -3.778 -30.688
N 1.273 -5.056 -27.125
K 2.797 -1.715 -26.109
K -0.129 0.138 -27.693
I -2.557 -2.135 -25.834
E -0.653 -1.502 -22.593
K -0.921 2.25 -23.187
Q -4.663 1.918 -23.816
L -5.068 -0.162 -20.649
Q -3.07 2.26 -18.493
K -5.213 5.088 -19.88
D -8.41 3.147 -19.123
K -7.171 2.331 -15.604
Q -7.666 5.929 -14.457
V -11.261 6.2 -15.681
Y -11.999 2.703 -14.349
R -10.633 3.097 -10.816
A -12.126 6.596 -10.658
T -15.464 5.005 -11.611
H -17.243 3.567 -8.563
R -19.729 0.899 -9.616
L -22.956 0.505 -7.636
L -24.793 -2.822 -7.578
L -28.551 -2.211 -7.377
L -30.893 -5.073 -6.486
G -34.062 -5.766 -4.534
A -36.476 -8.417 -3.349
G -39.001 -7.516 -6.061
E -40.906 -4.396 -7.199
S -39.211 -2.651 -4.259
G -39.059 0.738 -5.987
K -35.75 0.243 -7.802
S -37.441 1.546 -10.959
T -38.079 4.895 -9.265
I -34.414 4.902 -8.21
V -32.963 4.234 -11.664
K -35.469 6.626 -13.262
Q -34.202 9.567 -11.178
M -30.581 9.226 -12.308
R -29.153 12.296 -14.097
I -32.578 12.789 -15.768
L -31.421 10.611 -18.676
T -31.792 -5.087 -25.053
G -33.823 -3.681 -22.172
I -33.01 -1.717 -19.01
F -29.919 -3.3 -17.441
E -27.276 -0.67 -16.612
T -27.476 3.119 -16.383
K -24.519 5.441 -15.81
F -24.273 8.993 -14.491
Q -21.756 11.42 -12.995
V -21.937 13.865 -10.077
D -19.117 16.135 -8.856
K -16.923 14.765 -11.676
V -17.333 11.254 -10.21
N -18.892 8.865 -12.729
F -20.777 5.982 -11.109
H -22.149 2.742 -12.566
M -25.562 1.461 -11.444
F -26.255 -2.077 -12.695
D -29.879 -3.152 -12.341
V -30.701 -6.86 -12.202
G -34.441 -6.557 -12.796
A -34.244 -9.188 -15.54
Q -32.204 -12.067 -14.081
R -33.865 -14.964 -12.294
D -34.608 -15.134 -8.575
E -31.496 -17.225 -7.817
R -28.798 -14.714 -6.84
R -26.26 -17.164 -5.388
K -24.019 -17.17 -8.487
W -24.019 -13.909 -10.453
I -23.803 -11.772 -7.304
Q -20.335 -13.275 -6.793
C -19.341 -11.139 -9.787
F -19.972 -8.038 -7.645
N -16.883 -8.325 -5.444
D -15.047 -5.487 -7.212
V -18.091 -3.211 -6.868
T -17.781 -0.408 -4.323
A -21.309 -0.624 -2.892
I -24.396 -2.836 -3.13
I -27.353 -0.44 -3.222
F -30.152 -2.482 -1.618
V -33.417 -0.783 -2.609
V -35.827 -2.315 -0.074
A -39.532 -1.447 0.046
S -40.385 -0.97 3.722
S -44.113 -1.111 2.857
S -44.158 -4.223 0.629
Y -44.495 -6.526 3.659
N -48.26 -6.767 3.088
M -47.936 -8.127 -0.464
T -46.234 -12.148 0.899
N -43.975 -10.722 3.63
R -41.423 -9.406 1.148
L -39.727 -7.494 3.979
Q -38.512 -10.758 5.516
E -37.287 -11.906 2.098
A -35.337 -8.65 1.79
L -33.946 -9.216 5.295
N -32.795 -12.708 4.303
L -31.254 -11.381 1.084
F -29.376 -8.719 3.055
K -28.174 -11.372 5.509
S -26.91 -13.562 2.662
I -25.171 -10.574 1.059
W -23.572 -9.678 4.401
N -22.351 -13.173 5.311
N -21.133 -13.776 1.745
R -17.519 -14.884 1.386
W -17.05 -12.514 -1.576
L -19.384 -9.669 -0.563
R -17.785 -9.591 2.905
T -15.65 -6.599 1.841
I -18.484 -4.759 0.045
S -20.666 -2.207 1.81
V -24.451 -2.228 1.405
I -26.266 1.059 0.739
L -29.584 0.187 2.365
F -32.417 2.095 0.662
L -35.691 1.891 2.612
N -37.729 2.713 -0.474
K -41.488 3.361 -0.571
Q -41.711 5.504 2.556
D -44.863 7.409 1.571
L -46.755 4.124 1.139
L -45.551 3.012 4.595
A -46.8 5.949 6.683
