E 71.732 121.576 128.729
S 70.615 118.412 126.924
P 72.637 116.027 124.692
A 70.8 117.247 121.592
I 74.044 117.631 119.625
S 76.685 115.568 121.42
S 75.092 112.128 121.793
V 73.518 112.166 118.332
M 76.804 112.97 116.582
F 78.623 110.409 118.727
S 76.098 107.738 117.741
A 76.311 108.725 114.073
G 80.108 108.593 114.22
V 80.354 105.18 115.856
L 77.668 103.846 113.504
G 79.593 105.074 110.467
N 82.828 103.628 111.842
L 81.176 100.24 112.396
I 79.675 100.313 108.895
A 83.158 101.04 107.547
L 84.701 98.247 109.641
A 82.101 95.788 108.331
L 83.197 96.312 104.707
L 86.857 96.437 105.76
A 87.801 93.762 108.313
R 87.067 90.859 105.935
S 97.43 96.692 100.122
L 99.246 99.445 102.012
F 96.291 101.769 101.681
H 94.175 98.952 103.056
V 96.424 98.668 106.101
L 96.318 102.452 106.604
V 92.53 102.756 106.473
T 92.139 99.826 108.89
E 94.404 101.604 111.369
L 92.63 104.934 110.824
V 89.159 103.555 111.535
F 90.623 101.594 114.462
T 92.087 104.655 116.173
D 88.973 106.714 115.389
L 86.651 104.164 116.995
L 89.001 103.702 119.953
G 89.216 107.436 120.609
T 85.493 108.073 120.335
C 84.448 105.061 122.435
L 86.981 105.945 125.147
I 86.181 109.685 125.228
S 82.42 110.079 124.814
P 81.31 108.062 127.898
V 83.339 110.516 129.999
V 81.502 113.522 128.543
L 78.159 111.728 128.906
A 78.944 110.964 132.558
S 78.516 114.651 133.444
Y 74.831 114.668 132.501
A 73.256 112.329 135.073
R 75.904 112.726 137.794
N 75.357 116.514 137.772
Q 72.527 118.935 136.92
T 74.894 121.644 135.651
L 75.988 122.063 139.293
V 79.381 120.36 139.77
A 81.479 119.908 136.631
L 83.841 117.468 138.41
A 81.543 114.782 139.816
P 83.589 111.52 139.65
E 86.949 112.58 141.098
S 89.609 115.29 140.869
R 91.66 113.604 138.106
A 88.828 112.885 135.665
C 88.805 115.831 133.259
T 92.606 115.8 133.372
Y 92.5 112.36 131.753
F 89.763 113.719 129.481
A 91.974 116.521 128.141
F 94.986 114.205 127.904
A 93.163 111.598 125.823
M 91.567 114.408 123.798
T 94.935 115.795 122.709
F 96.25 112.252 122.224
F 93.466 111.167 119.865
S 93.588 114.5 118.024
L 97.313 114.183 117.303
A 96.853 110.499 116.452
T 94.151 111.17 113.86
M 96.072 114.116 112.404
L 99.269 112.07 112.054
M 97.333 109.186 110.498
L 95.81 111.568 107.952
F 99.258 113.009 107.24
A 100.658 109.512 106.688
M 97.826 108.577 104.319
A 98.201 111.825 102.363
L 101.968 111.346 102.088
E 101.497 107.753 100.927
R 98.986 108.785 98.275
Y 101.083 111.71 97.124
L 104.11 109.48 96.652
S 101.93 106.881 95.006
I 100.65 109.302 92.363
G 103.403 111.891 92.335
H 106.571 109.767 92.317
P 105.594 106.323 91.029
Y 109.004 104.83 90.263
F 110.424 105.799 93.665
Y 107.278 104.455 95.303
Q 107.384 101.268 93.247
R 110.535 100.118 95.034
R 111.148 101.886 98.346
V 107.68 101.339 99.736
S 106.165 97.96 100.633
R 103.039 96.764 102.403
S 104.925 94.936 105.148
G 106.27 98.156 106.664
G 102.728 99.505 106.814
L 101.836 98.069 110.21
A 104.62 100.075 111.851
V 102.944 103.443 111.224
L 100.52 103.075 114.139
P 103.32 102.234 116.626
V 105.478 105.285 115.841
I 102.537 107.693 115.712
Y 101.186 106.433 119.044
A 104.683 106.832 120.498
V 105.101 110.423 119.29
S 101.57 111.273 120.435
L 101.98 109.714 123.893
L 105.19 111.723 124.244
F 103.756 115.046 123.043
C 100.542 114.596 125.068
S 102.008 113.358 128.352
L 104.426 116.283 128.058
P 101.974 118.463 130.067
L 101.427 115.703 132.65
L 105.121 116.134 133.569
D 104.424 119.746 134.733
Y 105.363 121.126 131.291
G 101.69 122.122 130.913
Q 98.388 122.31 132.795
Y 94.71 121.618 132.092
