N 34.623 -45.529 -8.719
L 33.556 -41.893 -8.66
C 34.966 -39.775 -5.845
P 32.128 -39.336 -3.316
F 32.558 -35.583 -2.844
G 28.805 -35.226 -3.28
E 28.239 -37.488 -0.272
V 30.446 -35.261 1.898
F 28.686 -31.949 1.245
N 25.121 -33.257 0.732
A 25.159 -35.688 3.693
T 21.87 -35.683 5.585
R 23.497 -35.745 9.033
F 26.832 -34.378 10.231
A 28.871 -35.446 13.244
S 29.209 -33.536 16.484
V 32.51 -31.69 16.588
Y 33.836 -33.636 19.583
A 33.268 -36.884 17.632
W 34.196 -35.356 14.278
N 33.922 -37.624 11.261
R 36.776 -38.459 8.886
K 36.103 -39.844 5.421
X 38.916 -41.117 3.21
I 38.629 -40.244 -0.487
S 40.982 -42.388 -2.527
N 41.576 -44.302 -5.76
C 38.601 -42.693 -7.505
V 37.846 -40.27 -10.339
A 36.369 -36.798 -10.109
D 32.583 -36.674 -10.444
Y 31.901 -34.182 -13.243
S 28.206 -34.0 -12.279
V 28.809 -32.483 -8.8
L 28.934 -28.697 -8.507
Y 28.909 -25.994 -5.838
N 29.248 -22.232 -6.28
S 29.801 -18.988 -4.362
A 26.308 -19.188 -2.866
S 26.994 -22.721 -1.555
F 29.738 -21.865 0.96
S 30.359 -19.025 3.349
X 34.062 -19.939 3.65
F 36.479 -21.7 1.288
K 40.094 -21.083 2.323
C 43.182 -23.117 1.416
Y 46.515 -23.117 3.24
G 49.72 -23.902 1.364
V 47.912 -25.859 -1.36
S 45.806 -25.142 -4.396
P 42.34 -26.78 -4.367
T 42.998 -28.013 -7.928
K 44.925 -30.855 -6.241
L 41.487 -32.313 -5.422
N 40.928 -33.122 -9.127
D 43.608 -35.824 -9.522
L 44.001 -38.598 -6.943
C 46.657 -40.543 -8.88
F 49.239 -39.809 -6.139
T 46.885 -38.34 -3.52
N 44.443 -39.426 -0.852
V 42.064 -36.787 0.493
Y 40.734 -36.847 4.049
A 37.479 -34.972 4.658
D 36.854 -34.137 8.325
S 33.327 -32.867 8.955
F 31.235 -31.603 11.845
V 28.856 -28.885 13.068
I 29.788 -25.875 15.172
X 28.492 -22.367 15.815
G 28.899 -19.638 13.224
D 31.062 -17.601 15.558
E 33.362 -20.595 16.046
V 34.231 -21.222 12.376
X 37.143 -18.801 12.823
Q 38.664 -21.375 15.203
I 38.999 -23.933 12.383
A 42.241 -22.319 11.213
P 45.928 -22.721 12.09
G 47.01 -21.152 15.356
Q 43.586 -20.569 16.919
T 42.39 -20.994 20.496
G 38.984 -21.364 22.123
K 36.716 -24.2 23.171
I 36.583 -25.799 19.725
A 40.26 -25.576 18.831
D 41.397 -26.366 22.4
Y 39.085 -29.286 23.213
N 37.299 -30.517 20.077
Y 39.083 -30.169 16.714
K 42.598 -28.789 16.372
L 44.44 -27.914 13.145
P 48.27 -27.934 13.225
D 50.228 -24.697 13.013
D 51.729 -25.915 9.702
F 48.349 -27.012 8.299
T 48.189 -27.686 4.571
G 44.689 -28.153 3.198
C 41.354 -26.403 2.805
V 38.571 -25.391 5.146
I 35.016 -25.137 3.799
A 32.026 -24.048 5.877
W 28.417 -23.092 5.233
N 25.402 -21.92 7.206
S 23.246 -24.952 8.04
N 20.489 -23.176 9.992
N 17.899 -24.643 7.609
L 19.013 -28.226 8.338
D 20.382 -28.19 11.878
X 17.953 -25.905 13.716
K 14.302 -26.505 14.523
V 11.5 -24.783 16.39
G 11.987 -25.434 20.089
G 15.701 -25.974 19.495
N 17.894 -28.728 18.123
Y 20.098 -30.218 20.868
N 21.481 -33.234 18.975
Y 24.91 -31.621 18.446
L 27.465 -31.615 21.264
Y 30.861 -30.122 21.955
R 33.394 -30.866 24.661
L 33.38 -28.16 27.335
F 36.092 -29.384 29.766
R 39.432 -31.099 29.274
K 42.597 -31.535 31.338
S 44.808 -30.507 28.398
N 44.526 -29.153 24.863
L 44.152 -31.549 21.953
K 47.077 -32.085 19.65
P 46.468 -31.442 15.936
F 43.938 -33.906 14.488
E 43.341 -35.551 17.877
R 39.866 -36.963 18.535
D 38.573 -37.352 22.117
I 35.201 -39.081 22.521
S 35.577 -39.944 26.207
T 32.898 -39.1 28.766
E 34.874 -39.395 32.006
I 33.642 -37.036 34.708
Y 35.698 -33.843 34.853
