E 37.63 -4.665 24.349
H 41.077 -3.062 25.097
Y 39.883 0.203 26.809
I 39.822 -0.108 30.656
K 36.888 1.818 32.21
H 36.918 3.56 35.652
P 34.53 1.842 38.113
L 32.198 4.098 40.152
Q 32.017 3.325 43.917
N 28.285 2.462 43.449
R 26.184 0.864 40.67
W 23.432 3.152 39.286
A 20.197 3.125 37.23
L 18.577 6.048 35.33
W 14.733 6.13 35.252
F 12.385 8.114 32.952
F 8.803 9.2 33.819
K 6.376 10.014 30.937
N 3.155 11.869 31.995
D 0.261 9.731 30.603
K -2.939 10.75 32.514
X -4.657 7.377 31.646
K -1.854 5.363 33.395
T -0.931 5.005 37.12
W 2.145 6.93 38.396
Q 4.016 3.556 38.782
A 3.084 2.47 35.168
N 4.535 5.796 33.797
L 7.958 5.037 35.423
R 10.566 3.126 33.289
L 14.19 2.051 34.058
I 16.078 3.196 30.878
S 19.783 2.328 31.653
K 22.133 0.731 34.263
F 25.808 1.854 34.575
D 28.72 1.57 37.064
T 31.7 3.33 35.313
V 32.654 6.994 34.629
E 32.666 6.262 30.845
D 29.174 4.629 30.841
F 27.742 7.568 32.896
W 28.975 10.107 30.269
A 27.945 7.841 27.317
L 24.368 7.721 28.784
Y 24.221 11.497 29.603
N 25.48 12.289 26.016
H 22.843 9.886 24.458
I 19.617 11.248 26.132
Q 17.687 14.573 25.948
L 18.799 17.299 28.424
S 16.234 17.854 31.258
S 15.575 21.358 29.738
N 14.441 19.658 26.418
L 11.997 17.118 28.061
X 8.194 17.288 27.474
P 6.348 19.048 30.359
G 5.429 16.603 33.21
C 8.394 14.207 32.57
D 11.133 13.241 35.128
Y 14.636 11.751 35.24
S 15.63 9.794 38.407
L 19.183 8.483 39.119
F 19.129 5.903 41.971
K 21.625 3.38 43.384
D 21.05 -0.06 41.774
G 18.165 -1.875 43.571
I 16.493 1.358 44.882
E 13.317 2.282 42.905
P 12.767 6.09 42.641
M 9.525 5.995 44.727
W 8.507 6.601 48.398
E 7.464 2.904 48.804
D 11.05 1.535 48.36
E 12.426 0.164 51.704
K 15.398 2.622 51.292
N 13.094 5.698 50.715
K 9.997 5.131 52.965
R 11.712 6.554 56.159
G 13.694 9.124 54.091
G 13.24 12.541 52.463
R 14.692 14.993 49.913
W 16.709 18.222 49.664
L 14.51 20.199 47.199
I 15.73 22.902 44.731
T 12.68 24.783 43.243
L 13.409 26.668 39.946
N 11.369 29.532 38.367
K 10.395 29.472 34.622
Q 13.446 31.609 33.533
Q 15.836 29.142 35.318
R 14.897 26.272 32.883
R 17.29 27.818 30.269
S 19.961 29.241 32.672
D 20.278 26.696 35.558
L 18.237 23.43 35.175
D 20.801 21.38 33.126
R 23.884 22.758 35.026
F 22.215 21.991 38.429
W 21.014 18.496 37.301
L 24.495 17.512 35.959
E 26.096 18.895 39.194
T 23.594 16.722 41.193
L 24.462 13.609 39.084
L 28.221 14.243 39.699
C 27.633 14.68 43.513
L 25.963 11.199 43.4
I 28.389 9.177 41.174
G 31.402 11.067 42.701
E 30.268 10.281 46.318
S 30.813 14.021 47.127
F 29.347 13.827 50.719
D 32.176 11.458 51.865
D 30.914 8.909 54.489
Y 27.464 10.687 54.395
S 27.076 9.685 50.663
D 26.013 6.221 52.047
D 22.693 7.96 53.082
V 22.07 9.102 49.42
C 19.487 6.935 47.539
G 19.257 9.031 44.342
A 18.174 12.322 42.727
V 15.045 13.366 40.772
V 14.455 16.2 38.248
N 10.761 17.132 37.665
V 10.225 19.213 34.451
R 7.019 21.229 35.209
A 5.247 24.291 33.662
K 4.646 25.712 37.223
G 8.419 25.368 38.041
D 11.186 22.724 37.642
K 12.343 20.763 40.748
I 15.686 18.996 41.474
A 15.974 16.845 44.639
I 18.554 14.561 46.336
W 16.705 11.676 48.089
T 18.267 10.348 51.372
T 17.377 7.148 53.268
X 16.436 8.426 56.815
C 14.873 11.886 57.582
E 15.908 11.348 61.314
