Q -4.986 22.713 -10.438
V -2.651 19.77 -9.625
Q -1.714 19.856 -5.927
L 0.648 17.666 -3.872
V 0.243 17.915 -0.074
E 2.746 16.313 2.309
S 2.722 15.206 5.951
G 4.355 12.885 8.496
G 7.557 14.828 9.194
G 8.758 16.307 12.491
L 11.436 15.594 15.094
V 12.732 12.148 16.144
Q 15.799 10.636 17.883
A 18.488 8.704 15.982
G 17.512 5.106 15.165
G 13.852 6.197 15.044
S 11.183 5.964 12.342
L 8.844 8.247 10.378
R 6.287 7.77 7.607
L 5.916 10.562 5.054
S 2.79 10.826 2.891
C 2.094 12.857 -0.25
A -1.54 12.97 -1.396
A -2.097 14.038 -5.013
S -5.215 15.537 -6.625
G -5.981 17.253 -9.958
A -4.417 15.073 -12.661
T -4.736 11.287 -13.127
F -2.383 9.913 -10.471
I -1.281 6.67 -12.186
T 0.214 8.527 -15.187
Y 2.747 10.194 -12.836
G 6.007 8.733 -11.548
M 6.474 9.965 -7.984
T 9.866 10.766 -6.435
W 11.104 11.835 -2.987
F 13.814 14.504 -2.836
R 15.459 16.074 0.226
Q 17.305 19.363 0.789
A 19.439 20.314 3.821
P 19.957 24.138 4.059
G 22.877 25.185 1.806
K 23.165 21.841 -0.042
E 21.634 20.862 -3.413
R 18.246 19.112 -3.469
E 19.083 15.39 -3.851
F 17.233 12.272 -5.056
V 16.14 9.799 -2.336
A 13.653 7.325 -3.838
A 11.295 6.969 -6.832
V 8.35 4.788 -7.875
T 6.659 4.091 -11.222
G 2.982 4.664 -12.073
N 1.94 1.034 -11.469
G 4.062 0.838 -8.279
A 6.233 -2.102 -9.376
G 9.439 -0.21 -10.19
T 11.297 1.333 -7.242
T 14.753 2.964 -7.125
Y 16.738 4.242 -4.113
L 19.701 6.484 -3.37
P 22.35 3.872 -2.335
S 22.763 5.528 1.126
V 19.117 5.046 2.209
K 18.568 1.675 0.477
G 17.325 -0.939 2.96
R 16.492 1.69 5.597
F 13.947 3.616 3.46
T 10.944 2.116 1.623
I 8.833 3.874 -1.023
S 5.339 2.697 -2.037
R 2.033 4.035 -3.361
D -1.708 3.388 -3.19
N -3.163 4.234 -6.617
A -6.729 3.931 -5.259
K -6.29 6.715 -2.65
N -3.818 8.754 -4.78
T -0.946 8.816 -2.261
V 2.764 7.971 -2.205
Y 4.535 6.998 1.034
L 8.123 6.983 2.28
Q 8.724 4.722 5.297
M 11.973 5.789 6.991
S 13.822 3.53 9.467
S 17.137 3.613 11.35
L 17.281 7.398 10.904
K 20.751 8.974 11.21
P 21.607 12.703 11.696
E 22.604 12.575 7.966
D 18.893 12.318 7.051
T 17.949 15.713 8.548
A 16.439 17.91 5.8
V 13.22 19.137 4.183
Y 11.74 16.243 2.181
Y 9.902 17.112 -1.047
C 7.687 14.944 -3.23
G 7.945 15.449 -7.0
G 5.728 14.203 -9.825
R 6.642 13.67 -13.487
R 4.434 12.237 -16.226
W 5.015 8.597 -17.343
V 8.495 8.167 -15.853
P 9.752 9.073 -12.331
A 12.096 12.075 -12.164
T 15.721 11.314 -11.211
A 16.904 14.956 -11.249
V 15.261 18.137 -9.918
D 14.859 19.783 -13.367
Q 12.623 16.898 -14.571
V 9.932 17.414 -11.878
A 6.673 18.966 -13.167
Y 4.811 19.222 -9.822
W 6.142 19.683 -6.251
G 4.691 19.422 -2.745
Q 5.162 22.132 -0.091
G 7.875 20.065 1.644
T 7.861 18.551 5.142
Q 10.73 18.985 7.66
V 12.49 15.969 9.201
T 14.953 16.551 12.047
V 17.014 13.733 13.588
S 18.683 14.625 16.904
S 21.315 12.644 18.849
Q 37.943 17.322 -23.214
V 36.396 20.661 -22.076
Q 35.444 20.872 -18.388
L 33.865 23.718 -16.38
V 34.152 23.339 -12.578
E 32.28 25.646 -10.193
S 32.661 26.681 -6.543
G 31.863 29.412 -3.997
G 28.205 28.596 -3.31
G 26.586 27.549 -0.025
L 24.359 29.133 2.622
V 24.173 32.824 3.606
Q 21.713 35.175 5.369
A 19.768 37.856 3.471
G 21.816 40.97 2.649
G 24.958 38.799 2.549
S 27.564 38.148 -0.15
