T 331.102 259.508 379.499
T 333.914 262.033 379.809
S 333.479 265.812 379.668
T 334.961 269.036 381.035
G 334.062 269.685 384.651
E 334.488 273.436 384.951
S 332.144 274.205 382.065
A 329.099 273.889 384.385
D 326.999 272.438 381.557
P 324.445 269.706 382.338
V 325.35 266.169 381.296
T 323.397 262.977 381.926
A 324.448 259.359 381.414
T 321.809 256.731 380.682
V 321.989 252.973 381.22
E 322.437 252.424 377.488
N 326.155 253.048 377.998
Y 326.603 249.454 379.185
G 323.735 247.674 377.442
G 320.72 248.533 379.59
E 317.282 249.936 378.767
T 315.506 253.217 379.525
Q 311.958 253.061 380.837
V 308.868 255.29 381.088
Q 308.449 258.091 383.622
R 305.421 259.662 385.302
R 306.161 262.813 387.285
H 302.728 264.111 388.319
H 303.443 264.17 392.056
T 306.302 266.695 391.964
D 304.512 269.525 390.15
V 304.514 272.767 392.103
S 300.801 273.473 391.654
F 299.797 269.991 392.817
I 301.988 269.45 395.861
L 301.471 272.881 397.426
D 297.664 272.601 397.319
R 296.743 271.343 400.798
F 295.979 272.737 404.256
V 298.693 273.479 406.822
K 298.2 274.294 410.499
V 299.449 277.544 412.063
T 299.674 278.595 415.709
P 297.094 281.395 416.033
K 296.85 284.366 418.394
D 293.785 285.384 420.388
S 292.53 288.604 418.81
I 294.435 289.869 415.768
N 296.262 287.779 413.168
V 298.219 289.014 410.154
L 297.955 286.577 407.252
D 301.549 286.078 406.123
L 302.787 282.95 404.376
M 306.028 282.886 406.37
Q 304.22 281.763 409.534
T 303.98 278.136 408.452
P 306.63 276.151 410.361
S 309.734 275.424 408.333
H 309.692 271.692 409.026
T 306.224 270.911 407.649
L 305.7 269.787 404.068
V 304.352 273.085 402.741
G 306.657 275.245 404.842
A 309.974 273.975 403.486
L 308.876 273.309 399.914
L 307.732 276.93 399.861
R 311.049 278.108 401.316
T 313.02 276.601 398.455
A 311.828 279.45 396.19
T 313.032 283.044 396.232
Y 309.921 284.612 394.66
Y 306.358 283.326 394.494
F 302.717 284.122 393.778
A 299.469 282.541 394.957
D 295.907 283.204 396.054
L 294.786 282.136 399.517
E 292.115 280.181 401.372
V 291.722 280.119 405.145
A 289.718 277.911 407.507
V 288.997 279.478 410.894
K 287.38 278.131 414.067
H 286.259 281.069 416.183
K 283.654 282.585 418.5
G 281.728 285.695 417.581
D 282.09 287.217 414.124
L 285.116 287.243 411.825
T 286.246 290.326 409.886
W 288.816 290.423 407.077
V 290.695 293.545 405.955
P 292.786 294.05 402.787
N 296.482 294.803 402.527
G 297.647 298.119 403.917
A 294.526 299.277 405.721
P 294.258 301.05 409.089
V 293.968 298.916 412.202
A 290.802 300.733 413.25
A 288.94 299.048 410.384
L 289.055 295.717 412.218
D 286.027 296.863 414.248
N 283.726 297.937 411.392
T 281.11 295.515 410.117
T 280.867 296.725 406.507
N 284.157 294.928 405.849
P 283.611 291.282 404.871
T 282.263 289.671 408.028
A 281.239 286.022 408.365
Y 278.632 285.344 411.036
H 279.289 282.337 413.239
K 278.1 278.973 411.931
A 279.382 275.762 413.461
P 281.811 274.098 413.21
L 284.139 276.28 411.1
T 284.182 278.797 408.247
R 286.138 278.459 405.0
L 286.848 281.508 402.828
A 288.627 282.458 399.601
L 290.712 285.628 399.42
P 292.476 287.257 396.457
Y 296.032 288.557 396.163
T 296.102 292.191 397.279
A 299.709 293.231 397.533
P 301.107 296.155 395.519
H 304.185 294.287 394.261
R 304.21 292.055 391.214
V 305.578 289.126 393.24
L 306.422 288.227 396.834
A 309.684 287.022 398.339
T 310.792 284.537 400.977
V 314.177 286.202 401.619
Y 315.214 289.849 401.263
N 318.655 291.496 401.353
G 317.754 294.898 402.721
K 319.513 295.154 406.064
C 322.779 295.185 404.059
K 324.397 292.407 406.085
V 329.608 297.41 425.971
R 327.085 296.935 423.138
G 327.182 293.127 423.292
D 323.482 292.375 423.761
L 322.355 295.711 422.31
