T 152.837 129.869 182.905
A 156.594 130.438 182.847
G 156.418 133.904 184.417
E 154.373 132.55 187.318
L 157.047 129.848 187.676
Y 159.8 132.487 187.927
Q 157.733 134.5 190.428
R 156.989 131.449 192.604
W 160.655 130.401 192.511
E 161.741 133.924 193.503
R 159.189 133.937 196.333
Y 160.365 130.506 197.529
R 164.005 131.659 197.486
R 163.07 134.79 199.449
E 161.009 132.87 202.037
C 163.75 130.229 202.515
Q 166.312 133.021 202.993
E 164.05 134.738 205.557
T 163.477 131.494 207.475
A 176.584 118.435 211.045
C 175.76 118.851 207.354
N 174.899 122.534 206.867
G 171.529 122.992 205.195
S 171.269 125.488 202.357
F 169.323 126.437 199.228
D 170.706 124.32 196.367
M 168.283 125.829 193.79
Y 165.674 123.079 194.172
V 164.572 122.704 197.799
C 165.606 124.364 201.057
W 167.655 121.907 203.182
D 167.97 121.87 206.97
Y 170.889 120.652 209.093
A 171.567 116.922 208.774
A 172.988 114.464 211.29
P 176.119 112.558 210.182
N 175.801 109.074 208.634
A 172.149 109.448 207.678
T 170.005 109.679 204.553
A 168.485 113.132 205.0
R 165.1 113.652 203.356
A 163.672 116.942 202.126
S 160.029 117.547 201.31
C 158.938 118.253 197.766
P 158.96 122.072 197.597
W 155.583 123.75 197.255
Y 156.51 126.078 194.372
L 156.298 123.193 191.887
P 153.055 123.13 189.844
W 152.499 119.385 190.451
H 153.021 119.526 194.225
H 149.443 118.34 194.802
H 150.465 115.15 192.984
V 153.882 114.802 194.65
A 153.078 116.027 198.187
A 154.185 112.667 199.659
G 157.55 112.595 197.883
F 160.999 113.046 199.405
V 164.424 114.056 198.102
L 167.189 111.778 199.422
R 170.71 113.019 200.151
Q 173.448 111.288 202.143
C 175.188 113.019 205.054
W 174.543 111.446 195.254
R 170.994 112.792 195.439
D 167.736 110.984 194.669
H 164.908 113.196 193.399
T 162.617 110.661 191.715
Q 159.755 111.152 194.199
C 159.308 114.849 193.313
E 159.29 114.216 189.55
N 156.265 115.116 187.436
P 153.852 112.172 186.973
E 153.269 113.18 183.351
K 155.458 111.536 180.724
N 157.476 114.033 178.675
E 158.834 111.463 176.203
A 155.866 111.838 173.843
F 156.011 115.646 174.073
L 159.425 115.678 172.365
D 158.042 113.8 169.35
Q 154.992 116.091 169.482
R 157.335 119.111 169.368
L 159.149 117.551 166.401
I 155.82 117.031 164.579
L 154.795 120.634 165.335
E 158.122 121.951 164.0
R 157.76 119.864 160.817
L 154.242 121.241 160.277
Q 155.528 124.766 160.998
V 158.273 124.485 158.357
M 155.685 122.989 155.972
Y 153.244 125.867 156.208
T 156.066 128.442 156.271
V 157.276 127.154 152.883
G 153.669 126.987 151.671
Y 152.838 130.543 152.758
S 156.046 131.937 151.21
L 155.279 130.222 147.882
S 151.635 131.331 147.993
L 152.604 134.927 148.849
A 154.946 135.158 145.842
T 152.387 133.608 143.46
L 149.558 135.828 144.769
L 151.702 138.956 144.357
L 152.379 138.063 140.71
A 148.695 137.274 139.997
L 147.536 140.476 141.726
L 149.952 142.533 139.623
I 148.694 140.92 136.386
L 145.028 141.573 137.245
S 145.61 145.159 138.415
L 147.943 146.036 135.517
F 145.754 144.922 132.606
R 142.762 147.201 131.936
R 141.038 144.611 129.711
L 141.016 142.115 132.596
H 139.173 144.644 134.84
C 135.647 143.35 135.612
T 133.556 143.017 138.778
R 134.551 139.322 138.857
N 138.205 140.298 138.612
Y 137.605 142.966 141.293
I 136.462 140.356 143.789
H 139.358 138.126 142.65
I 141.735 141.047 143.367
N 140.151 141.53 146.8
L 140.425 137.787 147.529
F 144.086 137.741 146.458
T 144.807 140.798 148.624
S 143.093 139.132 151.588
F 145.076 135.897 151.111
M 148.216 138.069 150.883
L 147.351 139.82 154.153
R 146.649 136.417 155.749
A 150.043 135.015 154.722
A 151.865 138.195 155.778
A 150.09 138.189 159.156
I 150.965 134.523 159.787
L 154.624 135.144 158.91
