N -7.692 97.898 -18.448
P -8.076 98.39 -14.638
E -4.432 97.084 -14.318
H -3.4 100.758 -15.009
Y -4.804 102.24 -11.697
I -5.818 99.244 -9.421
K -3.423 98.351 -6.539
H -2.469 94.606 -6.494
P -3.975 93.144 -3.296
L -2.022 90.509 -1.266
Q -3.766 87.279 -0.101
N -3.192 88.519 3.529
R -2.872 91.835 5.459
W 0.513 92.086 7.285
A 1.859 94.089 10.28
L 5.537 95.225 10.328
W 6.896 95.568 13.925
F 10.159 96.999 15.364
F 11.736 96.142 18.765
K 14.885 97.671 20.404
N 15.996 95.696 23.545
D 16.561 98.694 25.906
K 16.848 96.639 29.196
S 16.311 99.986 31.098
K 12.706 100.216 29.688
T 9.425 98.19 29.549
W 8.994 95.855 26.498
Q 5.661 97.6 25.505
A 7.573 100.943 25.203
N 10.395 99.167 23.227
L 7.891 97.58 20.733
R 6.389 99.617 17.825
L 3.854 98.792 15.077
I 5.45 100.54 12.033
S 2.344 99.93 9.812
K -0.022 97.389 8.182
F -0.333 96.827 4.393
D -2.441 94.546 2.094
T -0.981 95.471 -1.375
V 2.328 94.987 -3.294
E 2.525 98.814 -3.798
D 2.012 99.544 -0.036
F 4.644 96.858 0.868
W 7.356 98.448 -1.413
A 6.539 102.052 -0.221
L 7.067 100.804 3.395
Y 10.185 98.627 2.656
N 11.87 101.483 0.683
H 11.183 103.93 3.618
I 12.889 101.836 6.373
Q 16.519 100.928 7.28
L 18.03 97.634 5.961
S 18.592 95.051 8.795
S 22.422 95.285 8.24
N 22.183 99.057 9.091
L 20.22 98.537 12.399
M 21.983 98.954 15.805
P 22.679 95.632 17.633
G 19.695 94.618 19.865
C 17.131 95.669 17.155
D 14.477 93.348 15.602
Y 11.933 93.627 12.757
S 8.93 91.259 12.487
L 6.237 90.684 9.856
F 3.084 88.948 11.244
K -0.315 88.209 9.595
D -2.787 90.909 10.828
G -4.605 89.392 13.87
I -1.477 87.473 15.072
E 0.448 89.4 17.796
P 4.285 89.382 17.608
M 4.186 87.257 20.848
W 4.745 83.482 21.399
E 1.71 83.418 23.831
D -0.662 84.455 20.939
E -3.206 81.634 20.202
K -1.675 81.16 16.689
N 1.991 80.993 17.972
K 1.923 79.173 21.381
R 1.673 75.564 19.924
G 4.029 76.711 17.119
G 7.736 77.247 16.386
R 10.221 78.689 13.877
W 12.816 77.739 11.235
L 16.116 79.4 12.386
I 18.635 80.855 9.86
T 21.788 81.766 11.932
L 24.19 84.308 10.334
N 27.813 85.027 11.458
K 29.273 88.605 11.147
Q 30.549 87.737 7.607
Q 26.908 87.006 6.527
R 25.665 90.327 8.03
R 27.529 91.819 4.995
S 26.62 89.204 2.292
D 23.297 87.443 3.244
L 21.307 89.302 5.979
D 19.461 91.846 3.743
R 18.873 89.548 0.703
F 17.788 86.655 3.079
W 15.353 88.999 4.962
L 13.777 90.303 1.7
E 13.507 86.664 0.409
T 11.64 85.925 3.708
L 9.329 88.978 3.393
L 8.328 87.98 -0.193
C 7.925 84.239 0.716
L 5.374 85.393 3.381
I 3.431 88.069 1.346
G 3.756 86.008 -1.894
E 2.365 82.882 -0.039
S 5.268 80.798 -1.518
F 4.577 77.608 0.567
D 1.511 76.486 -1.505
D -1.342 74.949 0.632
Y 0.778 75.176 3.852
S 1.129 79.031 3.608
D -1.844 79.071 6.099
D 0.534 77.53 8.751
V 2.871 80.606 8.434
C 2.181 83.236 11.206
G 5.085 85.614 10.415
A 8.877 86.098 10.388
V 11.502 87.841 12.601
V 15.033 89.219 11.961
N 17.272 89.804 15.038
V 20.356 92.077 14.576
R 22.809 91.082 17.405
A 26.58 91.641 17.975
K 27.097 87.838 18.6
G 25.318 87.057 15.238
D 22.044 87.788 13.332
K 19.064 85.354 12.974
I 16.084 85.138 10.562
A 13.107 82.942 11.595
I 9.811 81.974 9.862
W 7.09 81.366 12.548
T 4.452 78.607 11.923
T 1.309 77.895 14.0
E 1.725 74.166 15.004
