C 141.853 100.774 118.475
T 143.056 98.001 116.16
L 144.558 98.115 112.669
S 146.201 95.9 110.111
A 149.613 96.89 108.787
E 147.839 98.024 105.61
D 145.574 100.431 107.492
K 148.457 101.645 109.66
A 150.598 102.38 106.598
A 147.719 104.263 104.961
V 147.08 106.11 108.228
E 150.753 107.067 108.373
R 150.446 108.192 104.761
S 147.335 110.124 105.8
K 149.168 111.759 108.702
M 152.245 112.404 106.556
I 150.009 113.967 103.901
E 148.148 115.864 106.622
K 151.377 117.349 107.972
Q 152.318 118.381 104.43
L 148.879 119.922 103.877
Q 149.083 121.694 107.241
K 152.397 123.2 106.149
D 150.758 124.416 102.93
K 147.813 125.8 104.913
Q 150.253 128.261 106.488
V 151.475 129.373 103.033
Y 147.901 129.615 101.742
R 146.585 131.742 104.609
A 149.728 133.897 104.477
T 148.975 134.864 100.826
H 146.413 137.544 100.02
R 144.927 136.3 96.764
L 144.047 139.401 94.799
L 142.202 139.309 91.479
L 143.237 141.967 88.952
L 140.792 143.221 86.289
G 140.714 145.968 83.698
A 140.022 146.627 80.036
D 143.24 145.946 78.207
N 143.718 149.577 77.186
S 143.973 150.218 80.947
G 147.604 149.095 80.982
K 147.08 146.549 83.748
S 150.23 144.879 82.421
T 152.207 148.038 83.271
I 150.705 147.883 86.793
V 151.974 144.273 87.3
K 155.44 145.446 86.145
Q 155.288 147.917 89.098
M 154.612 144.831 91.278
R 157.415 142.744 89.609
I 160.02 145.386 90.694
Y 159.351 144.193 94.328
H 159.6 140.563 93.143
V 163.342 141.024 92.298
N 164.613 137.496 93.253
G 163.537 133.804 92.872
Y 160.903 133.165 95.551
S 162.294 130.111 97.496
E 164.044 126.706 96.979
E 160.556 125.067 97.055
E 159.229 127.43 94.326
C 162.454 126.852 92.354
K 161.818 123.033 92.55
Q 158.244 123.604 91.288
Y 159.639 125.467 88.242
K 162.44 122.841 87.72
A 159.711 120.256 87.127
V 158.133 122.785 84.656
V 161.474 123.492 82.856
Y 162.034 119.73 82.544
S 158.391 119.218 81.406
N 158.839 121.863 78.651
T 162.28 120.389 77.774
I 160.619 116.929 77.432
Q 157.428 118.27 75.762
S 159.442 120.303 73.17
I 161.878 117.41 72.335
I 159.179 114.64 72.267
A 156.91 116.885 70.104
I 159.906 116.905 67.704
I 160.578 113.128 68.241
R 157.001 112.224 67.182
A 157.037 114.851 64.382
M 160.246 113.177 62.999
G 158.184 109.907 62.982
R 154.884 111.415 61.605
L 156.579 113.404 58.784
K 156.725 111.631 55.35
I 160.565 111.882 55.261
D 162.244 108.76 56.814
F 163.95 111.007 59.448
G 165.77 108.242 61.294
D 169.02 110.063 62.201
S 172.451 110.268 60.472
A 173.559 107.57 63.005
R 171.457 104.635 64.427
A 172.538 105.428 68.048
D 170.285 108.578 68.066
D 167.251 106.426 67.073
A 168.258 104.044 69.943
R 168.765 106.981 72.416
Q 165.303 108.293 71.312
L 163.791 105.077 72.83
F 165.633 105.547 76.165
V 164.392 109.191 76.128
L 160.737 107.983 75.875
A 161.421 105.331 78.579
G 163.534 107.69 80.824
A 161.025 110.591 80.693
A 158.501 108.382 82.599
E 160.299 108.802 85.995
E 158.593 110.926 88.719
G 162.078 112.267 89.754
F 164.824 114.778 88.713
M 166.144 115.029 85.086
T 169.064 112.513 85.015
A 172.266 113.354 83.065
E 171.571 110.685 80.365
L 168.518 112.593 78.973
A 170.445 115.895 78.761
G 173.369 114.073 77.042
V 170.985 112.602 74.411
I 168.931 115.724 73.541
K 171.971 118.04 72.978
R 173.454 115.42 70.547
L 170.053 115.301 68.735
W 169.637 119.137 68.546
K 173.24 119.439 67.138
D 171.828 117.971 63.855
S 170.835 121.125 61.863
G 168.186 118.915 60.162
V 166.333 119.002 63.559
Q 166.455 122.838 63.452
A 165.035 122.531 59.887
C 162.312 120.124 61.261
F 161.589 122.778 63.967
N 161.026 125.252 61.036
R 158.98 122.608 59.0
