Q 11.396 135.102 62.57
Y 12.119 131.929 60.596
P 9.818 130.848 57.741
I 6.505 129.419 58.95
I 4.522 126.634 57.261
N 0.906 126.12 58.306
F -1.268 123.009 58.416
T -4.693 122.242 59.887
T -6.385 118.936 60.636
A -9.823 120.605 60.646
G -11.207 119.716 57.233
A -7.863 118.227 56.217
T -7.542 116.982 52.668
V -5.268 114.937 50.406
Q -4.533 118.15 48.499
S -4.071 120.246 51.651
Y -1.681 117.74 53.228
T 0.247 117.425 49.955
N 0.539 121.202 49.519
F 1.697 121.356 53.146
I 4.492 118.81 52.676
R 5.52 120.366 49.343
A 5.768 123.776 51.017
V 7.862 122.249 53.816
R 10.309 120.712 51.333
G 10.484 124.061 49.533
R 11.77 125.79 52.671
L 13.957 122.93 53.924
T 16.219 123.128 50.862
T 16.583 125.208 47.711
G 17.003 122.175 45.447
A 20.259 123.589 44.068
D 22.283 120.569 45.271
V 20.919 117.341 43.764
R 22.697 113.973 43.612
H 21.338 111.161 41.433
E 18.009 113.013 41.05
I 17.604 113.303 44.861
P 17.703 116.806 46.408
V 20.111 117.3 49.308
L 19.495 119.344 52.439
P 21.804 122.303 53.171
N 25.212 121.51 54.612
R 25.312 122.29 58.323
V 28.923 123.502 58.102
G 28.634 127.057 56.772
L 24.886 127.445 57.274
P 24.183 130.811 58.953
I 22.174 130.605 62.16
N 19.326 132.743 60.784
Q 18.731 129.996 58.176
R 19.076 126.935 60.424
F 15.429 126.346 61.344
I 11.985 126.067 59.759
L 8.783 126.548 61.759
V 5.636 124.456 61.257
E 2.423 125.724 62.855
L -0.196 123.029 63.465
S -3.885 123.481 64.291
N -6.895 121.239 64.872
H -10.679 121.389 65.271
A -10.383 122.737 68.826
E -8.498 125.697 67.272
L -5.415 124.962 69.356
S -2.074 125.942 67.836
V 1.303 124.244 68.282
T 4.383 125.445 66.38
L 7.025 122.815 65.653
A 10.645 123.712 64.9
L 12.438 121.738 62.178
D 16.189 121.602 61.687
V 16.792 122.277 57.992
T 19.907 120.07 58.075
N 17.915 116.891 58.743
A 14.202 117.929 58.538
Y 13.801 116.624 62.103
V 11.885 118.119 65.02
V 14.106 119.838 67.584
G 11.362 121.374 69.738
Y 8.045 123.154 69.797
R 6.253 126.204 71.168
A 2.77 126.173 72.698
G 1.258 129.372 74.044
N 3.897 131.131 76.148
S 6.062 128.019 76.595
A 8.828 126.489 74.47
Y 10.166 122.944 74.829
F 13.264 121.374 73.296
F 14.74 117.906 72.997
H 18.077 117.468 74.727
P 20.635 118.712 72.166
D 23.329 116.316 70.977
N 26.193 118.843 71.049
Q 27.157 122.305 72.262
E 26.63 123.908 68.842
D 23.052 122.617 68.661
A 22.509 123.808 72.241
E 23.261 127.472 71.518
A 21.371 127.334 68.211
I 18.259 126.363 70.202
T 18.404 129.721 72.003
H 17.751 131.466 68.665
L 14.331 129.759 68.477
F 11.141 131.214 69.983
T 12.999 134.113 71.596
D 9.576 135.645 72.33
V 8.619 132.855 74.73
Q 8.437 133.453 78.492
N 9.139 129.806 79.46
R 11.683 127.671 77.58
Y 12.51 124.116 78.612
T 15.064 121.465 77.674
F 14.02 117.85 78.156
A 16.37 115.309 79.688
F 15.717 113.117 76.626
G 16.451 113.427 72.924
G 14.041 113.16 70.029
N 15.144 109.795 68.614
Y 12.634 106.967 68.277
D 14.307 104.573 70.736
R 13.917 107.083 73.565
L 10.454 108.379 72.636
E 8.844 104.93 72.558
Q 10.439 103.977 75.879
L 8.723 107.072 77.261
A 5.531 106.504 75.257
G 5.268 102.846 76.288
N 4.68 101.698 72.693
L 6.756 101.07 69.585
R 5.941 102.819 66.309
E 4.353 99.574 65.07
N 1.547 100.095 67.624
I 1.025 103.875 67.311
E -1.574 104.683 64.674
L -1.095 107.523 62.198
G -3.661 109.638 60.399
N -5.518 112.913 60.618
G -7.082 111.686 63.863
P -3.806 110.903 65.646
L -2.317 114.205 64.471
