S 116.944 64.899 98.085
V 113.155 65.229 98.255
R 113.464 67.797 101.078
I 115.676 70.146 99.042
L 113.31 69.973 96.05
T 110.31 70.702 98.292
A 112.199 73.637 99.826
C 113.042 74.966 96.35
F 109.422 74.806 95.13
L 108.117 76.432 98.346
S 110.817 79.126 98.19
L 110.053 79.866 94.532
L 106.327 80.119 95.305
I 106.958 82.567 98.178
L 109.361 84.571 95.959
S 106.755 84.659 93.163
T 104.006 85.832 95.532
L 106.284 88.507 97.043
L 107.461 89.666 93.6
G 103.965 89.927 92.11
N 102.366 91.69 95.076
T 105.346 94.023 95.591
L 105.193 94.936 91.878
V 101.453 95.695 92.103
C 101.717 97.799 95.285
A 104.85 99.597 94.012
A 103.305 100.273 90.572
V 100.157 101.733 92.13
I 102.058 103.882 94.659
R 104.262 105.234 91.853
F 101.59 105.939 89.218
R 98.606 108.239 89.7
H 96.337 106.986 86.894
L 96.078 103.5 88.426
R 94.935 104.912 91.788
S 92.713 107.535 90.104
K 90.074 104.867 89.389
V 87.773 103.552 92.105
T 87.835 100.018 90.629
N 91.575 99.582 91.3
F 91.17 100.282 95.063
F 89.982 96.705 95.55
V 92.895 95.374 93.475
I 95.186 97.343 95.826
S 93.403 95.687 98.776
L 93.832 92.257 97.159
A 97.544 92.905 96.639
V 97.933 93.961 100.29
S 96.171 90.778 101.458
D 98.248 88.531 99.198
L 101.422 90.322 100.342
L 100.417 89.612 103.951
V 100.037 85.944 102.943
A 103.467 86.203 101.253
V 105.117 87.595 104.397
L 103.354 86.686 107.65
V 102.13 83.144 106.812
M 103.926 81.343 103.97
P 107.59 81.668 105.213
W 106.738 80.439 108.727
K 104.806 77.477 107.346
A 107.598 76.782 104.823
V 110.119 76.674 107.693
A 107.802 74.335 109.613
E 107.431 71.994 106.624
I 111.186 71.874 105.916
A 112.057 71.379 109.608
G 109.181 68.928 110.079
F 108.178 70.573 113.37
W 107.047 73.992 114.562
P 110.066 75.881 115.985
F 108.326 79.211 116.636
G 106.412 78.148 119.761
S 103.652 80.448 121.012
F 103.386 82.25 117.634
C 101.533 79.191 116.212
N 98.083 80.291 117.405
I 98.846 83.825 116.245
W 100.016 82.306 112.96
V 96.661 80.535 112.656
A 94.847 83.827 113.127
F 96.874 85.494 110.389
D 96.302 82.384 108.307
I 92.571 82.683 108.828
M 92.539 86.459 108.355
C 94.755 87.034 105.312
S 93.305 84.149 103.304
T 89.778 85.324 104.124
A 90.913 88.859 103.295
S 92.054 87.661 99.889
I 88.852 85.73 99.162
L 86.403 88.383 100.321
N 88.305 90.962 98.266
L 87.804 88.719 95.235
C 84.11 88.64 96.098
V 84.082 92.425 96.348
I 85.966 92.682 93.034
S 83.272 90.43 91.572
V 80.546 92.676 92.982
D 82.53 95.709 91.749
R 82.754 94.169 88.297
Y 79.046 93.368 88.311
W 78.185 96.908 89.395
A 80.27 98.227 86.513
I 78.778 95.804 83.972
S 75.138 95.557 85.156
S 74.325 99.229 85.837
P 77.022 101.548 84.442
F 75.247 104.864 85.123
R 74.576 103.847 88.725
Y 78.177 102.634 88.951
E 79.505 106.026 87.846
R 77.172 107.852 90.248
K 77.05 105.812 93.472
M 80.535 104.211 93.485
T 82.433 106.937 95.33
P 85.909 106.292 96.805
K 84.118 106.504 100.187
A 81.946 103.55 99.072
A 85.058 101.593 98.045
F 86.616 102.325 101.448
I 83.427 101.075 103.139
L 83.545 97.817 101.136
I 87.256 97.301 101.931
S 86.44 98.082 105.584
V 83.648 95.47 105.641
A 85.919 92.849 104.012
W 88.882 93.383 106.369
T 86.569 93.784 109.392
L 84.825 90.5 108.601
S 88.206 88.773 108.203
V 89.4 90.133 111.572
L 86.088 89.109 113.185
I 86.372 85.565 111.782
S 90.009 85.219 112.849
F 91.245 87.196 115.884
I 88.262 86.842 118.264
P 87.879 83.006 118.046
V 91.64 82.303 118.071
Q 92.267 84.488 121.134
