T 124.752 70.828 104.541
E 128.357 70.139 105.522
D 129.914 72.547 103.007
Q 127.183 75.146 102.454
R 127.689 75.885 106.142
N 131.19 77.09 105.267
E 130.088 79.114 102.231
E 127.205 80.842 104.011
K 129.768 81.498 106.73
A 132.143 82.664 103.988
Q 129.856 85.219 102.336
R 128.878 86.804 105.65
E 132.255 88.522 105.819
A 131.982 89.815 102.248
N 128.701 91.37 103.387
K 130.208 93.012 106.488
K 133.417 94.308 104.914
I 131.318 96.024 102.241
E 128.75 97.341 104.716
K 131.472 98.859 106.907
Q 132.889 100.952 104.056
L 129.432 101.888 102.774
Q 128.706 103.491 106.174
K 131.95 105.46 106.418
D 130.927 106.891 103.025
K 127.475 107.991 104.166
Q 128.749 110.805 106.39
V 130.922 112.406 103.698
Y 128.043 112.416 101.206
R 125.841 114.173 103.781
A 128.363 116.926 104.602
T 128.677 118.382 101.073
H 126.15 120.633 99.334
R 125.85 120.34 95.556
L 125.281 123.512 93.519
L 124.363 123.634 89.845
L 125.362 126.65 87.744
L 123.195 127.724 84.806
G 124.676 130.466 82.665
A 122.752 132.124 79.844
G 125.094 133.296 77.095
E 128.741 134.18 77.709
S 128.586 136.041 81.055
G 130.093 134.118 83.943
K 131.812 130.738 84.119
N 134.578 131.266 86.699
T 134.165 134.925 87.718
I 132.8 134.296 91.216
V 135.563 131.946 92.411
K 138.664 133.031 90.444
S 134.619 117.557 78.992
G 131.279 116.958 80.657
I 130.613 118.444 84.063
F 133.749 120.446 84.999
E 133.565 120.32 88.791
T 135.196 122.9 91.061
K 135.597 122.772 94.842
F 136.023 125.423 97.533
Q 135.308 125.881 101.232
V 134.151 128.713 103.495
D 134.81 128.508 107.268
K 135.154 124.677 107.162
V 132.121 123.907 104.933
N 132.658 122.385 101.485
F 130.735 122.821 98.221
H 130.65 121.252 94.753
M 129.759 123.191 91.6
F 128.82 121.722 88.205
D 129.48 123.651 84.991
V 127.497 121.722 82.386
G 129.449 122.292 79.183
A 129.878 120.448 75.884
Q 126.245 119.382 75.549
R 123.483 120.191 73.107
D 120.97 122.951 73.879
E 117.9 120.763 74.491
R 117.446 120.777 78.253
R 114.149 118.933 78.689
K 115.837 115.561 79.335
W 119.011 116.09 81.385
I 117.613 118.862 83.592
Q 115.31 116.509 85.522
C 118.439 114.744 86.774
F 119.269 117.807 88.926
N 116.184 117.799 91.173
D 118.319 116.936 94.218
V 120.823 119.79 94.554
T 120.622 122.446 97.251
A 120.389 125.552 95.043
I 120.515 126.49 91.359
I 122.8 129.482 90.871
F 121.742 131.607 87.916
V 123.468 134.409 85.988
V 121.911 136.953 83.61
A 123.328 140.011 81.872
S 121.918 142.81 79.702
S 123.954 142.263 76.557
S 123.538 143.521 72.959
Y 120.681 142.19 70.746
N 122.654 142.906 67.515
M 124.216 139.383 67.396
T 118.409 138.914 69.448
N 117.068 139.494 72.985
R 119.256 138.889 76.025
L 116.51 139.464 78.604
Q 113.277 138.117 77.113
A 115.154 134.876 76.407
A 116.043 134.666 80.115
L 112.607 135.467 81.552
K 111.227 132.479 79.635
L 113.979 130.182 80.916
F 113.632 131.166 84.577
D 109.886 130.674 84.156
S 110.369 127.099 82.942
I 112.487 126.075 85.931
W 109.862 127.465 88.311
N 106.796 125.643 86.946
N 108.357 122.222 86.299
K 106.584 119.168 87.693
W 109.806 117.695 89.141
L 111.735 120.86 90.097
R 109.107 121.856 92.664
D 111.411 121.84 95.703
T 114.632 123.611 94.619
S 115.406 127.303 95.114
V 117.244 129.616 92.711
I 119.943 132.14 93.645
L 120.092 134.571 90.745
F 122.654 137.312 90.192
L 122.297 140.243 87.783
N 125.722 140.376 86.158
K 127.45 143.146 84.193
Q 126.502 146.334 86.016
D 129.758 148.104 85.146
L 128.809 147.594 81.498
L 125.245 148.9 81.837
A 126.345 151.979 83.798
E 128.623 152.889 80.886
K 125.884 152.228 78.319
V 122.793 153.786 79.934
