T 215.326 235.853 250.556
N 212.998 235.797 253.557
L 212.132 232.358 254.908
C 208.587 231.034 254.793
P 206.823 230.937 258.192
F 206.532 227.173 258.494
G 207.257 227.509 262.204
E 204.107 229.593 262.576
V 202.069 226.743 261.056
F 203.523 223.529 262.475
N 204.557 224.886 265.892
A 201.364 226.84 266.57
T 200.0 226.475 270.093
R 196.366 226.184 268.962
F 195.013 224.236 266.005
A 191.547 224.504 264.53
S 188.803 221.913 264.528
V 188.326 219.907 261.356
Y 184.902 221.404 260.564
A 186.415 224.897 260.887
W 189.847 224.059 259.459
N 192.244 226.979 259.265
R 193.786 227.948 255.926
K 196.949 230.059 255.819
R 198.402 231.552 252.639
I 202.157 231.078 252.233
S 203.427 233.596 249.7
N 206.491 235.647 248.702
C 209.148 233.757 250.654
V 211.782 231.062 250.219
A 210.583 227.664 251.444
D 212.968 224.986 252.727
Y 211.053 221.7 252.696
S 214.198 219.716 253.513
V 213.728 220.473 257.221
L 210.195 219.036 257.099
Y 210.857 215.762 255.279
N 214.023 215.0 257.24
S 212.307 215.794 260.543
A 211.362 212.678 262.502
S 208.435 214.407 264.227
F 205.927 213.675 261.454
S 204.437 210.189 261.48
T 202.557 210.682 258.194
F 204.128 212.514 255.241
K 202.313 211.628 252.012
C 202.829 213.73 248.898
Y 200.572 213.601 245.849
G 201.561 214.813 242.401
V 205.096 215.72 243.508
S 208.017 213.821 244.948
P 208.973 214.961 248.472
T 212.673 215.203 247.591
K 211.926 217.393 244.557
L 210.232 220.102 246.648
N 213.388 222.17 246.983
D 213.851 222.211 243.208
L 210.445 223.642 242.251
C 208.874 227.079 242.51
F 205.221 227.134 243.53
T 202.378 229.605 243.257
N 199.303 229.758 245.532
V 200.742 227.774 248.438
Y 198.183 227.04 251.137
A 198.489 225.311 254.509
D 195.309 223.852 256.007
S 195.614 222.903 259.664
F 193.231 220.978 261.905
V 193.092 218.226 264.55
I 191.513 214.824 263.908
R 191.636 211.54 265.768
G 194.215 208.854 265.149
D 192.675 206.329 262.78
E 191.042 208.993 260.585
V 194.345 210.318 259.182
R 193.813 207.835 256.345
Q 190.813 209.923 255.255
I 193.019 212.957 254.483
A 193.766 211.723 250.955
P 192.094 212.074 247.532
G 189.134 209.795 246.959
Q 188.523 208.772 250.569
T 185.136 208.228 252.204
G 183.877 208.686 255.745
K 182.846 211.428 258.131
I 185.94 213.636 257.813
A 186.237 213.29 254.043
D 182.557 213.82 253.301
Y 181.374 216.23 256.0
N 184.47 218.043 257.28
Y 187.426 218.251 254.883
K 187.384 217.0 251.29
L 190.431 216.766 249.044
P 189.945 216.826 245.259
D 190.825 213.89 243.038
D 193.372 216.049 241.177
F 195.018 217.195 244.41
T 198.705 218.081 244.355
G 200.488 218.826 247.594
C 201.593 217.099 250.757
V 199.605 215.749 253.718
I 201.595 215.923 256.954
A 200.295 214.56 260.226
W 201.746 213.849 263.625
N 200.607 212.695 267.035
S 199.775 215.413 269.548
N 198.552 213.41 272.517
N 200.819 215.305 274.904
L 199.397 218.676 273.761
D 195.732 218.141 272.84
S 194.638 215.696 275.557
K 193.477 216.59 279.057
V 192.987 214.023 281.835
G 189.313 214.927 282.217
G 188.837 215.024 278.455
N 189.562 217.795 275.956
Y 186.379 218.944 274.221
N 187.669 221.949 272.263
Y 188.004 219.945 269.024
L 184.77 219.205 267.181
Y 183.797 217.42 263.987
R 180.638 217.615 261.89
L 178.959 214.269 262.462
F 175.844 215.006 260.392
R 175.308 216.845 257.121
K 172.634 216.693 254.434
S 175.104 216.308 251.564
N 178.762 215.669 250.842
L 181.126 218.622 250.74
K 182.749 219.864 247.58
P 186.577 219.824 247.725
F 188.177 222.598 249.811
E 184.778 223.754 251.087
R 184.328 224.826 254.709
D 181.0 224.357 256.505
I 180.745 226.165 259.846
S 176.944 226.196 260.047
T 175.45 224.913 263.306
E 171.918 224.369 262.016
I 170.039 221.612 263.848
