Q 163.433 251.704 255.519
C 162.605 248.817 253.205
V 159.576 249.373 250.964
N 157.834 246.485 249.199
L 156.454 247.848 245.931
T 153.043 246.532 244.904
T 150.385 246.917 242.171
R 152.799 245.43 239.63
T 151.486 243.762 236.485
Q 152.367 240.234 235.375
L 153.745 239.631 231.878
P 155.346 236.499 230.389
P 159.073 236.866 229.678
A 160.066 237.818 226.141
Y 163.129 236.819 224.131
T 165.007 238.708 221.431
N 167.91 237.979 219.103
S 171.389 238.747 220.438
F 172.838 239.067 216.888
T 176.657 239.503 217.04
R 176.831 241.278 220.407
G 178.712 240.264 223.533
V 182.313 240.122 222.28
Y 184.986 241.443 224.648
Y 188.769 241.548 224.676
P 189.82 238.186 226.179
D 193.15 239.406 227.601
K 195.481 242.38 228.039
V 197.582 241.429 224.994
F 197.668 243.787 222.017
R 197.171 242.206 218.594
S 196.898 243.796 215.157
S 195.945 242.527 211.685
V 195.617 238.938 212.921
L 193.005 236.213 213.291
H 193.264 234.767 216.8
S 191.322 231.749 218.064
T 190.617 231.665 221.797
Q 188.384 229.575 224.056
D 186.661 231.436 226.891
L 183.292 232.53 228.266
F 181.369 234.233 225.456
L 177.832 235.065 224.383
P 176.741 232.85 221.458
F 175.81 234.619 218.245
F 172.096 234.763 217.398
S 170.898 233.836 220.882
N 167.665 234.178 222.838
V 168.298 236.979 225.348
T 165.597 237.885 227.85
W 164.002 241.325 227.518
F 162.869 243.396 230.509
H 160.977 246.688 230.305
A 160.61 249.769 232.504
I 157.36 251.547 231.636
H 154.121 252.8 233.209
V 151.292 252.616 230.67
S 148.832 255.485 231.021
G 145.14 254.837 231.595
T 142.937 253.085 234.118
N 144.595 249.9 235.43
G 147.391 250.388 232.921
T 150.288 247.987 232.581
K 153.063 248.974 235.004
R 156.199 247.029 234.046
F 158.816 247.666 236.755
D 161.064 244.619 236.444
N 163.69 243.873 239.102
P 163.606 240.082 239.496
V 166.348 237.912 240.939
L 168.101 236.105 238.091
P 170.787 233.4 238.323
F 174.341 234.435 237.493
N 175.548 231.074 236.081
D 179.098 231.588 234.688
G 178.944 235.173 233.438
V 176.213 237.641 232.476
Y 175.724 240.011 229.533
F 173.597 243.048 230.429
A 172.628 245.392 227.582
S 170.606 248.43 228.664
T 168.954 250.728 226.13
E 168.392 254.038 227.88
K 167.782 257.752 227.483
S 167.469 258.988 231.097
N 169.896 256.826 233.153
I 167.395 254.609 234.957
I 169.742 251.769 235.941
R 171.983 252.88 238.806
G 173.881 249.703 239.67
W 173.607 246.031 240.518
I 173.634 243.584 243.425
F 175.418 240.217 243.265
G 175.113 237.422 245.798
T 173.633 234.079 246.773
T 171.646 234.512 250.004
L 171.324 238.332 249.84
D 171.396 238.627 253.638
S 173.907 238.961 256.475
K 174.68 235.221 256.41
T 176.915 235.522 253.328
Q 178.877 238.386 251.814
S 177.461 240.135 248.753
L 178.741 242.685 246.246
L 177.004 245.892 245.2
I 177.638 248.581 242.566
V 175.876 251.947 242.802
N 176.374 254.892 240.44
N 175.14 257.979 242.309
A 175.801 260.345 239.355
T 179.241 261.258 240.758
N 181.176 258.033 241.39
V 180.761 254.284 240.968
V 180.861 252.737 244.446
I 181.605 249.016 244.736
K 181.008 247.544 248.193
V 181.46 243.971 249.419
C 179.422 243.562 252.604
E 177.052 241.155 254.335
F 174.225 243.453 253.284
Q 170.778 242.68 254.686
F 168.997 243.316 251.403
C 165.343 244.315 251.469
N 162.647 242.354 249.665
D 162.47 245.113 247.011
P 165.838 246.906 246.898
F 165.971 250.091 244.821
L 166.735 253.822 244.886
G 164.433 256.824 244.853
V 164.875 260.553 244.249
Y 162.134 263.006 245.187
Y 161.432 265.477 242.377
H 161.531 268.966 243.922
K 160.113 271.211 241.199
N 160.138 274.365 243.352
N 163.909 274.882 243.036
K 164.689 272.125 240.478
S 167.138 270.528 242.919
W 167.981 266.822 242.607
M 169.067 265.092 245.82
