Q 251.52 251.902 260.604
C 248.827 253.656 258.579
V 250.297 256.636 256.72
N 248.605 259.553 254.954
L 250.466 259.985 251.675
T 250.552 263.511 250.27
T 251.118 265.269 246.914
R 248.312 263.256 245.313
T 246.851 264.519 242.047
Q 243.184 264.291 241.077
L 242.36 263.132 237.549
P 239.238 261.44 236.169
P 239.921 257.866 235.049
A 240.688 257.239 231.387
Y 239.225 254.51 229.188
T 240.873 252.646 226.326
N 239.91 249.89 223.908
S 240.459 246.283 224.981
F 240.618 245.02 221.36
T 241.067 241.205 221.259
R 242.95 240.655 224.52
G 241.754 238.649 227.487
V 241.372 235.113 226.101
Y 242.329 232.253 228.416
Y 242.019 228.489 228.29
P 238.538 227.612 229.623
D 239.786 224.245 230.919
K 242.775 221.904 231.012
V 241.458 219.658 228.223
F 243.741 219.563 225.194
R 242.251 220.092 221.733
S 243.88 220.495 218.333
S 242.804 221.81 214.925
V 239.194 222.371 215.996
L 236.811 225.293 216.34
H 235.493 224.809 219.864
S 232.606 226.893 221.192
T 232.533 227.476 224.943
Q 230.338 229.551 227.247
D 232.203 231.091 230.177
L 233.426 234.305 231.771
F 235.319 236.406 229.233
L 236.386 239.934 228.401
P 234.244 241.147 225.475
F 236.16 242.152 222.376
F 236.523 245.9 221.81
S 235.696 246.771 225.399
N 236.376 249.896 227.425
V 238.991 249.175 230.092
T 240.095 251.638 232.741
W 243.649 252.994 232.621
F 245.798 253.774 235.661
H 249.269 255.322 235.819
A 252.265 255.156 238.147
I 254.484 258.154 237.407
H 255.854 261.334 238.999
V 256.134 264.283 236.615
S 259.009 266.553 237.609
G 258.383 270.198 238.432
T 256.397 272.267 240.882
N 252.959 270.732 241.507
G 253.755 268.221 238.792
T 251.414 265.468 237.693
K 252.085 262.789 240.327
R 249.879 259.898 239.217
F 249.908 257.373 242.08
D 246.585 255.564 241.682
N 245.656 252.775 244.114
P 241.859 252.892 244.392
V 239.691 250.066 245.662
L 237.898 248.588 242.66
P 235.008 246.1 242.704
F 235.774 242.525 241.726
N 232.365 241.917 240.066
D 232.564 238.504 238.338
G 236.206 238.315 237.298
V 238.998 240.821 236.729
Y 241.427 241.285 233.842
F 244.636 243.063 234.866
A 247.008 244.073 232.062
S 250.13 245.792 233.378
T 252.837 247.334 231.212
E 256.134 247.442 233.096
K 259.865 247.797 232.622
S 261.128 247.637 236.243
N 258.525 245.394 237.959
I 256.933 248.144 240.033
I 253.784 246.096 240.668
R 254.333 243.63 243.514
G 251.028 241.859 244.061
W 247.377 242.257 244.925
I 244.93 242.233 247.827
F 241.402 240.822 247.605
G 238.604 241.227 250.12
T 235.267 242.776 250.974
T 235.563 244.729 254.236
L 239.393 244.722 254.276
D 239.498 244.213 258.05
S 239.229 241.455 260.646
K 235.489 240.891 260.104
T 236.061 238.849 256.93
Q 238.944 236.824 255.561
S 241.1 238.53 252.952
L 243.639 237.202 250.473
L 247.027 238.707 249.672
I 249.508 237.971 246.886
V 252.955 239.473 247.462
N 255.905 239.303 245.048
N 259.218 240.167 246.748
A 261.466 239.073 243.851
T 262.048 235.561 245.211
N 258.623 233.977 245.703
V 254.951 234.668 245.108
V 253.344 234.309 248.533
I 249.583 233.961 248.981
K 248.116 234.378 252.463
V 244.467 234.144 253.517
C 243.826 235.926 256.824
E 241.535 238.55 258.339
F 244.216 241.149 257.704
Q 243.781 244.707 258.979
F 244.752 246.806 255.979
C 245.009 250.562 256.292
N 243.662 252.93 253.659
D 246.921 252.741 251.652
P 248.796 249.485 252.262
F 251.859 249.178 250.044
L 255.523 248.18 249.791
G 258.651 250.301 249.95
V 262.393 249.684 249.685
Y 264.822 252.42 250.698
Y 267.563 253.211 248.18
H 270.718 252.245 250.097
K 273.378 254.082 248.093
N 276.12 253.169 250.587
N 276.444 249.605 249.255
K 273.664 249.444 246.608
S 271.822 246.619 248.384
W 268.511 245.432 246.925
M 266.495 243.729 249.662
