I 150.858 116.605 175.477
E 148.515 114.786 173.094
E 146.227 116.745 170.789
R 142.579 115.737 171.22
F 139.946 116.513 168.57
E 136.925 114.462 169.632
I 133.661 114.286 167.696
T 130.821 114.089 170.211
G 127.341 115.386 170.864
T 125.23 116.736 168.028
M 128.179 116.862 165.633
R 128.577 113.099 166.056
R 124.965 112.44 165.058
L 125.47 114.547 161.934
A 128.43 112.293 161.141
D 126.084 109.303 161.441
Q 123.787 110.863 158.803
S 126.519 111.6 156.223
L 127.37 108.013 155.26
P 126.427 105.756 152.335
P 122.855 104.437 152.441
N 123.634 101.112 154.167
F 125.866 102.367 157.004
S 124.809 103.145 160.568
S 127.758 104.898 162.239
L 130.976 106.681 161.348
E 132.866 104.068 163.376
N 131.516 101.237 161.224
F 132.137 103.102 157.968
R 135.728 103.923 158.928
A 136.302 100.301 159.944
Y 134.937 99.168 156.575
V 137.163 101.651 154.733
D 140.241 100.512 156.656
G 139.354 96.898 155.879
F 138.565 97.658 152.234
E 140.944 96.417 149.54
P 140.545 96.465 145.743
N 138.938 93.25 144.495
G 137.783 94.187 141.001
Y 134.598 96.092 141.833
I 134.721 98.618 138.983
E 134.762 95.755 136.471
G 131.682 94.12 137.981
K 129.572 97.267 137.823
L 130.905 98.106 134.356
S 129.737 94.682 133.177
Q 126.393 95.037 134.973
M 125.812 98.634 133.863
S 123.497 99.008 130.883
K 125.261 99.213 127.53
E 123.12 102.186 126.458
V 125.503 104.283 128.596
N 128.046 104.949 125.844
A 130.038 107.761 124.232
R 129.832 106.633 120.615
I 131.765 108.867 118.225
E 129.789 110.242 115.285
P 132.109 110.893 112.31
F 132.255 114.52 111.172
L 132.373 114.758 107.373
K 131.926 117.495 104.785
T 128.213 116.676 104.433
T 127.577 116.567 108.2
P 127.474 120.253 109.237
R 124.264 122.086 108.355
P 123.835 125.868 108.091
L 122.868 127.634 111.299
R 119.205 128.63 111.31
L 118.48 132.303 111.877
P 115.399 133.532 113.775
D 112.455 134.887 111.81
G 110.409 137.949 112.674
P 110.285 141.705 112.196
P 113.51 143.169 110.789
C 116.313 144.103 113.154
S 116.55 147.709 114.337
Q 119.423 150.043 115.165
R 120.876 149.872 118.681
S 123.945 152.145 118.527
K 124.163 155.211 120.776
F 125.006 157.408 117.769
L 124.785 157.413 113.992
L 127.648 155.516 112.35
M 127.018 155.406 108.59
D 124.653 158.404 108.314
A 126.604 160.977 110.329
L 127.183 164.525 109.097
K 129.96 166.901 110.128
L 129.89 170.679 110.556
S 133.419 172.05 110.718
I 135.424 175.177 111.474
E 139.031 174.334 110.448
D 140.49 175.48 113.779
P 144.03 174.653 114.959
S 142.983 173.201 118.335
H 143.771 169.632 119.375
E 141.336 166.911 120.454
G 140.976 167.831 124.123
E 142.02 171.442 123.59
G 139.169 173.947 123.497
I 135.775 174.593 125.052
P 132.85 172.45 123.825
L 129.938 174.893 123.637
Y 131.781 177.656 121.778
D 133.195 175.18 119.262
A 129.742 173.688 118.684
I 128.135 177.1 118.177
K 130.917 178.213 115.829
C 130.576 175.015 113.791
M 126.801 175.385 113.577
R 127.054 179.024 112.461
T 129.181 177.777 109.539
F 126.022 176.289 107.97
F 123.325 178.413 106.322
G 119.9 177.252 105.184
W 118.084 176.612 108.449
K 114.36 175.942 108.102
E 111.584 175.676 110.649
P 111.732 172.021 111.748
N 108.861 169.679 110.944
V 108.105 166.001 111.44
V 109.276 163.657 108.683
K 109.316 160.212 110.311
P 107.621 159.808 113.721
H 108.937 157.726 116.593
E 105.805 155.527 116.172
K 105.658 155.076 119.98
G 106.459 158.47 121.544
I 105.338 162.085 121.269
N 107.223 163.597 118.336
P 106.105 167.183 119.141
N 108.173 166.825 122.315
Y 111.239 166.062 120.184
L 110.483 169.051 117.945
L 110.122 171.373 120.932
A 113.31 169.968 122.464
W 115.248 170.721 119.276
K 113.934 174.283 119.156
Q 114.716 174.688 122.869
