N 12.146 3.25 -22.193
L 11.613 0.368 -19.673
C 12.694 -3.236 -20.515
P 9.639 -5.312 -21.544
F 10.022 -7.707 -18.522
G 6.161 -8.014 -18.602
E 6.435 -10.212 -21.759
V 8.572 -12.714 -19.75
F 7.079 -12.583 -16.195
N 3.41 -12.244 -17.304
A 3.394 -14.643 -20.339
T 0.13 -16.686 -20.348
R 2.088 -19.955 -20.946
F 5.663 -20.987 -20.02
A 8.006 -23.568 -21.633
S 8.554 -27.074 -20.296
V 11.973 -27.055 -18.547
Y 13.547 -29.563 -21.056
A 12.554 -27.126 -23.912
W 13.214 -23.901 -21.931
N 12.738 -20.524 -23.682
R 15.27 -17.674 -23.926
K 14.171 -14.047 -24.466
R 16.834 -11.491 -25.542
I 16.356 -8.001 -23.95
S 18.219 -4.891 -25.275
N 17.93 -1.107 -25.853
C 16.045 -0.352 -22.595
V 16.326 0.606 -18.873
A 16.037 -2.373 -16.455
D 15.062 -1.682 -12.753
Y 16.499 -4.82 -11.064
S 15.734 -3.312 -7.551
V 11.972 -2.965 -8.343
L 12.025 -6.674 -9.507
Y 14.029 -7.674 -6.347
N 11.598 -5.857 -3.932
S 8.436 -7.33 -5.623
A 6.262 -9.54 -3.3
S 5.177 -11.516 -6.46
F 8.54 -13.437 -6.359
S 9.14 -15.97 -3.499
T 12.651 -16.834 -4.868
F 15.053 -14.049 -6.004
K 18.761 -14.989 -5.776
C 21.705 -13.28 -7.569
Y 25.166 -14.892 -8.099
G 28.429 -12.978 -8.847
V 26.391 -9.714 -8.677
S 23.55 -8.1 -6.638
P 20.482 -6.094 -7.747
T 22.102 -2.822 -6.461
K 25.209 -3.515 -8.609
L 22.991 -4.405 -11.698
N 21.164 -1.026 -11.205
D 24.591 0.624 -11.86
L 25.713 -1.542 -14.869
C 25.188 -1.527 -18.695
F 25.195 -4.709 -20.876
T 24.852 -5.36 -24.63
N 22.138 -8.028 -24.033
V 20.239 -9.544 -21.112
Y 18.791 -13.061 -21.544
A 15.657 -14.151 -19.65
D 15.347 -17.982 -19.615
S 11.916 -19.232 -18.467
F 10.254 -22.583 -17.717
V 8.04 -24.478 -15.203
I 9.31 -27.044 -12.621
R 7.768 -28.432 -9.385
G 8.4 -26.506 -6.096
D 10.864 -29.067 -4.609
E 13.122 -28.618 -7.721
V 13.453 -24.786 -7.345
R 16.67 -25.322 -5.25
Q 18.255 -27.079 -8.307
I 18.226 -23.747 -10.294
A 21.572 -22.572 -8.838
P 25.295 -23.167 -9.574
G 26.8 -26.525 -8.43
Q 23.409 -28.271 -7.808
T 22.57 -31.941 -8.653
G 19.207 -33.627 -9.364
K 17.267 -34.346 -12.553
I 16.627 -30.624 -13.464
A 20.277 -29.47 -12.961
D 21.735 -32.688 -14.522
Y 19.333 -33.281 -17.444
N 17.14 -30.159 -18.135
Y 18.622 -26.709 -17.251
K 22.184 -26.202 -15.976
L 23.912 -23.039 -14.707
P 27.724 -22.716 -14.89
D 29.739 -22.927 -11.599
D 30.825 -19.281 -12.298
F 27.212 -18.077 -13.025
T 26.678 -14.267 -12.936
G 22.934 -13.48 -12.874
C 19.618 -13.929 -11.052
V 17.193 -16.807 -10.384
I 13.579 -15.699 -9.845
A 10.677 -18.079 -9.094
W 7.038 -17.956 -7.979
N 4.259 -20.461 -7.234
S 2.017 -20.805 -10.392
N -0.552 -23.327 -8.969
N -3.447 -20.937 -9.985
L -2.15 -20.796 -13.669
D -0.47 -24.17 -14.414
X -2.522 -26.786 -12.448
K -5.867 -28.19 -13.644
V -8.553 -30.465 -12.106
G -7.622 -33.968 -13.403
G -4.035 -32.83 -14.145
N -2.249 -30.416 -16.472
Y -0.106 -32.838 -18.56
N 1.451 -30.14 -20.924
Y 4.612 -29.601 -18.77
L 7.364 -32.226 -19.179
Y 10.87 -32.773 -17.833
R 13.737 -35.083 -18.86
L 14.04 -37.989 -16.36
F 17.082 -39.678 -18.055
R 20.208 -38.664 -20.057
K 23.497 -40.48 -20.939
S 25.528 -37.471 -19.6
N 24.941 -34.207 -17.668
L 23.952 -31.096 -19.688
K 26.619 -28.444 -20.286
P 25.709 -24.964 -18.947
F 22.814 -23.389 -20.959
E 22.448 -26.53 -23.157
R 18.842 -27.294 -24.344
D 18.15 -30.974 -25.226
I 14.751 -31.575 -26.964
S 15.692 -35.088 -28.267
T 13.215 -37.997 -27.802
E 15.259 -41.198 -28.387
I 14.774 -44.209 -26.04
Y 17.205 -43.919 -23.08
