M 149.147 129.997 125.734
S 152.138 131.369 127.62
V 151.951 132.677 131.176
A 150.621 136.213 131.555
V 149.158 137.996 134.582
G 149.683 141.248 136.492
Y 150.131 141.107 140.26
M 151.437 144.538 141.216
D 148.696 147.047 141.996
P 149.775 150.659 142.616
G 148.077 150.548 145.996
N 150.343 147.834 147.325
W 153.273 149.242 145.378
I 153.241 152.626 147.094
T 152.28 151.248 150.48
S 155.022 148.629 150.61
M 157.744 150.884 149.245
Q 156.827 153.687 151.607
G 157.003 151.216 154.439
G 160.624 150.696 153.568
A 161.622 154.26 152.997
Q 160.551 155.532 156.403
Y 160.735 152.961 159.169
G 162.816 150.192 157.666
Y 162.407 146.482 158.245
T 159.857 146.78 161.051
L 156.69 146.565 158.976
L 157.9 143.374 157.303
F 156.139 141.104 159.776
V 152.73 142.729 159.323
I 152.887 141.987 155.607
L 153.158 138.251 156.164
I 150.278 138.216 158.615
S 147.978 140.125 156.31
S 148.845 137.788 153.451
L 148.151 134.716 155.569
A 144.841 136.179 156.669
A 143.711 136.733 153.104
M 144.442 133.104 152.245
L 142.058 131.915 154.923
L 139.43 134.424 153.851
Q 139.664 133.337 150.231
S 139.084 129.783 151.399
M 135.969 130.809 153.27
T 134.321 132.718 150.456
V 135.163 130.01 147.962
R 133.264 127.532 150.102
L 130.363 129.945 150.261
G 130.942 130.559 146.58
I 130.411 126.975 145.586
A 127.51 125.942 147.794
T 124.266 127.707 148.595
G 124.186 128.857 144.961
K 124.332 132.497 146.002
D 126.666 135.467 145.908
L 127.97 137.17 149.024
A 125.89 140.178 148.019
Q 122.698 138.143 147.784
M 123.708 136.718 151.143
T 123.871 140.145 152.75
R 120.498 140.89 151.237
H 119.062 137.82 152.914
F 120.042 138.989 156.408
L 118.979 142.639 156.185
S 116.157 145.035 155.423
K 115.851 147.808 152.84
P 117.564 150.625 154.795
V 120.582 148.791 156.188
A 120.819 147.334 152.719
I 121.216 150.887 151.438
I 123.907 151.345 154.058
F 126.079 148.404 153.18
W 125.579 149.217 149.512
I 127.004 152.663 150.167
I 129.936 150.996 151.884
A 130.714 148.62 149.031
E 130.401 151.423 146.496
L 132.867 153.447 148.53
A 135.306 150.552 148.614
I 135.178 150.329 144.823
I 135.595 154.075 144.445
A 138.625 153.923 146.707
T 140.318 151.339 144.536
D 139.497 153.325 141.407
I 140.977 156.537 142.837
A 144.145 154.64 143.641
E 144.283 153.453 140.069
V 143.651 156.788 138.383
I 146.365 158.502 140.401
G 148.734 155.7 139.47
S 147.998 156.212 135.806
A 148.321 159.992 135.999
I 151.731 159.852 137.65
A 152.885 157.32 135.072
L 151.853 159.619 132.254
D 153.44 162.714 133.773
L 156.742 160.912 134.172
I 156.911 159.337 130.742
F 155.72 162.258 128.639
G 155.692 165.556 130.533
I 152.033 166.603 130.441
P 150.855 168.03 133.778
L 148.716 165.995 136.135
I 145.265 167.438 135.486
V 145.348 166.636 131.783
G 146.508 163.104 132.541
A 143.686 162.619 135.021
L 141.108 163.754 132.49
I 142.595 161.574 129.756
T 142.414 158.572 132.06
V 138.844 159.201 133.156
F 137.215 159.571 129.796
D 139.524 156.993 128.208
V 138.022 153.55 128.433
F 137.653 153.288 124.649
L 141.221 151.993 124.549
L 139.981 148.843 126.234
L 137.358 148.149 123.586
F 139.859 148.954 120.838
I 142.548 146.65 122.186
M 139.933 143.993 122.922
R 139.02 144.062 119.238
F 142.784 143.997 118.651
G 143.857 140.787 120.423
F 144.47 139.371 123.891
R 147.315 136.871 123.851
K 149.916 139.273 122.485
I 149.159 142.124 124.87
E 149.071 139.867 127.895
A 152.336 138.213 126.893
I 154.099 141.529 126.411
V 152.889 143.063 129.674
G 153.937 139.927 131.522
T 157.37 140.158 129.941
L 157.811 143.79 130.929
I 156.644 143.283 134.51
F 158.885 140.263 134.973
T 161.811 142.271 133.636
V 161.114 145.258 135.883
L 161.151 142.9 138.839
