M 149.061 126.239 127.48
S 152.277 127.426 129.103
V 152.49 128.625 132.696
A 151.36 132.198 133.302
V 150.275 133.942 136.506
G 151.124 137.106 138.447
Y 151.926 136.825 142.148
M 153.468 140.167 143.068
D 150.927 142.76 144.181
P 152.219 146.303 144.795
G 150.851 146.153 148.32
N 153.113 143.307 149.344
W 155.901 144.655 147.161
I 156.183 147.98 148.967
T 155.493 146.535 152.39
S 158.116 143.802 152.179
M 160.791 145.986 150.619
Q 160.23 148.747 153.137
G 160.569 146.181 155.867
G 164.063 145.541 154.633
A 165.157 149.077 154.068
Q 164.476 150.282 157.597
Y 164.812 147.618 160.258
G 166.614 144.815 158.482
Y 166.1 141.109 158.994
T 163.847 141.421 162.042
L 160.489 141.403 160.281
L 161.391 138.22 158.409
F 159.778 135.946 160.977
V 156.416 137.724 160.904
I 156.182 137.096 157.171
L 156.34 133.336 157.594
I 153.711 133.34 160.312
S 151.286 135.416 158.297
S 151.77 133.138 155.303
L 151.149 130.031 157.391
A 148.027 131.592 158.849
A 146.585 132.307 155.428
M 147.07 128.681 154.4
L 144.904 127.505 157.264
L 142.298 130.153 156.524
Q 142.135 129.175 152.869
S 141.514 125.612 153.988
M 138.642 126.704 156.182
T 136.816 128.769 153.597
V 137.294 126.11 150.957
R 135.503 123.645 153.202
L 132.74 126.169 153.711
G 132.988 126.877 150.009
I 132.207 123.351 148.972
A 129.489 122.368 151.422
T 126.418 124.238 152.585
G 126.039 125.507 149.01
K 126.445 129.102 150.133
D 128.888 131.975 149.896
L 130.559 133.522 152.916
A 128.527 136.644 152.204
Q 125.24 134.75 152.224
M 126.505 133.177 155.427
T 126.973 136.541 157.106
R 123.506 137.473 155.951
H 122.104 134.412 157.673
F 123.466 135.426 161.086
L 122.548 139.122 161.071
S 119.774 141.656 160.655
K 119.344 144.521 158.193
P 121.359 147.2 160.05
V 124.414 145.2 161.09
A 124.251 143.847 157.575
I 124.679 147.42 156.362
I 127.627 147.682 158.719
F 129.573 144.684 157.551
W 128.759 145.635 153.974
I 130.391 148.997 154.583
I 133.398 147.156 155.958
A 133.793 144.843 152.978
E 133.361 147.737 150.565
L 136.098 149.591 152.405
A 138.404 146.597 152.169
I 137.902 146.502 148.404
I 138.445 150.238 148.093
A 141.669 149.889 150.043
T 143.03 147.309 147.646
D 142.0 149.427 144.669
I 143.751 152.527 146.037
A 146.895 150.477 146.475
E 146.636 149.401 142.875
V 145.992 152.812 141.353
I 148.961 154.347 143.144
G 151.103 151.481 141.908
S 150.041 152.141 138.349
A 150.548 155.896 138.616
I 154.091 155.563 139.922
A 154.879 153.07 137.173
L 153.683 155.499 134.535
D 155.544 158.476 135.979
L 158.786 156.528 136.003
I 158.555 155.058 132.53
F 157.297 158.092 130.636
G 157.596 161.326 132.616
I 153.995 162.525 132.91
P 153.208 163.891 136.385
L 151.218 161.87 138.881
I 147.787 163.474 138.613
V 147.478 162.789 134.898
G 148.549 159.19 135.44
A 145.96 158.742 138.169
L 143.203 160.063 135.934
I 144.323 157.913 133.008
T 144.232 154.848 135.233
V 140.815 155.587 136.689
F 138.889 156.132 133.516
D 140.918 153.514 131.638
V 139.295 150.13 131.912
F 138.552 150.006 128.176
L 142.034 148.569 127.692
L 140.824 145.42 129.401
L 137.93 144.92 127.003
F 140.188 145.71 124.048
I 142.891 143.255 125.062
M 140.244 140.685 125.974
R 138.985 140.911 122.4
F 142.668 140.71 121.448
G 143.764 137.403 123.016
F 144.645 135.852 126.366
R 147.36 133.24 125.979
K 149.921 135.576 124.434
I 149.523 138.377 126.96
E 149.628 136.029 129.915
A 152.705 134.275 128.553
I 154.558 137.53 127.995
V 153.736 139.006 131.402
G 154.818 135.772 133.05
T 158.09 135.913 131.149
L 158.783 139.49 132.191
I 157.945 138.916 135.853
F 160.085 135.793 136.011
T 162.954 137.721 134.452
V 162.609 140.66 136.839
L 162.826 138.209 139.71
