Q 20.421 42.054 11.302
V 21.629 42.008 15.011
C 19.045 41.666 17.866
T 18.986 41.219 21.697
G 18.11 37.75 23.097
T 16.162 36.806 26.288
D 16.79 35.406 29.843
M 13.543 33.703 31.062
K 14.697 29.995 31.213
L 12.039 27.468 32.452
R 10.066 30.428 34.002
L 6.506 30.499 32.514
P 5.128 33.533 30.542
A 2.377 35.554 32.348
S 0.783 36.601 28.962
P 0.695 33.458 26.745
E -1.733 35.579 24.594
T 1.202 37.924 23.562
H 4.224 35.587 24.285
L 4.604 34.612 20.557
D 4.247 38.31 19.464
M 7.292 39.246 21.686
L 9.441 36.487 20.032
R 8.43 37.656 16.479
H 9.38 41.274 17.485
L 12.685 39.972 19.029
Y 13.798 37.484 16.31
Q 12.09 38.769 13.054
G 14.756 39.71 10.413
C 17.458 38.993 13.103
Q 20.584 37.103 11.791
V 22.733 37.284 15.029
V 21.255 36.894 18.589
Q 23.148 38.804 21.359
G 22.582 36.7 24.53
N 20.271 33.635 24.652
L 17.77 32.293 22.046
E 15.055 30.992 24.445
L 12.038 29.311 22.731
T 9.597 28.121 25.476
Y 5.869 27.282 26.087
L 4.742 27.462 22.393
P 1.581 25.74 21.006
T 1.137 23.292 18.032
N -0.607 25.848 15.691
A 2.353 28.307 16.249
S 4.192 29.691 13.134
L 7.944 30.408 13.81
S 8.781 31.685 10.235
F 10.846 34.549 11.866
L 13.494 32.186 13.432
Q 14.528 31.208 9.814
D 16.98 34.21 9.522
I 18.852 33.339 12.83
Q 22.538 32.372 12.139
E 24.541 32.914 15.432
V 23.573 32.709 19.181
Q 26.314 34.118 21.485
G 24.19 32.788 24.367
Y 22.649 29.336 24.922
V 19.817 27.882 22.748
L 16.935 26.539 24.958
I 13.9 24.663 23.46
A 11.728 23.588 26.46
H 7.971 22.84 27.084
N 7.071 23.246 23.339
Q 4.149 21.28 21.735
V 5.304 22.481 18.231
R 6.832 19.77 15.925
Q 8.964 22.165 13.733
V 11.483 24.824 15.015
P 13.117 26.258 11.847
L 16.736 27.028 12.983
Q 18.215 25.771 9.651
R 20.611 28.762 9.108
L 22.089 28.592 12.719
R 25.865 27.925 12.122
I 27.386 28.681 15.605
V 26.456 28.938 19.351
R 29.298 30.732 21.292
G 27.791 29.699 24.697
T 29.232 32.862 26.382
Q 26.367 32.243 28.895
L 25.319 28.562 29.53
F 22.018 26.931 30.684
E 22.858 25.539 34.207
D 26.378 26.885 33.438
N 27.062 23.544 31.702
Y 25.114 23.441 28.387
A 25.231 25.523 25.164
L 22.113 23.729 23.723
A 19.263 22.532 26.044
V 16.163 20.679 24.606
L 13.808 19.701 27.501
D 10.18 18.439 27.894
N 8.75 18.898 24.31
G 5.609 16.639 24.245
D 3.308 14.692 26.695
P 0.06 16.114 28.238
S -1.87 13.866 15.75
P 0.666 13.57 18.66
G 2.471 16.761 19.869
G 6.193 17.537 20.413
L 9.493 18.283 18.567
R 10.206 15.473 15.985
E 13.401 16.671 14.143
L 16.048 19.237 15.347
Q 17.048 19.99 11.677
L 20.091 22.094 12.873
R 21.699 21.199 9.491
S 23.979 24.277 9.553
L 25.021 24.063 13.193
T 28.746 23.153 12.952
E 30.204 25.182 15.882
I 29.664 25.309 19.713
L 32.69 27.33 21.008
K 31.892 26.826 24.754
G 29.267 24.606 26.507
G 27.843 21.065 26.049
V 24.484 19.584 24.828
L 21.53 18.486 27.084
I 18.578 16.785 25.247
Q 15.976 14.99 27.449
R 12.206 14.388 27.94
N 10.594 14.805 24.439
P 8.948 11.464 22.767
Q 8.454 12.658 19.133
L 12.164 13.664 18.699
C 14.424 11.513 16.405
Y 18.014 12.051 15.084
Q 19.323 13.125 18.555
D 21.875 10.225 18.982
T 22.603 9.978 15.175
I 24.609 13.311 15.405
L 28.407 13.224 16.157
W 28.322 16.125 18.706
K 32.153 16.348 19.189
D 32.631 17.511 15.51
I 30.283 20.513 16.27
F 32.059 20.98 19.675
