T 110.327 109.703 160.25
E 114.007 110.139 161.086
D 114.735 106.572 159.977
Q 112.736 107.293 156.82
R 114.885 110.357 156.13
N 118.072 108.37 156.779
E 117.08 105.575 154.399
E 115.963 108.111 151.782
K 119.348 109.838 152.022
A 121.112 106.484 151.654
Q 118.951 105.604 148.642
R 119.672 108.981 147.045
E 123.411 108.492 147.587
A 123.248 105.035 146.001
N 121.282 106.43 143.052
K 123.841 109.214 142.605
K 126.678 106.677 142.613
I 124.853 104.521 140.059
E 124.236 107.517 137.789
K 127.89 108.532 138.107
Q 128.863 105.075 136.863
L 126.215 105.227 134.128
Q 127.688 108.468 132.769
K 131.021 106.832 131.969
D 129.196 103.723 130.753
K 127.285 105.972 128.337
Q 130.541 107.592 127.236
V 131.983 104.164 126.43
Y 128.783 103.007 124.702
R 128.522 106.026 122.397
A 132.173 105.818 121.326
T 131.794 102.194 120.183
H 130.311 101.045 116.879
R 128.413 97.75 116.926
L 128.461 95.511 113.851
L 126.428 92.4 113.055
L 128.514 89.991 110.978
L 125.836 87.981 109.166
G 126.469 85.391 106.476
A 126.565 81.727 105.6
G 129.203 79.507 107.166
E 130.608 78.592 103.741
S 130.863 82.248 102.661
G 134.328 82.849 104.11
K 132.882 84.753 107.068
N 134.969 82.821 109.603
T 138.259 83.601 107.856
I 137.295 87.286 107.736
V 136.984 87.279 111.539
K 140.597 86.161 111.964
S 128.078 79.954 122.961
G 125.277 81.576 120.987
I 127.241 84.675 120.001
F 130.933 85.484 119.602
E 132.505 88.899 120.126
T 135.602 90.396 118.541
K 136.861 93.895 119.316
F 139.113 95.732 116.879
Q 140.239 99.355 116.843
V 140.656 101.26 113.569
D 142.065 104.805 113.601
K 141.569 104.94 117.387
V 137.876 104.129 116.801
N 136.441 101.159 118.681
F 134.46 98.528 116.774
H 132.438 95.694 118.314
M 131.462 93.002 115.808
F 129.095 90.166 116.728
D 128.657 86.989 114.715
V 125.964 84.371 115.157
G 126.905 81.255 117.091
A 124.642 78.437 118.276
Q 121.366 79.669 116.807
R 118.749 77.932 114.709
D 118.294 78.857 111.062
E 115.012 80.646 111.862
R 116.109 84.272 112.161
R 112.881 86.299 112.143
K 112.885 86.649 115.947
W 116.466 87.176 117.094
I 117.335 89.388 114.113
Q 115.319 92.187 115.732
C 118.017 92.554 118.407
F 120.27 94.277 115.841
N 118.026 97.158 114.79
D 120.333 99.786 116.329
V 123.692 98.423 115.16
T 125.873 100.756 113.121
A 125.801 98.361 110.164
I 125.109 94.747 109.254
I 128.055 93.165 107.452
F 126.57 90.753 104.906
V 129.052 88.218 103.508
V 128.037 86.393 100.327
A 129.866 83.653 98.431
S 129.991 85.066 94.903
S 131.432 81.866 93.423
S 128.621 79.758 94.935
Y 126.125 80.52 92.162
N 125.791 76.854 91.14
M 126.632 74.591 94.102
T 121.809 74.499 95.634
N 121.333 78.003 94.217
R 123.231 79.375 97.197
L 123.575 82.911 95.845
Q 119.811 83.022 95.267
A 119.278 82.069 98.917
A 121.661 84.848 99.958
L 119.72 87.226 97.709
K 116.431 86.258 99.364
L 117.953 86.686 102.823
F 119.215 90.149 101.867
D 115.79 91.041 100.459
S 114.007 90.0 103.655
I 116.571 91.942 105.698
W 116.052 95.055 103.566
N 112.249 95.076 103.848
N 111.97 94.18 107.545
K 110.257 96.957 109.482
W 112.698 96.878 112.404
L 115.799 96.917 110.168
R 114.59 99.7 107.852
D 117.005 102.234 109.384
T 120.028 99.9 109.507
S 122.641 100.072 106.774
V 124.207 96.952 105.275
I 127.866 96.613 104.337
L 127.884 94.038 101.548
F 130.909 91.77 101.081
L 130.734 89.851 97.797
N 133.318 87.381 99.041
K 135.408 84.801 97.18
Q 136.353 86.777 94.093
D 139.48 84.656 93.611
L 137.116 81.675 93.256
L 134.542 83.395 91.042
A 137.381 84.367 88.7
E 138.43 80.756 88.13
K 134.784 79.66 87.926
V 134.041 82.146 85.139
