N -19.008 -8.48 -9.551
M -16.805 -5.508 -10.463
A -18.659 -3.43 -7.863
I -17.834 -5.654 -4.874
I -14.567 -7.234 -6.092
K -12.524 -4.07 -6.576
E -9.271 -3.69 -8.5
F -7.516 -3.905 -5.1
M -8.608 -6.315 -2.369
R -7.244 -7.349 1.019
F -7.789 -10.684 2.739
K -7.328 -12.262 6.164
V -6.516 -15.944 6.655
H -6.589 -18.394 9.579
M -5.097 -21.896 9.321
E -5.251 -24.683 11.876
G -3.583 -27.977 11.205
S -1.161 -30.753 12.025
V 1.653 -32.451 10.102
N 2.771 -35.877 11.366
G 0.947 -35.034 14.585
H 2.633 -31.661 15.206
E -0.179 -29.155 15.773
F -0.01 -25.503 14.736
E -2.033 -22.389 13.894
I -1.185 -19.55 11.492
E -2.758 -16.098 11.111
G -2.148 -14.046 7.974
E -3.004 -10.865 6.097
G -2.9 -10.568 2.308
E -3.708 -8.172 -0.519
G -3.593 -7.993 -4.285
R -5.169 -7.12 -7.624
P -7.794 -9.773 -8.413
Y -8.169 -8.882 -12.106
E -4.397 -8.767 -12.729
G -3.721 -12.063 -10.953
T -1.143 -10.829 -8.421
Q -1.144 -11.029 -4.623
T 1.071 -11.145 -1.528
A 0.581 -12.307 2.052
K 2.354 -12.157 5.411
L 1.86 -15.209 7.651
X 2.653 -15.633 11.361
V 2.805 -18.916 13.28
T 0.809 -18.235 16.465
K 0.783 -21.79 17.89
G 3.299 -24.616 17.478
G 6.257 -22.612 16.18
P 8.826 -23.262 14.942
L 7.325 -25.806 12.55
P 9.442 -28.992 12.369
F 8.71 -29.427 8.66
A 9.024 -27.613 5.347
W 7.047 -24.395 4.948
D 6.598 -25.229 1.252
I 3.8 -27.761 1.911
L 1.731 -24.946 3.488
S 2.392 -22.103 1.044
P -0.119 -23.158 -1.699
Q -2.983 -23.17 0.853
F -2.894 -19.411 1.536
S -6.49 -17.564 -2.977
K -8.357 -18.242 -6.238
A -10.259 -14.948 -6.483
Y -6.952 -13.509 -7.731
V -6.615 -15.28 -11.112
K -6.505 -13.19 -14.293
H -9.177 -14.543 -16.631
P -9.845 -13.859 -20.315
A -13.245 -12.336 -20.954
D -14.544 -15.456 -22.722
I -13.746 -17.774 -19.783
P -16.34 -17.397 -16.973
D -14.559 -16.428 -13.734
Y -16.658 -18.838 -11.684
L -14.872 -18.188 -8.405
K -15.189 -14.395 -8.657
L -18.859 -14.833 -9.585
S -19.427 -16.713 -6.307
F -19.091 -13.639 -4.09
P -20.144 -12.152 -1.74
E -21.236 -15.557 -0.414
G -18.046 -17.106 -1.778
F -16.797 -20.634 -2.349
K -15.167 -23.63 -0.682
W -12.497 -26.064 -1.781
E -11.256 -29.549 -0.868
R -7.74 -30.656 -1.846
V -5.633 -33.819 -1.661
M -1.854 -33.642 -2.279
N -0.272 -37.089 -2.761
F 3.516 -36.735 -2.465
E 5.751 -39.206 -4.252
D 7.234 -40.697 -1.04
G 3.843 -41.403 0.572
G 3.161 -38.135 2.362
V -0.448 -36.99 2.17
V -1.779 -33.458 2.732
T -5.543 -32.865 2.869
V -6.944 -29.33 2.932
T -10.386 -27.77 3.435
Q -10.981 -24.046 2.884
D -13.907 -21.588 3.105
S -13.73 -18.268 1.213
S -16.17 -15.415 1.858
L -16.394 -11.641 1.505
Q -17.027 -9.84 4.798
D -17.182 -6.059 5.299
G -15.146 -5.498 2.134
E -12.333 -8.051 2.627
F -11.904 -11.698 1.675
I -11.974 -14.045 4.686
Y -10.211 -17.425 4.447
K -10.471 -20.283 6.966
V -8.203 -23.294 6.358
K -7.899 -26.723 7.988
L -4.922 -28.906 7.023
R -3.839 -32.429 7.935
G -0.516 -33.837 6.756
T 0.273 -37.477 7.473
N 2.582 -40.309 6.44
F 5.673 -38.21 5.726
P 8.841 -40.301 6.213
S 10.789 -38.93 9.165
D 13.971 -38.839 7.041
G 12.298 -37.38 3.938
P 12.658 -33.834 2.645
V 9.49 -32.408 4.219
M 10.249 -33.389 7.814
Q 13.979 -32.692 7.303
K 13.283 -29.238 5.742
K 15.226 -29.933 2.545
T 12.825 -28.288 0.044
X 13.618 -25.064 -1.846
G 10.355 -23.771 -3.316
W 7.867 -24.729 -6.025
E 8.513 -24.669 -9.75
A 5.903 -22.934 -11.876
S 2.692 -24.969 -12.149
