H 97.03 113.872 126.393
E 97.042 116.864 128.735
L 98.857 119.06 126.204
I 96.167 118.852 123.503
R 93.359 119.224 126.062
N 93.419 123.016 125.78
A 90.705 124.529 123.564
A 93.064 126.95 121.798
D 94.52 124.408 119.345
I 91.174 122.664 118.708
S 90.25 125.869 116.858
V 93.202 125.309 114.498
I 92.258 121.644 113.964
V 88.589 122.383 113.228
I 89.33 125.299 110.896
Y 91.909 123.2 109.009
F 89.394 120.398 108.521
L 86.795 123.011 107.559
L 89.289 124.372 105.013
V 89.806 120.969 103.406
M 86.032 120.395 103.49
A 85.538 123.773 101.794
V 88.019 122.987 99.031
G 86.383 119.566 98.619
L 82.946 121.126 98.143
W 84.577 123.669 95.821
S 85.92 120.755 93.769
M 82.489 119.112 93.711
F 80.862 122.375 92.55
K 83.405 123.33 89.862
R 96.102 116.104 82.077
S 97.437 119.688 82.238
M 99.545 119.573 85.392
V 102.393 121.851 86.392
W 105.756 120.783 87.837
W 105.108 122.001 91.386
P 101.892 119.953 91.974
I 103.844 116.956 90.637
G 106.891 117.288 92.888
A 104.907 117.834 96.074
S 102.518 115.015 95.17
L 105.458 112.663 94.577
F 107.144 113.77 97.807
A 103.987 113.372 99.911
S 103.8 109.656 99.134
N 104.896 107.439 102.054
I 104.453 110.383 104.45
G 102.467 109.812 107.625
S 103.446 106.186 108.149
G 106.958 105.905 106.704
H 108.267 109.421 107.234
F 106.968 110.278 110.716
I 106.346 107.088 112.665
G 108.636 104.422 111.244
L 111.564 106.546 110.061
A 111.896 108.484 113.319
G 111.301 105.269 115.273
T 114.193 103.463 113.619
G 116.252 106.63 114.052
A 115.507 106.628 117.773
A 116.334 102.915 117.873
S 119.586 102.879 115.865
G 120.713 106.304 114.668
L 121.726 107.97 111.404
A 121.792 104.884 109.163
V 118.104 104.818 108.213
G 118.442 108.258 106.608
G 120.271 106.601 103.705
F 117.002 104.992 102.593
E 115.841 108.522 101.803
W 118.735 109.195 99.432
N 118.32 105.766 97.817
A 114.694 106.711 97.14
L 115.982 110.016 95.726
V 118.274 108.264 93.223
L 115.551 105.812 92.179
L 113.125 108.737 91.833
L 115.476 110.417 89.381
V 115.873 107.099 87.537
L 112.06 107.061 87.247
G 112.094 110.612 85.901
W 114.744 109.849 83.293
V 114.066 106.314 82.104
F 110.83 104.572 83.023
V 108.354 107.378 82.231
P 109.499 107.647 78.556
I 109.083 103.863 78.396
Y 105.599 104.148 79.916
I 104.634 106.886 77.441
K 106.21 105.378 74.297
A 104.16 102.174 74.47
G 100.987 104.127 75.275
V 100.157 102.505 78.608
V 99.031 103.781 82.009
T 100.414 101.248 84.513
M 102.652 98.194 84.906
P 100.321 95.131 84.545
E 98.654 96.662 81.49
Y 102.175 97.105 80.106
L 102.927 93.445 80.807
R 99.668 92.504 79.084
K 100.825 94.576 76.099
R 104.222 92.837 76.361
F 103.413 89.205 77.22
G 100.611 86.747 76.564
G 97.312 86.103 78.295
Q 95.552 87.076 81.485
R 97.565 85.147 84.086
I 100.39 87.711 84.325
Q 97.883 90.548 84.754
V 95.726 88.814 87.359
Y 98.783 87.623 89.304
L 100.181 91.159 89.407
S 96.74 92.388 90.473
V 96.537 89.878 93.35
L 100.126 90.652 94.374
S 99.568 94.416 94.273
L 96.43 94.036 96.393
F 98.263 91.941 98.987
L 101.134 94.448 99.045
Y 98.569 97.224 99.537
I 96.95 95.407 102.493
F 100.305 94.514 104.018
T 102.254 97.761 103.595
K 100.032 100.792 102.964
I 96.482 100.529 104.337
S 97.315 98.691 107.567
V 100.38 100.833 108.216
D 98.483 104.089 107.608
I 95.624 102.975 109.873
F 98.106 101.99 112.592
S 99.919 105.327 112.267
G 96.62 107.177 112.635
A 95.913 105.043 115.698
I 99.305 106.029 117.146
F 98.545 109.711 116.437
I 95.123 109.689 118.101
N 96.286 107.471 120.986
L 99.214 109.763 121.798
A 97.127 112.911 121.283
