S 142.355 156.133 115.571
A 141.945 152.428 116.318
V 145.718 151.865 116.352
W 146.234 154.786 118.739
G 143.44 153.557 120.996
I 144.67 149.97 121.176
S 148.281 151.067 121.734
V 147.265 153.425 124.55
Y 145.091 150.695 126.073
G 147.917 148.169 125.982
V 150.679 150.38 127.352
F 148.564 152.043 130.048
V 146.871 148.851 131.267
L 150.158 146.93 131.351
G 151.931 149.716 133.232
F 149.114 150.161 135.742
Y 148.803 146.418 136.381
I 152.566 146.052 136.863
A 152.489 149.017 139.248
Q 149.678 147.444 141.282
I 151.471 144.081 141.436
V 154.794 145.556 142.557
F 153.109 147.89 145.058
S 151.125 145.02 146.581
E 154.265 142.882 146.821
F 156.206 145.711 148.481
N 153.357 146.363 150.927
R 153.176 142.662 151.806
M 156.943 142.527 152.356
R 156.865 145.638 154.557
L 153.955 144.277 156.603
S 155.716 140.93 157.056
D 158.885 142.716 158.188
W 156.876 144.796 160.669
I 155.079 141.716 162.019
S 158.277 139.675 162.388
L 159.676 142.228 164.867
R 156.717 142.241 167.268
P 156.966 140.411 170.609
D 154.857 137.389 171.451
N 151.576 137.876 173.342
W 151.489 141.55 172.345
N 148.351 143.16 173.801
A 149.489 146.74 174.402
T 146.603 148.304 172.463
R 143.178 148.236 174.129
V 140.303 147.926 171.653
A 136.516 147.654 171.774
V 134.31 145.724 169.342
I 131.149 147.378 167.994
I 128.475 145.337 166.198
A 125.586 146.93 164.295
G 122.832 145.177 162.374
Y 119.188 145.246 161.369
R 116.899 142.411 160.226
E 119.797 139.964 160.48
D 119.375 136.197 160.426
P 119.572 134.894 164.027
F 121.847 132.029 162.949
M 124.314 134.398 161.272
F 124.19 136.829 164.204
K 124.851 134.0 166.668
K 127.759 132.768 164.542
C 129.2 136.294 164.417
L 128.894 136.613 168.2
E 130.601 133.24 168.672
S 133.411 134.251 166.304
V 133.866 137.475 168.28
R 133.998 135.424 171.487
D 136.575 133.131 169.828
S 139.076 135.977 169.372
E 142.47 135.398 170.99
Y 143.119 139.078 171.764
G 143.821 139.543 175.463
N 143.15 143.294 175.597
V 139.439 143.474 174.755
A 137.576 145.945 176.961
R 133.911 145.402 176.071
L 131.534 144.51 173.247
I 128.978 147.033 171.974
C 125.847 145.724 170.243
V 123.427 148.249 168.73
I 120.148 147.252 167.06
D 118.433 149.745 164.739
G 114.933 149.022 165.989
D 112.788 148.622 169.111
E 109.871 146.523 167.855
E 108.682 143.048 168.821
E 110.383 141.545 165.757
D 113.693 143.228 166.64
L 113.701 141.53 170.062
K 114.793 138.241 168.461
M 118.311 139.604 167.932
A 118.452 140.775 171.554
E 117.286 137.349 172.746
I 119.961 135.679 170.603
Y 122.537 138.039 172.122
K 121.415 137.044 175.626
Q 122.168 133.407 174.758
V 125.768 134.147 173.708
Y 126.479 137.009 176.114
N 125.181 138.731 179.246
D 121.555 139.812 179.638
N 122.488 143.505 180.046
V 120.111 144.777 177.361
K 118.994 148.417 177.39
K 116.056 149.933 175.486
P 116.426 153.729 175.525
G 113.552 155.812 174.224
V 115.755 158.44 172.547
V 118.442 158.534 169.857
L 121.804 160.115 170.658
C 122.08 161.552 167.135
E 118.861 163.562 167.644
S 119.335 164.465 171.328
E 120.822 167.585 172.896
N 123.171 165.488 175.061
K 125.099 163.161 172.743
N 127.343 161.747 175.485
G 127.112 158.016 176.117
S 126.728 158.451 179.88
T 123.044 159.345 179.419
I 122.126 155.763 178.458
D 125.035 153.89 180.096
S 126.317 153.863 183.677
D 128.746 150.927 183.992
V 131.474 150.212 181.432
S 132.734 146.93 182.925
K 129.78 144.902 181.621
N 128.814 144.468 177.982
I 125.764 146.474 176.917
C 123.078 145.992 174.267
I 121.13 148.972 172.911
L 117.695 148.795 171.264
Q 117.219 152.303 169.867
P 114.294 153.472 167.725
H 114.773 152.453 164.099
R 116.61 155.353 162.437
G 119.434 153.976 160.295
K 122.797 152.273 160.155
