R 7.7 36.684 -26.041
M 4.64 36.587 -23.799
F 3.823 38.26 -20.513
P 4.911 35.856 -17.738
N 1.528 35.411 -16.026
A -2.246 35.638 -16.414
P -3.776 37.433 -13.402
Y -6.934 35.772 -12.12
L -10.122 37.722 -12.738
G -11.087 36.704 -9.203
G -14.28 35.361 -7.683
G -16.688 37.808 -6.092
I -24.798 39.307 -28.344
Q -24.256 36.86 -31.209
R -22.898 37.776 -34.644
T -23.367 35.756 -37.822
P -20.266 35.02 -39.932
K -19.41 36.828 -43.13
I -18.413 34.27 -45.764
Q -16.057 34.68 -48.729
V -15.096 31.879 -51.127
Y -12.153 32.568 -53.413
S -8.939 31.206 -54.877
R -5.475 32.226 -53.711
H -4.357 33.076 -57.259
P -6.542 33.913 -60.28
A -8.314 30.755 -61.391
E -6.693 28.892 -64.283
N -7.718 25.486 -65.614
G -5.134 22.759 -65.111
K -3.034 24.987 -62.828
S -2.628 24.049 -59.172
N -4.203 26.567 -56.804
F -5.736 26.947 -53.337
L -9.463 27.175 -52.59
N -10.201 29.45 -49.626
C -13.24 29.972 -47.411
Y -12.759 32.976 -45.127
V -15.248 33.375 -42.267
S -15.065 36.499 -40.124
G -17.035 38.723 -37.791
F -18.782 35.875 -35.964
H -19.41 35.166 -32.273
P -19.271 32.744 -30.535
S -16.271 30.906 -31.983
D -17.822 27.447 -32.455
I -18.352 27.045 -36.199
E -18.503 24.221 -38.75
V -17.042 24.895 -42.201
D -16.907 22.502 -45.159
L -15.46 22.946 -48.633
L -17.693 21.311 -51.238
K -16.745 19.859 -54.628
N -19.555 18.745 -56.96
G -22.002 18.23 -54.116
E -19.767 16.489 -51.583
R -17.249 17.349 -48.894
I -13.564 17.748 -49.721
E -11.64 15.384 -47.472
K -8.333 17.138 -46.694
V -9.237 20.651 -45.544
E -6.973 22.641 -43.221
H -7.764 25.814 -41.311
S -5.891 28.6 -39.559
D -5.669 28.918 -35.787
L -8.538 30.71 -34.065
S -7.96 34.458 -33.736
F -10.152 37.54 -33.41
S -10.303 41.197 -34.405
K -10.402 44.383 -32.316
D -14.184 44.122 -31.863
W -13.637 40.591 -30.393
S -15.313 38.85 -33.364
F -13.514 35.74 -34.608
Y -12.084 34.872 -38.015
L -10.853 31.653 -39.617
L -9.416 30.659 -42.994
Y -10.36 27.238 -44.364
Y -8.299 26.165 -47.358
T -7.254 23.226 -49.514
E -5.02 22.676 -52.523
F -6.946 22.029 -55.718
T -6.702 22.075 -59.509
P -9.855 23.674 -60.971
T -11.157 22.061 -64.153
E -13.885 23.217 -66.512
K -16.733 21.126 -65.079
D -15.92 21.107 -61.355
E -17.979 23.395 -59.113
Y -16.9 24.462 -55.627
A -18.628 26.027 -52.633
C -18.301 26.576 -48.889
R -20.89 25.502 -46.316
V -20.936 27.23 -42.923
N -22.973 26.257 -39.861
H -23.302 28.514 -36.828
V -25.632 29.095 -33.892
T -26.891 32.231 -35.671
L -28.068 30.234 -38.717
S -31.348 28.331 -38.924
Q -29.72 26.086 -41.546
P -26.162 25.826 -42.902
K -25.424 28.595 -45.393
I -23.796 27.726 -48.723
V -21.717 30.249 -50.68
K -20.607 29.132 -54.134
W -17.191 29.875 -55.615
D -17.838 32.319 -58.466
R -15.059 31.436 -60.908
G 6.299 51.51 -41.561
S 4.809 50.946 -38.12
H 4.88 47.553 -36.411
S 3.146 45.659 -33.622
M 3.308 42.433 -31.635
R 0.007 40.898 -30.541
Y -1.016 37.881 -28.467
F -4.591 36.57 -28.626
F -6.153 34.078 -26.207
T -9.538 32.35 -26.456
S -11.012 30.02 -23.824
V -14.364 28.326 -24.485
S -16.086 26.215 -21.841
R -17.485 22.824 -22.891
P -19.857 21.732 -20.1
G -19.998 17.933 -20.101
R -17.854 17.586 -23.235
G -14.54 17.993 -21.403
E -12.306 20.79 -20.202
P -12.401 24.249 -21.826
R -10.845 24.714 -25.258
F -7.852 27.067 -25.033
I -6.312 28.569 -28.181
A -3.424 31.051 -28.127
V -1.793 32.793 -31.095
G 1.003 35.334 -31.427
Y 1.295 37.921 -34.187
V 3.906 40.334 -35.475
D 1.878 42.723 -37.628
D -0.29 40.458 -39.804
T 2.023 37.411 -39.629
