C 205.588 183.797 263.639
P 207.325 187.102 264.551
E 205.364 189.644 266.569
C 204.14 192.912 265.04
T 207.233 195.116 265.482
L 209.526 197.512 263.626
Q 211.917 196.222 260.953
E 214.14 198.014 258.493
N 212.569 198.515 255.023
P 214.602 197.626 251.914
F 213.5 200.195 249.309
F 213.706 203.664 250.807
S 216.188 202.849 253.624
Q 219.206 204.644 252.283
P 222.448 204.408 254.331
G 221.953 206.651 257.348
A 218.256 207.298 256.539
P 216.434 204.163 257.732
I 212.705 203.81 257.046
L 210.921 201.511 259.502
Q 208.158 199.103 258.43
C 205.862 196.932 260.556
M 206.62 193.199 260.222
G 204.974 190.4 262.19
C 201.81 188.429 262.959
C 198.266 189.412 263.992
F 195.723 186.854 265.224
S 192.559 186.177 263.214
R 189.77 183.605 262.919
A 186.617 182.797 260.948
Y 183.678 180.885 262.437
P 179.974 180.271 261.705
T 177.658 183.194 262.393
P 175.642 182.611 265.613
L 171.94 182.298 264.917
R 170.729 185.183 267.083
S 173.266 187.374 265.289
K 172.244 185.863 261.95
K 168.559 186.713 262.408
T 169.421 190.437 262.568
M 171.096 190.365 259.119
L 168.796 191.391 256.28
V 171.564 190.091 253.99
Q 172.365 186.605 255.379
K 176.128 186.03 256.087
N 177.011 182.391 257.016
V 180.6 183.032 258.316
T 182.022 185.85 260.561
S 185.712 186.76 259.871
E 187.238 188.257 263.074
S 190.639 189.738 262.186
T 193.407 192.174 263.346
C 196.272 193.552 261.118
C 199.863 194.835 261.849
V 199.271 198.638 261.406
A 201.531 201.557 262.591
K 201.088 203.101 266.102
S 202.889 206.329 265.003
Y 204.424 207.552 261.685
N 206.402 210.548 260.333
R 205.784 212.064 256.854
V 209.559 212.179 255.949
T 210.91 212.61 252.334
V 213.807 211.011 250.334
M 216.02 212.072 247.448
G 214.456 209.245 245.47
G 211.516 211.512 244.776
F 208.602 210.848 246.958
K 207.417 211.77 250.483
V 207.614 208.312 252.212
E 206.373 207.233 255.721
N 208.661 206.499 258.71
H 206.357 204.269 260.849
T 207.784 205.217 264.323
A 205.971 202.372 266.247
C 203.831 199.233 265.393
H 200.793 197.371 266.948
C 197.999 194.916 265.838
S 194.754 196.884 265.12
T 191.831 197.518 262.685
C 192.578 196.206 259.158
Y 191.346 198.41 256.235
Y 192.635 196.651 253.014
H 191.395 192.974 253.436
K 187.674 193.536 252.407
S 186.042 193.346 248.875
F 199.49 179.125 260.418
C 195.757 179.358 259.656
I 194.542 175.902 260.708
P 191.319 174.204 261.841
T 190.448 174.385 265.54
E 187.689 172.942 267.704
Y 184.987 175.4 268.746
T 181.856 174.899 270.847
M 178.712 176.806 269.786
H 175.353 177.328 271.481
I 172.106 177.56 269.521
E 168.783 179.167 270.372
R 165.587 180.606 268.959
R 163.56 183.428 270.443
E 160.633 181.009 270.963
C 162.255 177.613 271.656
A 162.757 176.371 275.22
Y 166.08 174.448 274.982
C 169.679 175.339 274.235
L 171.802 173.029 272.082
T 175.602 172.677 272.043
I 177.771 171.506 269.118
N 181.552 171.051 268.91
T 182.572 172.028 265.34
T 185.759 172.9 263.452
I 186.533 176.516 262.511
C 189.373 178.385 260.814
A 191.793 180.137 263.157
G 195.455 181.12 263.257
Y 197.928 183.755 262.075
C 198.442 185.404 258.674
M 201.042 187.893 257.445
T 199.784 191.458 256.97
R 201.575 194.738 256.14
D 200.965 198.47 255.794
I 203.204 199.66 252.935
N 204.953 203.025 253.279
G 204.099 204.24 249.767
K 200.331 204.194 250.264
L 199.773 207.239 248.055
F 201.751 206.132 245.021
L 201.81 202.337 244.656
P 198.814 200.494 243.138
K 195.963 199.011 245.163
Y 196.69 195.351 244.383
A 199.982 195.691 246.271
L 197.947 196.671 249.382
S 196.18 193.282 249.545
Q 195.91 191.848 253.062
D 195.54 188.129 253.809
V 193.54 186.803 256.772
C 192.677 183.341 258.061
T 189.408 182.25 256.448
Y 187.498 179.355 254.912
