D 89.886 78.965 124.543
Q 92.715 80.833 126.273
R 94.549 81.926 123.116
N 91.447 83.746 121.864
E 91.36 85.616 125.178
E 95.022 86.438 124.552
K 94.275 87.544 120.987
A 91.323 89.619 122.213
Q 93.695 91.641 124.398
R 96.176 91.838 121.514
E 93.635 93.289 119.072
A 91.76 95.515 121.53
N 95.141 97.004 122.438
K 95.798 97.625 118.736
K 92.523 99.537 118.389
I 93.421 101.617 121.451
E 96.886 102.238 119.995
K 95.152 103.48 116.832
Q 93.082 106.114 118.641
L 96.076 106.984 120.83
Q 97.963 107.967 117.67
K 95.163 110.254 116.465
D 94.967 111.881 119.899
K 98.749 112.29 119.731
Q 98.292 114.247 116.493
V 96.078 116.857 118.163
Y 98.01 116.936 121.452
R 101.276 117.867 119.724
A 99.529 120.333 117.378
T 98.253 122.452 120.294
H 99.984 124.815 122.716
R 98.833 124.845 126.332
L 98.88 128.185 128.151
L 98.416 128.968 131.843
L 96.808 132.338 132.589
L 98.022 133.498 136.012
G 96.783 136.878 137.201
A 96.157 138.611 140.524
G 93.369 140.291 142.469
E 91.711 142.766 140.085
S 94.717 142.505 137.758
G 92.624 142.741 134.585
K 93.101 139.174 133.337
N 89.375 138.801 132.608
T 89.615 141.206 129.666
I 92.552 139.124 128.409
V 90.124 136.2 128.216
K 87.598 138.528 126.555
Q 90.086 139.009 123.69
M 88.814 135.683 122.253
T 81.849 126.755 140.496
S 84.301 125.554 137.859
G 87.772 124.77 139.167
I 89.389 125.717 135.85
F 88.1 127.509 132.754
E 88.761 126.935 129.06
T 89.251 129.292 126.119
K 90.089 127.821 122.705
F 91.292 130.109 119.919
Q 93.151 129.601 116.645
V 95.643 132.108 115.217
D 97.151 131.553 111.752
K 95.661 128.038 111.665
V 97.449 127.17 114.931
N 95.407 125.94 117.894
F 96.005 127.414 121.353
H 94.646 126.153 124.682
M 94.564 128.671 127.543
F 93.676 127.555 131.074
D 92.3 129.994 133.654
V 92.442 129.093 137.341
G 88.966 128.946 138.848
A 88.038 127.874 142.362
Q 91.516 127.315 143.793
R 92.933 128.564 147.079
D 95.756 131.097 147.303
E 98.141 128.259 148.248
R 99.724 127.526 144.866
R 102.786 125.458 145.832
K 101.019 122.198 144.881
W 98.738 122.749 141.879
I 101.326 124.913 140.091
Q 103.365 121.77 139.36
C 100.658 120.579 136.946
F 101.716 123.265 134.435
N 105.394 122.304 134.103
D 104.772 121.267 130.478
V 102.791 124.218 129.08
T 104.177 126.296 126.227
A 104.136 129.521 128.251
I 102.655 130.971 131.429
I 100.702 134.146 130.656
F 101.339 136.36 133.693
V 99.118 139.448 134.023
V 100.027 142.335 136.34
A 98.072 145.499 137.135
S 100.094 148.712 136.893
N 102.356 147.163 148.339
R 100.382 145.2 145.754
L 102.974 145.42 142.968
Q 105.576 143.824 145.25
A 103.29 140.803 145.67
A 103.267 140.16 141.917
L 107.068 140.392 141.971
K 107.263 137.79 144.768
L 104.857 135.519 142.888
F 106.816 135.893 139.642
D 110.065 135.143 141.51
S 108.846 131.826 143.026
I 107.37 130.729 139.686
W 110.601 131.624 137.884
N 112.727 129.7 140.413
N 110.49 126.678 141.035
K 112.366 123.345 140.523
W 109.634 122.124 138.161
L 109.088 125.385 136.234
R 112.749 126.049 135.377
D 112.153 125.267 131.642
T 108.785 127.098 131.339
S 108.747 130.519 129.701
V 106.55 133.346 130.986
I 104.634 135.849 128.855
L 104.275 139.011 130.944
F 101.303 141.309 130.271
L 101.665 144.522 132.281
N 98.01 145.546 132.182
K 96.205 148.775 133.134
Q 98.378 151.241 131.247
D 95.545 153.793 131.257
L 95.296 153.935 135.053
L 99.099 153.977 135.244
A 99.145 156.897 132.8
E 96.85 159.263 134.726
K 97.835 158.629 138.36
V 101.482 159.485 137.668
L 100.52 162.495 135.541
A 98.436 163.644 138.528
G 101.111 162.937 141.142
K 98.584 162.294 143.917
S 100.188 159.161 145.417
