M 156.277 154.143 182.064
V 156.185 156.132 178.822
T 155.302 153.021 176.818
A 152.436 152.103 179.155
I 150.918 155.6 178.912
T 151.232 155.583 175.124
I 149.53 152.201 174.96
M 146.675 153.344 177.174
A 146.102 156.453 175.066
L 146.03 154.621 171.738
Y 143.986 151.72 173.108
S 141.274 154.125 174.445
I 141.136 155.923 171.007
V 140.841 152.482 169.189
C 138.263 151.369 171.881
V 135.744 154.229 171.544
V 135.97 154.457 167.754
G 135.744 150.688 167.273
L 132.857 150.122 169.65
F 130.825 152.98 168.16
G 131.44 151.985 164.535
N 130.638 148.325 164.985
F 127.526 149.039 166.991
L 126.341 151.297 164.186
V 126.882 148.693 161.442
M 124.885 146.035 163.29
Y 122.084 148.453 164.105
V 121.74 149.462 160.446
I 121.649 145.861 159.229
V 118.924 145.019 161.762
R 116.879 148.226 161.285
Y 116.475 148.428 157.481
T 114.809 145.636 155.499
K 116.621 146.393 152.236
M 120.019 145.778 153.841
K 119.504 142.056 154.452
T 121.536 140.016 151.86
A 123.88 136.927 152.139
T 126.939 139.294 152.125
N 125.336 141.503 154.852
I 124.875 138.407 157.153
Y 128.678 137.757 156.708
I 129.598 141.493 157.315
F 127.445 141.429 160.539
N 129.483 138.428 161.874
L 132.759 140.262 161.246
A 131.543 143.295 163.188
L 130.29 141.235 166.104
A 133.769 139.744 166.452
D 135.316 143.227 166.324
A 133.044 144.631 169.025
L 134.014 141.793 171.329
A 137.648 142.416 170.398
T 137.509 146.109 171.303
S 135.642 145.795 174.618
T 138.737 144.066 176.138
L 141.355 146.779 175.488
P 140.829 148.918 178.634
F 141.67 146.085 181.034
Q 144.897 145.389 179.146
S 145.819 149.064 179.143
V 145.296 149.223 182.92
N 147.375 146.048 183.298
Y 150.281 147.617 181.429
L 149.918 150.889 183.338
M 149.806 149.35 186.828
G 152.247 146.462 186.237
T 149.764 144.058 187.839
W 146.554 142.309 186.825
P 143.891 143.243 189.434
F 140.767 141.981 187.622
G 140.669 138.378 188.868
N 140.874 134.908 187.366
I 137.565 134.657 185.509
L 138.031 137.938 183.639
C 141.59 136.605 182.768
K 140.033 133.412 181.21
I 137.472 135.484 179.211
V 139.95 138.03 177.841
I 142.405 135.401 176.599
S 139.736 133.234 175.01
I 138.386 136.315 173.219
D 141.899 137.037 171.965
Y 142.0 133.652 170.175
Y 138.361 133.863 169.021
N 139.046 137.137 167.247
M 141.677 135.512 165.023
F 139.808 132.316 164.142
T 136.33 133.733 163.58
S 137.617 136.676 161.555
I 139.709 134.566 159.182
F 136.938 132.013 158.625
T 134.263 134.678 158.045
L 136.443 136.266 155.361
C 136.994 132.834 153.782
T 133.263 132.083 153.602
M 132.627 135.564 152.199
S 135.079 134.882 149.365
V 133.545 131.504 148.52
D 130.075 133.108 148.496
R 131.256 135.71 146.009
Y 132.779 132.917 143.933
I 129.537 130.987 143.719
A 127.733 134.194 142.766
V 130.215 135.17 140.029
C 130.931 131.779 138.405
H 127.835 129.537 138.904
P 124.783 131.816 138.686
V 122.221 129.165 137.765
K 123.082 127.199 140.882
A 124.203 130.33 142.758
L 120.569 131.35 143.061
D 119.58 128.309 145.148
F 122.517 128.423 147.598
R 122.701 132.194 148.277
T 119.546 132.445 150.372
P 120.245 134.314 153.645
R 119.284 131.472 155.983
N 122.182 129.508 154.519
A 124.513 132.346 155.517
K 123.14 132.287 159.059
I 123.738 128.538 159.349
V 127.223 129.049 157.898
N 128.026 131.622 160.598
V 126.803 129.363 163.407
C 128.967 126.564 162.01
N 131.916 128.972 161.956
W 131.561 129.658 165.675
I 131.117 125.975 166.52
L 134.278 125.121 164.588
S 136.301 127.918 166.218
S 135.336 126.642 169.679
A 137.61 123.604 169.201
I 140.634 125.893 169.49
G 138.955 128.471 171.72
L 137.691 126.41 174.658
P 140.978 124.669 175.546
V 142.647 128.079 175.704
M 139.94 129.264 178.1
F 140.324 126.188 180.287
