A 3.145 -10.79 15.082
S 0.647 -8.654 13.108
T 0.696 -7.038 9.697
N 0.222 -3.294 9.622
K 1.801 -2.482 6.246
E 0.521 -3.111 2.728
Y 1.975 -2.313 -0.692
V -0.644 -1.705 -3.405
C -0.158 -1.804 -7.194
D -3.22 -0.332 -8.891
F -3.561 -0.29 -12.71
T -7.15 0.991 -12.669
D -6.323 3.771 -15.084
Q -3.065 2.965 -16.886
L -4.165 0.138 -19.217
K -6.869 1.987 -21.201
P -6.507 1.895 -25.003
T -4.19 4.637 -26.215
E -2.867 5.659 -29.634
S 0.719 5.088 -28.429
G -0.257 1.601 -27.223
P 0.411 -1.124 -26.625
K 2.989 -0.113 -23.977
V 4.38 -1.906 -20.912
K 3.323 -0.26 -17.633
K 5.326 -1.531 -14.662
C 4.758 -1.605 -10.905
E 7.607 -2.974 -8.799
V 7.128 -4.104 -5.183
K 10.465 -4.594 -3.392
V 10.119 -6.281 0.007
N 12.875 -6.588 2.596
E 11.034 -6.862 5.894
P 8.558 -9.371 7.328
L 4.779 -9.755 7.157
I 4.136 -7.326 4.259
K 0.759 -7.615 2.582
V 0.683 -7.082 -1.234
K -2.496 -6.077 -3.069
I -2.769 -5.839 -6.887
I -5.757 -4.13 -8.538
X -6.506 -4.556 -12.245
P -9.529 -3.386 -14.238
L -12.311 -5.81 -15.167
K -13.848 -6.452 -18.533
G -17.037 -4.398 -18.644
S -16.051 -2.109 -15.751
V -16.152 0.59 -18.438
E -17.836 0.079 -21.787
K -15.222 -1.084 -24.301
L -11.771 -0.085 -22.937
Y -11.212 -3.542 -21.301
D -13.301 -5.906 -23.421
N -10.365 -8.248 -24.139
I -8.3 -7.923 -20.947
E -6.515 -11.087 -19.754
Y -4.558 -12.029 -16.631
V -1.369 -14.082 -16.307
P -1.23 -16.471 -14.44
K -4.969 -17.091 -14.641
K -4.695 -18.688 -11.163
S -2.999 -15.708 -9.481
P -2.063 -15.284 -6.684
Y -1.708 -19.014 -6.035
V 0.291 -19.339 -9.278
V 2.926 -16.752 -10.317
L 5.37 -16.202 -13.188
T 8.977 -16.747 -12.176
K 12.313 -17.346 -13.875
E 13.569 -20.948 -14.023
E 16.733 -21.247 -16.117
T 16.01 -19.125 -19.229
K 12.232 -19.618 -19.173
L 9.451 -17.775 -17.404
K 7.382 -20.515 -15.81
E 4.097 -20.668 -13.93
K 4.828 -21.928 -10.394
L 2.882 -22.366 -7.144
L 3.746 -19.371 -4.962
S 3.428 -21.41 -1.768
K 6.316 -23.649 -2.893
L 8.49 -20.69 -3.972
I 8.027 -19.001 -0.606
Y 7.091 -21.202 2.3
G 4.455 -19.876 4.709
L 2.894 -17.199 2.52
L -0.722 -16.482 3.489
I -3.415 -16.348 0.793
S -7.016 -15.896 1.908
P -9.509 -17.704 -0.331
T -11.65 -14.528 -0.478
V -10.995 -10.784 -0.468
N -13.907 -8.6 0.676
E -16.254 -11.602 0.198
K -15.157 -12.24 -3.4
E -12.814 -14.81 -4.882
N -9.095 -13.944 -4.483
N -8.545 -13.947 -8.257
F -8.14 -11.288 -10.942
K -11.618 -12.153 -12.316
E -12.84 -10.117 -9.333
G -10.344 -7.289 -9.939
X -8.082 -7.765 -6.91
I -5.529 -10.308 -5.614
E -3.947 -10.192 -2.176
F -1.363 -12.159 -0.23
T 0.802 -11.704 2.875
L 4.49 -12.624 2.935
P 5.843 -14.683 5.856
P 8.065 -13.822 8.834
V 11.217 -15.224 7.18
V 12.534 -15.436 3.602
H 15.952 -16.912 3.129
K 16.677 -16.38 -0.554
A 16.008 -13.512 -2.939
T 12.878 -14.395 -4.942
V 11.366 -12.52 -7.895
F 8.007 -13.228 -9.474
Y 5.504 -11.479 -11.707
F 1.829 -10.935 -12.527
I 0.49 -9.587 -15.82
X -2.752 -7.651 -16.325
D -2.789 -7.513 -20.111
N -5.133 -5.22 -22.011
S -3.103 -5.245 -25.206
K -5.697 -7.283 -27.108
T -8.41 -4.676 -26.469
E -8.68 -2.434 -29.51
D -10.929 0.614 -29.71
D -10.859 3.345 -32.354
N -7.281 2.795 -33.594
K -6.114 2.603 -29.978
K -4.616 -0.395 -28.197
G -4.592 -1.148 -24.48
N -1.439 -1.633 -22.452
R 0.316 -4.538 -20.77
G 0.557 -4.062 -16.983
I 3.375 -5.955 -15.256
V 3.839 -6.307 -11.493
E 7.303 -7.362 -10.373
