R 68.865 -1.72 82.55
F 70.944 -0.028 79.816
P 68.872 0.849 76.712
N 68.786 -0.455 73.16
I 70.32 2.06 70.769
T 69.692 0.738 67.26
N 66.884 2.723 65.569
L 67.624 5.982 63.776
C 66.321 9.021 65.629
P 62.943 10.185 64.169
F 64.004 13.764 63.436
G 61.617 13.775 60.473
E 58.604 13.842 62.787
V 59.875 17.193 64.088
F 61.573 18.825 61.11
N 58.935 17.738 58.585
A 55.789 18.341 60.671
T 53.014 19.959 58.654
R 52.394 22.944 60.944
F 54.749 24.23 63.592
A 53.756 25.527 67.001
S 53.364 29.211 67.769
V 56.474 30.324 69.664
Y 54.539 31.196 72.846
A 53.182 27.608 72.895
W 56.441 26.068 71.658
N 56.251 22.304 71.201
R 58.684 19.901 72.919
K 59.297 16.319 71.77
R 61.476 13.868 73.693
I 64.005 11.902 71.633
S 65.41 8.722 73.188
N 66.788 5.209 72.542
C 68.087 6.009 69.058
V 71.071 6.883 66.864
A 71.477 10.56 65.973
D 73.387 10.989 62.685
Y 73.91 14.74 62.347
S 75.674 14.434 58.985
V 72.417 13.049 57.588
L 70.267 15.635 59.374
Y 72.511 18.483 58.184
N 72.263 17.336 54.545
S 68.493 16.679 54.804
A 67.699 20.309 53.864
S 69.222 23.771 53.419
F 69.346 25.41 56.864
S 70.049 29.109 57.339
T 71.173 28.588 60.964
F 72.896 25.543 62.429
K 74.82 26.574 65.527
C 75.788 24.504 68.55
Y 76.529 25.596 72.106
G 78.107 23.892 75.079
V 79.348 21.019 72.922
S 82.005 20.52 70.276
P 80.17 20.698 66.92
T 82.52 18.346 65.033
K 82.184 15.65 67.72
L 78.381 15.347 67.418
N 78.496 12.023 65.546
D 80.5 10.548 68.467
L 78.825 11.999 71.571
C 76.206 10.285 73.731
F 73.373 11.812 75.764
T 70.8 10.548 78.257
N 68.042 12.316 76.243
V 67.501 14.84 73.465
Y 64.613 17.332 73.497
A 63.527 18.912 70.21
D 61.71 22.238 70.638
S 60.052 23.691 67.543
F 58.173 26.9 66.669
V 57.909 29.686 64.088
I 59.279 33.241 64.468
R 60.168 35.95 61.973
G 63.647 36.194 60.468
D 64.878 39.184 62.525
E 64.194 37.233 65.739
V 66.193 34.084 64.978
R 69.287 35.718 66.571
Q 67.355 35.818 69.879
I 67.355 31.992 69.954
A 70.773 31.806 71.644
P 72.093 32.024 75.207
G 72.227 35.496 76.724
Q 69.886 37.25 74.27
T 67.052 39.671 75.011
G 63.99 40.854 73.149
K 60.321 39.885 72.923
I 61.116 36.265 72.04
A 63.943 35.63 74.514
D 62.209 37.499 77.343
Y 58.546 36.508 76.923
N 58.319 33.466 74.584
Y 61.307 31.063 74.508
K 64.418 31.466 76.698
L 67.651 29.409 76.438
P 69.895 29.142 79.536
D 73.356 30.676 79.721
D 74.929 27.184 80.004
F 72.894 25.825 77.067
T 74.036 22.449 75.68
G 72.529 21.846 72.253
C 72.105 23.152 68.72
V 69.768 25.747 67.218
I 68.554 24.961 63.7
A 66.431 27.258 61.581
W 65.322 27.779 58.018
N 63.179 30.14 55.991
S 59.631 28.794 55.575
N 58.169 31.548 53.359
N 57.135 28.817 50.918
L 54.979 27.01 53.524
D 53.967 29.542 56.193
S 53.144 32.742 54.278
K 50.068 33.471 52.151
V 48.919 36.182 49.79
G 46.81 38.421 51.975
G 48.72 37.275 55.028
N 48.975 34.277 57.331
Y 47.929 35.22 60.884
N 47.964 31.652 62.247
Y 51.189 32.073 64.249
L 51.214 34.121 67.464
Y 53.712 35.485 69.971
R 53.395 36.873 73.496
L 53.865 40.635 73.677
F 54.901 41.153 77.327
R 55.043 39.543 80.783
K 55.399 40.907 84.31
S 58.786 39.151 84.484
N 61.106 37.388 82.06
L 60.754 33.677 81.336
K 63.107 31.293 83.093
P 65.056 28.984 80.755
F 62.814 26.418 79.022
E 59.703 27.905 80.644
R 56.451 27.944 78.656
D 53.723 30.529 79.383
