E 154.333 175.897 140.685
D 152.056 173.09 139.525
K 154.772 171.392 137.458
A 156.875 170.493 140.504
A 153.797 169.105 142.262
V 152.9 166.908 139.292
E 156.498 165.664 139.094
R 156.403 164.654 142.763
S 153.086 162.867 142.254
K 154.49 160.883 139.319
M 157.57 159.793 141.277
I 155.36 158.651 144.156
E 153.165 156.711 141.725
K 156.2 154.885 140.312
Q 157.25 153.902 143.827
L 153.729 152.702 144.626
Q 153.699 150.542 141.485
K 156.871 148.759 142.583
D 155.416 148.308 146.073
K 152.178 146.834 144.707
Q 154.028 144.361 142.506
V 156.046 143.143 145.492
Y 152.984 143.0 147.768
R 150.694 141.054 145.444
R 152.676 137.774 145.616
T 153.212 137.251 149.368
L 150.921 135.011 151.422
R 149.886 135.723 155.013
L 148.93 133.162 157.669
L 147.651 133.434 161.247
L 148.695 131.023 164.011
L 146.321 130.052 166.841
G 146.411 127.6 169.722
A 146.459 127.217 173.485
D 149.207 127.621 176.064
N 149.621 123.887 176.723
S 149.922 123.2 172.983
G 153.24 123.287 171.159
K 152.955 126.117 168.641
S 156.262 127.627 169.771
T 157.968 124.359 168.848
I 156.428 124.568 165.367
V 157.678 128.165 165.112
K 161.183 126.932 165.97
Q 160.609 123.917 163.679
M 160.371 125.903 160.426
R 163.379 127.232 158.502
I 163.849 129.121 155.247
T 156.186 144.355 175.578
S 156.093 143.482 171.885
G 152.505 143.0 170.789
I 153.024 140.799 167.74
F 155.796 138.506 166.508
E 156.54 137.792 162.854
T 158.443 134.98 161.163
K 159.374 134.565 157.504
F 160.117 131.468 155.458
Q 160.52 130.533 151.8
V 159.37 127.311 150.131
D 159.821 126.641 146.392
K 160.655 130.334 145.853
V 157.368 131.47 147.432
N 157.536 133.726 150.489
F 155.354 133.119 153.558
H 154.908 135.57 156.431
M 153.477 134.146 159.666
F 152.186 136.07 162.678
D 151.823 135.222 166.367
V 150.194 137.246 169.139
G 152.236 138.149 172.199
A 151.488 140.575 175.012
Q 147.696 140.78 174.814
R 144.775 140.074 177.117
D 142.516 137.02 176.777
E 139.507 138.737 175.163
R 139.763 138.215 171.413
R 136.626 139.683 169.857
K 138.222 142.954 168.679
W 141.651 142.215 167.2
I 140.349 139.093 165.444
Q 138.777 141.347 162.8
C 142.2 142.389 161.479
F 142.72 138.968 159.873
N 139.752 138.731 157.493
D 141.916 138.826 154.344
V 144.626 136.352 155.334
T 145.068 133.162 153.345
A 144.682 130.669 156.197
I 144.307 130.159 159.94
I 146.49 127.439 161.484
F 144.896 125.833 164.568
V 147.034 123.662 166.874
V 145.396 121.298 169.395
D 146.703 119.246 172.342
S 145.016 115.877 171.768
S 146.11 114.337 175.082
D 143.075 113.983 177.347
N 140.655 117.342 180.517
R 140.475 120.341 178.2
L 139.388 118.963 174.814
Q 135.947 120.524 175.269
E 137.5 123.997 175.438
A 139.324 123.288 172.169
L 136.081 122.099 170.553
N 134.224 125.203 171.711
D 136.95 127.566 170.51
F 137.079 125.918 167.082
K 133.281 126.075 166.824
S 133.267 129.781 167.716
I 136.009 130.53 165.172
W 134.073 128.611 162.526
N 130.813 130.579 162.875
N 132.0 134.197 163.167
R 130.765 136.561 160.482
W 134.111 138.094 159.495
L 135.755 134.648 159.253
R 133.19 132.678 157.213
T 135.301 132.73 154.024
I 138.637 131.797 155.643
S 139.977 128.247 155.658
V 141.492 126.5 158.666
I 144.385 124.03 158.746
L 144.032 121.705 161.734
F 147.004 120.172 163.566
L 146.301 117.517 166.211
N 149.658 117.7 167.984
K 150.915 115.575 170.907
Q 150.734 112.129 169.313
D 153.24 110.057 171.317
L 151.743 111.19 174.622
L 148.316 110.11 173.351
A 149.7 106.728 172.331
E 151.364 106.047 175.682
K 148.382 107.317 177.686
V 145.763 105.239 175.869
L 147.99 102.156 175.726
A 148.742 102.256 179.463
G 145.042 102.458 180.317
K 145.206 104.325 183.632
S 142.643 106.893 182.442
