M 105.861 148.814 155.112
I 109.551 148.432 154.299
T 112.611 150.019 155.848
A 115.082 151.935 153.712
A 117.947 149.622 154.647
D 116.049 146.598 153.337
F 115.791 148.403 150.011
Y 119.582 148.517 149.981
H 119.886 144.735 150.284
V 117.775 144.354 147.159
M 119.977 146.766 145.197
T 123.094 145.002 146.513
A 121.833 141.759 144.942
M 120.283 143.111 141.722
V 122.433 145.985 140.464
P 125.374 143.534 140.025
L 123.166 141.629 137.578
Y 122.448 144.67 135.4
V 126.072 145.807 135.436
A 127.046 142.505 133.825
M 124.203 142.87 131.311
I 124.832 146.429 130.106
L 128.569 145.766 129.68
A 127.6 143.073 127.2
Y 124.948 145.172 125.523
G 127.61 147.848 125.253
S 130.311 145.557 123.899
V 128.169 144.655 120.858
K 125.736 147.494 120.19
W 127.865 150.471 121.239
W 131.58 149.696 121.161
K 131.681 146.736 118.732
I 134.035 144.446 120.628
F 132.488 141.075 119.774
T 131.862 139.837 116.263
P 128.471 138.029 116.12
D 130.385 134.782 115.561
Q 132.623 135.496 118.562
C 129.497 136.535 120.461
S 127.978 133.096 119.797
G 130.94 131.384 121.419
I 130.201 132.874 124.794
N 126.566 131.744 124.586
R 127.866 128.287 123.732
F 130.045 128.253 126.837
V 127.297 129.462 129.175
A 124.664 127.069 127.84
L 126.882 123.994 128.299
F 129.426 124.647 131.051
A 128.37 127.538 133.265
V 124.622 127.1 133.866
P 124.737 123.264 134.279
L 127.396 123.851 136.911
L 125.495 126.724 138.499
S 122.348 124.611 138.732
F 124.367 121.683 140.07
H 125.802 123.915 142.809
F 122.332 124.884 144.014
I 120.645 121.485 143.72
A 123.476 119.538 145.374
A 123.329 121.868 148.386
N 119.569 121.462 148.738
N 118.218 119.226 151.491
P 115.612 116.997 149.803
Y 114.404 115.698 153.174
A 113.486 119.144 154.511
M 111.653 120.669 151.565
N 108.682 122.848 152.521
L 105.919 120.691 151.09
R 103.154 123.189 151.792
F 104.989 125.926 149.888
L 105.909 123.444 147.187
A 102.283 122.498 146.536
A 101.292 126.097 145.901
D 103.761 126.305 143.029
S 102.55 123.011 141.579
L 98.918 124.127 141.836
Q 99.61 127.311 139.91
K 100.749 125.088 137.053
V 97.647 122.892 137.23
I 95.045 125.673 137.408
V 96.812 127.238 134.427
L 97.235 123.978 132.561
S 93.648 122.843 133.165
L 92.147 126.021 131.747
L 94.345 125.68 128.669
F 93.195 122.071 128.223
L 89.59 123.257 128.555
W 90.219 125.964 125.976
C 91.759 124.112 123.043
K 89.12 121.374 123.283
L 86.058 123.613 123.678
S 86.69 126.663 121.505
R 87.486 125.945 117.867
N 90.021 128.77 117.56
G 92.293 127.249 120.192
S 95.498 125.597 119.071
L 98.37 123.661 120.602
D 100.866 126.312 119.518
W 99.345 128.724 122.055
T 98.933 126.191 124.841
I 102.705 125.844 124.966
T 103.207 129.592 124.689
L 100.723 130.603 127.383
F 102.115 127.936 129.693
S 105.632 129.325 129.358
L 104.54 132.952 129.589
S 102.511 132.573 132.752
T 104.092 129.885 134.927
L 107.839 129.472 134.255
P 109.932 132.392 135.529
N 113.771 132.974 135.837
T 114.201 131.456 139.14
L 117.788 130.242 138.838
V 119.777 133.298 137.811
M 117.586 136.117 139.057
G 115.219 134.522 141.488
I 117.672 133.068 143.999
P 119.748 136.317 144.302
L 116.636 138.519 144.35
L 114.551 136.745 146.985
K 117.597 136.151 149.175
G 118.092 139.888 149.547
M 114.417 140.677 150.014
Y 113.487 138.176 152.712
G 116.662 136.435 153.833
N 118.474 133.113 153.744
F 115.297 131.033 153.994
S 113.72 132.397 150.818
G 116.984 131.808 149.046
D 116.545 128.231 150.228
L 112.943 128.087 149.007
M 113.845 129.277 145.52
V 116.257 126.369 145.17
Q 113.343 124.029 145.845
I 111.474 125.505 142.873
V 114.532 125.257 140.585
V 114.625 121.541 141.433
L 110.992 121.158 140.377
Q 111.267 123.181 137.205
