N 46.541 -8.887 -14.201
L 44.733 -6.524 -11.728
C 41.136 -5.364 -12.514
P 41.277 -1.591 -13.242
F 38.957 -0.445 -10.361
G 41.445 2.458 -9.788
E 40.433 4.018 -13.184
V 36.793 4.174 -11.886
F 37.177 5.047 -8.143
N 40.081 7.524 -8.653
A 38.845 9.156 -11.932
X 39.577 12.934 -11.824
R 36.081 13.732 -13.278
F 32.815 11.772 -12.738
A 29.726 11.751 -14.993
S 26.529 13.705 -14.322
V 23.961 11.148 -13.034
Y 21.667 11.58 -16.15
A 24.775 10.649 -18.268
W 26.168 7.975 -15.858
N 29.295 6.065 -17.048
R 29.737 2.28 -17.097
K 33.109 0.479 -17.025
R 33.026 -3.168 -18.173
I 35.527 -5.214 -16.069
S 36.613 -8.584 -17.605
N 39.556 -11.002 -17.834
C 41.326 -9.819 -14.618
V 41.997 -10.513 -10.887
A 39.702 -8.372 -8.636
D 41.234 -7.29 -5.269
Y 37.931 -6.365 -3.497
S 39.912 -5.97 -0.16
V 41.248 -2.547 -1.377
L 37.551 -1.36 -1.393
Y 36.065 -3.124 1.715
N 39.14 -2.227 3.94
S 39.089 1.501 2.875
A 38.289 4.397 5.302
S 37.463 6.546 2.196
F 33.746 5.526 1.883
S 30.584 6.746 3.728
T 28.311 4.16 1.946
F 29.306 0.522 1.2
K 26.136 -1.636 0.95
C 26.221 -5.069 -0.803
Y 22.847 -6.819 -1.425
G 22.959 -10.653 -1.047
V 26.79 -10.986 -1.498
S 29.767 -9.962 0.711
P 33.002 -8.493 -0.73
T 34.592 -11.369 1.32
K 32.737 -14.159 -0.677
L 33.387 -12.224 -3.978
N 37.12 -13.126 -3.441
D 36.378 -16.864 -4.255
L 33.67 -16.377 -6.987
C 34.301 -15.774 -10.744
F 32.035 -13.661 -13.029
X 31.851 -13.307 -16.836
N 31.6 -9.487 -16.434
V 31.63 -6.932 -13.613
Y 30.14 -3.457 -14.278
A 31.171 -0.301 -12.377
D 28.591 2.506 -12.908
S 29.757 5.933 -11.647
F 28.228 9.425 -11.278
V 27.629 12.365 -8.876
I 24.391 13.125 -6.941
R 23.748 15.163 -3.753
G 24.145 13.565 -0.276
D 20.398 13.187 0.509
E 19.902 11.312 -2.853
V 22.415 8.463 -2.09
R 19.45 6.603 -0.421
Q 17.773 6.497 -3.923
I 20.677 4.284 -5.24
A 19.066 1.143 -3.743
P 16.531 -1.482 -4.883
G 12.841 -0.409 -4.646
Q 13.44 3.387 -4.258
T 11.562 6.328 -5.882
G 12.435 10.038 -6.339
K 13.936 12.201 -9.137
I 17.181 10.117 -9.272
A 15.716 6.543 -9.115
D 12.771 7.579 -11.399
Y 14.504 9.708 -14.108
N 18.346 9.285 -13.815
Y 19.698 5.914 -12.487
K 17.506 2.913 -11.554
L 18.536 -0.305 -9.745
P 16.393 -3.435 -10.281
D 14.177 -4.702 -7.372
D 16.342 -7.922 -7.285
F 19.775 -6.098 -7.302
T 22.569 -8.304 -5.729
G 25.65 -6.0 -6.174
C 27.285 -3.173 -4.141
V 26.594 0.587 -3.823
I 29.67 2.624 -2.717
A 29.634 6.419 -2.119
W 31.857 9.149 -0.643
N 31.573 12.917 -0.076
S 33.356 14.738 -2.994
N 32.818 18.35 -1.701
N 36.647 18.884 -2.016
L 36.626 18.08 -5.811
D 33.054 18.786 -7.08
X 32.101 22.074 -5.258
K 33.62 25.546 -5.861
V 33.13 29.039 -4.317
G 30.257 30.753 -6.241
G 28.839 27.289 -7.163
N 29.802 24.371 -9.451
Y 26.84 23.952 -11.883
N 28.601 21.417 -14.253
Y 26.797 18.381 -12.661
L 23.216 17.974 -13.973
Y 20.224 15.699 -13.337
R 17.07 15.003 -15.374
L 14.141 16.845 -13.675
F 11.364 15.772 -16.158
R 10.575 12.547 -18.084
K 7.426 11.001 -19.689
S 7.967 7.723 -17.729
N 10.298 6.104 -15.138
L 13.588 4.497 -16.285
K 13.799 0.708 -16.495
P 16.659 -0.742 -14.389
F 20.083 0.327 -15.83
E 18.365 2.472 -18.551
R 20.268 5.654 -19.581
D 18.584 8.779 -21.061
I 20.828 11.617 -22.395
X 18.085 13.245 -24.574
T 17.512 17.056 -24.391
E 14.003 17.018 -26.012
I 11.925 19.999 -24.737
Y 9.523 18.45 -22.161
