A 185.38 209.984 172.768
Y 184.275 206.992 170.645
T 185.86 204.653 168.08
N 184.811 201.743 165.87
S 185.268 198.154 167.065
F 185.857 196.889 163.524
T 186.491 193.154 163.961
R 188.241 193.091 167.352
G 187.229 191.159 170.484
V 187.327 187.6 169.2
Y 188.681 184.989 171.616
Y 188.802 181.181 171.649
P 185.563 180.454 173.538
D 186.763 176.994 174.626
K 189.93 174.973 175.117
V 189.154 172.702 172.147
F 191.41 172.432 169.111
R 189.652 172.747 165.749
S 191.273 172.974 162.304
S 190.065 173.964 158.812
V 186.438 174.307 159.944
L 183.725 176.904 160.529
H 182.28 176.532 164.013
S 179.188 178.34 165.285
T 179.263 179.266 168.995
Q 177.137 181.435 171.279
D 179.012 183.397 173.972
L 179.883 186.91 175.161
F 181.814 188.603 172.365
L 182.403 192.192 171.339
P 179.746 193.074 168.69
F 181.397 194.022 165.398
F 181.452 197.694 164.374
S 180.275 198.804 167.823
N 181.144 201.951 169.787
V 184.157 201.654 172.065
T 184.664 204.372 174.665
W 188.06 206.072 174.281
F 190.095 207.31 177.249
H 193.466 209.057 177.605
N 191.287 206.925 185.238
P 187.479 206.939 185.979
V 185.355 204.032 187.277
L 183.44 202.1 184.565
P 180.621 199.494 184.75
F 181.181 195.782 184.038
N 177.817 194.988 182.482
D 178.431 191.305 181.626
G 182.006 191.507 180.369
V 184.638 193.977 179.202
Y 186.901 194.331 176.232
F 189.856 196.45 177.201
A 192.519 197.601 174.796
S 195.564 199.764 175.299
T 197.842 201.517 172.903
E 201.092 202.024 174.77
K 204.53 203.458 173.998
S 205.966 203.443 177.554
N 203.765 200.841 179.349
I 201.929 203.403 181.524
I 198.934 201.117 182.265
R 199.787 198.442 184.833
G 196.634 197.071 186.423
W 192.893 196.78 187.0
I 190.513 196.896 189.953
F 187.149 195.102 189.91
G 184.24 194.877 192.333
T 181.033 196.544 193.519
T 182.132 199.452 195.726
L 185.952 199.275 195.272
D 186.521 200.362 198.876
S 186.6 198.299 202.116
K 183.425 196.59 203.453
T 183.515 194.032 200.59
Q 185.921 191.885 198.565
S 187.428 193.396 195.408
L 189.832 192.041 192.788
L 193.175 193.675 192.117
I 195.506 192.792 189.249
V 198.926 194.445 188.917
N 201.849 193.741 186.586
N 205.132 195.356 187.71
A 207.913 194.882 185.112
T 208.961 191.345 186.201
N 205.982 189.731 187.983
V 202.179 189.933 188.079
V 200.189 189.978 191.36
I 196.519 189.09 191.792
K 194.575 189.352 195.06
V 190.914 189.51 196.188
C 191.238 191.148 199.641
E 188.659 193.66 200.946
F 191.149 196.456 200.164
Q 191.024 200.106 201.263
F 191.727 201.829 197.931
C 192.571 205.515 197.414
N 190.098 207.913 195.735
D 192.498 208.075 192.745
P 194.72 204.949 193.171
F 197.817 204.169 191.067
N 192.691 192.073 204.576
N 190.595 188.86 204.318
C 192.589 187.721 201.252
T 190.68 184.726 199.842
F 193.084 184.281 196.885
E 196.618 185.334 195.902
Y 198.664 184.569 192.762
V 202.1 185.773 191.588
S 203.59 185.453 188.062
F 201.698 204.092 170.049
K 203.202 200.77 168.812
N 202.278 198.227 171.493
L 198.683 197.076 171.254
R 197.541 194.995 174.202
E 193.975 193.655 174.036
F 192.254 191.937 176.959
V 188.863 190.42 177.661
F 187.597 190.077 181.228
K 184.457 188.057 181.849
N 182.627 185.891 184.33
Y 184.21 183.066 188.143
F 186.912 185.035 186.308
K 188.367 184.548 182.807
I 191.089 186.705 181.257
Y 192.053 186.454 177.561
S 194.684 188.656 175.934
K 196.796 189.337 172.871
H 199.885 191.439 172.189
T 200.529 192.926 168.74
P 202.838 195.493 167.073
I 200.942 198.326 165.333
N 201.588 201.375 163.102
D 193.03 205.031 166.378
L 191.897 201.414 166.916
P 193.51 199.285 164.153
Q 191.327 197.685 161.488
G 192.037 193.969 160.996
F 191.539 190.628 162.733
S 193.348 188.691 165.498
A 192.192 186.219 168.162
