T -16.384 -34.645 39.906
N -17.817 -34.011 43.382
L -17.526 -30.391 44.521
C -16.396 -29.686 48.086
P -19.53 -28.901 50.146
F -18.451 -25.388 51.154
D -21.983 -23.979 50.787
E -23.273 -26.242 53.583
V -20.87 -24.598 56.058
F -21.048 -20.859 55.245
N -24.724 -20.852 54.158
A -25.822 -23.033 57.059
T -28.99 -21.775 58.726
R -27.829 -22.59 62.272
F -24.301 -22.663 63.686
A -23.286 -24.496 66.838
S -22.221 -22.942 70.113
V -18.485 -22.409 70.548
Y -18.026 -25.077 73.232
A -19.513 -27.757 70.962
W -18.003 -26.534 67.703
N -18.997 -28.462 64.577
R -16.409 -29.834 62.155
K -17.188 -30.973 58.604
R -14.62 -33.425 57.234
I -14.071 -32.504 53.575
S -12.079 -34.7 51.201
N -12.17 -36.254 47.717
C -13.754 -33.275 45.999
V -13.123 -30.418 43.578
A -12.245 -27.419 45.755
D -12.159 -23.721 44.97
Y -10.329 -20.562 45.926
S -11.915 -17.521 44.202
V -14.824 -17.213 46.665
L -12.431 -17.367 49.649
Y -10.576 -14.038 49.203
N -11.977 -12.611 45.931
L -15.639 -12.676 47.18
A -16.357 -9.168 48.476
P -15.642 -7.109 51.625
F -17.591 -9.474 53.836
F -15.742 -10.255 56.99
T -12.479 -11.125 58.679
F -10.109 -13.293 56.645
K -6.749 -14.403 58.082
C -4.532 -17.177 56.729
Y -1.619 -18.71 58.612
G 1.127 -20.848 57.113
V -0.411 -20.686 53.623
S -1.325 -18.027 51.066
P -4.888 -17.893 49.738
T -3.809 -17.317 46.138
K -1.826 -20.575 46.398
L -4.745 -22.68 47.644
N -5.816 -23.48 44.083
D -2.362 -24.939 43.323
L -2.166 -27.22 46.381
C -3.581 -30.671 47.116
F -4.298 -31.696 50.704
T -5.167 -34.971 52.408
N -8.124 -33.652 54.428
V -9.689 -30.222 54.893
Y -11.555 -29.62 58.154
A -14.272 -26.937 58.327
D -14.929 -25.782 61.895
S -17.947 -23.513 62.411
F -19.386 -21.876 65.549
V -20.413 -18.471 66.935
I -18.808 -16.028 69.388
R -19.088 -12.328 70.111
G -16.956 -9.68 68.458
D -14.335 -9.052 71.159
E -13.319 -12.725 70.979
V -12.658 -13.19 67.236
R -9.015 -12.257 67.837
Q -8.699 -15.323 70.075
I -9.339 -17.648 67.126
A -5.709 -17.514 66.039
P -2.505 -19.46 66.686
G -0.863 -18.684 70.009
Q -3.766 -16.847 71.656
T -5.011 -16.95 75.245
G -8.336 -16.131 76.826
N -11.664 -17.654 77.797
I -12.426 -18.709 74.207
A -8.937 -19.843 73.193
D -8.137 -21.77 76.387
Y -11.504 -23.328 77.249
N -13.448 -23.631 73.981
Y -11.521 -23.69 70.69
K -7.707 -23.719 70.662
L -5.619 -23.44 67.505
P -2.125 -24.954 67.401
D 0.932 -22.774 67.13
D 1.784 -24.386 63.763
F -1.755 -24.002 62.424
T -1.975 -24.272 58.631
G -5.231 -22.755 57.424
C -7.44 -19.679 57.359
V -10.003 -18.114 59.721
I -13.243 -16.506 58.506
A -15.639 -14.552 60.726
W -18.52 -12.193 59.893
N -20.996 -10.116 61.855
S -24.221 -12.119 62.049
N -26.139 -9.665 64.193
K -29.005 -9.816 61.676
L -29.36 -13.574 62.184
D -28.343 -14.648 65.69
S -29.555 -11.725 67.819
K -33.141 -11.207 68.985
V -34.677 -8.156 70.637
S -35.374 -10.195 73.748
G -31.931 -11.831 73.624
N -30.79 -15.016 71.886
Y -29.416 -16.987 74.833
N -29.164 -20.254 72.891
Y -25.52 -19.706 72.013
L -23.419 -20.881 74.951
Y -19.782 -20.813 76.028
R -17.686 -22.529 78.684
L -16.558 -20.379 81.605
F -14.769 -22.765 83.988
R -12.268 -25.518 83.233
K -9.556 -27.077 85.39
S -6.898 -27.044 82.637
N -6.369 -25.638 79.152
L -7.621 -27.274 75.959
K -5.254 -28.982 73.55
P -5.418 -27.869 69.897
F -8.589 -29.073 68.149
E -10.083 -30.391 71.398
R -13.868 -30.261 71.937
D -15.083 -30.39 75.562
I -18.873 -30.639 75.81
S -18.751 -31.689 79.472
T -21.403 -30.143 81.732
E -20.147 -31.357 85.118
I -20.382 -29.029 88.115
