P -11.519 -44.73 -5.456
E -9.375 -43.355 -8.379
R -7.013 -46.095 -6.978
R -9.138 -48.955 -8.44
V -9.711 -47.228 -11.862
R -5.924 -46.755 -12.495
S -5.139 -50.474 -11.784
T -8.228 -51.979 -13.627
L -7.21 -49.606 -16.498
K -3.632 -51.016 -16.272
K -4.332 -54.669 -15.167
V -6.72 -55.309 -18.185
F -6.478 -52.678 -21.021
G -2.775 -52.099 -20.132
F -2.767 -48.255 -19.832
S -3.109 -43.086 -18.49
F -6.156 -42.143 -20.692
K -5.877 -40.64 -24.258
T -7.169 -37.221 -22.777
P -8.167 -35.751 -19.34
L -11.823 -35.37 -20.552
Q -11.984 -39.105 -21.542
E -10.619 -39.606 -17.943
S -13.28 -37.351 -16.259
A -16.121 -39.028 -18.244
T -15.091 -42.561 -17.225
M -14.785 -41.524 -13.503
A -18.344 -40.022 -13.618
V -19.911 -43.233 -15.086
V -18.132 -45.187 -12.28
K -19.641 -42.939 -9.532
G -23.02 -44.056 -11.105
N -24.977 -41.2 -9.35
K -25.798 -39.642 -12.763
D -26.713 -40.431 -16.382
V -23.946 -39.189 -18.763
F -23.685 -38.117 -22.474
V -20.393 -38.576 -24.391
C -19.99 -36.747 -27.752
M -16.409 -37.715 -28.74
P -14.957 -38.343 -32.251
T -14.012 -41.693 -33.915
G -10.735 -41.702 -31.881
A -12.706 -44.427 -29.975
G -11.839 -43.069 -26.48
K -15.647 -43.239 -26.064
S -15.608 -47.062 -25.902
L -13.448 -47.087 -22.735
C -15.926 -44.679 -21.058
Y -18.497 -47.535 -20.757
Q -16.239 -50.661 -21.052
L -13.907 -50.062 -18.022
P -16.753 -48.902 -15.675
A -18.69 -52.116 -16.663
L -15.939 -54.343 -15.066
L -15.734 -52.453 -11.698
A -19.596 -52.532 -11.291
K -20.149 -56.222 -10.158
G -23.184 -56.643 -12.476
I -24.151 -56.718 -16.21
T -23.793 -53.753 -18.652
I -26.254 -53.904 -21.642
V -24.948 -51.965 -24.727
V -27.516 -51.075 -27.468
S -25.97 -50.304 -30.93
P -27.724 -50.164 -34.391
L -25.793 -52.556 -36.748
I -23.624 -55.733 -36.402
A -20.512 -54.365 -38.23
L -20.102 -51.75 -35.422
I -20.632 -54.378 -32.625
Q -18.57 -57.28 -34.108
D -15.302 -55.269 -34.425
Q -15.34 -54.451 -30.654
V -16.552 -57.842 -29.224
D -13.591 -59.56 -31.066
H -11.075 -57.178 -29.348
L -13.019 -57.352 -26.006
L -12.597 -61.186 -26.01
T -8.844 -60.869 -26.88
L -8.555 -58.802 -23.627
K -10.047 -61.915 -21.833
V -13.331 -60.071 -20.964
R -16.682 -61.967 -20.822
V -18.601 -60.243 -23.731
S -21.652 -61.514 -25.755
S -23.546 -60.185 -28.852
L -27.307 -60.903 -29.084
N -28.463 -60.422 -32.745
S -30.955 -62.432 -34.924
K -27.971 -63.21 -37.28
L -27.34 -65.862 -34.508
S -28.496 -69.553 -34.588
A -31.563 -70.251 -32.323
Q -29.164 -72.463 -30.213
E -26.466 -69.752 -29.686
R -29.307 -67.293 -28.885
K -30.975 -69.72 -26.433
E -27.563 -70.551 -24.848
L -27.237 -66.821 -23.989
L -30.902 -66.202 -22.803
A -30.218 -69.182 -20.473
D -26.873 -67.647 -19.309
L -28.769 -64.361 -18.472
E -31.384 -66.224 -16.337
X -28.586 -67.61 -14.053
E -27.905 -66.073 -10.613
K -24.261 -65.037 -11.535
P -24.185 -65.327 -15.408
Q -20.911 -65.618 -17.46
T -21.817 -62.432 -19.489
K -20.373 -59.105 -18.128
I -21.135 -56.923 -21.252
L -24.147 -57.779 -23.522
Y -24.089 -56.116 -27.027
I -27.765 -56.038 -28.203
T -29.468 -54.453 -31.3
P -32.414 -52.113 -30.534
E -34.521 -54.693 -32.525
M -33.978 -57.448 -29.815
A -33.942 -54.924 -26.88
A -37.46 -53.924 -28.075
S -38.698 -57.498 -28.887
S -41.072 -58.891 -26.175
S -39.102 -62.143 -26.807
F -36.439 -60.446 -24.521
Q -38.481 -58.412 -21.961
P -38.879 -61.31 -19.435
T -35.054 -61.938 -19.522
L -34.682 -58.185 -18.925
N -37.325 -58.16 -16.084
S -35.522 -61.014 -14.249
L -32.094 -59.245 -14.6
V -33.725 -56.012 -13.217
S -35.481 -57.854 -10.316
R -32.226 -59.718 -9.376
H -30.383 -56.298 -9.161
L -27.963 -57.545 -11.897
L -28.111 -54.545 -14.316
S -25.073 -52.242 -13.642
