H -2.07 -34.811 35.792
H -0.381 -31.747 34.302
T -1.285 -30.576 30.795
N 1.655 -29.808 28.505
L 2.082 -27.699 25.389
C 1.328 -29.476 22.135
P 4.544 -30.552 20.332
F 4.13 -28.2 17.382
D 7.885 -27.548 17.532
E 8.479 -31.122 16.348
V 6.351 -30.474 13.238
F 7.271 -26.918 12.265
N 10.96 -27.261 13.203
A 11.673 -30.802 12.002
T 15.127 -31.057 10.438
R 13.743 -32.591 7.236
F 10.219 -32.682 5.832
A 8.519 -35.435 3.875
S 8.078 -35.501 0.13
V 4.605 -34.288 -0.8
Y 3.629 -37.614 -2.387
A 4.538 -39.284 0.923
W 3.27 -36.466 3.133
N 3.702 -36.859 6.884
R 0.833 -36.769 9.355
K 1.239 -36.064 13.074
R -1.67 -36.895 15.386
I -1.79 -34.337 18.211
S -3.753 -34.98 21.401
N -3.854 -34.461 25.174
C -2.143 -31.078 25.183
V -2.729 -27.323 25.181
A -2.093 -25.461 21.924
D -1.556 -21.736 21.38
Y -2.634 -21.111 17.794
S -2.414 -17.312 18.048
V 1.331 -17.665 18.675
L 1.642 -19.551 15.388
Y -0.654 -17.058 13.649
N 1.464 -14.06 14.696
F 4.729 -15.749 13.648
A 5.886 -13.442 10.858
P 7.973 -15.971 8.822
F 4.691 -17.816 8.118
F 4.071 -15.753 4.994
A 1.088 -18.021 4.262
F -1.342 -18.636 7.131
K -4.903 -19.332 5.991
C -7.876 -20.859 7.804
Y -11.23 -21.814 6.297
G -14.599 -21.132 7.903
V -12.904 -20.112 11.172
S -10.852 -17.164 12.202
P -7.291 -18.01 13.298
T -7.689 -16.001 16.518
K -10.827 -17.979 17.44
L -8.933 -21.301 17.489
N -7.665 -20.598 21.018
D -11.271 -20.63 22.29
L -12.025 -24.092 20.868
C -11.446 -27.649 22.071
F -11.09 -30.688 19.811
T -10.752 -34.44 20.208
N -7.587 -34.542 18.089
V -5.63 -32.257 15.783
Y -3.776 -33.504 12.704
A -0.67 -31.762 11.352
D 0.221 -32.76 7.798
S 3.593 -31.529 6.549
F 5.563 -31.736 3.299
V 7.612 -29.677 0.834
I 6.556 -28.339 -2.575
R 7.849 -25.583 -4.816
G 6.718 -22.006 -4.334
N 4.317 -21.702 -7.259
E 2.446 -24.809 -6.016
V 1.572 -23.364 -2.585
S -1.72 -22.078 -4.015
Q -2.752 -25.693 -4.714
I -2.819 -26.514 -0.981
A -6.35 -25.139 -0.615
P -9.92 -26.443 -0.97
G -11.266 -26.588 -4.502
Q -7.864 -26.526 -6.205
T -6.66 -28.48 -9.232
G -3.227 -29.207 -10.663
N -0.489 -31.777 -10.289
I -0.203 -31.352 -6.513
A -3.879 -31.019 -5.574
D -4.864 -33.828 -7.941
Y -2.021 -36.341 -7.6
N -0.138 -35.592 -4.365
Y -2.093 -33.939 -1.527
K -5.812 -33.181 -1.731
L -7.898 -31.079 0.651
P -11.671 -31.673 0.761
D -13.983 -29.032 -0.674
D -15.575 -28.468 2.756
F -12.219 -28.16 4.564
T -12.402 -26.071 7.747
G -8.777 -26.2 8.944
C -5.671 -24.099 8.344
V -2.801 -24.061 5.836
I 0.637 -22.717 6.804
A 3.58 -22.283 4.43
W 6.995 -20.614 4.47
N 10.065 -20.47 2.242
S 12.585 -23.188 3.135
N 15.29 -22.437 0.549
K 18.017 -22.203 3.2
L 17.083 -25.605 4.647
D 16.001 -27.719 1.67
S 17.849 -26.388 -1.392
K 21.26 -27.941 -2.011
V 24.135 -27.105 -4.326
G 23.83 -29.668 -7.086
G 20.131 -30.1 -6.335
N 18.036 -31.814 -3.67
Y 16.579 -34.741 -5.608
N 15.23 -36.415 -2.453
Y 12.162 -34.147 -2.434
X 9.796 -35.719 -4.961
Y 6.246 -35.424 -6.285
R 3.971 -37.687 -8.304
L 3.81 -36.539 -11.927
F 1.779 -39.369 -13.501
R -1.433 -40.771 -12.032
K -4.552 -42.121 -13.709
X -7.147 -40.479 -11.426
N -7.323 -37.822 -8.729
L -6.593 -38.528 -5.084
K -9.389 -38.555 -2.569
P -9.101 -35.928 0.191
F -6.315 -36.824 2.641
E -5.169 -39.778 0.515
X -1.479 -40.724 0.471
D -0.185 -42.674 -2.542
I 3.38 -43.976 -2.22
X 3.223 -46.479 -5.088
T 6.219 -46.529 -7.434
