C 213.148 156.178 165.427
V 209.566 155.138 166.213
N 207.515 154.306 169.295
L 209.206 151.707 171.485
T 207.466 148.461 172.419
T 207.114 146.73 175.8
R 205.766 149.92 177.387
T 204.61 149.431 180.982
Q 201.984 151.785 182.412
L 202.407 152.902 186.029
P 201.226 155.949 187.996
P 203.676 158.719 188.951
A 205.092 158.45 192.466
Y 206.017 161.355 194.739
T 208.33 161.758 197.716
N 209.741 164.41 200.046
S 212.641 166.652 199.038
F 213.754 167.539 202.602
T 216.477 170.247 202.492
R 217.866 169.197 199.098
G 217.965 171.81 196.356
V 220.143 174.649 197.67
Y 222.651 176.342 195.362
Y 224.913 179.385 195.5
P 222.737 182.12 193.93
D 225.804 184.149 192.912
K 229.589 183.905 192.66
V 230.088 186.044 195.777
F 232.035 185.332 198.963
R 230.844 186.062 202.499
S 232.331 184.844 205.788
S 230.098 183.98 208.759
V 227.106 185.817 207.302
L 223.347 185.26 207.126
H 222.141 186.499 203.734
S 218.515 186.672 202.587
T 218.161 186.011 198.848
Q 214.914 185.944 196.848
D 215.379 183.52 193.955
L 214.094 180.307 192.378
F 214.563 177.648 195.07
L 213.185 174.2 195.832
P 210.917 174.499 198.903
F 211.965 172.488 201.935
F 209.96 169.27 202.298
S 208.355 169.531 198.863
N 206.663 167.053 196.531
V 209.371 165.713 194.204
T 208.299 163.327 191.457
W 209.922 159.886 191.396
F 211.131 158.024 188.306
H 212.751 154.592 188.132
A 214.935 152.673 185.698
I 215.14 149.015 186.721
H 214.002 145.555 185.638
V 213.865 142.986 188.426
S 215.891 139.825 187.874
G 214.091 137.386 185.595
T 211.162 137.811 183.242
N 208.847 138.4 186.22
G 210.349 141.866 186.649
T 208.643 145.053 185.528
K 210.011 146.705 182.379
R 210.152 150.434 183.153
F 211.474 152.913 180.572
D 210.889 156.184 182.4
N 211.655 158.988 179.95
P 208.403 160.984 179.921
V 207.887 164.427 178.444
L 207.895 167.018 181.237
P 207.554 170.815 181.426
F 210.257 173.204 182.619
N 208.439 176.288 183.995
D 210.841 178.667 185.812
G 213.426 176.031 186.748
V 214.076 172.381 187.494
Y 215.958 170.492 190.206
F 217.19 167.041 189.177
A 218.478 164.355 191.53
S 219.936 160.967 190.638
T 220.792 158.066 192.929
E 222.661 155.712 190.651
K 225.506 153.215 190.261
S 226.138 152.396 186.573
N 225.801 155.809 184.862
I 222.415 154.891 183.383
I 221.313 158.541 183.323
R 223.541 160.062 180.646
G 222.05 163.419 179.673
W 219.04 165.587 178.982
I 217.032 167.219 176.199
F 215.584 170.728 176.44
G 213.351 172.681 174.102
T 209.907 174.032 173.309
T 208.827 172.068 170.214
L 211.522 169.344 170.175
D 211.499 169.517 166.366
S 213.7 170.808 163.557
K 211.611 173.998 163.362
T 213.33 175.629 166.356
Q 216.647 175.186 168.133
S 216.826 172.719 171.019
L 219.503 171.862 173.573
L 221.098 168.433 174.034
I 223.452 167.339 176.822
V 225.021 163.874 176.655
N 227.883 161.963 178.266
N 229.339 158.844 176.634
A 232.019 157.836 179.191
T 234.732 159.681 177.217
N 233.46 163.234 176.568
V 230.584 165.621 177.27
V 228.62 166.721 174.199
I 226.569 169.893 174.698
K 224.832 171.198 171.578
V 222.139 173.706 170.634
C 220.614 172.28 167.456
E 217.135 171.681 166.035
F 216.882 167.887 165.935
Q 213.796 165.757 165.275
F 213.844 164.145 168.747
C 212.095 160.828 168.17
N 209.39 160.223 170.787
D 211.615 157.713 172.643
P 215.324 158.605 172.448
F 218.049 156.478 174.003
L 221.72 155.586 173.608
G 221.505 151.785 173.443
V 224.86 150.573 174.755
Y 226.136 147.111 173.813
Y 227.83 144.985 176.48
H 229.11 142.3 174.088
K 232.83 141.694 173.557
N 232.519 141.467 169.76
N 235.283 144.062 169.408
K 236.258 143.977 173.133
S 234.394 145.441 176.123
W 231.093 147.307 175.857
M 230.773 149.633 172.86
E 228.204 152.367 172.217
