E 136.774 145.888 73.159
L 136.886 145.335 76.921
D 133.424 143.757 76.62
Q 134.877 140.633 74.976
L 136.418 139.473 78.253
R 133.322 140.455 80.236
Q 131.348 138.165 77.922
E 133.936 135.397 78.243
A 133.531 135.663 82.015
E 129.73 135.728 81.809
Q 129.681 132.605 79.641
L 132.175 130.72 81.799
K 130.226 131.575 84.956
N 126.914 130.517 83.41
Q 128.464 127.246 82.243
I 129.854 126.593 85.72
R 126.437 127.281 87.266
D 124.681 124.986 84.792
A 127.186 122.166 85.32
R 126.742 122.675 89.066
K 122.959 122.393 88.922
A 123.228 119.363 86.628
C 125.1 117.285 89.202
A 122.632 117.994 92.037
D 120.682 114.733 91.79
A 119.905 114.022 95.453
T 120.841 115.532 98.802
L 123.034 114.062 101.52
S 119.955 113.962 103.746
Q 118.184 111.737 101.215
I 120.993 109.233 100.579
T 121.435 108.989 104.371
N 117.852 108.673 105.694
N 118.079 104.975 106.524
I 121.397 105.368 108.351
D 121.217 104.775 112.086
P 121.623 107.875 114.269
V 125.003 108.045 115.977
G 123.413 107.897 119.403
R 124.332 110.208 122.268
I 128.015 111.077 122.607
Q 128.854 111.332 126.303
M 132.562 112.085 126.576
R 134.295 112.993 129.815
T 137.417 114.868 130.747
R 140.249 112.459 131.504
R 143.101 114.969 131.86
T 143.44 118.641 132.646
L 146.805 119.924 131.459
R 147.662 122.885 133.664
G 150.635 125.184 133.386
H 149.946 127.751 130.702
L 149.626 131.228 132.149
A 147.432 132.87 129.485
K 144.981 131.792 126.808
I 145.9 128.924 124.5
Y 145.663 129.704 120.793
A 146.69 126.468 119.091
M 147.558 122.857 119.755
H 148.785 119.991 117.606
W 149.212 116.356 118.576
G 152.117 114.498 117.042
T 151.883 111.278 115.126
D 152.565 109.08 118.175
S 149.2 110.099 119.726
R 150.871 110.617 123.096
L 152.892 113.822 122.89
L 151.233 117.111 122.079
V 152.426 120.674 121.663
S 150.394 123.645 122.792
A 151.013 127.325 122.178
S 149.971 129.992 124.649
Q 150.223 133.749 124.353
D 152.024 133.724 127.677
G 154.985 133.076 125.381
K 155.423 129.307 125.73
L 155.314 126.175 123.701
I 154.699 123.309 126.105
I 155.314 119.752 124.945
W 153.253 117.426 127.122
D 153.133 113.713 127.659
S 149.381 113.213 127.815
Y 149.458 109.784 129.459
T 151.163 111.119 132.6
T 150.484 114.874 132.274
N 154.226 115.457 132.624
K 155.841 118.346 130.799
V 158.499 117.068 128.417
H 159.601 120.484 127.18
A 158.924 124.143 127.853
I 160.213 126.275 124.974
P 160.223 130.051 125.605
L 159.411 131.971 122.437
R 160.988 135.203 121.268
S 157.606 136.757 120.429
S 154.709 136.013 122.758
W 151.839 136.611 120.292
V 151.746 133.137 118.787
M 148.707 131.872 116.908
T 149.639 128.487 115.44
C 151.974 125.611 116.193
A 152.896 122.438 114.35
Y 154.376 119.12 115.43
A 156.471 117.569 112.688
P 155.478 114.012 111.663
S 158.956 112.694 112.578
G 158.894 114.135 116.099
N 162.188 116.006 115.733
Y 160.925 119.565 115.251
V 158.156 121.914 116.25
A 157.06 125.083 114.488
C 155.24 128.179 115.677
G 154.431 131.722 114.62
G 152.027 134.595 114.939
L 151.922 138.386 114.846
D 155.698 138.319 114.264
N 155.077 137.236 110.63
I 157.713 134.496 111.02
C 157.548 130.71 111.118
S 160.104 129.555 113.693
I 161.367 125.966 113.592
Y 162.749 124.482 116.828
N 164.907 121.359 117.07
L 163.976 118.806 119.728
K 166.912 116.389 119.304
T 170.402 117.643 120.113
R 173.568 115.993 121.369
E 173.891 119.051 123.605
G 170.491 118.37 125.151
N 168.657 121.668 124.737
V 165.902 122.795 122.372
R 167.162 125.579 120.099
V 165.81 127.551 117.167
S 167.002 125.835 114.006
R 165.346 128.138 111.472
E 163.348 131.328 110.985
L 161.16 131.483 107.867
A 160.633 135.125 106.9
G 158.856 136.488 103.853
H 155.211 136.841 104.827
