T 161.017 193.18 250.865
N 162.001 192.733 254.491
L 165.43 193.492 255.896
C 168.412 191.202 255.559
P 169.549 189.853 258.948
F 172.682 191.904 259.521
G 171.706 192.09 263.194
E 172.1 188.329 263.571
V 175.567 188.428 261.966
F 177.31 191.44 263.503
N 175.698 191.737 266.948
A 175.831 187.994 267.665
T 176.899 186.901 271.131
R 179.25 184.085 270.087
F 181.485 184.091 267.031
A 183.196 181.015 265.698
S 186.95 180.639 265.576
V 188.871 181.491 262.425
Y 189.703 177.842 261.667
A 185.961 177.031 261.746
W 184.536 180.323 260.478
N 180.775 180.65 260.152
R 179.191 181.205 256.747
K 175.705 182.7 256.478
R 173.918 182.932 253.152
I 171.871 186.091 252.686
S 169.074 185.98 250.125
N 165.461 187.044 249.511
C 165.62 190.357 251.376
V 166.727 193.972 251.02
A 170.014 194.99 252.627
D 170.667 198.423 254.109
Y 174.434 198.914 253.967
S 174.224 202.589 254.994
V 173.897 201.641 258.655
L 177.145 199.665 258.408
Y 179.355 202.388 256.937
N 177.906 205.137 259.137
S 178.326 203.085 262.32
A 181.262 204.247 264.426
S 182.016 200.799 265.852
F 183.874 199.337 262.866
S 187.562 200.202 262.927
T 188.28 198.442 259.624
F 185.775 198.737 256.779
K 187.657 197.885 253.58
C 185.728 197.094 250.408
Y 187.461 195.469 247.433
G 185.786 195.637 244.041
V 182.909 197.828 245.28
S 182.602 201.156 246.985
P 181.096 201.372 250.498
T 179.049 204.465 249.681
K 177.637 202.828 246.524
L 176.494 199.589 248.183
N 172.885 200.784 248.521
D 172.472 200.69 244.73
L 173.678 197.308 243.47
C 171.488 194.209 243.467
F 173.444 191.073 244.307
T 173.005 187.301 244.303
N 173.453 185.26 247.506
V 175.601 187.482 249.713
Y 177.842 185.448 251.998
A 178.713 186.644 255.5
D 181.794 184.996 257.006
S 182.117 185.629 260.74
F 185.171 184.821 262.873
V 187.517 186.276 265.508
I 191.226 186.992 265.024
R 193.816 189.112 266.816
G 194.644 192.738 266.039
D 197.842 192.3 264.057
E 196.241 189.783 261.663
V 193.387 191.961 260.331
R 195.727 192.947 257.492
Q 195.681 189.295 256.383
I 191.936 189.418 255.608
A 192.544 190.934 252.164
P 193.179 189.509 248.668
G 196.728 188.366 248.042
Q 198.084 188.57 251.593
T 200.382 186.133 253.376
G 200.348 185.039 256.993
N 199.019 182.331 259.238
I 195.379 183.38 258.796
A 195.589 183.818 255.025
D 197.464 180.576 254.383
Y 196.076 178.137 256.931
N 192.844 179.609 258.329
Y 190.906 181.853 255.929
K 191.907 182.503 252.314
L 190.382 185.243 250.195
P 190.405 184.973 246.386
D 192.426 187.376 244.271
D 189.287 188.606 242.463
F 187.33 189.06 245.694
T 184.457 191.561 245.446
G 183.233 192.268 248.946
C 183.896 194.075 252.197
V 186.113 193.108 255.13
I 184.623 194.511 258.34
A 186.456 194.359 261.638
W 185.894 195.888 265.043
N 187.731 195.607 268.337
S 185.846 193.373 270.756
N 188.199 193.375 273.734
N 185.371 193.932 276.205
L 183.26 191.143 274.628
D 185.744 188.342 273.895
S 188.303 188.558 276.706
K 188.397 187.187 280.236
V 190.691 188.187 283.088
G 191.925 184.597 283.277
G 192.022 184.311 279.502
N 189.328 183.656 276.898
Y 190.625 180.452 275.335
N 187.522 179.659 273.256
Y 189.0 181.156 270.064
L 191.322 179.072 267.924
Y 193.59 179.466 264.918
R 195.433 176.939 262.791
L 199.191 177.216 263.154
F 200.342 175.079 260.237
R 199.027 173.056 257.31
K 200.672 170.83 254.722
S 199.611 173.293 252.018
N 197.932 176.667 251.721
L 194.163 176.868 251.621
K 192.168 177.401 248.478
P 189.993 180.542 248.36
F 187.022 180.093 250.726
E 188.076 176.706 252.092
R 187.332 175.643 255.671
D 189.667 173.045 257.204
I 188.468 171.75 260.575
S 190.497 168.512 260.39
T 191.759 168.329 263.97
E 194.475 165.734 263.516
I 197.967 165.44 264.998
