Q 164.032 149.674 261.918
C 166.2 148.1 259.22
V 165.554 145.072 256.996
N 168.173 143.094 255.078
L 167.12 142.157 251.542
T 168.493 138.65 250.984
T 166.631 137.596 247.809
R 168.718 139.562 245.295
T 170.239 137.982 242.188
Q 173.949 138.593 241.639
L 174.713 140.491 238.424
P 177.374 143.039 237.426
P 176.119 146.553 236.616
A 175.735 147.432 232.96
Y 177.163 150.244 230.849
T 175.671 152.212 227.97
N 176.12 155.402 225.953
S 175.307 158.881 227.223
F 174.679 160.204 223.653
T 174.065 163.986 223.982
R 172.276 164.0 227.34
G 173.121 165.724 230.603
V 173.22 169.341 229.408
Y 171.786 171.825 231.911
Y 171.398 175.588 231.932
P 174.701 176.908 233.357
D 173.273 180.13 234.822
K 170.117 182.154 235.449
V 170.712 184.557 232.535
F 168.361 184.701 229.561
R 170.108 184.369 226.205
S 168.381 184.321 222.821
S 169.617 183.332 219.327
V 173.236 183.178 220.488
L 176.101 180.689 220.707
H 177.592 180.798 224.201
S 180.785 179.063 225.314
T 180.778 178.04 228.976
Q 183.261 176.129 231.135
D 181.495 174.187 233.88
L 180.987 170.722 235.365
F 179.202 168.972 232.499
L 178.482 165.424 231.473
P 180.687 164.466 228.494
F 179.028 163.519 225.231
F 178.933 159.801 224.307
S 180.376 158.884 227.699
N 180.185 155.553 229.515
V 177.098 155.866 231.735
T 176.48 153.121 234.295
W 173.163 151.266 234.032
F 171.294 149.793 237.016
H 168.069 147.777 236.911
A 165.06 147.093 239.13
I 163.243 144.015 237.81
H 161.763 140.725 239.025
K 165.107 139.578 240.881
R 167.182 142.75 240.514
F 167.265 145.52 243.124
D 170.216 147.839 242.522
N 171.043 149.979 245.566
P 174.866 149.958 245.597
V 177.303 152.363 247.243
L 178.354 154.836 244.602
P 180.898 157.674 244.622
F 179.653 161.211 244.084
N 182.909 162.787 242.739
D 182.432 166.294 241.284
G 178.762 165.808 240.361
V 176.174 163.197 239.377
Y 173.898 162.949 236.351
F 170.938 160.73 237.234
A 168.674 159.403 234.482
S 165.529 157.397 235.17
T 163.432 155.349 232.758
E 160.483 155.074 235.118
K 156.911 153.838 235.146
S 154.572 153.309 238.148
N 156.707 155.494 240.506
I 159.32 153.304 242.21
I 162.18 155.839 242.515
R 161.454 158.13 245.46
G 164.603 159.986 246.505
W 168.308 160.127 247.23
I 170.801 159.995 250.097
F 173.949 162.128 250.13
G 176.838 162.159 252.567
T 180.361 161.017 253.361
T 180.126 158.255 255.986
L 176.293 157.828 256.028
D 176.124 157.557 259.832
S 175.725 159.783 262.892
K 179.419 160.79 262.866
T 178.956 163.119 259.879
Q 176.011 165.132 258.565
S 173.957 163.716 255.695
L 171.334 164.924 253.227
L 167.919 163.271 252.739
I 165.721 163.942 249.707
V 162.443 162.023 249.579
N 159.287 162.309 247.477
N 156.543 160.339 249.21
A 152.809 160.281 248.371
T 152.237 163.855 249.641
N 155.236 166.197 249.374
V 158.977 166.502 248.741
V 161.087 166.65 251.908
I 164.734 167.721 252.117
K 166.426 167.334 255.494
V 170.05 167.79 256.519
C 170.525 165.73 259.676
E 172.929 163.23 261.218
F 170.979 160.144 260.192
Q 172.047 156.688 261.342
F 171.234 155.11 257.989
C 170.221 151.503 257.453
N 172.279 149.208 255.252
D 169.294 148.876 252.87
P 167.179 152.057 252.992
F 163.825 151.716 251.254
L 160.174 152.717 251.001
G 157.258 150.358 250.545
V 153.888 150.155 248.781
Y 151.246 147.689 249.981
Y 148.744 146.289 247.487
M 149.09 152.41 249.936
E 152.447 153.433 251.419
S 152.895 152.025 254.925
E 156.6 151.139 255.057
F 159.55 153.504 255.543
R 162.975 152.159 256.588
V 165.728 154.662 255.744
Y 167.288 155.793 259.033
S 167.146 154.732 262.668
S 167.795 158.139 264.273
A 168.064 161.867 263.586
N 169.614 163.976 266.351
N 171.014 167.288 265.009
C 169.088 168.841 262.114
T 170.151 172.134 260.539
