S -10.659 -9.279 11.03
L -9.061 -12.675 11.72
T -9.774 -15.034 14.633
V -7.394 -17.953 15.228
P -6.89 -20.154 18.338
P -3.962 -18.763 20.341
V -2.349 -22.118 21.207
V -2.629 -25.431 19.377
K -1.22 -28.412 21.272
L -0.958 -31.625 19.253
E 0.804 -34.845 20.19
A 3.679 -35.902 17.928
G 2.103 -37.614 14.917
S -1.456 -36.376 15.47
S -3.639 -34.25 13.19
T -6.204 -31.668 14.297
A -7.58 -28.895 12.1
V -7.23 -25.202 12.951
S -10.011 -22.635 12.619
L -9.968 -19.139 11.155
T -12.802 -16.631 10.835
L -13.454 -13.269 9.159
R -15.014 -10.404 11.134
P -16.182 -8.717 7.927
P -17.161 -11.04 5.069
L -14.641 -9.865 2.472
A -15.526 -9.085 -1.137
A -12.567 -10.881 -2.772
T -10.136 -13.698 -2.035
L -7.561 -13.223 0.716
V -4.262 -15.107 0.885
I -2.847 -16.248 4.233
T 0.907 -16.752 4.67
F 2.763 -18.191 7.669
E 6.096 -16.897 8.973
I 8.032 -19.108 11.398
T 9.433 -16.668 13.966
F 10.253 -19.378 16.516
R 10.983 -23.08 16.245
S 12.557 -25.172 18.994
K 14.893 -27.277 16.832
A 15.779 -27.042 13.152
I 13.965 -30.279 12.273
T 10.547 -29.686 10.706
I 8.113 -30.229 13.602
L 4.88 -29.149 11.877
E 3.359 -29.586 8.416
L 1.629 -26.285 7.723
P -0.275 -25.351 4.568
D 1.908 -23.342 2.209
E -1.032 -20.898 2.034
V -4.719 -20.816 2.965
V -7.02 -19.566 0.196
V -10.297 -18.141 1.544
P -12.813 -17.324 -1.234
P -15.211 -14.385 -0.79
G -18.065 -14.764 1.684
V -16.614 -17.415 3.991
T -16.945 -16.425 7.63
A -15.436 -19.498 9.298
S -12.999 -21.748 7.469
S -10.62 -24.45 8.659
F -7.099 -25.524 7.822
Q -5.424 -28.694 9.015
V -2.005 -29.174 10.604
T -0.193 -32.475 11.119
S 2.563 -32.794 13.723
Q 5.762 -34.734 13.145
N 8.416 -34.002 15.799
V 8.292 -32.769 19.4
G 9.048 -29.088 19.896
Q 7.639 -25.578 19.879
L 6.9 -23.674 16.659
T 5.328 -20.199 16.697
V 3.596 -18.837 13.584
Y 2.514 -15.344 12.492
L -0.239 -15.065 9.871
H 0.462 -12.392 7.247
G -1.596 -10.756 4.513
G -1.75 -9.74 12.265
P -2.654 -12.72 14.47
R -0.25 -15.114 16.201
I -0.627 -18.849 16.735
R 1.859 -20.614 19.017
F 2.01 -24.251 17.998
L 3.655 -26.517 20.549
V 3.641 -30.262 19.935
I 4.076 -32.397 23.052
R 5.151 -36.003 23.606
S 1.915 -37.136 25.305
S -1.415 -35.485 26.118
A -1.674 -37.479 29.361
I 1.406 -35.809 30.876
S -0.233 -32.485 30.029
I -3.315 -33.446 32.061
I -1.111 -34.752 34.886
N 0.683 -31.401 34.738
Q -2.73 -29.734 35.061
V -3.559 -31.673 38.235
I -0.05 -31.349 39.685
G -0.467 -27.61 39.164
W -3.749 -27.495 41.082
I -2.222 -29.433 43.985
Y 0.581 -27.014 44.875
F -1.692 -24.088 43.998
V -3.883 -25.176 46.909
A -1.078 -26.445 49.154
W 0.721 -23.097 48.882
S -2.501 -21.077 49.147
I -3.486 -22.947 52.323
S 0.06 -22.66 53.747
F -0.942 -19.416 55.501
Y -3.958 -20.836 57.373
P -2.047 -22.867 60.017
Q -0.347 -19.731 61.361
V -3.544 -17.684 61.579
I -5.521 -20.561 63.124
M -2.739 -21.351 65.613
N -2.372 -17.684 66.575
W -6.109 -17.479 67.285
R -6.141 -20.872 69.024
R -3.411 -19.633 71.397
K -4.133 -15.854 71.323
S -0.468 -14.898 71.042
V 2.322 -14.215 68.554
I 5.262 -15.165 70.78
G 7.941 -16.681 68.585
L 7.181 -15.268 65.123
S 9.959 -13.096 63.709
F 8.491 -9.763 62.674
D 11.078 -9.32 59.922
F 9.504 -12.375 58.275
V 5.987 -10.908 58.178
A 7.214 -7.51 56.968
L 9.098 -9.109 54.073
N 6.151 -11.393 53.301
L 3.831 -8.404 52.877
T 6.056 -6.226 50.683
G 7.102 -9.219 48.59
F 3.524 -10.414 48.152
