G 255.578 138.971 226.88
T 258.246 137.723 229.286
E 255.771 137.496 232.225
V 253.757 134.821 230.409
Q 256.78 132.55 230.264
D 257.94 133.594 233.699
A 254.813 132.038 235.036
L 255.897 128.924 233.21
E 259.169 129.42 235.102
R 257.216 129.124 238.332
A 254.841 126.391 237.127
L 256.727 123.939 234.816
P 259.577 123.039 237.246
E 257.139 121.492 239.759
L 256.354 118.879 237.154
Q 260.028 117.71 237.063
Q 259.196 115.487 240.048
A 255.46 115.69 239.893
L 255.43 113.651 236.698
S 257.588 111.041 238.38
A 255.541 110.293 241.429
L 252.601 109.103 239.282
K 255.41 107.812 237.028
Q 256.581 106.36 240.392
A 257.263 102.761 239.454
G 256.447 100.859 242.693
G 253.316 102.723 243.887
A 250.847 101.859 246.576
R 247.074 101.793 246.639
A 247.383 104.424 249.347
V 250.149 106.064 247.257
G 247.655 106.639 244.383
A 246.391 109.664 246.378
G 249.586 111.281 245.12
L 247.458 112.149 242.064
A 246.712 115.368 243.96
E 250.356 116.587 243.532
V 249.322 117.864 240.061
F 245.837 118.903 240.924
Q 246.669 121.817 243.162
L 249.245 122.887 240.588
V 246.816 122.979 237.711
E 244.172 124.815 239.746
E 246.743 127.272 241.115
A 248.263 127.991 237.742
W 244.813 128.189 236.224
L 243.642 131.096 238.329
L 246.467 133.611 237.824
P 244.67 136.844 236.803
A 245.072 137.782 233.1
V 247.972 135.366 232.535
G 246.093 132.183 233.601
R 244.75 131.096 230.211
E 248.113 131.276 228.427
V 249.884 129.158 231.034
A 246.977 126.75 231.564
Q 247.135 124.813 228.301
G 250.875 125.455 228.298
L 251.155 123.401 231.47
C 248.584 120.782 230.502
D 250.228 119.983 227.167
A 253.255 118.277 228.759
I 251.246 115.179 229.665
R 250.242 114.527 226.063
L 253.284 115.615 224.084
D 255.541 113.548 226.335
G 253.133 110.84 227.442
G 251.4 111.461 230.802
L 247.774 111.005 229.618
D 248.133 107.215 229.031
L 248.226 106.452 232.772
L 244.792 108.02 233.396
L 243.432 105.432 230.963
R 245.507 102.568 232.304
L 244.608 103.281 235.937
L 240.846 103.299 235.467
Q 240.972 99.501 235.658
A 241.175 99.715 239.453
P 238.196 97.936 241.055
E 237.633 100.246 244.018
L 236.457 103.758 243.243
E 238.427 106.14 245.455
T 241.072 106.381 242.722
R 238.537 107.031 239.959
V 236.963 109.814 242.033
Q 240.392 111.281 242.637
A 241.732 111.095 239.078
A 238.796 112.105 236.963
R 238.932 115.49 238.682
L 242.501 115.816 237.433
L 241.453 114.615 233.98
E 238.898 117.47 234.004
Q 241.249 120.446 234.047
I 243.76 119.06 231.526
L 241.134 118.727 228.798
V 241.916 121.408 226.249
A 241.077 121.373 222.533
E 244.523 120.011 221.734
N 243.913 117.321 224.36
R 240.331 116.407 223.445
D 241.453 114.709 220.245
R 243.682 112.207 222.052
V 240.635 110.936 223.95
A 238.407 111.266 220.887
R 240.801 108.929 219.078
I 241.028 106.322 221.831
G 239.214 106.786 225.096
L 235.625 106.887 223.917
G 234.59 103.619 225.53
V 236.85 104.298 228.523
I 234.671 107.266 229.467
L 231.255 105.653 229.117
N 232.298 102.593 231.132
L 231.762 104.745 234.228
A 229.064 107.132 232.978
K 226.636 104.247 233.438
E 227.53 104.241 237.166
R 225.262 107.131 238.085
E 224.656 106.469 241.795
P 227.873 107.892 243.388
V 227.351 111.611 243.934
E 231.07 112.093 244.579
L 231.861 110.769 241.103
A 228.927 112.143 239.114
R 230.489 115.611 239.044
S 233.566 114.381 237.222
V 231.477 112.152 234.944
A 229.405 115.201 234.029
G 232.401 117.458 233.465
I 234.167 115.07 231.123
L 230.908 114.617 229.225
E 230.633 118.404 229.231
H 233.871 119.117 227.505
M 233.753 116.071 225.253
F 230.961 117.73 223.271
K 233.414 120.358 222.102
H 235.334 117.939 219.893
S 233.098 117.328 216.883
E 229.753 116.354 215.391
E 230.878 112.741 215.092
